 Species = chinook Number of populations = 363 Baseline Description = GAPS - DFO Alleles Number of loci = 13 Max missing loci = 5,,,,,,,,,,,,,,,,
 Number of chains = 10 Number of Reps = 20000 Reps Kept = 1000,,,,,,,,,,,,,,,,
Area Year Gear Jday FishNum,,,,,,,,,,,,,,,,
Fish,Comment,Stock ,Region ,Prob 1,Stock ,Region ,Prob 2,Stock ,Region ,Prob 3,Stock ,Region ,Prob 4,Stock ,Region ,Prob 5
Sample: 1, Area023,2007, troll, Jan09-Jun24,,,,,,,,,,,,
Area023 (07) troll 101 122,,Nanaimo_SU,7,0.64,Nanaimo_SP,7,0.36,Puntledge_Su,7,0.00,Puntledge_BackX,7,0.00,Nanaimo_F,7,0.00
Area023 (07) troll 101 123,,Samish_H,5016,0.36,Hamma_Hamma_R,5005,0.34,Cedar_R_SuFa,5020,0.14,Snoqualmie_R,5016,0.07,Soos_H,5020,0.05
Area023 (07) troll 131 1,,L_Skagit_R_Fa,5016,0.46,Cedar_R_SuFa,5020,0.28,Voights_H,5020,0.14,Snoqualmie_R,5016,0.03,Soos_H,5020,0.02
Area023 (07) troll 131 2,,Voights_H,5020,0.93,Cedar_R_SuFa,5020,0.04,Soos_H,5020,0.03,Hamma_Hamma_R,5005,0.00,L_Skagit_R_Fa,5016,0.00
Area023 (07) troll 131 3,,Elochoman_H,5030,0.59,Spring_Cr_col,5030,0.35,Abernathy_NFH_F,5008,0.05,Abernathy_Cr_Fa,5008,0.01,Elochoman_R_Fa,5008,0.00
Area023 (07) troll 131 4,,NF_Nooksack_H,5016,1.00,Cedar_R_SuFa,5020,0.00,L_Skagit_R_Fa,5016,0.00,,,,,,
Area023 (07) troll 131 5,,Grovers_Cr_H,5020,0.24,Soos_H,5020,0.19,Samish_H,5016,0.15,Cedar_R_SuFa,5020,0.15,Voights_H,5020,0.14
Area023 (07) troll 16 31,,NF_Nooksack_H,5016,0.85,Voights_H,5020,0.12,L_Skagit_R_Fa,5016,0.01,Cedar_R_SuFa,5020,0.01,Soos_H,5020,0.01
Area023 (07) troll 16 32,,Cedar_R_SuFa,5020,0.44,Voights_H,5020,0.40,Hamma_Hamma_R,5005,0.11,Soos_H,5020,0.03,L_Skagit_R_Fa,5016,0.02
Area023 (07) troll 16 33,,L_Skagit_R_Fa,5016,0.30,Samish_H,5016,0.28,Cedar_R_SuFa,5020,0.18,Voights_H,5020,0.16,Snoqualmie_R,5016,0.02
Area023 (07) troll 16 34,,Voights_H,5020,0.34,Cedar_R_SuFa,5020,0.24,Hamma_Hamma_R,5005,0.23,Grovers_Cr_H,5020,0.08,Soos_H,5020,0.06
Area023 (07) troll 16 35,,L_Skagit_R_Fa,5016,0.55,Harrison,3,0.39,Voights_H,5020,0.05,Snoqualmie_R,5016,0.00,Kitlope,10,0.00
Area023 (07) troll 16 36,,NF_Nooksack_H,5016,0.99,Cedar_R_SuFa,5020,0.00,Voights_H,5020,0.00,Soos_H,5020,0.00,Samish_H,5016,0.00
Area023 (07) troll 16 37,,L_Skagit_R_Fa,5016,1.00,Snoqualmie_R,5016,0.00,Samish_H,5016,0.00,,,,,,
Area023 (07) troll 16 38,,NF_Nooksack_H,5016,1.00,Cedar_R_SuFa,5020,0.00,L_Skagit_R_Fa,5016,0.00,Marblemount_HSp,5016,0.00,,,
Area023 (07) troll 16 39,,Samish_H,5016,0.26,L_Skagit_R_Fa,5016,0.24,Snoqualmie_R,5016,0.20,Voights_H,5020,0.13,Cedar_R_SuFa,5020,0.12
Area023 (07) troll 16 40,,L_Skagit_R_Fa,5016,0.65,Grovers_Cr_H,5020,0.23,Samish_H,5016,0.06,Cedar_R_SuFa,5020,0.02,Hamma_Hamma_R,5005,0.01
Area023 (07) troll 16 41,,Marblemount_HSp,5016,1.00,U_Sauk_R,5016,0.00,Skagit_R,5016,0.00,,,,,,
Area023 (07) troll 175 1,,L_Skagit_R_Fa,5016,0.54,Cedar_R_SuFa,5020,0.24,Soos_H,5020,0.16,Hamma_Hamma_R,5005,0.03,Snoqualmie_R,5016,0.01
Area023 (07) troll 175 2,,Robertson,8,0.98,Gold_R,8,0.02,,,,,,,,,
Area023 (07) troll 175 3,,Robertson,8,0.89,Thornton,8,0.09,Gold_R,8,0.02,Tranquil,8,0.00,,,
Area023 (07) troll 175 4,,Voights_H,5020,0.75,Soos_H,5020,0.14,Cedar_R_SuFa,5020,0.10,L_Skagit_R_Fa,5016,0.01,George_Adams_H,5005,0.00
Area023 (07) troll 175 5,,Cedar_R_SuFa,5020,0.50,Samish_H,5016,0.23,Voights_H,5020,0.16,Hamma_Hamma_R,5005,0.09,George_Adams_H,5005,0.01
Area023 (07) troll 175 6,,Voights_H,5020,0.65,Cedar_R_SuFa,5020,0.29,Samish_H,5016,0.03,Soos_H,5020,0.01,Snoqualmie_R,5016,0.00
Area023 (07) troll 175 7,,Voights_H,5020,0.48,Hamma_Hamma_R,5005,0.28,Cedar_R_SuFa,5020,0.17,Grovers_Cr_H,5020,0.04,L_Skagit_R_Fa,5016,0.02
Area023 (07) troll 22 42,,Cedar_R_SuFa,5020,0.87,Soos_H,5020,0.06,Voights_H,5020,0.04,Hamma_Hamma_R,5005,0.01,Grovers_Cr_H,5020,0.01
Area023 (07) troll 22 43,,Cedar_R_SuFa,5020,0.68,Soos_H,5020,0.17,Hamma_Hamma_R,5005,0.12,Voights_H,5020,0.01,Grovers_Cr_H,5020,0.01
Area023 (07) troll 22 44,,Samish_H,5016,0.78,Cedar_R_SuFa,5020,0.16,Voights_H,5020,0.03,Hamma_Hamma_R,5005,0.01,L_Skagit_R_Fa,5016,0.01
Area023 (07) troll 22 45,,Samish_H,5016,0.73,Voights_H,5020,0.13,Cedar_R_SuFa,5020,0.11,Soos_H,5020,0.01,Hamma_Hamma_R,5005,0.01
Area023 (07) troll 22 46,,Cedar_R_SuFa,5020,0.70,Samish_H,5016,0.23,L_Skagit_R_Fa,5016,0.04,Soos_H,5020,0.02,Hamma_Hamma_R,5005,0.01
Area023 (07) troll 22 47,,Nanaimo_SU,7,0.66,Nanaimo_SP,7,0.34,Nanaimo_F,7,0.00,Puntledge_Su,7,0.00,,,
Area023 (07) troll 22 48,,Harrison,3,1.00,,,,,,,,,,,,
Area023 (07) troll 22 49,,Cedar_R_SuFa,5020,0.55,Samish_H,5016,0.43,Voights_H,5020,0.01,L_Skagit_R_Fa,5016,0.00,Bear_Cr_SuFa,5020,0.00
Area023 (07) troll 22 50,,Cedar_R_SuFa,5020,0.95,L_Skagit_R_Fa,5016,0.03,Samish_H,5016,0.01,Hamma_Hamma_R,5005,0.01,Soos_H,5020,0.00
Area023 (07) troll 22 51,,L_Skagit_R_Fa,5016,0.58,Cedar_R_SuFa,5020,0.27,Hamma_Hamma_R,5005,0.11,Skykomish_R,5016,0.01,Voights_H,5020,0.01
Area023 (07) troll 22 52,,L_Skagit_R_Fa,5016,0.85,Marblemount_HSp,5016,0.06,Snoqualmie_R,5016,0.06,Hamma_Hamma_R,5005,0.02,Cedar_R_SuFa,5020,0.01
Area023 (07) troll 22 53,,Cedar_R_SuFa,5020,0.62,Soos_H,5020,0.22,Voights_H,5020,0.10,Grovers_Cr_H,5020,0.03,Samish_H,5016,0.01
Area023 (07) troll 22 54,,L_Skagit_R_Fa,5016,0.60,Cedar_R_SuFa,5020,0.33,Samish_H,5016,0.04,Snoqualmie_R,5016,0.02,Voights_H,5020,0.00
Area023 (07) troll 37 92,,NF_Nooksack_H,5016,1.00,,,,,,,,,,,,
Area023 (07) troll 37 93,,Cedar_R_SuFa,5020,0.99,Samish_H,5016,0.00,Hamma_Hamma_R,5005,0.00,Bear_Cr_SuFa,5020,0.00,Voights_H,5020,0.00
Area023 (07) troll 37 94,,Hamma_Hamma_R,5005,0.84,Voights_H,5020,0.09,Samish_H,5016,0.03,Cedar_R_SuFa,5020,0.02,Grovers_Cr_H,5020,0.02
Area023 (07) troll 37 95,,Samish_H,5016,0.62,L_Skagit_R_Fa,5016,0.16,Grovers_Cr_H,5020,0.09,Hamma_Hamma_R,5005,0.09,Cedar_R_SuFa,5020,0.02
Area023 (07) troll 37 96,,Marblemount_HSp,5016,0.98,L_Skagit_R_Fa,5016,0.01,Skagit_R,5016,0.01,Samish_H,5016,0.00,Cedar_R_SuFa,5020,0.00
Area023 (07) troll 37 97,,Grovers_Cr_H,5020,0.77,Samish_H,5016,0.06,L_Skagit_R_Fa,5016,0.05,Hamma_Hamma_R,5005,0.04,Soos_H,5020,0.03
Area023 (07) troll 40 100,,L_Skagit_R_Fa,5016,0.86,Snoqualmie_R,5016,0.13,Samish_H,5016,0.00,Skykomish_R,5016,0.00,Harrison,3,0.00
Area023 (07) troll 40 98,,Harrison,3,0.99,L_Skagit_R_Fa,5016,0.00,Chilliwack_F,3,0.00,Cedar_R_SuFa,5020,0.00,Chilliwac@Stav,3,0.00
Area023 (07) troll 40 99,,Marblemount_HSp,5016,1.00,U_Sauk_R,5016,0.00,,,,,,,,,
Area023 (07) troll 41 101,,L_Skagit_R_Fa,5016,0.84,Hamma_Hamma_R,5005,0.07,Snoqualmie_R,5016,0.04,Soos_H,5020,0.02,Grovers_Cr_H,5020,0.01
Area023 (07) troll 41 102,,L_Skagit_R_Fa,5016,0.95,Skykomish_R,5016,0.02,Samish_H,5016,0.02,Hamma_Hamma_R,5005,0.01,Snoqualmie_R,5016,0.00
Area023 (07) troll 41 103,,Spring_Cr_col,5030,0.89,Wells_H,5026,0.07,Wenatchee_R_SF,5026,0.03,Elochoman_H,5030,0.01,Priest_Rapid_H,5026,0.00
Area023 (07) troll 41 104,,Cedar_R_SuFa,5020,0.50,Grovers_Cr_H,5020,0.17,Wenatchee_R_SF,5026,0.13,L_Skagit_R_Fa,5016,0.08,Voights_H,5020,0.03
Area023 (07) troll 41 105,,Spring_Cr_col,5030,0.95,Elochoman_H,5030,0.03,Abernathy_NFH_F,5008,0.02,Abernathy_Cr_Fa,5008,0.00,Big_Cr_H_Col,5030,0.00
Area023 (07) troll 41 106,,Harrison,3,0.98,Cedar_R_SuFa,5020,0.00,Feather_H_fa,5001,0.00,Snoqualmie_R,5016,0.00,L_Skagit_R_Fa,5016,0.00
Area023 (07) troll 41 107,,Cedar_R_SuFa,5020,0.43,L_Skagit_R_Fa,5016,0.30,Samish_H,5016,0.20,Snoqualmie_R,5016,0.03,Grovers_Cr_H,5020,0.02
Area023 (07) troll 55 108,,Voights_H,5020,0.93,Soos_H,5020,0.03,Cedar_R_SuFa,5020,0.03,Samish_H,5016,0.01,Grovers_Cr_H,5020,0.00
Area023 (07) troll 55 109,,Wenatchee_R_SF,5026,0.82,Priest_Rapid_H,5026,0.10,Wells_H,5026,0.06,Umatilla_H,5026,0.02,Priest_Rapids_H,5026,0.01
Area023 (07) troll 55 110,,L_Skagit_R_Fa,5016,0.42,Wenatchee_R_SF,5026,0.18,Harrison,3,0.14,Cedar_R_SuFa,5020,0.03,Lewis_R_f,5008,0.03
Area023 (07) troll 55 111,,Spring_Cr_col,5030,0.98,Elochoman_H,5030,0.01,Abernathy_NFH_F,5008,0.01,Abernathy_Cr_Fa,5008,0.00,,,
Area023 (07) troll 55 112,,L_Skagit_R_Fa,5016,0.95,Snoqualmie_R,5016,0.03,Cedar_R_SuFa,5020,0.01,Samish_H,5016,0.00,Skykomish_R,5016,0.00
Area023 (07) troll 55 113,,Cedar_R_SuFa,5020,0.52,Voights_H,5020,0.29,Grovers_Cr_H,5020,0.12,Soos_H,5020,0.06,Samish_H,5016,0.01
Area023 (07) troll 55 114,,NF_Nooksack_H,5016,1.00,L_Skagit_R_Fa,5016,0.00,,,,,,,,,
Area023 (07) troll 55 115,,Samish_H,5016,0.61,Cedar_R_SuFa,5020,0.18,L_Skagit_R_Fa,5016,0.08,Hamma_Hamma_R,5005,0.06,Snoqualmie_R,5016,0.06
Area023 (07) troll 55 116,,Cedar_R_SuFa,5020,0.47,Voights_H,5020,0.30,Samish_H,5016,0.18,Soos_H,5020,0.04,Hamma_Hamma_R,5005,0.01
Area023 (07) troll 55 117,,N_Santiam_H,5029,1.00,Elochoman_H,5030,0.00,Voights_H,5020,0.00,Wells_H,5026,0.00,Priest_Rapid_H,5026,0.00
Area023 (07) troll 55 118,,L_Skagit_R_Fa,5016,0.68,Samish_H,5016,0.19,Hamma_Hamma_R,5005,0.04,Voights_H,5020,0.02,Cedar_R_SuFa,5020,0.02
Area023 (07) troll 55 119,,Cedar_R_SuFa,5020,0.60,Samish_H,5016,0.37,Hamma_Hamma_R,5005,0.01,Soos_H,5020,0.01,Voights_H,5020,0.00
Area023 (07) troll 55 120,,Cedar_R_SuFa,5020,0.70,Samish_H,5016,0.19,Hamma_Hamma_R,5005,0.06,L_Skagit_R_Fa,5016,0.02,Voights_H,5020,0.02
Area023 (07) troll 55 121,,Cedar_R_SuFa,5020,0.80,Samish_H,5016,0.09,Voights_H,5020,0.05,L_Skagit_R_Fa,5016,0.03,Soos_H,5020,0.01
Area023 (07) troll 61 55,,L_Skagit_R_Fa,5016,0.87,Marblemount_HSp,5016,0.12,Snoqualmie_R,5016,0.01,U_Sauk_R,5016,0.00,Skagit_R,5016,0.00
Area023 (07) troll 61 56,,Voights_H,5020,0.78,L_Skagit_R_Fa,5016,0.11,Cedar_R_SuFa,5020,0.07,Samish_H,5016,0.03,Snoqualmie_R,5016,0.01
Area023 (07) troll 61 57,,Hamma_Hamma_R,5005,0.47,Cedar_R_SuFa,5020,0.29,Samish_H,5016,0.14,Voights_H,5020,0.06,L_Skagit_R_Fa,5016,0.01
Area023 (07) troll 61 58,,Hamma_Hamma_R,5005,0.74,Soos_H,5020,0.07,L_Skagit_R_Fa,5016,0.07,Grovers_Cr_H,5020,0.03,Samish_H,5016,0.03
Area023 (07) troll 61 59,,Harrison,3,0.82,L_Skagit_R_Fa,5016,0.15,Chilliwack_F,3,0.02,Cedar_R_SuFa,5020,0.01,Samish_H,5016,0.00
Area023 (07) troll 61 60,,Grovers_Cr_H,5020,1.00,Hamma_Hamma_R,5005,0.00,Cedar_R_SuFa,5020,0.00,Soos_H,5020,0.00,Voights_H,5020,0.00
Area023 (07) troll 61 61,,Spring_Cr_col,5030,0.94,Elochoman_H,5030,0.06,Abernathy_NFH_F,5008,0.01,Abernathy_Cr_Fa,5008,0.00,,,
Area023 (07) troll 61 62,,Voights_H,5020,0.59,Cedar_R_SuFa,5020,0.23,Soos_H,5020,0.13,Samish_H,5016,0.03,Grovers_Cr_H,5020,0.01
Area023 (07) troll 61 63,,Marblemount_HSp,5016,0.65,Cedar_R_SuFa,5020,0.19,Snoqualmie_R,5016,0.09,L_Skagit_R_Fa,5016,0.05,Hamma_Hamma_R,5005,0.01
Area023 (07) troll 61 64,,Voights_H,5020,0.85,Samish_H,5016,0.05,Soos_H,5020,0.04,Hamma_Hamma_R,5005,0.04,Cedar_R_SuFa,5020,0.02
Area023 (07) troll 61 65,,L_Skagit_R_Fa,5016,0.24,Voights_H,5020,0.22,Snoqualmie_R,5016,0.14,Samish_H,5016,0.13,Soos_H,5020,0.12
Area023 (07) troll 61 66,,N_Santiam_H,5029,1.00,McKenzie_H,5029,0.00,,,,,,,,,
Area023 (07) troll 61 67,,Samish_H,5016,0.28,Hamma_Hamma_R,5005,0.25,Grovers_Cr_H,5020,0.21,Cedar_R_SuFa,5020,0.14,Soos_H,5020,0.06
Area023 (07) troll 61 68,,Grovers_Cr_H,5020,0.64,Cedar_R_SuFa,5020,0.18,Voights_H,5020,0.13,Hamma_Hamma_R,5005,0.03,Methow_R,5026,0.00
Area023 (07) troll 61 69,,Voights_H,5020,0.56,Cedar_R_SuFa,5020,0.19,Samish_H,5016,0.11,Soos_H,5020,0.09,Hamma_Hamma_R,5005,0.04
Area023 (07) troll 61 70,,Cedar_R_SuFa,5020,0.40,Voights_H,5020,0.23,Hamma_Hamma_R,5005,0.19,Samish_H,5016,0.14,Soos_H,5020,0.04
Area023 (07) troll 61 71,,L_Skagit_R_Fa,5016,0.49,Hamma_Hamma_R,5005,0.26,Cedar_R_SuFa,5020,0.15,Samish_H,5016,0.08,Snoqualmie_R,5016,0.01
Area023 (07) troll 61 72,,Grovers_Cr_H,5020,0.51,L_Skagit_R_Fa,5016,0.36,Snoqualmie_R,5016,0.09,Cedar_R_SuFa,5020,0.03,Hamma_Hamma_R,5005,0.00
Area023 (07) troll 61 73,,Elochoman_H,5030,0.49,Lewis_R_f,5008,0.43,Spring_Cr_col,5030,0.03,Abernathy_Cr_Fa,5008,0.03,Cowlitz_H_fa,5008,0.01
Area023 (07) troll 61 74,,NF_Nooksack_H,5016,1.00,Cedar_R_SuFa,5020,0.00,L_Skagit_R_Fa,5016,0.00,Skagit_R,5016,0.00,Hamma_Hamma_R,5005,0.00
Area023 (07) troll 61 75,,Hamma_Hamma_R,5005,0.51,Soos_H,5020,0.21,Samish_H,5016,0.19,L_Skagit_R_Fa,5016,0.05,Grovers_Cr_H,5020,0.02
Area023 (07) troll 61 76,,Cedar_R_SuFa,5020,0.63,Voights_H,5020,0.15,Soos_H,5020,0.05,Samish_H,5016,0.05,Snoqualmie_R,5016,0.05
Area023 (07) troll 61 77,,L_Skagit_R_Fa,5016,0.88,Cedar_R_SuFa,5020,0.03,Soos_H,5020,0.02,Voights_H,5020,0.02,Hamma_Hamma_R,5005,0.01
Area023 (07) troll 61 78,,Cedar_R_SuFa,5020,0.80,L_Skagit_R_Fa,5016,0.06,Soos_H,5020,0.05,Voights_H,5020,0.04,Samish_H,5016,0.02
Area023 (07) troll 61 79,,L_Skagit_R_Fa,5016,0.61,Cedar_R_SuFa,5020,0.14,Voights_H,5020,0.11,Soos_H,5020,0.09,Samish_H,5016,0.02
Area023 (07) troll 61 80,,Spring_Cr_col,5030,0.92,Lewis_R_f,5008,0.03,Abernathy_NFH_F,5008,0.03,Abernathy_Cr_Fa,5008,0.01,Cowlitz_H_fa,5008,0.01
Area023 (07) troll 61 81,,Cedar_R_SuFa,5020,0.50,Samish_H,5016,0.32,Voights_H,5020,0.14,Soos_H,5020,0.02,Hamma_Hamma_R,5005,0.01
Area023 (07) troll 61 82,,L_Skagit_R_Fa,5016,0.97,Snoqualmie_R,5016,0.01,Hamma_Hamma_R,5005,0.00,Samish_H,5016,0.00,U_Sauk_R_SpSu,5016,0.00
Area023 (07) troll 61 83,,Cedar_R_SuFa,5020,0.64,Soos_H,5020,0.11,L_Skagit_R_Fa,5016,0.09,Hamma_Hamma_R,5005,0.08,Voights_H,5020,0.06
Area023 (07) troll 61 84,,Cedar_R_SuFa,5020,0.35,L_Skagit_R_Fa,5016,0.34,Hamma_Hamma_R,5005,0.29,Samish_H,5016,0.01,Snoqualmie_R,5016,0.01
Area023 (07) troll 61 85,,L_Skagit_R_Fa,5016,0.73,Snoqualmie_R,5016,0.22,Harrison,3,0.04,Kateen,10,0.01,Chilliwac@Stav,3,0.00
Area023 (07) troll 61 86,,L_Skagit_R_Fa,5016,0.87,Snoqualmie_R,5016,0.08,Cedar_R_SuFa,5020,0.01,Soos_H,5020,0.01,Voights_H,5020,0.01
Area023 (07) troll 61 87,,L_Skagit_R_Fa,5016,0.58,Snoqualmie_R,5016,0.23,Lewis_R_f,5008,0.06,Hamma_Hamma_R,5005,0.03,NF_Nooksack_H,5016,0.03
Area023 (07) troll 61 88,,L_Skagit_R_Fa,5016,0.41,Soos_H,5020,0.33,Voights_H,5020,0.21,Cedar_R_SuFa,5020,0.03,Snoqualmie_R,5016,0.02
Area023 (07) troll 61 89,,Hamma_Hamma_R,5005,0.53,Samish_H,5016,0.29,Cedar_R_SuFa,5020,0.10,L_Skagit_R_Fa,5016,0.06,Grovers_Cr_H,5020,0.01
Area023 (07) troll 61 90,,Voights_H,5020,0.43,Soos_H,5020,0.26,Cedar_R_SuFa,5020,0.26,Samish_H,5016,0.02,L_Skagit_R_Fa,5016,0.01
Area023 (07) troll 61 91,,Voights_H,5020,0.38,Samish_H,5016,0.37,Wenatchee_R_SF,5026,0.16,Cedar_R_SuFa,5020,0.03,Harrison,3,0.02
Area023 (07) troll 66 124,,Samish_H,5016,0.80,Cedar_R_SuFa,5020,0.15,Voights_H,5020,0.03,Snoqualmie_R,5016,0.01,Soos_H,5020,0.01
Area023 (07) troll 66 125,,Cedar_R_SuFa,5020,0.38,Samish_H,5016,0.26,Voights_H,5020,0.23,Soos_H,5020,0.10,Hamma_Hamma_R,5005,0.02
Area023 (07) troll 66 126,,Grovers_Cr_H,5020,0.56,Voights_H,5020,0.16,Hamma_Hamma_R,5005,0.16,Cedar_R_SuFa,5020,0.07,L_Skagit_R_Fa,5016,0.01
Area023 (07) troll 66 127,,Hamma_Hamma_R,5005,0.65,Voights_H,5020,0.20,Cedar_R_SuFa,5020,0.12,Soos_H,5020,0.02,Samish_H,5016,0.01
Area023 (07) troll 66 128,,N_Santiam_H,5029,0.56,Priest_Rapids_H,5026,0.22,Elochoman_H,5030,0.09,S_Umpqua_H,5011,0.04,Lewis_R_f,5008,0.02
Area023 (07) troll 66 129,,Lewis_R_f,5008,0.81,Elochoman_H,5030,0.06,Abernathy_Cr_Fa,5008,0.05,Cowlitz_H_fa,5008,0.04,Marion_Drain_Fa,5026,0.02
Area023 (07) troll 80 130,,Voights_H,5020,0.97,Samish_H,5016,0.02,Soos_H,5020,0.01,Harrison,3,0.00,Snoqualmie_R,5016,0.00
Area023 (07) troll 81 131,,Voights_H,5020,0.49,Soos_H,5020,0.30,Hamma_Hamma_R,5005,0.13,Grovers_Cr_H,5020,0.04,Cedar_R_SuFa,5020,0.01
Area023 (07) troll 81 132,,Cedar_R_SuFa,5020,0.47,L_Skagit_R_Fa,5016,0.38,Grovers_Cr_H,5020,0.05,Soos_H,5020,0.03,Voights_H,5020,0.02
Area023 (07) troll 81 133,,Cedar_R_SuFa,5020,0.88,Samish_H,5016,0.05,Hamma_Hamma_R,5005,0.03,Voights_H,5020,0.02,Soos_H,5020,0.01
Area023 (07) troll 81 134,,Cedar_R_SuFa,5020,0.29,Grovers_Cr_H,5020,0.23,L_Skagit_R_Fa,5016,0.12,Voights_H,5020,0.10,Soos_H,5020,0.08
Area023 (07) troll 81 135,,NF_Nooksack_H,5016,0.94,L_Skagit_R_Fa,5016,0.05,Snoqualmie_R,5016,0.00,Skykomish_R,5016,0.00,Cedar_R_SuFa,5020,0.00
Area023 (07) troll 81 136,,Hamma_Hamma_R,5005,0.37,Voights_H,5020,0.18,Cedar_R_SuFa,5020,0.17,L_Skagit_R_Fa,5016,0.11,Soos_H,5020,0.05
Area023 (07) troll 81 137,,Samish_H,5016,0.30,L_Skagit_R_Fa,5016,0.21,Cedar_R_SuFa,5020,0.17,Hamma_Hamma_R,5005,0.13,Voights_H,5020,0.11
Area023 (07) troll 81 138,,Voights_H,5020,0.45,Cedar_R_SuFa,5020,0.39,Hamma_Hamma_R,5005,0.12,Samish_H,5016,0.02,Grovers_Cr_H,5020,0.01
Area023 (07) troll 81 139,,Cedar_R_SuFa,5020,0.81,Samish_H,5016,0.14,Voights_H,5020,0.04,Soos_H,5020,0.00,L_Skagit_R_Fa,5016,0.00
Area023 (07) troll 81 140,,Voights_H,5020,0.79,Samish_H,5016,0.07,Soos_H,5020,0.05,Cedar_R_SuFa,5020,0.04,George_Adams_H,5005,0.03
Area023 (07) troll 81 141,,Soos_H,5020,0.32,Cedar_R_SuFa,5020,0.26,Samish_H,5016,0.16,Hamma_Hamma_R,5005,0.14,Voights_H,5020,0.06
Area023 (07) troll 81 142,,L_Skagit_R_Fa,5016,0.96,Snoqualmie_R,5016,0.03,Skykomish_R,5016,0.01,Voights_H,5020,0.00,Cedar_R_SuFa,5020,0.00
Area023 (07) troll 81 143,,L_Skagit_R_Fa,5016,0.97,Snoqualmie_R,5016,0.02,Cedar_R_SuFa,5020,0.01,Skykomish_R,5016,0.00,Marblemount_HSp,5016,0.00
Area023 (07) troll 81 144,,Samish_H,5016,0.97,Hamma_Hamma_R,5005,0.02,Cedar_R_SuFa,5020,0.00,Soos_H,5020,0.00,George_Adams_H,5005,0.00
Area023 (07) troll 81 145,,Voights_H,5020,0.81,Cedar_R_SuFa,5020,0.11,Soos_H,5020,0.07,Hamma_Hamma_R,5005,0.01,Samish_H,5016,0.00
Area023 (07) troll 85 146,,Samish_H,5016,0.93,Cedar_R_SuFa,5020,0.03,Soos_H,5020,0.01,Grovers_Cr_H,5020,0.01,Voights_H,5020,0.00
Area023 (07) troll 85 147,,Marblemount_HSp,5016,0.47,L_Skagit_R_Fa,5016,0.31,Snoqualmie_R,5016,0.11,Samish_H,5016,0.04,Cedar_R_SuFa,5020,0.03
Area023 (07) troll 85 148,,L_Skagit_R_Fa,5016,0.88,Snoqualmie_R,5016,0.05,Voights_H,5020,0.03,Hamma_Hamma_R,5005,0.01,Grovers_Cr_H,5020,0.01
Area023 (07) troll 85 149,,Cedar_R_SuFa,5020,0.60,Samish_H,5016,0.35,Soos_H,5020,0.03,Hamma_Hamma_R,5005,0.02,L_Skagit_R_Fa,5016,0.00
Area023 (07) troll 85 150,,Cedar_R_SuFa,5020,0.26,Grovers_Cr_H,5020,0.25,Soos_H,5020,0.21,Voights_H,5020,0.09,L_Skagit_R_Fa,5016,0.09
Area023 (07) troll 85 151,,Marblemount_HSp,5016,0.45,Cedar_R_SuFa,5020,0.11,Hamma_Hamma_R,5005,0.11,L_Skagit_R_Fa,5016,0.10,Samish_H,5016,0.08
Area023 (07) troll 85 152,,Voights_H,5020,0.70,Samish_H,5016,0.13,L_Skagit_R_Fa,5016,0.11,Snoqualmie_R,5016,0.02,Soos_H,5020,0.02
Area023 (07) troll 85 153,,Cedar_R_SuFa,5020,0.90,Samish_H,5016,0.04,Hamma_Hamma_R,5005,0.03,L_Skagit_R_Fa,5016,0.02,Voights_H,5020,0.01
Area023 (07) troll 85 154,,Samish_H,5016,0.73,Voights_H,5020,0.23,Cedar_R_SuFa,5020,0.03,Hamma_Hamma_R,5005,0.01,Lewis_R_f,5008,0.00
Area023 (07) troll 85 155,,L_Skagit_R_Fa,5016,0.61,Samish_H,5016,0.35,Snoqualmie_R,5016,0.02,Skykomish_R,5016,0.01,Voights_H,5020,0.01
Area023 (07) troll 85 156,,Marblemount_HSp,5016,1.00,L_Skagit_R_Fa,5016,0.00,,,,,,,,,
Area023 (07) troll 85 157,,Cedar_R_SuFa,5020,0.93,Voights_H,5020,0.04,Samish_H,5016,0.03,Soos_H,5020,0.00,Hamma_Hamma_R,5005,0.00
Area023 (07) troll 85 158,,Cedar_R_SuFa,5020,0.72,Samish_H,5016,0.11,Soos_H,5020,0.08,Hamma_Hamma_R,5005,0.05,Voights_H,5020,0.02
Area023 (07) troll 85 159,,Voights_H,5020,0.53,Samish_H,5016,0.34,Cedar_R_SuFa,5020,0.10,Hamma_Hamma_R,5005,0.02,NF_Skokomish_F,5005,0.00
Area023 (07) troll 85 160,,NF_Nooksack_H,5016,1.00,,,,,,,,,,,,
Area023 (07) troll 85 161,,Spring_Cr_col,5030,0.92,Elochoman_H,5030,0.07,Abernathy_NFH_F,5008,0.00,L_Skagit_R_Fa,5016,0.00,Abernathy_Cr_Fa,5008,0.00
Area023 (07) troll 85 162,,Samish_H,5016,0.50,L_Skagit_R_Fa,5016,0.34,Hamma_Hamma_R,5005,0.12,Snoqualmie_R,5016,0.01,Voights_H,5020,0.01
Area023 (07) troll 85 163,,Wenatchee_R_SF,5026,0.85,Wells_H,5026,0.12,Methow_R,5026,0.02,Priest_Rapid_H,5026,0.01,Harrison,3,0.00
Area023 (07) troll 85 164,,Harrison,3,0.96,L_Skagit_R_Fa,5016,0.02,Chilliwack_F,3,0.02,Samish_H,5016,0.00,Bear_Cr_SuFa,5020,0.00
Area023 (07) troll 85 165,,Cedar_R_SuFa,5020,0.72,Voights_H,5020,0.25,Hamma_Hamma_R,5005,0.01,Samish_H,5016,0.01,Soos_H,5020,0.00
Area023 (07) troll 85 166,,NF_Nooksack_H,5016,1.00,Cedar_R_SuFa,5020,0.00,L_Skagit_R_Fa,5016,0.00,Hamma_Hamma_R,5005,0.00,Grovers_Cr_H,5020,0.00
Area023 (07) troll 85 167,,Grovers_Cr_H,5020,0.39,Soos_H,5020,0.26,Cedar_R_SuFa,5020,0.16,Voights_H,5020,0.15,Samish_H,5016,0.02
Area023 (07) troll 85 168,,Cedar_R_SuFa,5020,0.40,Voights_H,5020,0.25,Hamma_Hamma_R,5005,0.17,Grovers_Cr_H,5020,0.13,Snoqualmie_R,5016,0.03
Area023 (07) troll 85 169,,Cedar_R_SuFa,5020,0.56,Hamma_Hamma_R,5005,0.21,Voights_H,5020,0.14,L_Skagit_R_Fa,5016,0.06,Samish_H,5016,0.01
Area023 (07) troll 85 170,,Voights_H,5020,0.81,Cedar_R_SuFa,5020,0.08,L_Skagit_R_Fa,5016,0.05,George_Adams_H,5005,0.02,Samish_H,5016,0.02
Area023 (07) troll 85 171,,L_Skagit_R_Fa,5016,0.80,Hamma_Hamma_R,5005,0.10,Marblemount_HSp,5016,0.07,Snoqualmie_R,5016,0.01,Skykomish_R,5016,0.01
Area023 (07) troll 85 172,,Marblemount_HSp,5016,1.00,,,,,,,,,,,,
Area023 (07) troll 85 173,,Marblemount_HSp,5016,1.00,L_Skagit_R_Fa,5016,0.00,Abernathy_Cr_Fa,5008,0.00,,,,,,
Area023 (07) troll 85 174,,Samish_H,5016,0.93,Grovers_Cr_H,5020,0.03,L_Skagit_R_Fa,5016,0.02,Soos_H,5020,0.02,Cedar_R_SuFa,5020,0.00
Area023 (07) troll 85 175,,Samish_H,5016,0.64,L_Skagit_R_Fa,5016,0.18,Grovers_Cr_H,5020,0.07,Soos_H,5020,0.04,Snoqualmie_R,5016,0.04
Area023 (07) troll 86 176,,Cedar_R_SuFa,5020,0.68,Soos_H,5020,0.17,Hamma_Hamma_R,5005,0.06,Samish_H,5016,0.03,Voights_H,5020,0.01
Area023 (07) troll 86 177,,Grovers_Cr_H,5020,0.92,Hamma_Hamma_R,5005,0.05,Soos_H,5020,0.02,George_Adams_H,5005,0.00,Voights_H,5020,0.00
Area023 (07) troll 86 178,,Samish_H,5016,0.91,L_Skagit_R_Fa,5016,0.05,Cedar_R_SuFa,5020,0.03,Hamma_Hamma_R,5005,0.01,Voights_H,5020,0.00
Area023 (07) troll 86 179,,Chemainus,7,0.97,Grovers_Cr_H,5020,0.02,Nanaimo_F,7,0.00,L_Skagit_R_Fa,5016,0.00,Samish_H,5016,0.00
Area023 (07) troll 86 180,,Hamma_Hamma_R,5005,0.80,L_Skagit_R_Fa,5016,0.10,Soos_H,5020,0.04,Samish_H,5016,0.02,Cedar_R_SuFa,5020,0.02
Area023 (07) troll 86 181,,Samish_H,5016,0.55,Cedar_R_SuFa,5020,0.30,Hamma_Hamma_R,5005,0.09,L_Skagit_R_Fa,5016,0.04,Voights_H,5020,0.02
Area023 (07) troll 86 182,,Voights_H,5020,0.27,L_Skagit_R_Fa,5016,0.25,Soos_H,5020,0.24,NF_Nooksack_H,5016,0.18,Hamma_Hamma_R,5005,0.04
Area023 (07) troll 86 183,,L_Skagit_R_Fa,5016,0.83,Voights_H,5020,0.06,Soos_H,5020,0.05,Hamma_Hamma_R,5005,0.01,Snoqualmie_R,5016,0.01
Area023 (07) troll 86 184,,Spring_Cr_col,5030,1.00,Elochoman_H,5030,0.00,Abernathy_NFH_F,5008,0.00,,,,,,
Area023 (07) troll 86 185,,Harrison,3,0.99,Chilliwack_F,3,0.01,Voights_H,5020,0.00,L_Skagit_R_Fa,5016,0.00,Cedar_R_SuFa,5020,0.00
Area023 (07) troll 86 186,,Spring_Cr_col,5030,0.99,Elochoman_H,5030,0.01,Cowlitz_H_fa,5008,0.00,Big_Cr_H_Col,5030,0.00,,,
Area023 (07) troll 86 187,,Voights_H,5020,0.36,Cedar_R_SuFa,5020,0.25,Soos_H,5020,0.12,Hamma_Hamma_R,5005,0.10,L_Skagit_R_Fa,5016,0.06
Area023 (07) troll 86 188,,Chemainus,7,0.80,L_Skagit_R_Fa,5016,0.12,Verrett,18,0.02,Phillips,9,0.01,Harrison,3,0.01
Area023 (07) troll 89 189,,Harrison,3,1.00,Chilliwack_F,3,0.00,,,,,,,,,
Area023 (07) troll 89 191,,Cedar_R_SuFa,5020,0.44,Samish_H,5016,0.38,Hamma_Hamma_R,5005,0.12,Grovers_Cr_H,5020,0.02,Voights_H,5020,0.01
Area023 (07) troll 89 192,,Samish_H,5016,0.55,Cedar_R_SuFa,5020,0.36,Voights_H,5020,0.04,Soos_H,5020,0.03,Hamma_Hamma_R,5005,0.01
Area023 (07) troll 89 193,,L_Skagit_R_Fa,5016,0.79,Harrison,3,0.16,Cedar_R_SuFa,5020,0.02,Samish_H,5016,0.01,Snoqualmie_R,5016,0.01
Area023 (07) troll 89 194,,Harrison,3,0.73,Priest_Rapid_H,5026,0.10,Wells_H,5026,0.07,Priest_Rapids_H,5026,0.05,Methow_R,5026,0.03
Area023 (07) troll 89 195,,Harrison,3,1.00,L_Skagit_R_Fa,5016,0.00,Cowlitz_H_fa,5008,0.00,Lewis_R_f,5008,0.00,Babine,20,0.00
Area023 (07) troll 89 196,,Grovers_Cr_H,5020,0.79,Cedar_R_SuFa,5020,0.14,Soos_H,5020,0.04,Samish_H,5016,0.01,Voights_H,5020,0.01
Area023 (07) troll 89 197,,L_Skagit_R_Fa,5016,0.83,Cedar_R_SuFa,5020,0.10,Soos_H,5020,0.03,Voights_H,5020,0.02,Grovers_Cr_H,5020,0.01
Area023 (07) troll 89 198,,Cedar_R_SuFa,5020,0.41,Voights_H,5020,0.32,Soos_H,5020,0.24,L_Skagit_R_Fa,5016,0.02,Grovers_Cr_H,5020,0.01
Area023 (07) troll 89 199,,Cedar_R_SuFa,5020,0.94,Grovers_Cr_H,5020,0.02,Hamma_Hamma_R,5005,0.02,Samish_H,5016,0.01,Snoqualmie_R,5016,0.00
Area023 (07) troll 89 200,,Samish_H,5016,0.60,Hamma_Hamma_R,5005,0.18,Cedar_R_SuFa,5020,0.11,L_Skagit_R_Fa,5016,0.08,Snoqualmie_R,5016,0.02
Area023 (07) troll 89 201,,L_Skagit_R_Fa,5016,0.91,Cedar_R_SuFa,5020,0.05,Skykomish_R,5016,0.02,Snoqualmie_R,5016,0.02,Grovers_Cr_H,5020,0.00
Area023 (07) troll 9 1,,L_Skagit_R_Fa,5016,0.81,Snoqualmie_R,5016,0.16,Voights_H,5020,0.01,Grovers_Cr_H,5020,0.01,Marblemount_HSp,5016,0.01
Area023 (07) troll 9 10,,Marblemount_HSp,5016,1.00,L_Skagit_R_Fa,5016,0.00,,,,,,,,,
Area023 (07) troll 9 11,,Cedar_R_SuFa,5020,0.45,Voights_H,5020,0.24,Hamma_Hamma_R,5005,0.16,Grovers_Cr_H,5020,0.07,Samish_H,5016,0.04
Area023 (07) troll 9 12,,Samish_H,5016,0.48,Hamma_Hamma_R,5005,0.40,Soos_H,5020,0.04,L_Skagit_R_Fa,5016,0.03,Cedar_R_SuFa,5020,0.02
Area023 (07) troll 9 13,,L_Skagit_R_Fa,5016,0.95,Cedar_R_SuFa,5020,0.02,U_Sauk_R,5016,0.01,Nanaimo_SP,7,0.01,Chemainus,7,0.00
Area023 (07) troll 9 14,,Voights_H,5020,0.66,Hamma_Hamma_R,5005,0.17,L_Skagit_R_Fa,5016,0.04,Cedar_R_SuFa,5020,0.04,Elochoman_H,5030,0.03
Area023 (07) troll 9 15,,Samish_H,5016,0.83,L_Skagit_R_Fa,5016,0.16,Voights_H,5020,0.01,Hamma_Hamma_R,5005,0.00,Snoqualmie_R,5016,0.00
Area023 (07) troll 9 16,,Voights_H,5020,0.83,Cedar_R_SuFa,5020,0.11,Soos_H,5020,0.05,L_Skagit_R_Fa,5016,0.00,Samish_H,5016,0.00
Area023 (07) troll 9 17,,Cedar_R_SuFa,5020,0.39,Snoqualmie_R,5016,0.30,L_Skagit_R_Fa,5016,0.28,Voights_H,5020,0.02,Spring_Cr_col,5030,0.00
Area023 (07) troll 9 18,,Voights_H,5020,0.47,Samish_H,5016,0.42,L_Skagit_R_Fa,5016,0.06,Cedar_R_SuFa,5020,0.03,Snoqualmie_R,5016,0.01
Area023 (07) troll 9 19,,Cedar_R_SuFa,5020,0.40,Samish_H,5016,0.28,L_Skagit_R_Fa,5016,0.14,Hamma_Hamma_R,5005,0.11,Soos_H,5020,0.03
Area023 (07) troll 9 2,,Hamma_Hamma_R,5005,0.53,Samish_H,5016,0.24,Cedar_R_SuFa,5020,0.16,Grovers_Cr_H,5020,0.03,Soos_H,5020,0.02
Area023 (07) troll 9 20,,Voights_H,5020,0.40,Samish_H,5016,0.26,Cedar_R_SuFa,5020,0.20,Soos_H,5020,0.06,Hamma_Hamma_R,5005,0.05
Area023 (07) troll 9 21,,L_Skagit_R_Fa,5016,0.41,Samish_H,5016,0.23,Hamma_Hamma_R,5005,0.18,Soos_H,5020,0.12,Snoqualmie_R,5016,0.02
Area023 (07) troll 9 22,,Marblemount_HSp,5016,1.00,U_Sauk_R,5016,0.00,,,,,,,,,
Area023 (07) troll 9 23,,Marblemount_HSp,5016,0.96,L_Skagit_R_Fa,5016,0.03,Cedar_R_SuFa,5020,0.01,Soos_H,5020,0.00,Skykomish_R,5016,0.00
Area023 (07) troll 9 24,,Samish_H,5016,0.88,Snoqualmie_R,5016,0.09,Cedar_R_SuFa,5020,0.02,L_Skagit_R_Fa,5016,0.01,Wenatchee_R_SF,5026,0.00
Area023 (07) troll 9 25,,Samish_H,5016,0.85,Snoqualmie_R,5016,0.05,Voights_H,5020,0.05,Cedar_R_SuFa,5020,0.04,L_Skagit_R_Fa,5016,0.00
Area023 (07) troll 9 26,,Cedar_R_SuFa,5020,0.28,L_Skagit_R_Fa,5016,0.27,Wenatchee_R_SF,5026,0.12,Grovers_Cr_H,5020,0.10,Soos_H,5020,0.10
Area023 (07) troll 9 27,,Marblemount_HSp,5016,0.52,L_Skagit_R_Fa,5016,0.30,Snoqualmie_R,5016,0.14,Hamma_Hamma_R,5005,0.03,U_Sauk_R,5016,0.01
Area023 (07) troll 9 28,,Cedar_R_SuFa,5020,0.78,Soos_H,5020,0.08,Samish_H,5016,0.06,Voights_H,5020,0.03,Hamma_Hamma_R,5005,0.02
Area023 (07) troll 9 29,,Cedar_R_SuFa,5020,0.44,L_Skagit_R_Fa,5016,0.33,Grovers_Cr_H,5020,0.11,Voights_H,5020,0.07,Samish_H,5016,0.02
Area023 (07) troll 9 3,,Cedar_R_SuFa,5020,0.45,Voights_H,5020,0.37,Hamma_Hamma_R,5005,0.06,L_Skagit_R_Fa,5016,0.04,Harrison,3,0.03
Area023 (07) troll 9 30,,Samish_H,5016,0.80,Cedar_R_SuFa,5020,0.19,Voights_H,5020,0.01,L_Skagit_R_Fa,5016,0.00,Hamma_Hamma_R,5005,0.00
Area023 (07) troll 9 4,,Hamma_Hamma_R,5005,0.74,Cedar_R_SuFa,5020,0.10,Voights_H,5020,0.05,Grovers_Cr_H,5020,0.05,George_Adams_H,5005,0.04
Area023 (07) troll 9 5,,Voights_H,5020,0.43,Samish_H,5016,0.23,Grovers_Cr_H,5020,0.22,Cedar_R_SuFa,5020,0.08,Soos_H,5020,0.02
Area023 (07) troll 9 6,,Hamma_Hamma_R,5005,0.49,Cedar_R_SuFa,5020,0.32,Samish_H,5016,0.15,Grovers_Cr_H,5020,0.02,Soos_H,5020,0.01
Area023 (07) troll 9 7,,Hamma_Hamma_R,5005,0.84,Cedar_R_SuFa,5020,0.07,Soos_H,5020,0.06,Grovers_Cr_H,5020,0.01,Snoqualmie_R,5016,0.01
Area023 (07) troll 9 8,,NF_Nooksack_H,5016,1.00,Cedar_R_SuFa,5020,0.00,Voights_H,5020,0.00,,,,,,
Area023 (07) troll 9 9,,Battle_Cr,5001,0.56,Feather_H_fa,5001,0.23,Feather_H_sp,5002,0.21,,,,,,
Area023 (07) troll 92 202,,NF_Nooksack_H,5016,1.00,L_Skagit_R_Fa,5016,0.00,Voights_H,5020,0.00,,,,,,
Area023 (07) troll 92 203,,Voights_H,5020,0.47,Cedar_R_SuFa,5020,0.30,Samish_H,5016,0.20,Hamma_Hamma_R,5005,0.02,Clear_Cr_H,5020,0.00
Area023 (07) troll 92 204,,Cedar_R_SuFa,5020,0.96,Soos_H,5020,0.03,Bear_Cr_SuFa,5020,0.00,Hamma_Hamma_R,5005,0.00,L_Skagit_R_Fa,5016,0.00
Area023 (07) troll 92 205,,L_Skagit_R_Fa,5016,0.72,Snoqualmie_R,5016,0.19,Cedar_R_SuFa,5020,0.05,Samish_H,5016,0.02,Voights_H,5020,0.00
Area023 (07) troll 92 206,,Voights_H,5020,0.49,Hamma_Hamma_R,5005,0.18,Samish_H,5016,0.12,Soos_H,5020,0.08,Cedar_R_SuFa,5020,0.08
Area023 (07) troll 92 207,,L_Skagit_R_Fa,5016,0.80,Cedar_R_SuFa,5020,0.16,Snoqualmie_R,5016,0.02,Samish_H,5016,0.01,Abernathy_Cr_Fa,5008,0.00
Area023 (07) troll 92 208,,Spring_Cr_col,5030,1.00,Abernathy_NFH_F,5008,0.00,Elochoman_H,5030,0.00,Big_Cr_H_Col,5030,0.00,,,
Area023 (07) troll 92 209,,Grovers_Cr_H,5020,0.70,Cedar_R_SuFa,5020,0.27,Hamma_Hamma_R,5005,0.02,Samish_H,5016,0.00,Soos_H,5020,0.00
Area023 (07) troll 92 210,,Samish_H,5016,0.92,Cedar_R_SuFa,5020,0.05,Soos_H,5020,0.02,L_Skagit_R_Fa,5016,0.01,Hamma_Hamma_R,5005,0.00
Area023 (07) troll 92 211,,L_Skagit_R_Fa,5016,0.96,Cedar_R_SuFa,5020,0.03,Samish_H,5016,0.00,Snoqualmie_R,5016,0.00,U_Sauk_R_SpSu,5016,0.00
Area023 (07) troll 92 212,,Samish_H,5016,0.64,Cedar_R_SuFa,5020,0.27,L_Skagit_R_Fa,5016,0.09,Harrison,3,0.00,Hamma_Hamma_R,5005,0.00
Area023 (07) troll 92 213,,L_Skagit_R_Fa,5016,0.63,Lewis_R_f,5008,0.13,Samish_H,5016,0.08,NF_Nooksack_H,5016,0.03,Priest_Rapids_H,5026,0.03
Area023 (07) troll 92 214,,Samish_H,5016,0.53,Cedar_R_SuFa,5020,0.30,Voights_H,5020,0.10,Grovers_Cr_H,5020,0.02,L_Skagit_R_Fa,5016,0.02
Area023 (07) troll 92 215,,Cedar_R_SuFa,5020,0.50,Samish_H,5016,0.46,L_Skagit_R_Fa,5016,0.02,Soos_H,5020,0.01,Snoqualmie_R,5016,0.01
Area023 (07) troll 94 216,,Lewis_R_f,5008,0.75,Cowlitz_H_fa,5008,0.17,Elochoman_H,5030,0.03,Cowlitz_H_sp,5009,0.02,Spring_Cr_col,5030,0.01
Area023 (07) troll 94 217,,L_Skagit_R_Fa,5016,0.96,Snoqualmie_R,5016,0.01,N_Santiam_H,5029,0.01,Feather_H_fa,5001,0.00,Cedar_R_SuFa,5020,0.00
Area023 (07) troll 94 218,,Voights_H,5020,0.72,Samish_H,5016,0.14,Cedar_R_SuFa,5020,0.05,Hamma_Hamma_R,5005,0.05,Grovers_Cr_H,5020,0.01
Area023 (07) troll 94 219,,Spring_Cr_col,5030,0.55,Elochoman_H,5030,0.33,Abernathy_NFH_F,5008,0.08,Abernathy_Cr_Fa,5008,0.02,Cowlitz_H_fa,5008,0.01
Area023 (07) troll 94 220,,Wenatchee_R_SF,5026,0.84,Wells_H,5026,0.13,Methow_R,5026,0.02,Priest_Rapids_H,5026,0.01,Priest_Rapid_H,5026,0.00
,,,,,,,,,,,,,,,,
Sample: 2, Area123,2007, troll, Jan16-Oct26,,,,,,,,,,,,
Area123 (07) troll 110 54,,Harrison,3,0.98,Chilliwack_F,3,0.02,Chilliwac@Stav,3,0.00,Hamma_Hamma_R,5005,0.00,Skagit_R,5016,0.00
Area123 (07) troll 110 55,,Puntledge_BackX,7,0.97,Puntledge_F,7,0.01,Bear_Cr_SuFa,5020,0.01,Cedar_R_SuFa,5020,0.01,L_Skagit_R_Fa,5016,0.00
Area123 (07) troll 110 56,,George_Adams_H,5005,0.54,Soos_H,5020,0.38,Hamma_Hamma_R,5005,0.03,Cedar_R_SuFa,5020,0.03,Clear_Cr_H,5020,0.01
Area123 (07) troll 110 57,,Umpqua_H,5011,0.87,Applegate_Cr,5019,0.05,S_Umpqua_H,5011,0.03,S_Coos_R,5011,0.02,Lyons_Ferry_H,5021,0.01
Area123 (07) troll 110 58,,Soos_H,5020,0.51,Cedar_R_SuFa,5020,0.14,Bear_Cr_SuFa,5020,0.11,L_Skagit_R_Fa,5016,0.09,S_Prairie_Cr,5020,0.09
Area123 (07) troll 110 59,,Hamma_Hamma_R,5005,0.31,L_Skagit_R_Fa,5016,0.22,Soos_H,5020,0.22,Samish_H,5016,0.07,S_Prairie_Cr,5020,0.04
Area123 (07) troll 110 60,,U_Deschutes_R,5004,1.00,Hanford_Reach,5026,0.00,Methow_R,5026,0.00,L_Deschutes_R,5004,0.00,,,
Area123 (07) troll 110 61,,Cowlitz_H_fa,5008,0.71,Washougal_R_Fa,5008,0.28,Lewis_R_f,5008,0.00,Lewis_R_Su,5008,0.00,Sandy_R,5008,0.00
Area123 (07) troll 110 62,,Cedar_R_SuFa,5020,0.38,Bear_Cr_SuFa,5020,0.26,Soos_H,5020,0.11,Hamma_Hamma_R,5005,0.09,S_Prairie_Cr,5020,0.06
Area123 (07) troll 110 63,,Methow_R,5026,0.84,Hanford_Reach,5026,0.07,Umatilla_H,5026,0.06,Wells_H,5026,0.03,L_Wh_Sal_H_SF,5026,0.00
Area123 (07) troll 110 64,,Grovers_Cr_H,5020,0.48,Soos_H,5020,0.19,S_Prairie_Cr,5020,0.15,Bear_Cr_SuFa,5020,0.12,Cedar_R_SuFa,5020,0.03
Area123 (07) troll 110 65,,Spring_Cr_col,5030,0.77,Abernathy_NFH_F,5008,0.19,Elochoman_H,5030,0.03,Cowlitz_H_fa,5008,0.01,Washougal_R_Fa,5008,0.00
Area123 (07) troll 110 66,,Spring_Cr_col,5030,0.84,Abernathy_NFH_F,5008,0.10,Cowlitz_H_fa,5008,0.04,Elochoman_H,5030,0.03,Elochoman_R_Fa,5008,0.00
Area123 (07) troll 110 67,,L_Skagit_R_Fa,5016,0.80,Hamma_Hamma_R,5005,0.07,Bear_Cr_SuFa,5020,0.04,Cedar_R_SuFa,5020,0.02,Soos_H,5020,0.02
Area123 (07) troll 110 68,,Hamma_Hamma_R,5005,0.36,George_Adams_H,5005,0.15,Soos_H,5020,0.14,Samish_H,5016,0.11,Voights_H,5020,0.05
Area123 (07) troll 111 100,,Washougal_R_Fa,5008,0.80,Elochoman_H,5030,0.10,Abernathy_NFH_F,5008,0.04,Cowlitz_H_fa,5008,0.03,Lewis_R_Su,5008,0.01
Area123 (07) troll 111 101,,Grovers_Cr_H,5020,0.22,S_Prairie_Cr,5020,0.18,Cedar_R_SuFa,5020,0.10,George_Adams_H,5005,0.10,Soos_H,5020,0.08
Area123 (07) troll 111 102,,Bear_Cr_SuFa,5020,0.81,Clear_Cr_H,5020,0.07,Soos_H,5020,0.06,L_Skagit_R_Fa,5016,0.03,Samish_H,5016,0.01
Area123 (07) troll 111 103,,Samish_H,5016,0.36,S_Prairie_Cr,5020,0.25,Clear_Cr_H,5020,0.18,Cedar_R_SuFa,5020,0.07,Soos_H,5020,0.05
Area123 (07) troll 111 104,,George_Adams_H,5005,0.27,Bear_Cr_SuFa,5020,0.27,Cedar_R_SuFa,5020,0.10,Hamma_Hamma_R,5005,0.09,Clear_Cr_H,5020,0.08
Area123 (07) troll 111 105,,Clear_Cr_H,5020,0.54,Voights_H,5020,0.14,S_Prairie_Cr,5020,0.08,Bear_Cr_SuFa,5020,0.07,Soos_H,5020,0.05
Area123 (07) troll 111 106,,Bear_Cr_SuFa,5020,0.37,Cedar_R_SuFa,5020,0.36,Hamma_Hamma_R,5005,0.13,George_Adams_H,5005,0.07,L_Skagit_R_Fa,5016,0.04
Area123 (07) troll 111 107,,Soos_H,5020,0.46,Hamma_Hamma_R,5005,0.19,Cedar_R_SuFa,5020,0.16,Bear_Cr_SuFa,5020,0.05,NF_Skokomish_F,5005,0.04
Area123 (07) troll 111 108,,Soos_H,5020,0.35,Hamma_Hamma_R,5005,0.18,Bear_Cr_SuFa,5020,0.17,S_Prairie_Cr,5020,0.14,Clear_Cr_H,5020,0.05
Area123 (07) troll 111 69,,Hanford_Reach,5026,0.14,George_Adams_H,5005,0.13,Soos_H,5020,0.13,Lyons_Ferry_H,5021,0.10,Hamma_Hamma_R,5005,0.09
Area123 (07) troll 111 70,,Samish_H,5016,0.43,Bear_Cr_SuFa,5020,0.18,George_Adams_H,5005,0.15,S_Prairie_Cr,5020,0.08,NF_Skokomish_F,5005,0.06
Area123 (07) troll 111 71,,Skagit_R,5016,0.33,Washougal_R_Fa,5008,0.18,Cowlitz_H_fa,5008,0.17,Elochoman_R_Fa,5008,0.12,L_Skagit_R_Fa,5016,0.04
Area123 (07) troll 111 72,,Hanford_Reach,5026,0.96,L_Wh_Sal_H_SF,5026,0.01,Methow_R,5026,0.01,Washougal_R_Fa,5008,0.01,Cowlitz_H_fa,5008,0.00
Area123 (07) troll 111 73,,Spring_Cr_col,5030,0.40,Abernathy_NFH_F,5008,0.29,Elochoman_H,5030,0.27,Abernathy_Cr_Fa,5008,0.02,Elochoman_R_Fa,5008,0.01
Area123 (07) troll 111 74,,Cowlitz_H_sp,5009,0.68,Lewis_R_Su,5008,0.14,Cowlitz_H_fa,5008,0.12,Washougal_R_Fa,5008,0.03,Elochoman_R_Fa,5008,0.01
Area123 (07) troll 111 75,,George_Adams_H,5005,0.34,S_Prairie_Cr,5020,0.24,Bear_Cr_SuFa,5020,0.12,Hamma_Hamma_R,5005,0.08,Clear_Cr_H,5020,0.06
Area123 (07) troll 111 76,,Spring_Cr_col,5030,0.96,Abernathy_NFH_F,5008,0.03,Elochoman_H,5030,0.01,Washougal_R_Fa,5008,0.00,Cowlitz_H_fa,5008,0.00
Area123 (07) troll 111 77,,Washougal_R_Fa,5008,0.64,Elochoman_H,5030,0.17,Cowlitz_H_fa,5008,0.13,Spring_Cr_col,5030,0.05,Abernathy_NFH_F,5008,0.01
Area123 (07) troll 111 78,,Harrison,3,0.92,Chilliwack_F,3,0.06,L_Skagit_R_Fa,5016,0.02,Washougal_R_Fa,5008,0.00,Hanford_Reach,5026,0.00
Area123 (07) troll 111 79,,Bessette,5,0.59,L_Shuswap,5,0.25,M_Shuswap,5,0.16,Duteau_Cr,5,0.00,,,
Area123 (07) troll 111 80,,Harrison,3,0.83,Chilliwack_F,3,0.16,Skagit_R,5016,0.01,Umpqua_H,5011,0.00,Samish_H,5016,0.00
Area123 (07) troll 111 81,,George_Adams_H,5005,0.50,NF_Skokomish_F,5005,0.43,Bear_Cr_SuFa,5020,0.02,Cedar_R_SuFa,5020,0.02,Hamma_Hamma_R,5005,0.01
Area123 (07) troll 111 82,,Bear_Cr_SuFa,5020,0.31,NF_Skokomish_F,5005,0.20,Soos_H,5020,0.19,Cedar_R_SuFa,5020,0.16,George_Adams_H,5005,0.04
Area123 (07) troll 111 83,,Sol_Duc_H,5028,1.00,,,,,,,,,,,,
Area123 (07) troll 111 84,,Soos_H,5020,0.60,George_Adams_H,5005,0.09,Samish_H,5016,0.07,Cedar_R_SuFa,5020,0.07,Bear_Cr_SuFa,5020,0.07
Area123 (07) troll 111 85,,L_Skagit_R_Fa,5016,0.32,Skagit_R,5016,0.29,Soos_H,5020,0.14,Bear_Cr_SuFa,5020,0.06,Clear_Cr_H,5020,0.06
Area123 (07) troll 111 86,,Hamma_Hamma_R,5005,0.46,NF_Skokomish_F,5005,0.28,George_Adams_H,5005,0.19,Soos_H,5020,0.02,Samish_H,5016,0.01
Area123 (07) troll 111 87,,George_Adams_H,5005,0.35,Bear_Cr_SuFa,5020,0.35,Clear_Cr_H,5020,0.12,Cedar_R_SuFa,5020,0.05,NF_Skokomish_F,5005,0.04
Area123 (07) troll 111 88,,Bear_Cr_SuFa,5020,0.49,L_Skagit_R_Fa,5016,0.20,Cedar_R_SuFa,5020,0.18,George_Adams_H,5005,0.06,NF_Skokomish_F,5005,0.03
Area123 (07) troll 111 89,,Bear_Cr_SuFa,5020,0.31,George_Adams_H,5005,0.26,Cedar_R_SuFa,5020,0.20,S_Prairie_Cr,5020,0.07,Soos_H,5020,0.07
Area123 (07) troll 111 90,,Soos_H,5020,0.57,NF_Skokomish_F,5005,0.14,Clear_Cr_H,5020,0.13,Bear_Cr_SuFa,5020,0.05,S_Prairie_Cr,5020,0.03
Area123 (07) troll 111 91,,Cedar_R_SuFa,5020,0.38,Bear_Cr_SuFa,5020,0.35,S_Prairie_Cr,5020,0.17,Soos_H,5020,0.06,L_Skagit_R_Fa,5016,0.02
Area123 (07) troll 111 92,,L_Skagit_R_Fa,5016,0.81,Samish_H,5016,0.08,Bear_Cr_SuFa,5020,0.03,Cedar_R_SuFa,5020,0.02,Soos_H,5020,0.02
Area123 (07) troll 111 93,,Cowlitz_H_fa,5008,0.41,Cowlitz_H_sp,5009,0.40,Coos_H,5011,0.15,Abernathy_NFH_F,5008,0.02,Sol_Duc_H,5028,0.01
Area123 (07) troll 111 94,,Bear_Cr_SuFa,5020,0.58,Hamma_Hamma_R,5005,0.17,Cedar_R_SuFa,5020,0.11,Soos_H,5020,0.09,George_Adams_H,5005,0.03
Area123 (07) troll 111 95,,Hamma_Hamma_R,5005,0.59,George_Adams_H,5005,0.25,Skagit_R,5016,0.06,Washougal_R_Fa,5008,0.03,L_Skagit_R_Fa,5016,0.02
Area123 (07) troll 111 96,,Harrison,3,0.98,Chilliwack_F,3,0.02,Chilliwac@Stav,3,0.00,Marblemount_Hsu,5016,0.00,,,
Area123 (07) troll 111 97,,Harrison,3,0.98,Chilliwack_F,3,0.02,L_Skagit_R_Fa,5016,0.00,Puntledge_BackX,7,0.00,Skagit_R,5016,0.00
Area123 (07) troll 111 98,,Puntledge_BackX,7,0.97,Cowichan,7,0.03,Puntledge_F,7,0.00,Puntledge_Su,7,0.00,Nanaimo_F,7,0.00
Area123 (07) troll 111 99,,Spring_Cr_col,5030,0.76,Abernathy_NFH_F,5008,0.20,Elochoman_H,5030,0.02,Cowlitz_H_fa,5008,0.02,Washougal_R_Fa,5008,0.00
Area123 (07) troll 113 109,,Washougal_R_Fa,5008,0.59,Sandy_R,5008,0.17,Sol_Duc_H,5028,0.14,Lewis_R_Su,5008,0.04,Coos_H,5011,0.02
Area123 (07) troll 113 110,,Lyons_Ferry_H,5021,0.88,Hanford_Reach,5026,0.11,U_Deschutes_R,5004,0.00,ClearwaterRFa,5021,0.00,L_Wh_Sal_H_SF,5026,0.00
Area123 (07) troll 113 111,,Harrison,3,0.74,Chilliwack_F,3,0.26,Marblemount_Hsu,5016,0.00,Clear_Cr_H,5020,0.00,NF_Skokomish_F,5005,0.00
Area123 (07) troll 113 112,,Chilliwack_F,3,0.59,Harrison,3,0.41,Chilliwac@Stav,3,0.00,,,,,,
Area123 (07) troll 113 113,,Grovers_Cr_H,5020,0.51,Hamma_Hamma_R,5005,0.19,George_Adams_H,5005,0.14,NF_Skokomish_F,5005,0.09,Clear_Cr_H,5020,0.04
Area123 (07) troll 113 114,,U_Deschutes_R,5004,1.00,,,,,,,,,,,,
Area123 (07) troll 113 115,,Harrison,3,0.97,L_Skagit_R_Fa,5016,0.02,Chilliwack_F,3,0.01,Marblemount_Hsu,5016,0.00,Capilano,9,0.00
Area123 (07) troll 113 116,,Soos_H,5020,0.66,Samish_H,5016,0.11,George_Adams_H,5005,0.07,Hamma_Hamma_R,5005,0.05,Bear_Cr_SuFa,5020,0.05
Area123 (07) troll 113 117,,Cowlitz_H_fa,5008,0.64,Lewis_R_Su,5008,0.25,Harrison,3,0.05,Elochoman_R_Fa,5008,0.04,Washougal_R_Fa,5008,0.01
Area123 (07) troll 113 118,,Cowichan,7,0.99,Puntledge_BackX,7,0.01,,,,,,,,,
Area123 (07) troll 113 119,,S_Prairie_Cr,5020,0.31,Bear_Cr_SuFa,5020,0.29,George_Adams_H,5005,0.14,Clear_Cr_H,5020,0.07,Cedar_R_SuFa,5020,0.07
Area123 (07) troll 113 120,,Bear_Cr_SuFa,5020,0.61,Soos_H,5020,0.12,S_Prairie_Cr,5020,0.11,Voights_H,5020,0.07,Clear_Cr_H,5020,0.05
Area123 (07) troll 113 121,,Clear_Cr_H,5020,0.73,Bear_Cr_SuFa,5020,0.06,S_Prairie_Cr,5020,0.06,Soos_H,5020,0.05,George_Adams_H,5005,0.03
Area123 (07) troll 113 122,,NF_Nooksack_H,5016,0.65,Cedar_R_SuFa,5020,0.08,Clear_Cr_H,5020,0.05,Soos_H,5020,0.05,George_Adams_H,5005,0.05
Area123 (07) troll 113 123,,Samish_H,5016,0.61,Hamma_Hamma_R,5005,0.12,L_Skagit_R_Fa,5016,0.10,George_Adams_H,5005,0.04,Bear_Cr_SuFa,5020,0.04
Area123 (07) troll 113 124,,McKenzie_H,5029,0.53,N_Santiam_H,5029,0.47,,,,,,,,,
Area123 (07) troll 113 125,,Bear_Cr_SuFa,5020,0.60,Samish_H,5016,0.19,Cedar_R_SuFa,5020,0.15,L_Skagit_R_Fa,5016,0.06,George_Adams_H,5005,0.00
Area123 (07) troll 113 126,,Bear_Cr_SuFa,5020,0.27,Soos_H,5020,0.20,S_Prairie_Cr,5020,0.20,Cedar_R_SuFa,5020,0.14,Voights_H,5020,0.08
Area123 (07) troll 113 127,,George_Adams_H,5005,0.53,Clear_Cr_H,5020,0.25,Hamma_Hamma_R,5005,0.09,Grovers_Cr_H,5020,0.03,Cedar_R_SuFa,5020,0.03
Area123 (07) troll 113 128,,Abernathy_NFH_F,5008,0.65,Spring_Cr_col,5030,0.28,Washougal_R_Fa,5008,0.04,Elochoman_H,5030,0.01,Cowlitz_H_sp,5009,0.01
Area123 (07) troll 113 129,,Hanford_Reach,5026,0.96,U_Deschutes_R,5004,0.02,Nez_PerceT_H,5021,0.01,Lyons_Ferry_H,5021,0.00,Methow_R,5026,0.00
Area123 (07) troll 113 130,,Clear_Cr_H,5020,0.40,Soos_H,5020,0.20,Cedar_R_SuFa,5020,0.11,Bear_Cr_SuFa,5020,0.08,Hamma_Hamma_R,5005,0.08
Area123 (07) troll 113 131,,NF_Skokomish_F,5005,0.44,Samish_H,5016,0.41,Hamma_Hamma_R,5005,0.09,Snoqualmie_R,5016,0.01,Soos_H,5020,0.01
Area123 (07) troll 113 132,,Lyons_Ferry_H,5021,1.00,Nez_PerceT_H,5021,0.00,Hanford_Reach,5026,0.00,ClearwaterRFa,5021,0.00,,,
Area123 (07) troll 113 133,,Cowlitz_H_fa,5008,0.26,Elochoman_H,5030,0.21,Washougal_R_Fa,5008,0.19,Abernathy_NFH_F,5008,0.19,Spring_Cr_col,5030,0.11
Area123 (07) troll 113 134,,Grovers_Cr_H,5020,0.29,Soos_H,5020,0.21,George_Adams_H,5005,0.17,Voights_H,5020,0.08,Clear_Cr_H,5020,0.08
Area123 (07) troll 113 135,,L_Skagit_R_Fa,5016,0.72,Cedar_R_SuFa,5020,0.10,Soos_H,5020,0.09,Bear_Cr_SuFa,5020,0.08,Samish_H,5016,0.01
Area123 (07) troll 113 136,,Hanford_Reach,5026,0.27,L_Skagit_R_Fa,5016,0.09,Soos_H,5020,0.09,Harrison,3,0.07,Bear_Cr_SuFa,5020,0.06
Area123 (07) troll 113 137,,Cedar_R_SuFa,5020,0.45,L_Skagit_R_Fa,5016,0.14,S_Prairie_Cr,5020,0.14,Bear_Cr_SuFa,5020,0.12,Skagit_R,5016,0.04
Area123 (07) troll 113 138,,George_Adams_H,5005,0.30,NF_Skokomish_F,5005,0.22,Hamma_Hamma_R,5005,0.17,Clear_Cr_H,5020,0.11,Soos_H,5020,0.06
Area123 (07) troll 114 184,,Clear_Cr_H,5020,0.36,S_Prairie_Cr,5020,0.18,Bear_Cr_SuFa,5020,0.15,Soos_H,5020,0.13,Cedar_R_SuFa,5020,0.09
Area123 (07) troll 114 185,,Methow_R,5026,0.54,Hanford_Reach,5026,0.38,Harrison,3,0.05,Umatilla_H,5026,0.01,Umatilla_H_Fa,5026,0.00
Area123 (07) troll 115 139,,NF_Skokomish_F,5005,0.61,Grovers_Cr_H,5020,0.18,Soos_H,5020,0.05,George_Adams_H,5005,0.04,Clear_Cr_H,5020,0.04
Area123 (07) troll 115 140,,Cedar_R_SuFa,5020,0.33,Soos_H,5020,0.25,Bear_Cr_SuFa,5020,0.20,S_Prairie_Cr,5020,0.07,NF_Skokomish_F,5005,0.07
Area123 (07) troll 115 141,,Hanford_Reach,5026,0.87,Methow_R,5026,0.08,Lyons_Ferry_H,5021,0.02,ClearwaterRFa,5021,0.02,L_Skagit_R_Fa,5016,0.01
Area123 (07) troll 115 142,,Lyons_Ferry_H,5021,0.98,Umatilla_H,5026,0.01,L_Wh_Sal_H_SF,5026,0.01,Harrison,3,0.00,Hanford_Reach,5026,0.00
Area123 (07) troll 115 143,,Samish_H,5016,0.42,Soos_H,5020,0.26,S_Prairie_Cr,5020,0.12,Cedar_R_SuFa,5020,0.06,Bear_Cr_SuFa,5020,0.05
Area123 (07) troll 115 144,,Bear_Cr_SuFa,5020,0.39,Hamma_Hamma_R,5005,0.25,NF_Skokomish_F,5005,0.11,S_Prairie_Cr,5020,0.07,Cedar_R_SuFa,5020,0.06
Area123 (07) troll 115 145,,Spring_Cr_col,5030,0.97,Abernathy_NFH_F,5008,0.03,Elochoman_H,5030,0.00,Elochoman_R_Fa,5008,0.00,Big_Cr_H_Col,5030,0.00
Area123 (07) troll 115 146,,Cowlitz_H_fa,5008,0.30,Abernathy_NFH_F,5008,0.26,Spring_Cr_col,5030,0.19,Elochoman_H,5030,0.16,Cowlitz_H_sp,5009,0.08
Area123 (07) troll 115 147,,L_Skagit_R_Fa,5016,0.55,Harrison,3,0.18,Hanford_Reach,5026,0.11,Hamma_Hamma_R,5005,0.05,Cowichan,7,0.04
Area123 (07) troll 115 148,,Soos_H,5020,0.76,Hamma_Hamma_R,5005,0.10,Cedar_R_SuFa,5020,0.07,Clear_Cr_H,5020,0.03,Samish_H,5016,0.02
Area123 (07) troll 115 149,,Soos_H,5020,0.57,Bear_Cr_SuFa,5020,0.16,Cedar_R_SuFa,5020,0.09,S_Prairie_Cr,5020,0.05,L_Skagit_R_Fa,5016,0.05
Area123 (07) troll 115 150,,NF_Skokomish_F,5005,0.26,George_Adams_H,5005,0.25,Grovers_Cr_H,5020,0.16,Bear_Cr_SuFa,5020,0.10,Clear_Cr_H,5020,0.10
Area123 (07) troll 116 151,,Grovers_Cr_H,5020,0.92,George_Adams_H,5005,0.03,Soos_H,5020,0.01,Bear_Cr_SuFa,5020,0.01,NF_Skokomish_F,5005,0.01
Area123 (07) troll 116 152,,Cowichan,7,0.99,Puntledge_BackX,7,0.00,Puntledge_F,7,0.00,,,,,,
Area123 (07) troll 116 153,,L_Skagit_R_Fa,5016,0.71,S_Prairie_Cr,5020,0.11,Skagit_R,5016,0.07,Cedar_R_SuFa,5020,0.03,Snoqualmie_R,5016,0.02
Area123 (07) troll 116 154,,Harrison,3,0.62,Chilliwack_F,3,0.38,Horsefly,2,0.00,L_Cariboo,2,0.00,Baker_Cr,2,0.00
Area123 (07) troll 116 155,,Soos_H,5020,0.34,S_Prairie_Cr,5020,0.29,Bear_Cr_SuFa,5020,0.27,George_Adams_H,5005,0.04,NF_Skokomish_F,5005,0.03
Area123 (07) troll 116 156,,George_Adams_H,5005,0.47,Soos_H,5020,0.21,Clear_Cr_H,5020,0.11,Cedar_R_SuFa,5020,0.06,Grovers_Cr_H,5020,0.06
Area123 (07) troll 116 157,,Feather_H_fa,5001,0.75,Butte_Cr_f,5001,0.16,Battle_Cr,5001,0.06,Stanislaus_R,5001,0.02,Butte_Cr_sp,5002,0.01
Area123 (07) troll 116 158,,McKenzie_H,5029,0.52,N_Santiam_H,5029,0.48,Elochoman_R_Fa,5008,0.00,,,,,,
Area123 (07) troll 116 159,,Harrison,3,0.96,Chilliwack_F,3,0.02,Samish_H,5016,0.01,NF_Skokomish_F,5005,0.00,Hamma_Hamma_R,5005,0.00
Area123 (07) troll 116 160,,Clear_Cr_H,5020,0.28,Bear_Cr_SuFa,5020,0.25,Soos_H,5020,0.22,George_Adams_H,5005,0.07,Hamma_Hamma_R,5005,0.07
Area123 (07) troll 116 161,,Bear_Cr_SuFa,5020,0.23,NF_Skokomish_F,5005,0.19,Grovers_Cr_H,5020,0.16,Hamma_Hamma_R,5005,0.14,Cedar_R_SuFa,5020,0.14
Area123 (07) troll 116 162,,George_Adams_H,5005,0.27,L_Skagit_R_Fa,5016,0.22,Hamma_Hamma_R,5005,0.17,Cedar_R_SuFa,5020,0.10,Bear_Cr_SuFa,5020,0.07
Area123 (07) troll 116 163,,Samish_H,5016,0.98,Grovers_Cr_H,5020,0.01,Clear_Cr_H,5020,0.00,S_Prairie_Cr,5020,0.00,George_Adams_H,5005,0.00
Area123 (07) troll 116 164,,Soos_H,5020,0.30,L_Skagit_R_Fa,5016,0.21,S_Prairie_Cr,5020,0.18,Clear_Cr_H,5020,0.13,George_Adams_H,5005,0.05
Area123 (07) troll 116 165,,Hamma_Hamma_R,5005,0.40,Soos_H,5020,0.18,Bear_Cr_SuFa,5020,0.11,Clear_Cr_H,5020,0.10,George_Adams_H,5005,0.10
Area123 (07) troll 116 166,,Spring_Cr_col,5030,0.51,Abernathy_NFH_F,5008,0.48,Elochoman_H,5030,0.01,Washougal_R_Fa,5008,0.00,Abernathy_Cr_Fa,5008,0.00
Area123 (07) troll 117 167,,Chilliwack_F,3,0.65,Harrison,3,0.16,Bear_Cr_SuFa,5020,0.05,L_Skagit_R_Fa,5016,0.05,Cedar_R_SuFa,5020,0.04
Area123 (07) troll 117 168,,Hanford_Reach,5026,0.83,L_Wh_Sal_H_SF,5026,0.05,Samish_H,5016,0.04,Cowlitz_H_fa,5008,0.04,Umatilla_H,5026,0.01
Area123 (07) troll 117 169,,Samish_H,5016,0.35,Hamma_Hamma_R,5005,0.17,Bear_Cr_SuFa,5020,0.13,Soos_H,5020,0.09,NF_Skokomish_F,5005,0.08
Area123 (07) troll 117 170,,Samish_H,5016,0.80,Cedar_R_SuFa,5020,0.05,Hamma_Hamma_R,5005,0.05,George_Adams_H,5005,0.03,Clear_Cr_H,5020,0.02
Area123 (07) troll 117 171,,NF_Skokomish_F,5005,0.73,George_Adams_H,5005,0.10,Cedar_R_SuFa,5020,0.07,Samish_H,5016,0.04,Bear_Cr_SuFa,5020,0.03
Area123 (07) troll 117 172,,Soos_H,5020,0.49,Samish_H,5016,0.24,Cedar_R_SuFa,5020,0.10,S_Prairie_Cr,5020,0.08,Bear_Cr_SuFa,5020,0.05
Area123 (07) troll 117 173,,Grovers_Cr_H,5020,0.99,Cedar_R_SuFa,5020,0.00,Bear_Cr_SuFa,5020,0.00,Soos_H,5020,0.00,George_Adams_H,5005,0.00
Area123 (07) troll 117 174,,Cedar_R_SuFa,5020,0.69,Bear_Cr_SuFa,5020,0.20,Clear_Cr_H,5020,0.06,Soos_H,5020,0.02,Hamma_Hamma_R,5005,0.01
Area123 (07) troll 117 175,,Bear_Cr_SuFa,5020,0.75,Soos_H,5020,0.09,Cedar_R_SuFa,5020,0.07,George_Adams_H,5005,0.06,Clear_Cr_H,5020,0.01
Area123 (07) troll 121 1,,Hanford_Reach,5026,0.54,Lyons_Ferry_H,5021,0.14,Harrison,3,0.10,Chilliwack_F,3,0.05,Methow_R,5026,0.04
Area123 (07) troll 121 10,,Abernathy_NFH_F,5008,0.59,Washougal_R_Fa,5008,0.13,Elochoman_H,5030,0.11,Lewis_R_Su,5008,0.07,Cowlitz_H_fa,5008,0.06
Area123 (07) troll 121 11,,Skagit_R,5016,0.32,Lewis_R_Su,5008,0.31,Washougal_R_Fa,5008,0.16,Lyons_Ferry_H,5021,0.13,Cowlitz_H_fa,5008,0.03
Area123 (07) troll 121 12,,Washougal_R_Fa,5008,0.63,Elochoman_H,5030,0.18,Abernathy_NFH_F,5008,0.09,Cowlitz_H_fa,5008,0.05,Cowlitz_H_sp,5009,0.02
Area123 (07) troll 121 13,,Harrison,3,0.97,Umpqua_H,5011,0.02,L_Skagit_R_Fa,5016,0.00,Marblemount_Hsu,5016,0.00,L_Shuswap,5,0.00
Area123 (07) troll 121 14,,Harrison,3,0.96,L_Skagit_R_Fa,5016,0.02,Skagit_R,5016,0.01,Skykomish_R,5016,0.00,Chilliwack_F,3,0.00
Area123 (07) troll 121 15,,Feather_H_fa,5001,0.60,Butte_Cr_f,5001,0.27,Battle_Cr,5001,0.05,Hamma_Hamma_R,5005,0.02,Deer_Cr_sp,5002,0.02
Area123 (07) troll 121 16,,Cedar_R_SuFa,5020,0.46,Bear_Cr_SuFa,5020,0.25,Clear_Cr_H,5020,0.13,Soos_H,5020,0.11,Hamma_Hamma_R,5005,0.02
Area123 (07) troll 121 17,,Harrison,3,0.27,Bear_Cr_SuFa,5020,0.20,L_Skagit_R_Fa,5016,0.13,Samish_H,5016,0.13,Soos_H,5020,0.12
Area123 (07) troll 121 18,,Soos_H,5020,0.80,NF_Skokomish_F,5005,0.04,Cedar_R_SuFa,5020,0.04,Clear_Cr_H,5020,0.04,George_Adams_H,5005,0.02
Area123 (07) troll 121 19,,Clear_Cr_H,5020,0.51,Soos_H,5020,0.20,George_Adams_H,5005,0.12,Samish_H,5016,0.09,NF_Skokomish_F,5005,0.02
Area123 (07) troll 121 2,,L_Skagit_R_Fa,5016,0.61,Skagit_R,5016,0.36,Cedar_R_SuFa,5020,0.01,Clear_Cr_H,5020,0.01,Bear_Cr_SuFa,5020,0.00
Area123 (07) troll 121 20,,Skagit_R,5016,0.98,Marblemount_Hsu,5016,0.01,Cowlitz_H_fa,5008,0.00,Washougal_R_Fa,5008,0.00,Lyons_Ferry_H,5021,0.00
Area123 (07) troll 121 21,,Chilliwack_F,3,0.98,Harrison,3,0.01,Soos_H,5020,0.00,L_Skagit_R_Fa,5016,0.00,Bear_Cr_SuFa,5020,0.00
Area123 (07) troll 121 22,,Hanford_Reach,5026,0.92,Lyons_Ferry_H,5021,0.08,Umatilla_H_Fa,5026,0.00,Priest_Rapids_H,5026,0.00,Methow_R,5026,0.00
Area123 (07) troll 121 23,,Harrison,3,0.96,Chilliwack_F,3,0.04,Chilliwac@Stav,3,0.00,Skagit_R,5016,0.00,L_Skagit_R_Fa,5016,0.00
Area123 (07) troll 121 24,,McKenzie_H,5029,0.53,N_Santiam_H,5029,0.47,,,,,,,,,
Area123 (07) troll 121 25,,L_Skagit_R_Fa,5016,0.57,NF_Skokomish_F,5005,0.08,Voights_H,5020,0.07,George_Adams_H,5005,0.06,Hamma_Hamma_R,5005,0.06
Area123 (07) troll 121 26,,Hanford_Reach,5026,0.84,Lyons_Ferry_H,5021,0.09,Methow_R,5026,0.02,Wells_H,5026,0.01,ClearwaterRFa,5021,0.01
Area123 (07) troll 121 27,,Harrison,3,1.00,Chilliwack_F,3,0.00,Little_R,5,0.00,Clearwater,4,0.00,L_Shuswap,5,0.00
Area123 (07) troll 121 28,,Spring_Cr_col,5030,0.89,Elochoman_H,5030,0.05,Abernathy_Cr_Fa,5008,0.02,Washougal_R_Fa,5008,0.02,Abernathy_NFH_F,5008,0.02
Area123 (07) troll 121 29,,Soos_H,5020,0.97,Bear_Cr_SuFa,5020,0.01,S_Prairie_Cr,5020,0.01,L_Skagit_R_Fa,5016,0.01,George_Adams_H,5005,0.00
Area123 (07) troll 121 3,,White_H,5020,1.00,Skagit_R,5016,0.00,Hupp_Sp_H,5020,0.00,Grovers_Cr_H,5020,0.00,Voights_H,5020,0.00
Area123 (07) troll 121 30,,NF_Skokomish_F,5005,0.50,Grovers_Cr_H,5020,0.36,S_Prairie_Cr,5020,0.03,Soos_H,5020,0.03,Samish_H,5016,0.03
Area123 (07) troll 121 31,,Hanford_Reach,5026,0.56,Lyons_Ferry_H,5021,0.42,Nez_PerceT_H,5021,0.00,U_Deschutes_R,5004,0.00,L_Wh_Sal_H_SF,5026,0.00
Area123 (07) troll 121 32,,Soos_H,5020,0.42,Clear_Cr_H,5020,0.15,George_Adams_H,5005,0.15,Bear_Cr_SuFa,5020,0.13,S_Prairie_Cr,5020,0.09
Area123 (07) troll 121 33,,Harrison,3,0.87,Chilliwack_F,3,0.13,Hanford_Reach,5026,0.00,L_Skagit_R_Fa,5016,0.00,Feather_H_fa,5001,0.00
Area123 (07) troll 121 34,,Harrison,3,0.99,Chilliwack_F,3,0.01,,,,,,,,,
Area123 (07) troll 121 35,,L_Skagit_R_Fa,5016,0.82,Skagit_R,5016,0.11,U_Sauk_R_SpSu,5016,0.02,Umatilla_H,5026,0.02,NF_Nooksack_H,5016,0.01
Area123 (07) troll 121 36,,Harrison,3,0.89,Chilliwack_F,3,0.06,U_Sauk_R_SpSu,5016,0.02,John_Day_R,5010,0.01,Camas_Cr,5022,0.01
Area123 (07) troll 121 37,,Clear_Cr_H,5020,0.24,Hamma_Hamma_R,5005,0.18,Cedar_R_SuFa,5020,0.17,Soos_H,5020,0.16,Bear_Cr_SuFa,5020,0.11
Area123 (07) troll 121 38,,Spring_Cr_col,5030,0.55,Abernathy_NFH_F,5008,0.15,McKenzie_H,5029,0.12,Elochoman_H,5030,0.10,Cowlitz_H_sp,5009,0.04
Area123 (07) troll 121 4,,Spring_Cr_col,5030,0.63,Abernathy_NFH_F,5008,0.36,Elochoman_H,5030,0.01,Cowlitz_H_fa,5008,0.00,Washougal_R_Fa,5008,0.00
Area123 (07) troll 121 5,,Soos_H,5020,0.25,Samish_H,5016,0.18,Clear_Cr_H,5020,0.18,S_Prairie_Cr,5020,0.16,Cedar_R_SuFa,5020,0.10
Area123 (07) troll 121 6,,Grovers_Cr_H,5020,0.49,Soos_H,5020,0.26,S_Prairie_Cr,5020,0.13,Cedar_R_SuFa,5020,0.04,George_Adams_H,5005,0.04
Area123 (07) troll 121 7,,George_Adams_H,5005,0.39,S_Prairie_Cr,5020,0.20,Cedar_R_SuFa,5020,0.11,Bear_Cr_SuFa,5020,0.10,Samish_H,5016,0.06
Area123 (07) troll 121 8,,Hanford_Reach,5026,0.76,Methow_R,5026,0.17,U_Deschutes_R,5004,0.03,Lyons_Ferry_H,5021,0.02,Washougal_R_Fa,5008,0.01
Area123 (07) troll 121 9,,Harrison,3,0.94,Clearwater,4,0.02,Chilliwack_F,3,0.02,L_Skagit_R_Fa,5016,0.01,Puntledge_BackX,7,0.00
Area123 (07) troll 122 39,,Cowlitz_H_fa,5008,0.91,Elochoman_H,5030,0.04,Lewis_R_Su,5008,0.02,Washougal_R_Fa,5008,0.02,Abernathy_Cr_Fa,5008,0.01
Area123 (07) troll 122 40,,Cowlitz_H_fa,5008,0.63,Abernathy_NFH_F,5008,0.24,Elochoman_H,5030,0.06,Washougal_R_Fa,5008,0.03,Green_R_Fa,5008,0.01
Area123 (07) troll 122 41,,Harrison,3,0.47,Chilliwack_F,3,0.13,John_Day_R,5010,0.09,Umpqua_H,5011,0.09,Coos_H,5011,0.05
Area123 (07) troll 122 42,,Lyons_Ferry_H,5021,1.00,Nez_PerceT_H,5021,0.00,U_Deschutes_R,5004,0.00,Hanford_Reach,5026,0.00,Priest_Rapids_H,5026,0.00
Area123 (07) troll 122 43,,Feather_H_fa,5001,0.72,Butte_Cr_f,5001,0.21,Feather_H_sp,5002,0.05,Battle_Cr,5001,0.02,Lyons_Ferry_H,5021,0.00
Area123 (07) troll 122 44,,Soos_H,5020,0.48,George_Adams_H,5005,0.31,Hamma_Hamma_R,5005,0.06,Cedar_R_SuFa,5020,0.04,Clear_Cr_H,5020,0.04
Area123 (07) troll 122 45,,Soos_H,5020,0.44,Cedar_R_SuFa,5020,0.20,Bear_Cr_SuFa,5020,0.14,NF_Skokomish_F,5005,0.09,S_Prairie_Cr,5020,0.05
Area123 (07) troll 122 46,,Grovers_Cr_H,5020,0.34,Cedar_R_SuFa,5020,0.28,Bear_Cr_SuFa,5020,0.21,George_Adams_H,5005,0.06,Samish_H,5016,0.06
Area123 (07) troll 127 47,,Spring_Cr_col,5030,0.86,Abernathy_NFH_F,5008,0.12,Elochoman_H,5030,0.02,Cowlitz_H_fa,5008,0.00,Washougal_R_Fa,5008,0.00
Area123 (07) troll 127 48,,NF_Skokomish_F,5005,0.64,George_Adams_H,5005,0.31,Samish_H,5016,0.02,Grovers_Cr_H,5020,0.02,L_Skagit_R_Fa,5016,0.01
Area123 (07) troll 127 49,,NF_Nooksack_H,5016,1.00,,,,,,,,,,,,
Area123 (07) troll 127 50,,White_H,5020,0.99,George_Adams_H,5005,0.00,Soos_H,5020,0.00,Bear_Cr_SuFa,5020,0.00,Hupp_Sp_H,5020,0.00
Area123 (07) troll 127 51,,Washougal_R_Fa,5008,0.93,Cowlitz_H_sp,5009,0.03,Cowlitz_H_fa,5008,0.02,Elochoman_H,5030,0.01,Green_R_Fa,5008,0.01
Area123 (07) troll 127 52,,L_Skagit_R_Fa,5016,0.57,Soos_H,5020,0.16,Cedar_R_SuFa,5020,0.11,Snoqualmie_R,5016,0.03,Bear_Cr_SuFa,5020,0.03
Area123 (07) troll 127 53,,Hanford_Reach,5026,0.39,Soos_H,5020,0.27,Skagit_R,5016,0.08,Samish_H,5016,0.05,Harrison,3,0.05
Area123 (07) troll 127 54,,Washougal_R_Fa,5008,0.42,Cowlitz_H_fa,5008,0.42,Elochoman_H,5030,0.08,Sandy_R,5008,0.03,Elochoman_R_Fa,5008,0.01
Area123 (07) troll 127 55,,Hamma_Hamma_R,5005,0.45,Bear_Cr_SuFa,5020,0.15,Cedar_R_SuFa,5020,0.11,George_Adams_H,5005,0.09,Voights_H,5020,0.05
Area123 (07) troll 127 56,,Chilliwack_F,3,0.87,Harrison,3,0.13,,,,,,,,,
Area123 (07) troll 127 57,,Skagit_R,5016,0.41,Hanford_Reach,5026,0.24,Cedar_R_SuFa,5020,0.11,Snoqualmie_R,5016,0.04,Bear_Cr_SuFa,5020,0.04
Area123 (07) troll 127 58,,Bear_Cr_SuFa,5020,0.33,Samish_H,5016,0.32,George_Adams_H,5005,0.12,Hamma_Hamma_R,5005,0.11,NF_Skokomish_F,5005,0.06
Area123 (07) troll 127 59,,Cowlitz_H_sp,5009,0.35,McKenzie_H,5029,0.29,N_Santiam_H,5029,0.20,Washougal_R_Fa,5008,0.15,Cowlitz_H_fa,5008,0.01
Area123 (07) troll 127 60,,Cedar_R_SuFa,5020,0.44,Bear_Cr_SuFa,5020,0.29,Soos_H,5020,0.14,Clear_Cr_H,5020,0.11,Hamma_Hamma_R,5005,0.02
Area123 (07) troll 127 61,,Soos_H,5020,0.47,George_Adams_H,5005,0.19,NF_Skokomish_F,5005,0.14,Cedar_R_SuFa,5020,0.08,Clear_Cr_H,5020,0.03
Area123 (07) troll 127 62,,L_Skagit_R_Fa,5016,0.77,Skagit_R,5016,0.18,Soos_H,5020,0.02,Bear_Cr_SuFa,5020,0.01,Snoqualmie_R,5016,0.00
Area123 (07) troll 127 63,,Hamma_Hamma_R,5005,0.23,Grovers_Cr_H,5020,0.22,NF_Skokomish_F,5005,0.20,Cedar_R_SuFa,5020,0.07,Soos_H,5020,0.07
Area123 (07) troll 127 64,,George_Adams_H,5005,0.24,Soos_H,5020,0.20,S_Prairie_Cr,5020,0.17,NF_Skokomish_F,5005,0.13,Cedar_R_SuFa,5020,0.10
Area123 (07) troll 127 65,,Harrison,3,0.99,Chilliwack_F,3,0.00,Cedar_R_SuFa,5020,0.00,Bear_Cr_SuFa,5020,0.00,Marblemount_Hsu,5016,0.00
Area123 (07) troll 127 66,,Abernathy_NFH_F,5008,0.71,Spring_Cr_col,5030,0.17,Elochoman_H,5030,0.08,Cowlitz_H_fa,5008,0.03,Cowlitz_H_sp,5009,0.01
Area123 (07) troll 127 67,,Soos_H,5020,0.35,Samish_H,5016,0.25,Hamma_Hamma_R,5005,0.19,Clear_Cr_H,5020,0.08,NF_Skokomish_F,5005,0.05
Area123 (07) troll 127 68,,S_Prairie_Cr,5020,0.30,Bear_Cr_SuFa,5020,0.20,Soos_H,5020,0.15,L_Skagit_R_Fa,5016,0.15,Clear_Cr_H,5020,0.05
Area123 (07) troll 127 69,,Soos_H,5020,0.37,Bear_Cr_SuFa,5020,0.18,L_Skagit_R_Fa,5016,0.15,Hamma_Hamma_R,5005,0.10,Cedar_R_SuFa,5020,0.09
Area123 (07) troll 127 70,,S_Prairie_Cr,5020,0.60,Soos_H,5020,0.20,Bear_Cr_SuFa,5020,0.08,L_Skagit_R_Fa,5016,0.07,Cedar_R_SuFa,5020,0.02
Area123 (07) troll 127 71,,L_Skagit_R_Fa,5016,0.58,Skagit_R,5016,0.14,NF_Skokomish_F,5005,0.06,Cedar_R_SuFa,5020,0.04,S_Prairie_Cr,5020,0.04
Area123 (07) troll 127 72,,Spring_Cr_col,5030,0.93,Abernathy_NFH_F,5008,0.05,Abernathy_Cr_Fa,5008,0.01,Washougal_R_Fa,5008,0.00,Cowlitz_H_fa,5008,0.00
Area123 (07) troll 127 73,,NF_Nooksack_H,5016,0.99,Skagit_R,5016,0.00,L_Skagit_R_Fa,5016,0.00,Snoqualmie_R,5016,0.00,Cedar_R_SuFa,5020,0.00
Area123 (07) troll 127 74,,Soos_H,5020,0.32,Bear_Cr_SuFa,5020,0.23,George_Adams_H,5005,0.16,Cedar_R_SuFa,5020,0.09,Clear_Cr_H,5020,0.06
Area123 (07) troll 127 75,,Spring_Cr_col,5030,0.96,Abernathy_NFH_F,5008,0.04,Elochoman_H,5030,0.01,,,,,,
Area123 (07) troll 127 76,,Clear_Cr_H,5020,0.46,Bear_Cr_SuFa,5020,0.36,Cedar_R_SuFa,5020,0.09,Soos_H,5020,0.04,S_Prairie_Cr,5020,0.02
Area123 (07) troll 127 77,,Bear_Cr_SuFa,5020,0.58,Soos_H,5020,0.14,Hamma_Hamma_R,5005,0.10,Clear_Cr_H,5020,0.05,NF_Skokomish_F,5005,0.05
Area123 (07) troll 127 78,,Harrison,3,0.74,Chilliwack_F,3,0.25,Cedar_R_SuFa,5020,0.01,Bear_Cr_SuFa,5020,0.00,Samish_H,5016,0.00
Area123 (07) troll 127 79,,Hanford_Reach,5026,0.89,Lyons_Ferry_H,5021,0.06,Sandy_R,5008,0.02,L_Wh_Sal_H_SF,5026,0.02,ClearwaterRFa,5021,0.01
Area123 (07) troll 128 100,,Harrison,3,0.55,Chilliwack_F,3,0.45,Chilliwac@Stav,3,0.00,,,,,,
Area123 (07) troll 128 101,,Cowlitz_H_fa,5008,0.49,Cowlitz_H_sp,5009,0.26,Washougal_R_Fa,5008,0.21,Lewis_R_Su,5008,0.04,Abernathy_NFH_F,5008,0.00
Area123 (07) troll 128 102,,Hanford_Reach,5026,0.90,Methow_R,5026,0.04,Lyons_Ferry_H,5021,0.04,L_Wh_Sal_H_SF,5026,0.01,Priest_Rapid_H,5026,0.00
Area123 (07) troll 128 103,,Cowlitz_H_fa,5008,0.60,Elochoman_H,5030,0.36,Washougal_R_Fa,5008,0.02,Spring_Cr_col,5030,0.01,Abernathy_NFH_F,5008,0.01
Area123 (07) troll 128 104,,Harrison,3,0.94,Chilliwack_F,3,0.03,Hanford_Reach,5026,0.01,Voights_H,5020,0.01,Soos_H,5020,0.00
Area123 (07) troll 128 105,,Spring_Cr_col,5030,0.61,Abernathy_NFH_F,5008,0.28,Elochoman_H,5030,0.09,Abernathy_Cr_Fa,5008,0.01,Big_Cr_H_Col,5030,0.01
Area123 (07) troll 128 106,,Bear_Cr_SuFa,5020,0.36,Soos_H,5020,0.25,Cedar_R_SuFa,5020,0.23,Hamma_Hamma_R,5005,0.11,NF_Skokomish_F,5005,0.03
Area123 (07) troll 128 107,,Clear_Cr_H,5020,0.55,Soos_H,5020,0.14,Bear_Cr_SuFa,5020,0.10,Hamma_Hamma_R,5005,0.07,Cedar_R_SuFa,5020,0.06
Area123 (07) troll 128 108,,Hanford_Reach,5026,0.75,Lyons_Ferry_H,5021,0.10,Methow_R,5026,0.09,Umatilla_H,5026,0.03,L_Wh_Sal_H_SF,5026,0.01
Area123 (07) troll 128 109,,Clear_Cr_H,5020,0.63,Hamma_Hamma_R,5005,0.30,Samish_H,5016,0.03,Soos_H,5020,0.02,George_Adams_H,5005,0.01
Area123 (07) troll 128 110,,Soos_H,5020,0.37,Clear_Cr_H,5020,0.26,S_Prairie_Cr,5020,0.24,Voights_H,5020,0.06,Skagit_R,5016,0.02
Area123 (07) troll 128 111,,S_Prairie_Cr,5020,0.29,George_Adams_H,5005,0.28,Soos_H,5020,0.12,Hamma_Hamma_R,5005,0.11,NF_Skokomish_F,5005,0.08
Area123 (07) troll 128 112,,Bear_Cr_SuFa,5020,0.47,NF_Skokomish_F,5005,0.17,Soos_H,5020,0.10,Cedar_R_SuFa,5020,0.10,L_Skagit_R_Fa,5016,0.04
Area123 (07) troll 128 113,,NF_Skokomish_F,5005,0.50,Bear_Cr_SuFa,5020,0.26,George_Adams_H,5005,0.08,Cedar_R_SuFa,5020,0.07,Clear_Cr_H,5020,0.05
Area123 (07) troll 128 114,,Chilliwack_F,3,0.95,Harrison,3,0.05,Chilliwac@Stav,3,0.00,,,,,,
Area123 (07) troll 128 115,,Grovers_Cr_H,5020,0.35,George_Adams_H,5005,0.20,Clear_Cr_H,5020,0.10,Bear_Cr_SuFa,5020,0.10,Hamma_Hamma_R,5005,0.09
Area123 (07) troll 128 116,,Soos_H,5020,0.34,George_Adams_H,5005,0.26,Harrison,3,0.12,Samish_H,5016,0.06,Grovers_Cr_H,5020,0.04
Area123 (07) troll 128 117,,Soos_H,5020,0.33,S_Prairie_Cr,5020,0.30,NF_Skokomish_F,5005,0.18,Bear_Cr_SuFa,5020,0.08,George_Adams_H,5005,0.04
Area123 (07) troll 128 118,,George_Adams_H,5005,0.35,Soos_H,5020,0.19,Bear_Cr_SuFa,5020,0.16,NF_Skokomish_F,5005,0.14,Hamma_Hamma_R,5005,0.06
Area123 (07) troll 128 119,,Grovers_Cr_H,5020,0.41,NF_Skokomish_F,5005,0.30,George_Adams_H,5005,0.22,Clear_Cr_H,5020,0.02,S_Prairie_Cr,5020,0.02
Area123 (07) troll 128 120,,Bear_Cr_SuFa,5020,0.40,Soos_H,5020,0.23,S_Prairie_Cr,5020,0.10,Hamma_Hamma_R,5005,0.10,Clear_Cr_H,5020,0.08
Area123 (07) troll 128 121,,Cedar_R_SuFa,5020,0.29,Bear_Cr_SuFa,5020,0.16,Soos_H,5020,0.16,S_Prairie_Cr,5020,0.09,Hamma_Hamma_R,5005,0.09
Area123 (07) troll 128 122,,Clear_Cr_H,5020,0.41,Samish_H,5016,0.19,Hamma_Hamma_R,5005,0.13,Bear_Cr_SuFa,5020,0.08,George_Adams_H,5005,0.06
Area123 (07) troll 128 123,,NF_Skokomish_F,5005,0.30,George_Adams_H,5005,0.21,L_Skagit_R_Fa,5016,0.16,Hamma_Hamma_R,5005,0.10,Soos_H,5020,0.05
Area123 (07) troll 128 124,,Clear_Cr_H,5020,0.35,Bear_Cr_SuFa,5020,0.18,Soos_H,5020,0.11,Hanford_Reach,5026,0.07,Hamma_Hamma_R,5005,0.06
Area123 (07) troll 128 125,,L_Skagit_R_Fa,5016,0.65,Skagit_R,5016,0.15,Harrison,3,0.08,Cowlitz_H_fa,5008,0.05,Lewis_R_Su,5008,0.02
Area123 (07) troll 128 126,,Lyons_Ferry_H,5021,1.00,Nez_PerceT_H,5021,0.00,L_Deschutes_R,5004,0.00,,,,,,
Area123 (07) troll 128 127,,Bear_Cr_SuFa,5020,0.58,Cedar_R_SuFa,5020,0.18,Clear_Cr_H,5020,0.12,Soos_H,5020,0.03,Hamma_Hamma_R,5005,0.02
Area123 (07) troll 128 128,,Soos_H,5020,0.66,Clear_Cr_H,5020,0.10,Hamma_Hamma_R,5005,0.10,Bear_Cr_SuFa,5020,0.05,George_Adams_H,5005,0.05
Area123 (07) troll 128 129,,Samish_H,5016,0.73,Bear_Cr_SuFa,5020,0.13,George_Adams_H,5005,0.06,Cedar_R_SuFa,5020,0.04,Soos_H,5020,0.02
Area123 (07) troll 128 130,,NF_Skokomish_F,5005,0.67,Grovers_Cr_H,5020,0.11,Soos_H,5020,0.09,Clear_Cr_H,5020,0.05,George_Adams_H,5005,0.03
Area123 (07) troll 128 131,,Bear_Cr_SuFa,5020,0.32,Soos_H,5020,0.28,Cedar_R_SuFa,5020,0.17,Clear_Cr_H,5020,0.07,Hamma_Hamma_R,5005,0.06
Area123 (07) troll 128 132,,Bear_Cr_SuFa,5020,0.53,Cedar_R_SuFa,5020,0.35,Samish_H,5016,0.08,L_Skagit_R_Fa,5016,0.02,Soos_H,5020,0.01
Area123 (07) troll 128 133,,Soos_H,5020,0.88,S_Prairie_Cr,5020,0.04,Clear_Cr_H,5020,0.03,Samish_H,5016,0.01,Bear_Cr_SuFa,5020,0.01
Area123 (07) troll 128 134,,L_Skagit_R_Fa,5016,0.89,Snoqualmie_R,5016,0.04,Cedar_R_SuFa,5020,0.02,Bear_Cr_SuFa,5020,0.01,Soos_H,5020,0.01
Area123 (07) troll 128 135,,L_Skagit_R_Fa,5016,0.26,Skagit_R,5016,0.21,S_Prairie_Cr,5020,0.08,Soos_H,5020,0.07,NF_Skokomish_F,5005,0.05
Area123 (07) troll 128 136,,NF_Nooksack_H,5016,1.00,Marblemount_Hsu,5016,0.00,,,,,,,,,
Area123 (07) troll 128 137,,Soos_H,5020,0.65,S_Prairie_Cr,5020,0.11,George_Adams_H,5005,0.04,Hamma_Hamma_R,5005,0.04,Clear_Cr_H,5020,0.04
Area123 (07) troll 128 138,,Bear_Cr_SuFa,5020,0.53,S_Prairie_Cr,5020,0.24,Cedar_R_SuFa,5020,0.12,Soos_H,5020,0.02,Marblemount_Hsu,5016,0.02
Area123 (07) troll 128 139,,Skagit_R,5016,0.90,L_Skagit_R_Fa,5016,0.06,U_Sauk_R_SpSu,5016,0.01,Soos_H,5020,0.01,Marblemount_Hsu,5016,0.01
Area123 (07) troll 128 140,,White_H,5020,0.95,Hupp_Sp_H,5020,0.02,Soos_H,5020,0.01,Bear_Cr_SuFa,5020,0.01,S_Prairie_Cr,5020,0.00
Area123 (07) troll 128 141,,L_Skagit_R_Fa,5016,0.96,Skagit_R,5016,0.02,Cedar_R_SuFa,5020,0.01,U_Sauk_R_SpSu,5016,0.01,Bear_Cr_SuFa,5020,0.00
Area123 (07) troll 128 142,,Bear_Cr_SuFa,5020,0.39,Samish_H,5016,0.26,George_Adams_H,5005,0.11,Clear_Cr_H,5020,0.07,Soos_H,5020,0.06
Area123 (07) troll 128 143,,Soos_H,5020,0.49,Bear_Cr_SuFa,5020,0.28,Voights_H,5020,0.18,Samish_H,5016,0.01,S_Prairie_Cr,5020,0.01
Area123 (07) troll 128 144,,L_Skagit_R_Fa,5016,0.50,Bear_Cr_SuFa,5020,0.23,Skagit_R,5016,0.13,Cedar_R_SuFa,5020,0.07,George_Adams_H,5005,0.03
Area123 (07) troll 128 145,,Hanford_Reach,5026,0.76,Abernathy_NFH_F,5008,0.10,L_Wh_Sal_H_SF,5026,0.09,N_Santiam_H,5029,0.03,Lewis_R_Su,5008,0.00
Area123 (07) troll 128 146,,Grovers_Cr_H,5020,0.53,George_Adams_H,5005,0.30,NF_Skokomish_F,5005,0.12,Cedar_R_SuFa,5020,0.04,Voights_H,5020,0.01
Area123 (07) troll 128 147,,Cedar_R_SuFa,5020,0.45,George_Adams_H,5005,0.24,NF_Skokomish_F,5005,0.12,Bear_Cr_SuFa,5020,0.07,Clear_Cr_H,5020,0.05
Area123 (07) troll 128 148,,Hamma_Hamma_R,5005,0.43,Soos_H,5020,0.30,Bear_Cr_SuFa,5020,0.08,S_Prairie_Cr,5020,0.05,George_Adams_H,5005,0.04
Area123 (07) troll 128 80,,Washougal_R_Fa,5008,0.36,Abernathy_NFH_F,5008,0.35,Lewis_R_Su,5008,0.16,Elochoman_H,5030,0.06,Cowlitz_H_fa,5008,0.04
Area123 (07) troll 128 81,,Grovers_Cr_H,5020,0.96,Cedar_R_SuFa,5020,0.01,Bear_Cr_SuFa,5020,0.01,Skagit_R,5016,0.01,Hamma_Hamma_R,5005,0.00
Area123 (07) troll 128 82,,Soos_H,5020,0.40,S_Prairie_Cr,5020,0.38,Hamma_Hamma_R,5005,0.09,Cedar_R_SuFa,5020,0.04,Samish_H,5016,0.03
Area123 (07) troll 128 83,,Bear_Cr_SuFa,5020,0.52,Grovers_Cr_H,5020,0.15,George_Adams_H,5005,0.10,NF_Skokomish_F,5005,0.07,Clear_Cr_H,5020,0.06
Area123 (07) troll 128 84,,S_Prairie_Cr,5020,0.33,Samish_H,5016,0.30,Bear_Cr_SuFa,5020,0.20,Soos_H,5020,0.11,Cedar_R_SuFa,5020,0.03
Area123 (07) troll 128 85,,Hamma_Hamma_R,5005,0.55,George_Adams_H,5005,0.36,Cedar_R_SuFa,5020,0.04,Samish_H,5016,0.01,L_Skagit_R_Fa,5016,0.01
Area123 (07) troll 128 86,,Skagit_R,5016,1.00,U_Skagit_R,5016,0.00,Hanford_Reach,5026,0.00,L_Skagit_R_Fa,5016,0.00,Washougal_R_Fa,5008,0.00
Area123 (07) troll 128 87,,Lyons_Ferry_H,5021,0.94,Hanford_Reach,5026,0.06,Nez_PerceT_H,5021,0.00,Priest_Rapid_H,5026,0.00,Priest_Rapids_H,5026,0.00
Area123 (07) troll 128 88,,Soos_H,5020,0.68,S_Prairie_Cr,5020,0.08,Clear_Cr_H,5020,0.08,George_Adams_H,5005,0.07,NF_Skokomish_F,5005,0.03
Area123 (07) troll 128 89,,Abernathy_NFH_F,5008,0.53,Elochoman_H,5030,0.27,Washougal_R_Fa,5008,0.05,Lewis_R_Su,5008,0.02,Spring_Cr_col,5030,0.02
Area123 (07) troll 128 90,,Cedar_R_SuFa,5020,0.45,Bear_Cr_SuFa,5020,0.42,Harrison,3,0.03,Soos_H,5020,0.02,Skagit_R,5016,0.01
Area123 (07) troll 128 91,,NF_Skokomish_F,5005,0.65,Hamma_Hamma_R,5005,0.22,Soos_H,5020,0.03,George_Adams_H,5005,0.03,Samish_H,5016,0.03
Area123 (07) troll 128 92,,George_Adams_H,5005,0.54,Cedar_R_SuFa,5020,0.12,White_H,5020,0.11,Bear_Cr_SuFa,5020,0.09,Hamma_Hamma_R,5005,0.05
Area123 (07) troll 128 93,,Grovers_Cr_H,5020,0.50,Clear_Cr_H,5020,0.18,Cedar_R_SuFa,5020,0.17,NF_Skokomish_F,5005,0.08,George_Adams_H,5005,0.06
Area123 (07) troll 128 94,,Soos_H,5020,0.26,Hamma_Hamma_R,5005,0.16,Cedar_R_SuFa,5020,0.15,George_Adams_H,5005,0.12,Clear_Cr_H,5020,0.10
Area123 (07) troll 128 95,,Soos_H,5020,0.64,Bear_Cr_SuFa,5020,0.17,Cedar_R_SuFa,5020,0.10,Grovers_Cr_H,5020,0.03,Clear_Cr_H,5020,0.02
Area123 (07) troll 128 96,,Cedar_R_SuFa,5020,0.22,Soos_H,5020,0.17,Clear_Cr_H,5020,0.12,S_Prairie_Cr,5020,0.10,L_Skagit_R_Fa,5016,0.10
Area123 (07) troll 128 97,,Grovers_Cr_H,5020,0.77,George_Adams_H,5005,0.09,S_Prairie_Cr,5020,0.05,Cedar_R_SuFa,5020,0.02,L_Skagit_R_Fa,5016,0.02
Area123 (07) troll 128 98,,L_Skagit_R_Fa,5016,0.33,Soos_H,5020,0.33,Bear_Cr_SuFa,5020,0.16,Skagit_R,5016,0.05,Snoqualmie_R,5016,0.03
Area123 (07) troll 128 99,,Clear_Cr_H,5020,0.53,Bear_Cr_SuFa,5020,0.14,Cedar_R_SuFa,5020,0.08,George_Adams_H,5005,0.08,L_Skagit_R_Fa,5016,0.06
Area123 (07) troll 130 149,,George_Adams_H,5005,0.38,Soos_H,5020,0.35,Grovers_Cr_H,5020,0.13,S_Prairie_Cr,5020,0.05,Clear_Cr_H,5020,0.03
Area123 (07) troll 130 150,,Clear_Cr_H,5020,0.55,Soos_H,5020,0.17,Cedar_R_SuFa,5020,0.10,Bear_Cr_SuFa,5020,0.06,L_Skagit_R_Fa,5016,0.03
Area123 (07) troll 130 151,,Soos_H,5020,0.45,S_Prairie_Cr,5020,0.20,Bear_Cr_SuFa,5020,0.15,Grovers_Cr_H,5020,0.13,Cedar_R_SuFa,5020,0.05
Area123 (07) troll 130 152,,George_Adams_H,5005,0.67,Bear_Cr_SuFa,5020,0.11,Cedar_R_SuFa,5020,0.06,NF_Skokomish_F,5005,0.05,Clear_Cr_H,5020,0.03
Area123 (07) troll 130 153,,George_Adams_H,5005,0.69,Hamma_Hamma_R,5005,0.15,NF_Skokomish_F,5005,0.13,Clear_Cr_H,5020,0.02,Bear_Cr_SuFa,5020,0.00
Area123 (07) troll 130 154,,Grovers_Cr_H,5020,0.70,Cedar_R_SuFa,5020,0.07,Clear_Cr_H,5020,0.06,NF_Skokomish_F,5005,0.05,Soos_H,5020,0.03
Area123 (07) troll 130 155,,L_Skagit_R_Fa,5016,0.63,Skagit_R,5016,0.36,Snoqualmie_R,5016,0.01,U_Sauk_R_SpSu,5016,0.00,NF_Skokomish_F,5005,0.00
Area123 (07) troll 130 156,,Washougal_R_Fa,5008,0.87,Spring_Cr_col,5030,0.09,Cowlitz_H_fa,5008,0.02,Elochoman_H,5030,0.02,Cowlitz_H_sp,5009,0.00
Area123 (07) troll 130 157,,Soos_H,5020,0.50,Cedar_R_SuFa,5020,0.19,Hamma_Hamma_R,5005,0.12,Bear_Cr_SuFa,5020,0.10,NF_Skokomish_F,5005,0.04
Area123 (07) troll 130 158,,Bear_Cr_SuFa,5020,0.64,George_Adams_H,5005,0.08,Hamma_Hamma_R,5005,0.07,Clear_Cr_H,5020,0.06,S_Prairie_Cr,5020,0.05
Area123 (07) troll 130 159,,Grovers_Cr_H,5020,0.37,George_Adams_H,5005,0.25,Hamma_Hamma_R,5005,0.21,Bear_Cr_SuFa,5020,0.05,Soos_H,5020,0.04
Area123 (07) troll 130 160,,White_H,5020,0.72,L_Skagit_R_Fa,5016,0.19,George_Adams_H,5005,0.03,Hamma_Hamma_R,5005,0.02,Bear_Cr_SuFa,5020,0.01
Area123 (07) troll 130 161,,Soos_H,5020,0.36,George_Adams_H,5005,0.29,Bear_Cr_SuFa,5020,0.11,NF_Skokomish_F,5005,0.10,Cedar_R_SuFa,5020,0.05
Area123 (07) troll 130 162,,Grovers_Cr_H,5020,0.78,Bear_Cr_SuFa,5020,0.14,Hamma_Hamma_R,5005,0.03,Soos_H,5020,0.03,George_Adams_H,5005,0.02
Area123 (07) troll 130 163,,Bear_Cr_SuFa,5020,0.63,Cedar_R_SuFa,5020,0.16,L_Skagit_R_Fa,5016,0.05,George_Adams_H,5005,0.04,NF_Skokomish_F,5005,0.04
Area123 (07) troll 130 164,,Soos_H,5020,0.80,Cedar_R_SuFa,5020,0.14,Bear_Cr_SuFa,5020,0.03,George_Adams_H,5005,0.02,Clear_Cr_H,5020,0.01
Area123 (07) troll 130 165,,Skagit_R,5016,0.73,L_Skagit_R_Fa,5016,0.16,Soos_H,5020,0.05,U_Sauk_R_SpSu,5016,0.02,S_Prairie_Cr,5020,0.01
Area123 (07) troll 130 166,,Samish_H,5016,0.73,Hamma_Hamma_R,5005,0.10,NF_Skokomish_F,5005,0.05,George_Adams_H,5005,0.04,Cedar_R_SuFa,5020,0.03
Area123 (07) troll 130 167,,Samish_H,5016,0.37,Cedar_R_SuFa,5020,0.34,Soos_H,5020,0.15,Bear_Cr_SuFa,5020,0.04,Hamma_Hamma_R,5005,0.03
Area123 (07) troll 130 168,,Samish_H,5016,0.31,NF_Skokomish_F,5005,0.19,George_Adams_H,5005,0.17,Soos_H,5020,0.07,Clear_Cr_H,5020,0.07
Area123 (07) troll 134 169,,Hamma_Hamma_R,5005,0.58,NF_Skokomish_F,5005,0.28,Bear_Cr_SuFa,5020,0.05,Soos_H,5020,0.04,Samish_H,5016,0.02
Area123 (07) troll 134 170,,Samish_H,5016,0.82,Grovers_Cr_H,5020,0.10,George_Adams_H,5005,0.02,Bear_Cr_SuFa,5020,0.02,Cedar_R_SuFa,5020,0.01
Area123 (07) troll 134 171,,George_Adams_H,5005,0.29,L_Skagit_R_Fa,5016,0.20,NF_Skokomish_F,5005,0.15,Cedar_R_SuFa,5020,0.11,Grovers_Cr_H,5020,0.10
Area123 (07) troll 134 172,,L_Skagit_R_Fa,5016,0.27,Clear_Cr_H,5020,0.21,Hamma_Hamma_R,5005,0.12,George_Adams_H,5005,0.10,Voights_H,5020,0.09
Area123 (07) troll 134 173,,Cedar_R_SuFa,5020,0.72,Grovers_Cr_H,5020,0.16,NF_Skokomish_F,5005,0.07,George_Adams_H,5005,0.02,Hamma_Hamma_R,5005,0.01
Area123 (07) troll 134 174,,George_Adams_H,5005,0.95,Grovers_Cr_H,5020,0.02,Samish_H,5016,0.01,NF_Skokomish_F,5005,0.01,Hamma_Hamma_R,5005,0.00
Area123 (07) troll 134 175,,NF_Nooksack_H,5016,1.00,,,,,,,,,,,,
Area123 (07) troll 134 176,,Harrison,3,0.40,Cedar_R_SuFa,5020,0.27,L_Skagit_R_Fa,5016,0.21,S_Prairie_Cr,5020,0.05,Samish_H,5016,0.04
Area123 (07) troll 134 177,,Harrison,3,1.00,Chilliwack_F,3,0.00,,,,,,,,,
Area123 (07) troll 134 178,,Cedar_R_SuFa,5020,0.57,Bear_Cr_SuFa,5020,0.24,Soos_H,5020,0.11,Grovers_Cr_H,5020,0.03,George_Adams_H,5005,0.02
Area123 (07) troll 134 179,,L_Skagit_R_Fa,5016,0.61,Soos_H,5020,0.23,Clear_Cr_H,5020,0.04,Cedar_R_SuFa,5020,0.04,Skagit_R,5016,0.03
Area123 (07) troll 134 180,,George_Adams_H,5005,0.79,Clear_Cr_H,5020,0.08,NF_Skokomish_F,5005,0.07,Hamma_Hamma_R,5005,0.02,Bear_Cr_SuFa,5020,0.01
Area123 (07) troll 134 181,,Feather_H_fa,5001,0.62,Butte_Cr_f,5001,0.17,U_Deschutes_R,5004,0.15,Feather_H_sp,5002,0.05,Battle_Cr,5001,0.02
Area123 (07) troll 134 182,,Bear_Cr_SuFa,5020,0.26,George_Adams_H,5005,0.22,White_H,5020,0.13,Skagit_R,5016,0.10,Grovers_Cr_H,5020,0.09
Area123 (07) troll 134 183,,L_Skagit_R_Fa,5016,0.36,Samish_H,5016,0.31,Skagit_R,5016,0.19,Cedar_R_SuFa,5020,0.06,Bear_Cr_SuFa,5020,0.02
Area123 (07) troll 134 184,,Hanford_Reach,5026,0.95,Methow_R,5026,0.03,Wells_H,5026,0.01,Priest_Rapids_H,5026,0.00,Lyons_Ferry_H,5021,0.00
Area123 (07) troll 134 185,,S_Prairie_Cr,5020,0.33,Bear_Cr_SuFa,5020,0.28,Cedar_R_SuFa,5020,0.21,Soos_H,5020,0.06,George_Adams_H,5005,0.03
Area123 (07) troll 134 376,,Soos_H,5020,0.49,Grovers_Cr_H,5020,0.30,Clear_Cr_H,5020,0.09,Bear_Cr_SuFa,5020,0.06,George_Adams_H,5005,0.05
Area123 (07) troll 134 377,,Grovers_Cr_H,5020,0.44,George_Adams_H,5005,0.23,Samish_H,5016,0.13,Cedar_R_SuFa,5020,0.09,Clear_Cr_H,5020,0.05
Area123 (07) troll 134 378,,Bear_Cr_SuFa,5020,0.44,L_Skagit_R_Fa,5016,0.28,Cedar_R_SuFa,5020,0.19,Hamma_Hamma_R,5005,0.06,Harrison,3,0.01
Area123 (07) troll 134 379,,Grovers_Cr_H,5020,0.83,S_Prairie_Cr,5020,0.09,L_Skagit_R_Fa,5016,0.02,Cedar_R_SuFa,5020,0.02,Hamma_Hamma_R,5005,0.01
Area123 (07) troll 134 380,,Clear_Cr_H,5020,0.29,Voights_H,5020,0.19,Soos_H,5020,0.16,NF_Skokomish_F,5005,0.12,S_Prairie_Cr,5020,0.07
Area123 (07) troll 134 381,,Soos_H,5020,0.33,Voights_H,5020,0.21,S_Prairie_Cr,5020,0.13,Bear_Cr_SuFa,5020,0.12,Cedar_R_SuFa,5020,0.08
Area123 (07) troll 134 382,,Samish_H,5016,0.29,Bear_Cr_SuFa,5020,0.22,Hamma_Hamma_R,5005,0.13,Soos_H,5020,0.10,L_Skagit_R_Fa,5016,0.06
Area123 (07) troll 134 383,,Cedar_R_SuFa,5020,0.26,George_Adams_H,5005,0.21,Bear_Cr_SuFa,5020,0.19,Grovers_Cr_H,5020,0.17,L_Skagit_R_Fa,5016,0.12
Area123 (07) troll 134 384,,Soos_H,5020,0.36,S_Prairie_Cr,5020,0.20,Clear_Cr_H,5020,0.14,Bear_Cr_SuFa,5020,0.11,Samish_H,5016,0.03
Area123 (07) troll 134 385,,Samish_H,5016,0.40,George_Adams_H,5005,0.09,Hanford_Reach,5026,0.05,Bear_Cr_SuFa,5020,0.05,Hamma_Hamma_R,5005,0.05
Area123 (07) troll 134 386,,L_Skagit_R_Fa,5016,0.69,Bear_Cr_SuFa,5020,0.11,Soos_H,5020,0.08,Cedar_R_SuFa,5020,0.05,NF_Skokomish_F,5005,0.03
Area123 (07) troll 134 387,,Grovers_Cr_H,5020,0.88,NF_Skokomish_F,5005,0.06,George_Adams_H,5005,0.03,White_H,5020,0.03,Clear_Cr_H,5020,0.00
Area123 (07) troll 134 388,,Cowlitz_H_fa,5008,0.89,Washougal_R_Fa,5008,0.06,Abernathy_NFH_F,5008,0.03,Abernathy_Cr_Fa,5008,0.01,Elochoman_R_Fa,5008,0.01
Area123 (07) troll 134 389,,Bear_Cr_SuFa,5020,0.68,Cedar_R_SuFa,5020,0.15,George_Adams_H,5005,0.05,Grovers_Cr_H,5020,0.03,Clear_Cr_H,5020,0.03
Area123 (07) troll 134 390,,Hanford_Reach,5026,0.78,Methow_R,5026,0.17,Umatilla_H,5026,0.03,Umatilla_H_Fa,5026,0.00,L_Wh_Sal_H_SF,5026,0.00
Area123 (07) troll 134 391,,Abernathy_NFH_F,5008,0.74,Spring_Cr_col,5030,0.15,Elochoman_H,5030,0.10,Big_Cr_H_Col,5030,0.00,Elochoman_R_Fa,5008,0.00
Area123 (07) troll 134 392,,Hamma_Hamma_R,5005,0.36,George_Adams_H,5005,0.29,Clear_Cr_H,5020,0.09,Cedar_R_SuFa,5020,0.07,S_Prairie_Cr,5020,0.07
Area123 (07) troll 134 393,,Grovers_Cr_H,5020,0.98,George_Adams_H,5005,0.01,S_Prairie_Cr,5020,0.00,Bear_Cr_SuFa,5020,0.00,L_Skagit_R_Fa,5016,0.00
Area123 (07) troll 134 394,,NF_Skokomish_F,5005,0.59,Bear_Cr_SuFa,5020,0.12,George_Adams_H,5005,0.12,L_Skagit_R_Fa,5016,0.06,Samish_H,5016,0.05
Area123 (07) troll 134 395,,Soos_H,5020,0.28,Clear_Cr_H,5020,0.18,Bear_Cr_SuFa,5020,0.13,Grovers_Cr_H,5020,0.13,George_Adams_H,5005,0.11
Area123 (07) troll 134 396,,Bear_Cr_SuFa,5020,0.38,Soos_H,5020,0.25,L_Skagit_R_Fa,5016,0.15,NF_Skokomish_F,5005,0.05,Clear_Cr_H,5020,0.05
Area123 (07) troll 134 397,,NF_Skokomish_F,5005,0.42,Hamma_Hamma_R,5005,0.13,Elochoman_H,5030,0.08,Clear_Cr_H,5020,0.07,Cedar_R_SuFa,5020,0.06
Area123 (07) troll 137 398,,Harrison,3,0.37,Chilliwack_F,3,0.34,L_Skagit_R_Fa,5016,0.17,Hanford_Reach,5026,0.04,Methow_R,5026,0.03
Area123 (07) troll 137 399,,Hamma_Hamma_R,5005,0.21,Clear_Cr_H,5020,0.17,Grovers_Cr_H,5020,0.15,Samish_H,5016,0.14,George_Adams_H,5005,0.12
Area123 (07) troll 137 400,,Skagit_R,5016,0.87,U_Sauk_R_SpSu,5016,0.11,NF_Nooksack_H,5016,0.01,U_Skagit_R,5016,0.01,L_Skagit_R_Fa,5016,0.00
Area123 (07) troll 137 401,,Lyons_Ferry_H,5021,0.95,Hanford_Reach,5026,0.04,Nez_PerceT_H,5021,0.01,L_Wh_Sal_H_SF,5026,0.00,Priest_Rapid_H,5026,0.00
Area123 (07) troll 137 402,,Bear_Cr_SuFa,5020,0.77,Cedar_R_SuFa,5020,0.18,George_Adams_H,5005,0.04,Soos_H,5020,0.00,Hamma_Hamma_R,5005,0.00
Area123 (07) troll 137 403,,L_Skagit_R_Fa,5016,0.29,Soos_H,5020,0.21,Samish_H,5016,0.10,Harrison,3,0.07,NF_Skokomish_F,5005,0.07
Area123 (07) troll 137 404,,Spring_Cr_col,5030,0.66,Cowlitz_H_fa,5008,0.23,Abernathy_NFH_F,5008,0.06,Elochoman_H,5030,0.02,Abernathy_Cr_Fa,5008,0.01
Area123 (07) troll 137 405,,McKenzie_H,5029,0.53,N_Santiam_H,5029,0.47,,,,,,,,,
Area123 (07) troll 137 406,,Cowlitz_H_fa,5008,0.53,Sandy_R,5008,0.34,Cowlitz_H_sp,5009,0.03,Washougal_R_Fa,5008,0.03,Lewis_R_Su,5008,0.03
Area123 (07) troll 137 407,,Chilliwack_F,3,0.99,Harrison,3,0.01,,,,,,,,,
Area123 (07) troll 137 408,,Harrison,3,0.81,Chilliwack_F,3,0.18,Skagit_R,5016,0.00,Chilliwac@Stav,3,0.00,Marblemount_Hsu,5016,0.00
Area123 (07) troll 137 409,,Harrison,3,1.00,Coos_H,5011,0.00,Millicoma_R,5011,0.00,,,,,,
Area123 (07) troll 137 410,,Grovers_Cr_H,5020,0.63,Soos_H,5020,0.32,George_Adams_H,5005,0.02,NF_Skokomish_F,5005,0.01,Clear_Cr_H,5020,0.01
Area123 (07) troll 137 411,,Harrison,3,0.99,L_Skagit_R_Fa,5016,0.01,Chilliwack_F,3,0.00,Soos_H,5020,0.00,Hamma_Hamma_R,5005,0.00
Area123 (07) troll 137 412,,Soos_H,5020,0.35,Clear_Cr_H,5020,0.16,Grovers_Cr_H,5020,0.13,Cedar_R_SuFa,5020,0.10,Bear_Cr_SuFa,5020,0.09
Area123 (07) troll 137 413,,Washougal_R_Fa,5008,0.97,Cowlitz_H_fa,5008,0.02,Lewis_R_Su,5008,0.01,Abernathy_NFH_F,5008,0.00,Hanford_Reach,5026,0.00
Area123 (07) troll 137 414,,Umpqua_H,5011,0.60,Skagit_R,5016,0.13,Applegate_Cr,5019,0.06,Washougal_R_Fa,5008,0.05,Chilliwack_F,3,0.03
Area123 (07) troll 137 415,,Samish_H,5016,0.25,George_Adams_H,5005,0.19,Clear_Cr_H,5020,0.18,Hamma_Hamma_R,5005,0.17,Bear_Cr_SuFa,5020,0.12
Area123 (07) troll 137 416,,Samish_H,5016,0.88,L_Skagit_R_Fa,5016,0.06,Cedar_R_SuFa,5020,0.03,Bear_Cr_SuFa,5020,0.01,Umpqua_H,5011,0.01
Area123 (07) troll 137 417,,Hanford_Reach,5026,0.95,Lyons_Ferry_H,5021,0.04,Priest_Rapid_H,5026,0.01,Methow_R,5026,0.00,Umatilla_H,5026,0.00
Area123 (07) troll 137 418,,George_Adams_H,5005,0.17,Cedar_R_SuFa,5020,0.15,NF_Skokomish_F,5005,0.14,Soos_H,5020,0.12,Hamma_Hamma_R,5005,0.11
Area123 (07) troll 137 419,,Spring_Cr_col,5030,0.96,Abernathy_NFH_F,5008,0.03,Elochoman_H,5030,0.00,Elochoman_R_Fa,5008,0.00,Washougal_R_Fa,5008,0.00
Area123 (07) troll 137 420,,Cowichan,7,0.45,NF_Skokomish_F,5005,0.31,George_Adams_H,5005,0.10,Hamma_Hamma_R,5005,0.05,Cedar_R_SuFa,5020,0.03
Area123 (07) troll 137 421,,Hanford_Reach,5026,0.76,Lyons_Ferry_H,5021,0.22,Nez_PerceT_H,5021,0.02,Umatilla_H,5026,0.00,Methow_R,5026,0.00
Area123 (07) troll 137 422,,Bear_Cr_SuFa,5020,0.56,Clear_Cr_H,5020,0.15,Hamma_Hamma_R,5005,0.11,Soos_H,5020,0.09,George_Adams_H,5005,0.03
Area123 (07) troll 137 423,,Harrison,3,0.98,Snoqualmie_R,5016,0.01,Clearwater,4,0.01,Cheakamus_Su,9,0.00,L_Skagit_R_Fa,5016,0.00
Area123 (07) troll 137 424,,Soos_H,5020,0.64,Cedar_R_SuFa,5020,0.17,Samish_H,5016,0.06,L_Skagit_R_Fa,5016,0.06,Clear_Cr_H,5020,0.04
Area123 (07) troll 137 425,,Clearwater,4,0.99,Skagit_R,5016,0.01,,,,,,,,,
Area123 (07) troll 137 426,,Chilliwack_F,3,0.86,Harrison,3,0.14,Bear_Cr_SuFa,5020,0.00,,,,,,
Area123 (07) troll 137 427,,Bear_Cr_SuFa,5020,0.66,Clear_Cr_H,5020,0.11,Cedar_R_SuFa,5020,0.07,L_Skagit_R_Fa,5016,0.07,Soos_H,5020,0.05
Area123 (07) troll 137 428,,Bear_Cr_SuFa,5020,0.46,Soos_H,5020,0.36,Cedar_R_SuFa,5020,0.08,Voights_H,5020,0.04,Samish_H,5016,0.03
Area123 (07) troll 138 429,,Harrison,3,1.00,L_Skagit_R_Fa,5016,0.00,Chilliwack_F,3,0.00,Little_R,5,0.00,Chilliwac@Stav,3,0.00
Area123 (07) troll 138 430,,Cowlitz_H_fa,5008,0.98,Lewis_R_Su,5008,0.01,Washougal_R_Fa,5008,0.01,Green_R_Fa,5008,0.00,Cowlitz_H_sp,5009,0.00
Area123 (07) troll 138 431,,Lewis_R_Su,5008,0.31,Sandy_R,5008,0.25,Cowlitz_H_fa,5008,0.16,Elochoman_R_Fa,5008,0.12,S_Umpqua_H,5011,0.04
Area123 (07) troll 138 432,,Cedar_R_SuFa,5020,0.61,NF_Skokomish_F,5005,0.13,Clear_Cr_H,5020,0.07,Hamma_Hamma_R,5005,0.07,Samish_H,5016,0.06
Area123 (07) troll 138 433,,Harrison,3,0.68,Chilliwack_F,3,0.32,U_Sauk_R_SpSu,5016,0.00,,,,,,
Area123 (07) troll 138 434,,NF_Nooksack_H,5016,0.99,L_Skagit_R_Fa,5016,0.00,S_Prairie_Cr,5020,0.00,Snoqualmie_R,5016,0.00,U_Sauk_R_SpSu,5016,0.00
Area123 (07) troll 138 435,,Chilliwack_F,3,0.73,Harrison,3,0.07,Lyons_Ferry_H,5021,0.05,Skagit_R,5016,0.04,Hanford_Reach,5026,0.04
Area123 (07) troll 138 436,,Harrison,3,0.88,Skagit_R,5016,0.04,Millicoma_R,5011,0.03,L_Skagit_R_Fa,5016,0.02,Sol_Duc_H,5028,0.01
Area123 (07) troll 138 437,,Hanford_Reach,5026,0.37,Grovers_Cr_H,5020,0.17,Clear_Cr_H,5020,0.10,Cedar_R_SuFa,5020,0.09,George_Adams_H,5005,0.08
Area123 (07) troll 138 438,,Hamma_Hamma_R,5005,0.55,George_Adams_H,5005,0.26,Clear_Cr_H,5020,0.05,Skagit_R,5016,0.05,Samish_H,5016,0.04
Area123 (07) troll 138 439,,Hanford_Reach,5026,0.55,Umatilla_H,5026,0.35,Lyons_Ferry_H,5021,0.05,Skagit_R,5016,0.04,Methow_R,5026,0.00
Area123 (07) troll 138 440,,Hanford_Reach,5026,0.75,Methow_R,5026,0.16,Umatilla_H,5026,0.05,Wells_H,5026,0.01,Washougal_R_Fa,5008,0.01
Area123 (07) troll 138 441,,Bear_Cr_SuFa,5020,0.28,S_Prairie_Cr,5020,0.25,Soos_H,5020,0.23,George_Adams_H,5005,0.08,Clear_Cr_H,5020,0.07
Area123 (07) troll 138 442,,Cedar_R_SuFa,5020,0.67,Bear_Cr_SuFa,5020,0.29,Soos_H,5020,0.03,George_Adams_H,5005,0.00,Hamma_Hamma_R,5005,0.00
Area123 (07) troll 138 443,,Cedar_R_SuFa,5020,0.33,George_Adams_H,5005,0.23,Soos_H,5020,0.14,Samish_H,5016,0.13,Clear_Cr_H,5020,0.08
Area123 (07) troll 138 444,,Clear_Cr_H,5020,0.32,Samish_H,5016,0.22,Bear_Cr_SuFa,5020,0.18,George_Adams_H,5005,0.12,Soos_H,5020,0.08
Area123 (07) troll 138 445,,Spring_Cr_col,5030,0.95,Washougal_R_Fa,5008,0.04,Abernathy_NFH_F,5008,0.01,Elochoman_H,5030,0.00,Cowlitz_H_fa,5008,0.00
Area123 (07) troll 138 446,,Soos_H,5020,0.79,Clear_Cr_H,5020,0.10,Grovers_Cr_H,5020,0.03,S_Prairie_Cr,5020,0.02,Bear_Cr_SuFa,5020,0.02
Area123 (07) troll 138 447,,NF_Skokomish_F,5005,0.46,Clear_Cr_H,5020,0.17,Grovers_Cr_H,5020,0.17,Cedar_R_SuFa,5020,0.11,S_Prairie_Cr,5020,0.05
Area123 (07) troll 138 448,,George_Adams_H,5005,0.31,Bear_Cr_SuFa,5020,0.23,Soos_H,5020,0.11,Cedar_R_SuFa,5020,0.10,Clear_Cr_H,5020,0.07
Area123 (07) troll 138 449,,Samish_H,5016,0.34,Bear_Cr_SuFa,5020,0.15,George_Adams_H,5005,0.14,S_Prairie_Cr,5020,0.12,White_H,5020,0.07
Area123 (07) troll 138 450,,Clear_Cr_H,5020,0.35,Soos_H,5020,0.23,Grovers_Cr_H,5020,0.12,George_Adams_H,5005,0.09,Cedar_R_SuFa,5020,0.06
Area123 (07) troll 138 451,,Harrison,3,0.31,L_Skagit_R_Fa,5016,0.15,Bear_Cr_SuFa,5020,0.12,George_Adams_H,5005,0.09,Soos_H,5020,0.08
Area123 (07) troll 138 452,,Skagit_R,5016,0.62,Harrison,3,0.16,Samish_H,5016,0.12,L_Skagit_R_Fa,5016,0.03,Grovers_Cr_H,5020,0.02
Area123 (07) troll 138 453,,Methow_R,5026,0.48,Hanford_Reach,5026,0.44,Umatilla_H,5026,0.07,Lyons_Ferry_H,5021,0.00,Wenatchee_R_SF,5026,0.00
Area123 (07) troll 138 454,,Soos_H,5020,0.78,L_Skagit_R_Fa,5016,0.06,Cedar_R_SuFa,5020,0.04,Hamma_Hamma_R,5005,0.03,Samish_H,5016,0.03
Area123 (07) troll 138 455,,Clear_Cr_H,5020,0.48,George_Adams_H,5005,0.17,Bear_Cr_SuFa,5020,0.11,Grovers_Cr_H,5020,0.10,Cedar_R_SuFa,5020,0.06
Area123 (07) troll 138 456,,NF_Nooksack_H,5016,1.00,Soos_H,5020,0.00,Skagit_R,5016,0.00,,,,,,
Area123 (07) troll 138 457,,Harrison,3,0.70,Chilliwack_F,3,0.28,Skagit_R,5016,0.01,NF_Nooksack_H,5016,0.00,L_Skagit_R_Fa,5016,0.00
Area123 (07) troll 138 458,,Bear_Cr_SuFa,5020,0.29,Clear_Cr_H,5020,0.26,George_Adams_H,5005,0.18,NF_Skokomish_F,5005,0.08,White_H,5020,0.04
Area123 (07) troll 138 459,,Bear_Cr_SuFa,5020,0.48,Soos_H,5020,0.26,Cedar_R_SuFa,5020,0.05,S_Prairie_Cr,5020,0.05,Samish_H,5016,0.04
Area123 (07) troll 138 460,,Hanford_Reach,5026,0.83,Methow_R,5026,0.10,Lyons_Ferry_H,5021,0.04,Umatilla_H,5026,0.02,Wells_H,5026,0.00
Area123 (07) troll 138 461,,L_Skagit_R_Fa,5016,0.39,S_Prairie_Cr,5020,0.14,Puntledge_BackX,7,0.13,George_Adams_H,5005,0.06,Soos_H,5020,0.06
Area123 (07) troll 138 462,,Chilliwack_F,3,0.85,Harrison,3,0.15,,,,,,,,,
Area123 (07) troll 138 463,,Harrison,3,0.99,Chilliwack_F,3,0.01,L_Skagit_R_Fa,5016,0.00,U_Sauk_R_SpSu,5016,0.00,Hanford_Reach,5026,0.00
Area123 (07) troll 138 464,,Cedar_R_SuFa,5020,0.33,Bear_Cr_SuFa,5020,0.33,Samish_H,5016,0.14,Clear_Cr_H,5020,0.14,Soos_H,5020,0.02
Area123 (07) troll 142 465,,Cowlitz_H_fa,5008,0.64,Lewis_R_Su,5008,0.17,Sandy_R,5008,0.10,Elochoman_R_Fa,5008,0.04,Elochoman_H,5030,0.01
Area123 (07) troll 142 466,,Cowlitz_H_fa,5008,0.85,Elochoman_H,5030,0.08,Washougal_R_Fa,5008,0.04,Abernathy_NFH_F,5008,0.01,Cowlitz_H_sp,5009,0.01
Area123 (07) troll 142 467,,McKenzie_H,5029,0.51,N_Santiam_H,5029,0.49,Washougal_R_Fa,5008,0.00,,,,,,
Area123 (07) troll 142 468,,Cowlitz_H_fa,5008,0.38,Lewis_R_Su,5008,0.15,Elochoman_H,5030,0.13,Washougal_R_Fa,5008,0.09,Sandy_R,5008,0.09
Area123 (07) troll 142 469,,Cowlitz_H_fa,5008,0.46,Washougal_R_Fa,5008,0.30,Cowlitz_H_sp,5009,0.12,Abernathy_NFH_F,5008,0.03,Lewis_R_Su,5008,0.02
Area123 (07) troll 142 470,,Hanford_Reach,5026,0.97,ClearwaterRFa,5021,0.01,Umatilla_H,5026,0.01,Umatilla_H_Fa,5026,0.00,Priest_Rapid_H,5026,0.00
Area123 (07) troll 142 483,,Harrison,3,0.92,Chilliwack_F,3,0.08,Skagit_R,5016,0.00,Capilano,9,0.00,NF_Skokomish_F,5005,0.00
Area123 (07) troll 142 484,,Harrison,3,0.65,Chilliwack_F,3,0.35,L_Skagit_R_Fa,5016,0.00,Skagit_R,5016,0.00,,,
Area123 (07) troll 142 485,,Harrison,3,0.99,L_Skagit_R_Fa,5016,0.01,Samish_H,5016,0.00,Chilliwack_F,3,0.00,Bear_Cr_SuFa,5020,0.00
Area123 (07) troll 142 486,,Harrison,3,1.00,Chilliwack_F,3,0.00,Chilliwac@Stav,3,0.00,,,,,,
Area123 (07) troll 142 487,,Harrison,3,0.98,Chilliwack_F,3,0.02,Chilliwac@Stav,3,0.00,NF_Nooksack_H,5016,0.00,U_Sauk_R_SpSu,5016,0.00
Area123 (07) troll 142 488,,Harrison,3,0.99,L_Skagit_R_Fa,5016,0.01,Skagit_R,5016,0.00,Chilliwack_F,3,0.00,S_Prairie_Cr,5020,0.00
Area123 (07) troll 142 489,,Soos_H,5020,0.73,Bear_Cr_SuFa,5020,0.15,Clear_Cr_H,5020,0.06,Cedar_R_SuFa,5020,0.05,Hamma_Hamma_R,5005,0.01
Area123 (07) troll 142 490,,Hamma_Hamma_R,5005,0.53,Bear_Cr_SuFa,5020,0.19,Soos_H,5020,0.12,Cedar_R_SuFa,5020,0.05,Grovers_Cr_H,5020,0.05
Area123 (07) troll 142 491,,Soos_H,5020,0.29,NF_Skokomish_F,5005,0.24,Bear_Cr_SuFa,5020,0.15,Samish_H,5016,0.13,Clear_Cr_H,5020,0.05
Area123 (07) troll 142 492,,Soos_H,5020,0.30,Cedar_R_SuFa,5020,0.20,S_Prairie_Cr,5020,0.14,Clear_Cr_H,5020,0.11,L_Skagit_R_Fa,5016,0.09
Area123 (07) troll 143 493,,Harrison,3,0.72,Bear_Cr_SuFa,5020,0.21,NF_Nooksack_H,5016,0.03,Chilliwack_F,3,0.01,Soos_H,5020,0.01
Area123 (07) troll 143 494,,Hanford_Reach,5026,0.79,Harrison,3,0.09,Soos_H,5020,0.03,Methow_R,5026,0.02,L_Wh_Sal_H_SF,5026,0.02
Area123 (07) troll 143 495,,Harrison,3,0.65,L_Skagit_R_Fa,5016,0.21,Cowichan,7,0.06,Voights_H,5020,0.04,Skagit_R,5016,0.01
Area123 (07) troll 143 496,,Harrison,3,0.93,Chilliwack_F,3,0.06,Skagit_R,5016,0.00,Stuart,2,0.00,George_Adams_H,5005,0.00
Area123 (07) troll 143 497,,Elochoman_H,5030,0.21,Sandy_R,5008,0.21,Washougal_R_Fa,5008,0.20,Spring_Cr_col,5030,0.16,Lewis_R_Su,5008,0.07
Area123 (07) troll 143 498,,Harrison,3,0.92,Chilliwack_F,3,0.07,Marblemount_Hsu,5016,0.01,Skagit_R,5016,0.00,S_Prairie_Cr,5020,0.00
Area123 (07) troll 143 499,,Grovers_Cr_H,5020,0.32,George_Adams_H,5005,0.25,S_Prairie_Cr,5020,0.11,Bear_Cr_SuFa,5020,0.09,NF_Skokomish_F,5005,0.07
Area123 (07) troll 143 500,,George_Adams_H,5005,0.25,Bear_Cr_SuFa,5020,0.22,Samish_H,5016,0.16,Clear_Cr_H,5020,0.10,Cedar_R_SuFa,5020,0.10
Area123 (07) troll 143 501,,Bear_Cr_SuFa,5020,0.63,NF_Skokomish_F,5005,0.09,Cedar_R_SuFa,5020,0.08,Voights_H,5020,0.06,Clear_Cr_H,5020,0.06
Area123 (07) troll 143 502,,Bear_Cr_SuFa,5020,0.56,Cedar_R_SuFa,5020,0.41,George_Adams_H,5005,0.01,L_Skagit_R_Fa,5016,0.01,Puntledge_BackX,7,0.00
Area123 (07) troll 143 503,,Harrison,3,0.87,Chilliwack_F,3,0.13,,,,,,,,,
Area123 (07) troll 143 504,,Chilliwack_F,3,0.86,Harrison,3,0.14,L_Skagit_R_Fa,5016,0.00,U_Sauk_R_SpSu,5016,0.00,Chilliwac@Stav,3,0.00
Area123 (07) troll 143 505,,George_Adams_H,5005,0.69,Hamma_Hamma_R,5005,0.13,Clear_Cr_H,5020,0.04,Soos_H,5020,0.04,Bear_Cr_SuFa,5020,0.04
Area123 (07) troll 143 506,,Skagit_R,5016,0.86,Grovers_Cr_H,5020,0.03,Harrison,3,0.03,Soos_H,5020,0.01,Snoqualmie_R,5016,0.01
Area123 (07) troll 143 507,,Soos_H,5020,0.94,Voights_H,5020,0.02,Clear_Cr_H,5020,0.02,S_Prairie_Cr,5020,0.01,George_Adams_H,5005,0.00
Area123 (07) troll 143 508,,Grovers_Cr_H,5020,0.24,S_Prairie_Cr,5020,0.22,George_Adams_H,5005,0.15,Soos_H,5020,0.11,Bear_Cr_SuFa,5020,0.09
Area123 (07) troll 143 509,,Harrison,3,0.89,Chilliwack_F,3,0.10,Umatilla_H,5026,0.00,Cowlitz_H_fa,5008,0.00,Hanford_Reach,5026,0.00
Area123 (07) troll 143 510,,Soos_H,5020,0.67,Bear_Cr_SuFa,5020,0.24,Clear_Cr_H,5020,0.03,S_Prairie_Cr,5020,0.02,Cedar_R_SuFa,5020,0.01
Area123 (07) troll 143 511,,Samish_H,5016,0.30,Bear_Cr_SuFa,5020,0.29,Soos_H,5020,0.21,S_Prairie_Cr,5020,0.07,Voights_H,5020,0.06
Area123 (07) troll 143 512,,Chilliwack_F,3,0.99,Harrison,3,0.00,Horsefly,2,0.00,L_Skagit_R_Fa,5016,0.00,U_Cariboo,2,0.00
Area123 (07) troll 143 513,,Skagit_R,5016,0.92,Cedar_R_SuFa,5020,0.03,Soos_H,5020,0.01,U_Skagit_R,5016,0.01,Bear_Cr_SuFa,5020,0.01
Area123 (07) troll 143 514,Dupe with 501,Soos_H,5020,0.46,Cedar_R_SuFa,5020,0.24,Grovers_Cr_H,5020,0.08,George_Adams_H,5005,0.07,Bear_Cr_SuFa,5020,0.06
Area123 (07) troll 143 515,Dupe with 500,Soos_H,5020,0.47,Cedar_R_SuFa,5020,0.24,Grovers_Cr_H,5020,0.08,George_Adams_H,5005,0.06,Bear_Cr_SuFa,5020,0.06
Area123 (07) troll 143 516,,Harrison,3,0.80,Elochoman_R_Fa,5008,0.04,Hanford_Reach,5026,0.03,Coos_H,5011,0.03,Cowlitz_H_fa,5008,0.03
Area123 (07) troll 143 517,,NF_Skokomish_F,5005,0.49,George_Adams_H,5005,0.23,Soos_H,5020,0.04,Millicoma_R,5011,0.03,Samish_H,5016,0.03
Area123 (07) troll 146 518,,Cowlitz_H_fa,5008,0.93,Abernathy_NFH_F,5008,0.05,Elochoman_H,5030,0.01,Abernathy_Cr_Fa,5008,0.00,Green_R_Fa,5008,0.00
Area123 (07) troll 146 519,,Harrison,3,0.93,L_Skagit_R_Fa,5016,0.03,Bear_Cr_SuFa,5020,0.02,Voights_H,5020,0.01,Cedar_R_SuFa,5020,0.00
Area123 (07) troll 146 520,,Clearwater,4,0.91,Skagit_R,5016,0.03,Bridge,2,0.03,L_Skagit_R_Fa,5016,0.01,Endako,2,0.00
Area123 (07) troll 146 521,,Bear_Cr_SuFa,5020,0.40,Samish_H,5016,0.28,Cedar_R_SuFa,5020,0.12,Soos_H,5020,0.09,S_Prairie_Cr,5020,0.04
Area123 (07) troll 146 522,,N_Santiam_H,5029,0.46,Lyons_Ferry_H,5021,0.22,Hanford_Reach,5026,0.22,McKenzie_H,5029,0.04,Skagit_R,5016,0.02
Area123 (07) troll 146 523,,NF_Skokomish_F,5005,0.72,George_Adams_H,5005,0.14,Clear_Cr_H,5020,0.06,Hamma_Hamma_R,5005,0.05,Cedar_R_SuFa,5020,0.02
Area123 (07) troll 146 524,,Bear_Cr_SuFa,5020,0.34,Soos_H,5020,0.23,NF_Skokomish_F,5005,0.16,Samish_H,5016,0.11,Cedar_R_SuFa,5020,0.05
Area123 (07) troll 146 525,,Cowlitz_H_fa,5008,0.43,Cowlitz_H_sp,5009,0.36,Abernathy_NFH_F,5008,0.11,Elochoman_H,5030,0.07,Spring_Cr_col,5030,0.01
Area123 (07) troll 146 526,,Harrison,3,0.99,Chilliwack_F,3,0.00,Skagit_R,5016,0.00,L_Skagit_R_Fa,5016,0.00,Soos_H,5020,0.00
Area123 (07) troll 146 527,,Cowlitz_H_fa,5008,0.93,Washougal_R_Fa,5008,0.05,Lewis_R_Su,5008,0.00,Elochoman_H,5030,0.00,Abernathy_NFH_F,5008,0.00
Area123 (07) troll 146 528,,Harrison,3,0.74,Chilliwack_F,3,0.26,,,,,,,,,
Area123 (07) troll 146 529,,George_Adams_H,5005,0.31,White_H,5020,0.29,Soos_H,5020,0.12,NF_Skokomish_F,5005,0.11,Hamma_Hamma_R,5005,0.08
Area123 (07) troll 146 530,,Spring_Cr_col,5030,0.92,Abernathy_NFH_F,5008,0.06,Cowlitz_H_fa,5008,0.01,Abernathy_Cr_Fa,5008,0.00,Washougal_R_Fa,5008,0.00
Area123 (07) troll 146 531,,White_H,5020,0.95,Grovers_Cr_H,5020,0.03,Hupp_Sp_H,5020,0.01,S_Prairie_Cr,5020,0.01,George_Adams_H,5005,0.00
Area123 (07) troll 146 532,,Cowlitz_H_fa,5008,0.56,Lewis_R_Su,5008,0.27,Cowlitz_H_sp,5009,0.14,Samish_H,5016,0.01,Hanford_Reach,5026,0.00
Area123 (07) troll 146 533,,Soos_H,5020,0.86,Voights_H,5020,0.07,Bear_Cr_SuFa,5020,0.03,Hamma_Hamma_R,5005,0.02,Clear_Cr_H,5020,0.01
Area123 (07) troll 146 534,,Spring_Cr_col,5030,0.73,Abernathy_NFH_F,5008,0.24,Elochoman_H,5030,0.02,Cowlitz_H_fa,5008,0.01,Abernathy_Cr_Fa,5008,0.00
Area123 (07) troll 146 535,,George_Adams_H,5005,0.51,Soos_H,5020,0.11,Hamma_Hamma_R,5005,0.11,Grovers_Cr_H,5020,0.10,Clear_Cr_H,5020,0.08
Area123 (07) troll 146 536,,Soos_H,5020,0.45,Bear_Cr_SuFa,5020,0.22,Grovers_Cr_H,5020,0.09,George_Adams_H,5005,0.07,Cedar_R_SuFa,5020,0.05
Area123 (07) troll 146 537,,White_H,5020,0.58,Bear_Cr_SuFa,5020,0.25,Cedar_R_SuFa,5020,0.06,George_Adams_H,5005,0.04,Soos_H,5020,0.02
Area123 (07) troll 146 538,,George_Adams_H,5005,0.28,Clear_Cr_H,5020,0.18,Soos_H,5020,0.16,NF_Skokomish_F,5005,0.13,Samish_H,5016,0.07
Area123 (07) troll 146 539,,Grovers_Cr_H,5020,0.99,Bear_Cr_SuFa,5020,0.00,Cedar_R_SuFa,5020,0.00,NF_Skokomish_F,5005,0.00,George_Adams_H,5005,0.00
Area123 (07) troll 146 540,,Bear_Cr_SuFa,5020,0.39,L_Skagit_R_Fa,5016,0.25,Soos_H,5020,0.16,Samish_H,5016,0.12,Grovers_Cr_H,5020,0.05
Area123 (07) troll 148 541,,Harrison,3,0.96,Chilliwack_F,3,0.03,Chilliwac@Stav,3,0.01,Skagit_R,5016,0.00,Umatilla_H,5026,0.00
Area123 (07) troll 148 542,,S_Prairie_Cr,5020,0.42,George_Adams_H,5005,0.16,NF_Skokomish_F,5005,0.10,Clear_Cr_H,5020,0.07,Hamma_Hamma_R,5005,0.07
Area123 (07) troll 148 543,,Harrison,3,0.98,Chilliwack_F,3,0.02,NF_Skokomish_F,5005,0.00,Hamma_Hamma_R,5005,0.00,L_Skagit_R_Fa,5016,0.00
Area123 (07) troll 148 544,,Harrison,3,0.62,Chilliwack_F,3,0.34,Cowlitz_H_fa,5008,0.02,Capilano,9,0.01,Bear_Cr_SuFa,5020,0.01
Area123 (07) troll 148 545,,McKenzie_H,5029,0.52,N_Santiam_H,5029,0.48,,,,,,,,,
Area123 (07) troll 148 546,,Cedar_R_SuFa,5020,0.53,Clear_Cr_H,5020,0.32,S_Prairie_Cr,5020,0.05,Soos_H,5020,0.03,L_Skagit_R_Fa,5016,0.02
Area123 (07) troll 148 547,,Samish_H,5016,0.47,Hamma_Hamma_R,5005,0.30,L_Skagit_R_Fa,5016,0.12,Soos_H,5020,0.11,George_Adams_H,5005,0.00
Area123 (07) troll 148 548,,Cowlitz_H_fa,5008,0.24,Elochoman_H,5030,0.23,Lewis_R_Su,5008,0.22,Washougal_R_Fa,5008,0.14,Abernathy_NFH_F,5008,0.12
Area123 (07) troll 148 549,,Samish_H,5016,0.27,Soos_H,5020,0.24,S_Prairie_Cr,5020,0.13,Cedar_R_SuFa,5020,0.12,Clear_Cr_H,5020,0.10
Area123 (07) troll 148 550,,Harrison,3,0.56,Chilliwack_F,3,0.43,L_Skagit_R_Fa,5016,0.01,Hanford_Reach,5026,0.00,Methow_R,5026,0.00
Area123 (07) troll 148 551,,Samish_H,5016,0.39,Hamma_Hamma_R,5005,0.17,George_Adams_H,5005,0.16,NF_Skokomish_F,5005,0.08,Cedar_R_SuFa,5020,0.05
Area123 (07) troll 148 552,,McKenzie_H,5029,0.52,N_Santiam_H,5029,0.48,,,,,,,,,
Area123 (07) troll 148 553,,Bear_Cr_SuFa,5020,0.49,NF_Skokomish_F,5005,0.16,Grovers_Cr_H,5020,0.15,Soos_H,5020,0.09,Cedar_R_SuFa,5020,0.08
Area123 (07) troll 148 554,,Lyons_Ferry_H,5021,0.89,Methow_R,5026,0.07,Nez_PerceT_H,5021,0.02,Hanford_Reach,5026,0.02,U_Deschutes_R,5004,0.00
Area123 (07) troll 148 555,,Hamma_Hamma_R,5005,0.28,Grovers_Cr_H,5020,0.19,Clear_Cr_H,5020,0.14,George_Adams_H,5005,0.13,Bear_Cr_SuFa,5020,0.11
Area123 (07) troll 148 556,,Chilliwack_F,3,1.00,Harrison,3,0.00,,,,,,,,,
Area123 (07) troll 148 557,,Cedar_R_SuFa,5020,0.18,L_Skagit_R_Fa,5016,0.16,Soos_H,5020,0.14,S_Prairie_Cr,5020,0.14,Clear_Cr_H,5020,0.09
Area123 (07) troll 148 558,,Samish_H,5016,0.66,Grovers_Cr_H,5020,0.11,Clear_Cr_H,5020,0.10,George_Adams_H,5005,0.09,Bear_Cr_SuFa,5020,0.03
Area123 (07) troll 148 559,,Bear_Cr_SuFa,5020,0.45,NF_Skokomish_F,5005,0.31,George_Adams_H,5005,0.12,Soos_H,5020,0.04,Clear_Cr_H,5020,0.03
Area123 (07) troll 148 560,,Harrison,3,0.98,L_Skagit_R_Fa,5016,0.01,Chilliwack_F,3,0.00,George_Adams_H,5005,0.00,Grovers_Cr_H,5020,0.00
Area123 (07) troll 148 562,,Hamma_Hamma_R,5005,0.31,Samish_H,5016,0.26,George_Adams_H,5005,0.16,Bear_Cr_SuFa,5020,0.12,Cedar_R_SuFa,5020,0.04
Area123 (07) troll 148 563,,Soos_H,5020,0.43,Bear_Cr_SuFa,5020,0.24,Samish_H,5016,0.14,S_Prairie_Cr,5020,0.06,Cedar_R_SuFa,5020,0.05
Area123 (07) troll 149 564,,Lyons_Ferry_H,5021,1.00,Hanford_Reach,5026,0.00,,,,,,,,,
Area123 (07) troll 149 565,,George_Adams_H,5005,0.38,Clear_Cr_H,5020,0.18,S_Prairie_Cr,5020,0.13,L_Skagit_R_Fa,5016,0.10,Soos_H,5020,0.09
Area123 (07) troll 149 566,,Clear_Cr_H,5020,0.27,Soos_H,5020,0.17,George_Adams_H,5005,0.16,Hamma_Hamma_R,5005,0.13,S_Prairie_Cr,5020,0.08
Area123 (07) troll 149 567,,Grovers_Cr_H,5020,0.36,NF_Skokomish_F,5005,0.21,George_Adams_H,5005,0.16,Hamma_Hamma_R,5005,0.13,L_Skagit_R_Fa,5016,0.05
Area123 (07) troll 153 186,,NF_Skokomish_F,5005,0.28,Grovers_Cr_H,5020,0.19,Bear_Cr_SuFa,5020,0.14,Clear_Cr_H,5020,0.12,Soos_H,5020,0.12
Area123 (07) troll 153 187,,Clear_Cr_H,5020,0.27,Soos_H,5020,0.18,Hamma_Hamma_R,5005,0.17,Bear_Cr_SuFa,5020,0.16,L_Skagit_R_Fa,5016,0.09
Area123 (07) troll 153 188,,Soos_H,5020,0.74,George_Adams_H,5005,0.08,Bear_Cr_SuFa,5020,0.05,NF_Skokomish_F,5005,0.05,Hamma_Hamma_R,5005,0.03
Area123 (07) troll 153 189,,Harrison,3,0.95,S_Prairie_Cr,5020,0.01,Chilliwack_F,3,0.01,Voights_H,5020,0.01,Capilano,9,0.01
Area123 (07) troll 153 190,,Sol_Duc_H,5028,0.46,Umpqua_H,5011,0.17,Bear_Cr_SuFa,5020,0.15,Cedar_R_SuFa,5020,0.15,Cowlitz_H_fa,5008,0.03
Area123 (07) troll 153 191,,L_Skagit_R_Fa,5016,0.70,Cowlitz_H_sp,5009,0.18,Skagit_R,5016,0.05,Spring_Cr_col,5030,0.04,Soos_H,5020,0.01
Area123 (07) troll 153 192,,Abernathy_NFH_F,5008,0.60,Lewis_R_Su,5008,0.13,Washougal_R_Fa,5008,0.11,Elochoman_H,5030,0.08,Sandy_R,5008,0.04
Area123 (07) troll 153 193,,McKenzie_H,5029,0.52,N_Santiam_H,5029,0.48,Cowlitz_H_fa,5008,0.00,Hanford_Reach,5026,0.00,,,
Area123 (07) troll 153 194,,Skagit_R,5016,0.91,NF_Skokomish_F,5005,0.05,Soos_H,5020,0.01,Hamma_Hamma_R,5005,0.01,Bear_Cr_SuFa,5020,0.01
Area123 (07) troll 153 195,,Hamma_Hamma_R,5005,0.45,Bear_Cr_SuFa,5020,0.16,George_Adams_H,5005,0.14,Grovers_Cr_H,5020,0.14,Cedar_R_SuFa,5020,0.04
Area123 (07) troll 153 196,,Bear_Cr_SuFa,5020,0.45,Harrison,3,0.31,L_Skagit_R_Fa,5016,0.05,Soos_H,5020,0.04,Skagit_R,5016,0.04
Area123 (07) troll 153 197,,Washougal_R_Fa,5008,0.47,Hanford_Reach,5026,0.09,Cowlitz_H_fa,5008,0.08,Sandy_R,5008,0.06,Lewis_R_Su,5008,0.06
Area123 (07) troll 153 198,,Clear_Cr_H,5020,0.66,NF_Skokomish_F,5005,0.07,S_Prairie_Cr,5020,0.07,Soos_H,5020,0.06,Grovers_Cr_H,5020,0.06
Area123 (07) troll 153 199,,Skagit_R,5016,0.44,Lyons_Ferry_H,5021,0.35,Hanford_Reach,5026,0.13,Wells_H,5026,0.02,Lewis_R_Su,5008,0.01
Area123 (07) troll 153 200,,Bear_Cr_SuFa,5020,0.39,Samish_H,5016,0.20,Soos_H,5020,0.17,George_Adams_H,5005,0.10,L_Skagit_R_Fa,5016,0.03
Area123 (07) troll 153 201,,Soos_H,5020,0.51,Bear_Cr_SuFa,5020,0.21,Hamma_Hamma_R,5005,0.11,Cedar_R_SuFa,5020,0.04,S_Prairie_Cr,5020,0.04
Area123 (07) troll 153 202,,Clear_Cr_H,5020,0.50,George_Adams_H,5005,0.14,Soos_H,5020,0.10,S_Prairie_Cr,5020,0.08,NF_Skokomish_F,5005,0.06
Area123 (07) troll 153 203,,Bear_Cr_SuFa,5020,0.58,NF_Skokomish_F,5005,0.16,S_Prairie_Cr,5020,0.14,Cedar_R_SuFa,5020,0.03,L_Skagit_R_Fa,5016,0.03
Area123 (07) troll 153 204,,Cedar_R_SuFa,5020,0.82,Bear_Cr_SuFa,5020,0.09,Clear_Cr_H,5020,0.04,Voights_H,5020,0.01,Hamma_Hamma_R,5005,0.01
Area123 (07) troll 153 205,,NF_Skokomish_F,5005,0.21,Soos_H,5020,0.20,Hamma_Hamma_R,5005,0.20,Cedar_R_SuFa,5020,0.14,George_Adams_H,5005,0.12
Area123 (07) troll 153 206,,Skagit_R,5016,0.74,Hanford_Reach,5026,0.13,U_Sauk_R_SpSu,5016,0.08,U_Skagit_R,5016,0.02,L_Skagit_R_Fa,5016,0.01
Area123 (07) troll 153 207,,Bear_Cr_SuFa,5020,0.40,Cedar_R_SuFa,5020,0.25,Samish_H,5016,0.18,L_Skagit_R_Fa,5016,0.11,Soos_H,5020,0.02
Area123 (07) troll 153 208,,George_Adams_H,5005,0.55,Hamma_Hamma_R,5005,0.37,Cedar_R_SuFa,5020,0.04,Clear_Cr_H,5020,0.03,NF_Skokomish_F,5005,0.00
Area123 (07) troll 153 209,,NF_Skokomish_F,5005,0.23,Hamma_Hamma_R,5005,0.20,Bear_Cr_SuFa,5020,0.18,Cedar_R_SuFa,5020,0.16,George_Adams_H,5005,0.15
Area123 (07) troll 153 210,,Clear_Cr_H,5020,0.38,Bear_Cr_SuFa,5020,0.20,Samish_H,5016,0.14,George_Adams_H,5005,0.08,Soos_H,5020,0.08
Area123 (07) troll 153 211,,Grovers_Cr_H,5020,0.26,L_Skagit_R_Fa,5016,0.24,Cedar_R_SuFa,5020,0.19,NF_Skokomish_F,5005,0.11,Samish_H,5016,0.06
Area123 (07) troll 153 212,,Bear_Cr_SuFa,5020,0.49,Soos_H,5020,0.21,George_Adams_H,5005,0.09,Clear_Cr_H,5020,0.08,S_Prairie_Cr,5020,0.05
Area123 (07) troll 153 213,,Umpqua_H,5011,0.22,NF_Skokomish_F,5005,0.20,Bear_Cr_SuFa,5020,0.15,Cedar_R_SuFa,5020,0.12,S_Prairie_Cr,5020,0.09
Area123 (07) troll 153 214,,L_Skagit_R_Fa,5016,0.90,Cedar_R_SuFa,5020,0.09,Voights_H,5020,0.00,Skagit_R,5016,0.00,Soos_H,5020,0.00
Area123 (07) troll 153 215,,Skagit_R,5016,0.80,L_Skagit_R_Fa,5016,0.17,Soos_H,5020,0.03,Grovers_Cr_H,5020,0.00,Hamma_Hamma_R,5005,0.00
Area123 (07) troll 153 216,,Harrison,3,0.51,Chilliwack_F,3,0.33,L_Skagit_R_Fa,5016,0.16,Bear_Cr_SuFa,5020,0.01,Sandy_R,5008,0.00
Area123 (07) troll 153 217,,Lyons_Ferry_H,5021,0.84,Hanford_Reach,5026,0.11,ClearwaterRFa,5021,0.02,Umatilla_H,5026,0.01,Wells_H,5026,0.01
Area123 (07) troll 153 218,,Methow_R,5026,0.80,Hanford_Reach,5026,0.19,Wells_H,5026,0.00,Nez_PerceT_H,5021,0.00,Priest_Rapid_H,5026,0.00
Area123 (07) troll 153 219,,Skagit_R,5016,0.64,L_Skagit_R_Fa,5016,0.35,Cowichan,7,0.00,U_Sauk_R_SpSu,5016,0.00,Marblemount_Hsu,5016,0.00
Area123 (07) troll 153 220,,McKenzie_H,5029,0.51,N_Santiam_H,5029,0.48,Hanford_Reach,5026,0.00,Umpqua_H,5011,0.00,Methow_R,5026,0.00
Area123 (07) troll 153 221,,Soos_H,5020,0.39,Grovers_Cr_H,5020,0.22,White_H,5020,0.16,Cedar_R_SuFa,5020,0.06,Bear_Cr_SuFa,5020,0.05
Area123 (07) troll 153 222,,Spring_Cr_col,5030,0.99,Elochoman_H,5030,0.01,Washougal_R_Fa,5008,0.00,Cowlitz_H_fa,5008,0.00,Abernathy_NFH_F,5008,0.00
Area123 (07) troll 153 223,,Hanford_Reach,5026,0.99,Lyons_Ferry_H,5021,0.01,Feather_H_fa,5001,0.00,Umatilla_H_Fa,5026,0.00,Priest_Rapids_H,5026,0.00
Area123 (07) troll 153 224,,Harrison,3,0.96,Skagit_R,5016,0.03,L_Skagit_R_Fa,5016,0.01,Marblemount_Hsu,5016,0.00,Snoqualmie_R,5016,0.00
Area123 (07) troll 153 225,,Cedar_R_SuFa,5020,0.42,George_Adams_H,5005,0.26,Bear_Cr_SuFa,5020,0.12,L_Skagit_R_Fa,5016,0.08,Samish_H,5016,0.06
Area123 (07) troll 153 226,,S_Prairie_Cr,5020,0.26,NF_Skokomish_F,5005,0.16,Clear_Cr_H,5020,0.14,George_Adams_H,5005,0.10,Soos_H,5020,0.08
Area123 (07) troll 153 227,,McKenzie_H,5029,0.52,N_Santiam_H,5029,0.48,,,,,,,,,
Area123 (07) troll 153 228,,Soos_H,5020,0.36,Bear_Cr_SuFa,5020,0.25,Clear_Cr_H,5020,0.17,Cedar_R_SuFa,5020,0.09,Grovers_Cr_H,5020,0.04
Area123 (07) troll 153 229,,Clear_Cr_H,5020,0.34,Samish_H,5016,0.24,Hamma_Hamma_R,5005,0.12,Soos_H,5020,0.10,George_Adams_H,5005,0.09
Area123 (07) troll 153 230,,S_Prairie_Cr,5020,0.31,Soos_H,5020,0.29,Voights_H,5020,0.18,Bear_Cr_SuFa,5020,0.11,Cedar_R_SuFa,5020,0.06
Area123 (07) troll 153 231,,Skagit_R,5016,0.83,L_Skagit_R_Fa,5016,0.10,U_Skagit_R,5016,0.03,Marblemount_Hsu,5016,0.02,Samish_H,5016,0.00
Area123 (07) troll 153 232,,Cedar_R_SuFa,5020,0.81,Bear_Cr_SuFa,5020,0.09,Clear_Cr_H,5020,0.09,Soos_H,5020,0.01,Hamma_Hamma_R,5005,0.00
Area123 (07) troll 153 233,,Soos_H,5020,0.44,Bear_Cr_SuFa,5020,0.40,Samish_H,5016,0.04,Clear_Cr_H,5020,0.04,George_Adams_H,5005,0.03
Area123 (07) troll 153 234,,Bear_Cr_SuFa,5020,0.44,Cedar_R_SuFa,5020,0.30,George_Adams_H,5005,0.07,Soos_H,5020,0.05,Samish_H,5016,0.05
Area123 (07) troll 153 235,,Hamma_Hamma_R,5005,0.61,Cedar_R_SuFa,5020,0.17,Bear_Cr_SuFa,5020,0.14,George_Adams_H,5005,0.04,Clear_Cr_H,5020,0.02
Area123 (07) troll 153 236,,Grovers_Cr_H,5020,0.62,Bear_Cr_SuFa,5020,0.23,Cedar_R_SuFa,5020,0.10,Soos_H,5020,0.02,L_Skagit_R_Fa,5016,0.02
Area123 (07) troll 155 237,,Harrison,3,0.98,Chilliwack_F,3,0.00,U_Deschutes_R,5004,0.00,Hanford_Reach,5026,0.00,Marblemount_Hsu,5016,0.00
Area123 (07) troll 155 238,,Harrison,3,0.80,Chilliwack_F,3,0.20,L_Skagit_R_Fa,5016,0.00,,,,,,
Area123 (07) troll 155 239,,Bear_Cr_SuFa,5020,0.20,George_Adams_H,5005,0.20,Soos_H,5020,0.12,NF_Skokomish_F,5005,0.12,L_Skagit_R_Fa,5016,0.08
Area123 (07) troll 155 240,,Chilliwack_F,3,0.63,Harrison,3,0.37,Chilliwac@Stav,3,0.00,,,,,,
Area123 (07) troll 155 241,,Washougal_R_Fa,5008,0.94,Elochoman_H,5030,0.04,Abernathy_NFH_F,5008,0.01,Elochoman_R_Fa,5008,0.00,Spring_Cr_col,5030,0.00
Area123 (07) troll 155 242,,Coos_H,5011,0.87,Millicoma_R,5011,0.04,Elk_H,5011,0.03,S_Coos_R,5011,0.02,Coquille_R,5011,0.01
Area123 (07) troll 155 243,,Chilliwack_F,3,0.99,Harrison,3,0.01,Spring_Cr_col,5030,0.00,Washougal_R_Fa,5008,0.00,L_Skagit_R_Fa,5016,0.00
Area123 (07) troll 155 244,,L_Skagit_R_Fa,5016,0.58,Skagit_R,5016,0.40,U_Sauk_R_SpSu,5016,0.01,U_Skagit_R,5016,0.01,Snoqualmie_R,5016,0.00
Area123 (07) troll 155 245,,Bear_Cr_SuFa,5020,0.32,Cedar_R_SuFa,5020,0.24,Soos_H,5020,0.19,Clear_Cr_H,5020,0.06,S_Prairie_Cr,5020,0.04
Area123 (07) troll 155 246,,Lyons_Ferry_H,5021,0.38,Feather_H_fa,5001,0.18,Hanford_Reach,5026,0.16,Butte_Cr_f,5001,0.15,L_Skagit_R_Fa,5016,0.02
Area123 (07) troll 155 247,,Grovers_Cr_H,5020,0.96,George_Adams_H,5005,0.03,Cedar_R_SuFa,5020,0.00,Hamma_Hamma_R,5005,0.00,NF_Skokomish_F,5005,0.00
Area123 (07) troll 155 248,,Cowlitz_H_fa,5008,0.92,Elochoman_H,5030,0.03,Abernathy_NFH_F,5008,0.02,Washougal_R_Fa,5008,0.01,Elochoman_R_Fa,5008,0.01
Area123 (07) troll 155 249,,Samish_H,5016,0.27,George_Adams_H,5005,0.18,White_H,5020,0.16,NF_Skokomish_F,5005,0.11,Grovers_Cr_H,5020,0.08
Area123 (07) troll 155 250,,Bear_Cr_SuFa,5020,0.89,L_Skagit_R_Fa,5016,0.03,George_Adams_H,5005,0.02,Soos_H,5020,0.01,Clear_Cr_H,5020,0.01
Area123 (07) troll 155 251,,Cedar_R_SuFa,5020,0.30,Bear_Cr_SuFa,5020,0.27,George_Adams_H,5005,0.24,Soos_H,5020,0.07,NF_Skokomish_F,5005,0.06
Area123 (07) troll 155 252,,Harrison,3,0.60,Chilliwack_F,3,0.39,Chilliwac@Stav,3,0.01,Samish_H,5016,0.00,Atnarko,10,0.00
Area123 (07) troll 155 253,,Harrison,3,0.55,Chilliwack_F,3,0.45,,,,,,,,,
Area123 (07) troll 155 254,,Harrison,3,0.91,Washougal_R_Fa,5008,0.03,Chilliwack_F,3,0.02,Cowlitz_H_fa,5008,0.01,Elochoman_H,5030,0.01
Area123 (07) troll 155 255,,Elk_H,5011,0.48,Skagit_R,5016,0.22,Coos_H,5011,0.12,Washougal_R_Fa,5008,0.05,Umpqua_H,5011,0.04
Area123 (07) troll 155 256,,Harrison,3,0.99,Chilliwac@Stav,3,0.01,Chilliwack_F,3,0.00,,,,,,
Area123 (07) troll 155 257,,Bear_Cr_SuFa,5020,0.46,Clear_Cr_H,5020,0.09,Cedar_R_SuFa,5020,0.09,Voights_H,5020,0.08,George_Adams_H,5005,0.08
Area123 (07) troll 155 258,,Hanford_Reach,5026,0.95,Wells_H,5026,0.04,Methow_R,5026,0.01,Wenatchee_R_SF,5026,0.00,Priest_Rapids_H,5026,0.00
Area123 (07) troll 155 259,,NF_Skokomish_F,5005,0.42,George_Adams_H,5005,0.13,Clear_Cr_H,5020,0.10,Soos_H,5020,0.09,Cedar_R_SuFa,5020,0.05
Area123 (07) troll 155 260,,Clear_Cr_H,5020,0.46,George_Adams_H,5005,0.20,Soos_H,5020,0.12,Hamma_Hamma_R,5005,0.06,Samish_H,5016,0.04
Area123 (07) troll 157 261,,Harrison,3,0.97,Chilliwack_F,3,0.03,Sandy_R,5008,0.00,L_Skagit_R_Fa,5016,0.00,George_Adams_H,5005,0.00
Area123 (07) troll 157 262,,Bowron,1,0.35,Dome,1,0.19,Indianpoint,1,0.11,U_Cariboo,2,0.08,Slim_C,1,0.06
Area123 (07) troll 157 263,,Chilliwack_F,3,0.60,Bowron,1,0.18,Harrison,3,0.15,U_Cariboo,2,0.04,L_Skagit_R_Fa,5016,0.01
Area123 (07) troll 157 264,,Harrison,3,0.49,Skagit_R,5016,0.19,Chilliwack_F,3,0.18,L_Skagit_R_Fa,5016,0.12,U_Sauk_R_SpSu,5016,0.01
Area123 (07) troll 157 265,,Hanford_Reach,5026,0.65,Lyons_Ferry_H,5021,0.31,L_Wh_Sal_H_SF,5026,0.01,Nez_PerceT_H,5021,0.01,Methow_R,5026,0.00
Area123 (07) troll 157 266,,Skagit_R,5016,0.93,L_Skagit_R_Fa,5016,0.03,Bear_Cr_SuFa,5020,0.01,Puntledge_BackX,7,0.01,U_Sauk_R_SpSu,5016,0.00
Area123 (07) troll 157 267,,Hanford_Reach,5026,0.42,Umatilla_H,5026,0.29,Methow_R,5026,0.16,Lyons_Ferry_H,5021,0.09,L_Wh_Sal_H_SF,5026,0.01
Area123 (07) troll 157 268,,Cedar_R_SuFa,5020,0.85,Clear_Cr_H,5020,0.06,S_Prairie_Cr,5020,0.04,Bear_Cr_SuFa,5020,0.04,Samish_H,5016,0.01
Area123 (07) troll 157 269,,Harrison,3,0.93,Clear_Cr_H,5020,0.02,Bear_Cr_SuFa,5020,0.01,George_Adams_H,5005,0.01,Soos_H,5020,0.01
Area123 (07) troll 16 10,,Cedar_R_SuFa,5020,0.38,Bear_Cr_SuFa,5020,0.27,Soos_H,5020,0.21,George_Adams_H,5005,0.05,Clear_Cr_H,5020,0.02
Area123 (07) troll 16 11,,Soos_H,5020,0.39,Hamma_Hamma_R,5005,0.16,Samish_H,5016,0.11,L_Skagit_R_Fa,5016,0.08,Bear_Cr_SuFa,5020,0.07
Area123 (07) troll 16 12,,Cedar_R_SuFa,5020,0.49,Bear_Cr_SuFa,5020,0.28,Soos_H,5020,0.14,Samish_H,5016,0.03,S_Prairie_Cr,5020,0.02
Area123 (07) troll 16 13,,Soos_H,5020,0.51,Bear_Cr_SuFa,5020,0.18,Clear_Cr_H,5020,0.11,S_Prairie_Cr,5020,0.10,NF_Skokomish_F,5005,0.03
Area123 (07) troll 16 14,,Samish_H,5016,0.87,Hamma_Hamma_R,5005,0.06,Clear_Cr_H,5020,0.02,George_Adams_H,5005,0.01,Soos_H,5020,0.01
Area123 (07) troll 16 15,,L_Skagit_R_Fa,5016,0.28,Bear_Cr_SuFa,5020,0.23,George_Adams_H,5005,0.10,NF_Skokomish_F,5005,0.07,Soos_H,5020,0.07
Area123 (07) troll 16 5,,Skagit_R,5016,0.96,L_Skagit_R_Fa,5016,0.01,U_Sauk_R,5016,0.01,U_Sauk_R_SpSu,5016,0.01,Coos_H,5011,0.01
Area123 (07) troll 16 6,,Soos_H,5020,0.66,Bear_Cr_SuFa,5020,0.19,Voights_H,5020,0.04,Cedar_R_SuFa,5020,0.04,Clear_Cr_H,5020,0.03
Area123 (07) troll 16 7,,Cedar_R_SuFa,5020,0.33,Skagit_R,5016,0.12,NF_Skokomish_F,5005,0.08,L_Skagit_R_Fa,5016,0.06,S_Prairie_Cr,5020,0.06
Area123 (07) troll 16 8,,S_Prairie_Cr,5020,0.63,Voights_H,5020,0.21,Cedar_R_SuFa,5020,0.07,Bear_Cr_SuFa,5020,0.02,Clear_Cr_H,5020,0.02
Area123 (07) troll 16 9,,L_Skagit_R_Fa,5016,0.46,Cedar_R_SuFa,5020,0.28,Bear_Cr_SuFa,5020,0.08,Soos_H,5020,0.07,Skagit_R,5016,0.04
Area123 (07) troll 162 270,,Umatilla_H,5026,0.52,Hanford_Reach,5026,0.14,L_Wh_Sal_H_SF,5026,0.12,L_Shuswap,5,0.06,Lyons_Ferry_H,5021,0.04
Area123 (07) troll 162 271,,Skagit_R,5016,0.49,Harrison,3,0.37,Umpqua_H,5011,0.10,Bear_Cr_SuFa,5020,0.01,Chilliwac@Stav,3,0.01
Area123 (07) troll 162 272,,Grovers_Cr_H,5020,0.93,Bear_Cr_SuFa,5020,0.02,George_Adams_H,5005,0.02,Cedar_R_SuFa,5020,0.01,Hamma_Hamma_R,5005,0.01
Area123 (07) troll 162 273,,Spring_Cr_col,5030,1.00,Big_Cr_H_Col,5030,0.00,Abernathy_NFH_F,5008,0.00,,,,,,
Area123 (07) troll 162 274,,Lyons_Ferry_H,5021,0.98,U_Deschutes_R,5004,0.01,Nez_PerceT_H,5021,0.00,Hanford_Reach,5026,0.00,Samish_H,5016,0.00
Area123 (07) troll 162 275,,Bear_Cr_SuFa,5020,0.46,Grovers_Cr_H,5020,0.29,Hamma_Hamma_R,5005,0.10,George_Adams_H,5005,0.04,Soos_H,5020,0.03
Area123 (07) troll 162 276,,George_Adams_H,5005,0.38,Samish_H,5016,0.24,Hamma_Hamma_R,5005,0.15,Grovers_Cr_H,5020,0.08,Bear_Cr_SuFa,5020,0.06
Area123 (07) troll 162 277,,George_Adams_H,5005,0.28,NF_Skokomish_F,5005,0.20,L_Skagit_R_Fa,5016,0.14,Hamma_Hamma_R,5005,0.11,S_Prairie_Cr,5020,0.07
Area123 (07) troll 162 278,,George_Adams_H,5005,0.46,Clear_Cr_H,5020,0.16,Hamma_Hamma_R,5005,0.13,NF_Skokomish_F,5005,0.08,Cedar_R_SuFa,5020,0.07
Area123 (07) troll 162 279,,NF_Skokomish_F,5005,0.74,Bear_Cr_SuFa,5020,0.17,L_Skagit_R_Fa,5016,0.07,George_Adams_H,5005,0.01,Cedar_R_SuFa,5020,0.01
Area123 (07) troll 162 280,,Cedar_R_SuFa,5020,0.37,S_Prairie_Cr,5020,0.34,Bear_Cr_SuFa,5020,0.12,L_Skagit_R_Fa,5016,0.05,NF_Skokomish_F,5005,0.04
Area123 (07) troll 162 281,,Soos_H,5020,0.48,Grovers_Cr_H,5020,0.13,Bear_Cr_SuFa,5020,0.10,George_Adams_H,5005,0.07,Cedar_R_SuFa,5020,0.06
Area123 (07) troll 162 282,,L_Skagit_R_Fa,5016,0.82,Skagit_R,5016,0.18,Snoqualmie_R,5016,0.00,Cedar_R_SuFa,5020,0.00,Samish_H,5016,0.00
Area123 (07) troll 162 283,,Chilliwack_F,3,0.37,NF_Nooksack_H,5016,0.14,L_Skagit_R_Fa,5016,0.14,Harrison,3,0.14,George_Adams_H,5005,0.05
Area123 (07) troll 162 284,,Lyons_Ferry_H,5021,0.81,Hanford_Reach,5026,0.17,Nez_PerceT_H,5021,0.01,Umatilla_H,5026,0.01,Methow_R,5026,0.00
Area123 (07) troll 162 285,,Cowlitz_H_fa,5008,0.37,Washougal_R_Fa,5008,0.26,Hanford_Reach,5026,0.23,Elochoman_H,5030,0.04,Green_R_Fa,5008,0.03
Area123 (07) troll 162 286,,George_Adams_H,5005,0.27,NF_Skokomish_F,5005,0.19,Skagit_R,5016,0.17,Grovers_Cr_H,5020,0.16,Clear_Cr_H,5020,0.11
Area123 (07) troll 162 287,,Puntledge_BackX,7,0.91,Cowichan,7,0.07,Cheakamus_F,9,0.01,Puntledge_F,7,0.01,Cedar_R_SuFa,5020,0.00
Area123 (07) troll 162 288,,Cowlitz_H_fa,5008,0.93,Washougal_R_Fa,5008,0.05,Lewis_R_Su,5008,0.01,Elochoman_R_Fa,5008,0.00,Elochoman_H,5030,0.00
Area123 (07) troll 162 289,,Samish_H,5016,0.41,Bear_Cr_SuFa,5020,0.31,George_Adams_H,5005,0.11,Cedar_R_SuFa,5020,0.10,NF_Skokomish_F,5005,0.07
Area123 (07) troll 162 290,,Cedar_R_SuFa,5020,0.31,Clear_Cr_H,5020,0.25,S_Prairie_Cr,5020,0.17,Soos_H,5020,0.08,Bear_Cr_SuFa,5020,0.07
Area123 (07) troll 162 291,,Cedar_R_SuFa,5020,0.24,Grovers_Cr_H,5020,0.22,George_Adams_H,5005,0.19,Soos_H,5020,0.14,Clear_Cr_H,5020,0.14
Area123 (07) troll 162 292,,Samish_H,5016,0.23,Soos_H,5020,0.23,Bear_Cr_SuFa,5020,0.18,Cedar_R_SuFa,5020,0.17,Clear_Cr_H,5020,0.08
Area123 (07) troll 162 293,,Samish_H,5016,0.48,George_Adams_H,5005,0.18,Hamma_Hamma_R,5005,0.06,Grovers_Cr_H,5020,0.06,Bear_Cr_SuFa,5020,0.05
Area123 (07) troll 162 294,,Samish_H,5016,0.20,Clear_Cr_H,5020,0.19,Soos_H,5020,0.18,Cedar_R_SuFa,5020,0.16,Bear_Cr_SuFa,5020,0.12
Area123 (07) troll 162 295,,Cedar_R_SuFa,5020,0.25,George_Adams_H,5005,0.23,Soos_H,5020,0.15,Clear_Cr_H,5020,0.09,S_Prairie_Cr,5020,0.09
Area123 (07) troll 162 296,,Clear_Cr_H,5020,0.36,Bear_Cr_SuFa,5020,0.30,Soos_H,5020,0.10,Samish_H,5016,0.10,S_Prairie_Cr,5020,0.06
Area123 (07) troll 163 297,,Chilliwack_F,3,0.79,Harrison,3,0.21,Chilliwac@Stav,3,0.00,Skagit_R,5016,0.00,L_Skagit_R_Fa,5016,0.00
Area123 (07) troll 163 298,,Abernathy_NFH_F,5008,0.41,Spring_Cr_col,5030,0.18,Cowlitz_H_fa,5008,0.17,Washougal_R_Fa,5008,0.11,Cowlitz_H_sp,5009,0.08
Area123 (07) troll 163 299,,Abernathy_NFH_F,5008,0.69,Spring_Cr_col,5030,0.09,Cowlitz_H_fa,5008,0.08,Washougal_R_Fa,5008,0.07,Cowlitz_H_sp,5009,0.04
Area123 (07) troll 163 300,,Cowichan,7,0.56,L_Skagit_R_Fa,5016,0.18,Harrison,3,0.06,S_Prairie_Cr,5020,0.05,Snoqualmie_R,5016,0.04
Area123 (07) troll 163 301,,Clear_Cr_H,5020,0.54,Soos_H,5020,0.14,Samish_H,5016,0.09,George_Adams_H,5005,0.08,Bear_Cr_SuFa,5020,0.06
Area123 (07) troll 163 302,,Bear_Cr_SuFa,5020,0.60,S_Prairie_Cr,5020,0.08,Cedar_R_SuFa,5020,0.08,Samish_H,5016,0.07,Voights_H,5020,0.06
Area123 (07) troll 163 303,,Hanford_Reach,5026,0.52,Washougal_R_Fa,5008,0.22,Cowlitz_H_fa,5008,0.13,Lewis_R_Su,5008,0.04,Methow_R,5026,0.03
Area123 (07) troll 163 304,,Skagit_R,5016,0.40,NF_Nooksack_H,5016,0.29,L_Skagit_R_Fa,5016,0.17,Soos_H,5020,0.05,Hanford_Reach,5026,0.03
Area123 (07) troll 163 305,,Cedar_R_SuFa,5020,0.46,Samish_H,5016,0.18,Bear_Cr_SuFa,5020,0.13,George_Adams_H,5005,0.10,L_Skagit_R_Fa,5016,0.08
Area123 (07) troll 163 306,,Soos_H,5020,0.47,Bear_Cr_SuFa,5020,0.27,Hanford_Reach,5026,0.09,S_Prairie_Cr,5020,0.08,Cedar_R_SuFa,5020,0.02
Area123 (07) troll 163 307,,Clear_Cr_H,5020,0.38,Grovers_Cr_H,5020,0.25,NF_Skokomish_F,5005,0.14,Cedar_R_SuFa,5020,0.12,Skagit_R,5016,0.03
Area123 (07) troll 163 308,,L_Skagit_R_Fa,5016,0.97,Cedar_R_SuFa,5020,0.01,Hamma_Hamma_R,5005,0.01,Skagit_R,5016,0.01,S_Prairie_Cr,5020,0.00
Area123 (07) troll 163 309,,Clear_Cr_H,5020,0.65,Voights_H,5020,0.17,Soos_H,5020,0.14,S_Prairie_Cr,5020,0.03,Samish_H,5016,0.00
Area123 (07) troll 163 310,,George_Adams_H,5005,0.38,Soos_H,5020,0.30,Bear_Cr_SuFa,5020,0.18,NF_Skokomish_F,5005,0.05,Clear_Cr_H,5020,0.04
Area123 (07) troll 163 311,,Grovers_Cr_H,5020,0.27,Clear_Cr_H,5020,0.19,George_Adams_H,5005,0.19,NF_Skokomish_F,5005,0.17,Bear_Cr_SuFa,5020,0.05
Area123 (07) troll 163 312,,Soos_H,5020,0.69,NF_Skokomish_F,5005,0.08,George_Adams_H,5005,0.07,Bear_Cr_SuFa,5020,0.05,Cedar_R_SuFa,5020,0.04
Area123 (07) troll 163 313,,Soos_H,5020,0.52,NF_Skokomish_F,5005,0.16,Bear_Cr_SuFa,5020,0.08,Hamma_Hamma_R,5005,0.05,Clear_Cr_H,5020,0.04
Area123 (07) troll 163 314,,Bear_Cr_SuFa,5020,0.54,Clear_Cr_H,5020,0.29,Soos_H,5020,0.05,Cedar_R_SuFa,5020,0.05,Grovers_Cr_H,5020,0.03
Area123 (07) troll 163 315,,Harrison,3,0.73,Chilliwack_F,3,0.27,Capilano,9,0.00,L_Skagit_R_Fa,5016,0.00,,,
Area123 (07) troll 163 316,,George_Adams_H,5005,0.31,Hamma_Hamma_R,5005,0.21,Samish_H,5016,0.16,L_Skagit_R_Fa,5016,0.15,NF_Skokomish_F,5005,0.14
Area123 (07) troll 163 317,,Skagit_R,5016,0.56,Hanford_Reach,5026,0.12,Lyons_Ferry_H,5021,0.07,U_Sauk_R_SpSu,5016,0.06,Marblemount_Hsu,5016,0.05
Area123 (07) troll 163 318,,Lyons_Ferry_H,5021,0.69,U_Deschutes_R,5004,0.23,Hanford_Reach,5026,0.06,Sandy_R,5008,0.01,Nez_PerceT_H,5021,0.00
Area123 (07) troll 163 319,,Chilliwack_F,3,1.00,Harrison,3,0.00,NF_Nooksack_H,5016,0.00,,,,,,
Area123 (07) troll 163 320,,Cowlitz_H_fa,5008,0.90,Washougal_R_Fa,5008,0.04,Lewis_R_Su,5008,0.04,Cowlitz_H_sp,5009,0.02,Spring_Cr_col,5030,0.01
Area123 (07) troll 163 321,,Hamma_Hamma_R,5005,0.49,George_Adams_H,5005,0.19,Skagit_R,5016,0.11,Cedar_R_SuFa,5020,0.09,Bear_Cr_SuFa,5020,0.04
Area123 (07) troll 163 322,,Cedar_R_SuFa,5020,0.45,Clear_Cr_H,5020,0.18,NF_Skokomish_F,5005,0.18,Soos_H,5020,0.14,Samish_H,5016,0.03
Area123 (07) troll 163 323,,Soos_H,5020,0.43,Clear_Cr_H,5020,0.26,Bear_Cr_SuFa,5020,0.11,Grovers_Cr_H,5020,0.08,Cedar_R_SuFa,5020,0.07
Area123 (07) troll 163 324,,U_Deschutes_R,5004,0.27,Samish_H,5016,0.23,Soos_H,5020,0.21,L_Skagit_R_Fa,5016,0.07,Grovers_Cr_H,5020,0.06
Area123 (07) troll 163 325,,Hanford_Reach,5026,0.50,Methow_R,5026,0.34,U_Deschutes_R,5004,0.12,Lyons_Ferry_H,5021,0.02,Skagit_R,5016,0.01
Area123 (07) troll 163 326,,George_Adams_H,5005,0.29,S_Prairie_Cr,5020,0.27,Hamma_Hamma_R,5005,0.16,NF_Skokomish_F,5005,0.15,Clear_Cr_H,5020,0.07
Area123 (07) troll 163 327,,Clear_Cr_H,5020,0.40,Samish_H,5016,0.20,Soos_H,5020,0.13,Bear_Cr_SuFa,5020,0.11,S_Prairie_Cr,5020,0.06
Area123 (07) troll 163 328,,Cedar_R_SuFa,5020,0.30,Grovers_Cr_H,5020,0.21,Hamma_Hamma_R,5005,0.12,NF_Skokomish_F,5005,0.11,Soos_H,5020,0.09
Area123 (07) troll 163 329,,Hamma_Hamma_R,5005,0.30,George_Adams_H,5005,0.27,Soos_H,5020,0.25,Grovers_Cr_H,5020,0.08,Clear_Cr_H,5020,0.03
Area123 (07) troll 163 330,,L_Skagit_R_Fa,5016,0.67,Cedar_R_SuFa,5020,0.18,Bear_Cr_SuFa,5020,0.11,Skagit_R,5016,0.01,Soos_H,5020,0.01
Area123 (07) troll 17 16,,Cedar_R_SuFa,5020,0.43,Bear_Cr_SuFa,5020,0.31,S_Prairie_Cr,5020,0.09,Soos_H,5020,0.05,George_Adams_H,5005,0.03
Area123 (07) troll 17 17,,Grovers_Cr_H,5020,0.82,Cedar_R_SuFa,5020,0.08,Bear_Cr_SuFa,5020,0.05,Hamma_Hamma_R,5005,0.02,Soos_H,5020,0.01
Area123 (07) troll 17 18,,Skagit_R,5016,0.91,U_Skagit_R,5016,0.03,L_Skagit_R_Fa,5016,0.02,Hanford_Reach,5026,0.01,U_Sauk_R,5016,0.01
Area123 (07) troll 17 19,,Bear_Cr_SuFa,5020,0.60,Soos_H,5020,0.27,Clear_Cr_H,5020,0.08,Samish_H,5016,0.03,Cedar_R_SuFa,5020,0.01
Area123 (07) troll 17 20,,Skagit_R,5016,0.80,L_Skagit_R_Fa,5016,0.09,S_Prairie_Cr,5020,0.05,NF_Nooksack_H,5016,0.04,Marblemount_Hsu,5016,0.01
Area123 (07) troll 17 21,,L_Skagit_R_Fa,5016,0.83,Skagit_R,5016,0.13,S_Prairie_Cr,5020,0.01,Snoqualmie_R,5016,0.01,Bear_Cr_SuFa,5020,0.00
Area123 (07) troll 17 22,,Skagit_R,5016,0.98,L_Skagit_R_Fa,5016,0.01,Coos_H,5011,0.00,Marblemount_Hsu,5016,0.00,U_Sauk_R_SpSu,5016,0.00
Area123 (07) troll 17 23,,Chilliwack_F,3,0.80,Harrison,3,0.20,,,,,,,,,
Area123 (07) troll 173 331,,Clear_Cr_H,5020,0.30,Bear_Cr_SuFa,5020,0.22,Cedar_R_SuFa,5020,0.16,NF_Skokomish_F,5005,0.14,Soos_H,5020,0.07
Area123 (07) troll 173 332,,Skagit_R,5016,0.99,U_Sauk_R_SpSu,5016,0.00,S_Prairie_Cr,5020,0.00,Hamma_Hamma_R,5005,0.00,Soos_H,5020,0.00
Area123 (07) troll 173 333,,Harrison,3,0.87,L_Skagit_R_Fa,5016,0.12,Capilano,9,0.00,Chilliwack_F,3,0.00,Chilliwac@Stav,3,0.00
Area123 (07) troll 173 334,,Grovers_Cr_H,5020,0.97,George_Adams_H,5005,0.01,Bear_Cr_SuFa,5020,0.01,L_Skagit_R_Fa,5016,0.01,Samish_H,5016,0.00
Area123 (07) troll 173 335,,Bear_Cr_SuFa,5020,0.44,Cedar_R_SuFa,5020,0.15,Clear_Cr_H,5020,0.10,Hamma_Hamma_R,5005,0.09,Soos_H,5020,0.08
Area123 (07) troll 173 336,,Bessette,5,0.57,L_Shuswap,5,0.26,M_Shuswap,5,0.17,Eagle_R,5,0.00,,,
Area123 (07) troll 173 337,,Soos_H,5020,0.77,Samish_H,5016,0.07,Cedar_R_SuFa,5020,0.06,Bear_Cr_SuFa,5020,0.03,S_Prairie_Cr,5020,0.03
Area123 (07) troll 173 338,,L_Skagit_R_Fa,5016,0.47,Hamma_Hamma_R,5005,0.15,George_Adams_H,5005,0.12,Grovers_Cr_H,5020,0.10,Marblemount_Hsu,5016,0.06
Area123 (07) troll 173 339,,Soos_H,5020,0.51,S_Prairie_Cr,5020,0.19,Cedar_R_SuFa,5020,0.06,Bear_Cr_SuFa,5020,0.05,L_Skagit_R_Fa,5016,0.04
Area123 (07) troll 173 340,,Samish_H,5016,0.82,George_Adams_H,5005,0.07,Bear_Cr_SuFa,5020,0.04,Clear_Cr_H,5020,0.02,Cedar_R_SuFa,5020,0.01
Area123 (07) troll 173 341,,Bear_Cr_SuFa,5020,0.59,George_Adams_H,5005,0.26,Soos_H,5020,0.04,Hamma_Hamma_R,5005,0.02,Grovers_Cr_H,5020,0.02
Area123 (07) troll 173 342,,Skagit_R,5016,0.67,Marblemount_Hsu,5016,0.14,L_Skagit_R_Fa,5016,0.12,U_Sauk_R_SpSu,5016,0.06,Snoqualmie_R,5016,0.00
Area123 (07) troll 173 343,,L_Skagit_R_Fa,5016,0.27,Grovers_Cr_H,5020,0.26,NF_Skokomish_F,5005,0.13,Bear_Cr_SuFa,5020,0.10,George_Adams_H,5005,0.09
Area123 (07) troll 173 344,,Bear_Cr_SuFa,5020,0.74,Cedar_R_SuFa,5020,0.21,S_Prairie_Cr,5020,0.02,Clear_Cr_H,5020,0.01,L_Skagit_R_Fa,5016,0.01
Area123 (07) troll 175 345,,Chilliwack_F,3,1.00,,,,,,,,,,,,
Area123 (07) troll 175 346,,Harrison,3,0.29,Chilliwack_F,3,0.15,Bridge,2,0.12,U_Cariboo,2,0.10,Endako,2,0.08
Area123 (07) troll 175 347,,George_Adams_H,5005,0.26,Grovers_Cr_H,5020,0.20,Hamma_Hamma_R,5005,0.19,S_Prairie_Cr,5020,0.15,NF_Skokomish_F,5005,0.11
Area123 (07) troll 175 348,,Spring_Cr_col,5030,0.94,Cowlitz_H_fa,5008,0.03,Abernathy_NFH_F,5008,0.03,Elochoman_H,5030,0.00,Elochoman_R_Fa,5008,0.00
Area123 (07) troll 175 349,,Cowichan,7,0.69,Puntledge_BackX,7,0.29,Puntledge_F,7,0.01,L_Skagit_R_Fa,5016,0.00,Abernathy_Cr_Fa,5008,0.00
Area123 (07) troll 175 350,,White_H,5020,1.00,George_Adams_H,5005,0.00,Hupp_Sp_H,5020,0.00,S_Prairie_Cr,5020,0.00,Hamma_Hamma_R,5005,0.00
Area123 (07) troll 175 351,,Bear_Cr_SuFa,5020,0.36,Soos_H,5020,0.31,S_Prairie_Cr,5020,0.21,Cedar_R_SuFa,5020,0.11,Voights_H,5020,0.01
Area123 (07) troll 175 352,,Bear_Cr_SuFa,5020,0.33,Soos_H,5020,0.23,Hamma_Hamma_R,5005,0.13,Cedar_R_SuFa,5020,0.07,George_Adams_H,5005,0.04
Area123 (07) troll 175 353,,Clear_Cr_H,5020,0.33,Cedar_R_SuFa,5020,0.19,Soos_H,5020,0.11,George_Adams_H,5005,0.09,Hamma_Hamma_R,5005,0.09
Area123 (07) troll 175 354,,Tahsis,8,0.84,Conuma,8,0.11,Tlupana,8,0.03,Kaouk_R,8,0.01,Burman,8,0.01
Area123 (07) troll 175 355,,Grovers_Cr_H,5020,0.52,L_Skagit_R_Fa,5016,0.10,Clear_Cr_H,5020,0.09,Hamma_Hamma_R,5005,0.08,Cedar_R_SuFa,5020,0.07
Area123 (07) troll 175 356,,Bear_Cr_SuFa,5020,0.39,Cedar_R_SuFa,5020,0.25,Clear_Cr_H,5020,0.09,George_Adams_H,5005,0.06,Soos_H,5020,0.06
Area123 (07) troll 175 357,,Harrison,3,0.85,Chilliwack_F,3,0.15,Chilliwac@Stav,3,0.00,,,,,,
Area123 (07) troll 175 358,,Bear_Cr_SuFa,5020,0.52,Cedar_R_SuFa,5020,0.23,Soos_H,5020,0.11,NF_Skokomish_F,5005,0.02,L_Skagit_R_Fa,5016,0.02
Area123 (07) troll 175 359,,Cowlitz_H_fa,5008,0.50,Spring_Cr_col,5030,0.29,Elochoman_R_Fa,5008,0.06,Washougal_R_Fa,5008,0.06,Abernathy_NFH_F,5008,0.03
Area123 (07) troll 175 360,,Skagit_R,5016,0.99,Feather_H_fa,5001,0.00,Feather_H_sp,5002,0.00,Butte_Cr_f,5001,0.00,Harrison,3,0.00
Area123 (07) troll 175 361,,Washougal_R_Fa,5008,0.86,Elochoman_H,5030,0.07,Abernathy_NFH_F,5008,0.03,Cowlitz_H_fa,5008,0.02,Elochoman_R_Fa,5008,0.01
Area123 (07) troll 175 362,,NF_Skokomish_F,5005,0.40,L_Skagit_R_Fa,5016,0.39,Cowichan,7,0.09,Bear_Cr_SuFa,5020,0.06,Samish_H,5016,0.02
Area123 (07) troll 175 363,,Cedar_R_SuFa,5020,0.37,Bear_Cr_SuFa,5020,0.34,Grovers_Cr_H,5020,0.13,Soos_H,5020,0.10,NF_Skokomish_F,5005,0.03
Area123 (07) troll 175 364,,Bear_Cr_SuFa,5020,0.62,Grovers_Cr_H,5020,0.10,L_Skagit_R_Fa,5016,0.07,Soos_H,5020,0.06,George_Adams_H,5005,0.05
Area123 (07) troll 175 365,,Soos_H,5020,0.33,Cedar_R_SuFa,5020,0.33,Bear_Cr_SuFa,5020,0.25,L_Skagit_R_Fa,5016,0.07,Grovers_Cr_H,5020,0.01
Area123 (07) troll 175 366,,Grovers_Cr_H,5020,0.86,Bear_Cr_SuFa,5020,0.12,Cedar_R_SuFa,5020,0.01,NF_Skokomish_F,5005,0.01,Soos_H,5020,0.01
Area123 (07) troll 175 367,,Samish_H,5016,0.43,Soos_H,5020,0.17,Clear_Cr_H,5020,0.11,Voights_H,5020,0.08,Bear_Cr_SuFa,5020,0.06
Area123 (07) troll 175 368,,Cedar_R_SuFa,5020,0.29,Bear_Cr_SuFa,5020,0.27,Soos_H,5020,0.20,S_Prairie_Cr,5020,0.10,NF_Skokomish_F,5005,0.07
Area123 (07) troll 175 369,,Bear_Cr_SuFa,5020,0.31,Soos_H,5020,0.28,S_Prairie_Cr,5020,0.13,Cedar_R_SuFa,5020,0.12,NF_Skokomish_F,5005,0.05
Area123 (07) troll 175 370,,L_Skagit_R_Fa,5016,0.58,Bear_Cr_SuFa,5020,0.22,Cedar_R_SuFa,5020,0.11,Skagit_R,5016,0.07,Soos_H,5020,0.01
Area123 (07) troll 175 371,,Soos_H,5020,0.42,Bear_Cr_SuFa,5020,0.23,Samish_H,5016,0.17,S_Prairie_Cr,5020,0.11,Hamma_Hamma_R,5005,0.06
Area123 (07) troll 175 372,,Samish_H,5016,0.25,Cedar_R_SuFa,5020,0.21,George_Adams_H,5005,0.17,Soos_H,5020,0.13,Bear_Cr_SuFa,5020,0.10
Area123 (07) troll 175 373,,Grovers_Cr_H,5020,0.91,George_Adams_H,5005,0.03,White_H,5020,0.01,Cedar_R_SuFa,5020,0.01,Hamma_Hamma_R,5005,0.01
Area123 (07) troll 175 374,,Grovers_Cr_H,5020,0.99,S_Prairie_Cr,5020,0.00,Bear_Cr_SuFa,5020,0.00,George_Adams_H,5005,0.00,Cedar_R_SuFa,5020,0.00
Area123 (07) troll 175 375,,NF_Skokomish_F,5005,0.25,Cedar_R_SuFa,5020,0.20,George_Adams_H,5005,0.17,Clear_Cr_H,5020,0.13,Grovers_Cr_H,5020,0.11
Area123 (07) troll 175 471,,U_Deschutes_R,5004,0.66,Umpqua_H,5011,0.19,Hanford_Reach,5026,0.05,Washougal_R_Fa,5008,0.04,Lyons_Ferry_H,5021,0.02
Area123 (07) troll 175 472,,Washougal_R_Fa,5008,0.94,Cowlitz_H_fa,5008,0.02,Spring_Cr_col,5030,0.02,Lewis_R_Su,5008,0.01,Elochoman_H,5030,0.01
Area123 (07) troll 175 473,,L_Skagit_R_Fa,5016,0.50,Samish_H,5016,0.36,George_Adams_H,5005,0.06,Cedar_R_SuFa,5020,0.02,NF_Skokomish_F,5005,0.02
Area123 (07) troll 175 474,,Cowlitz_H_sp,5009,0.93,Cowlitz_H_fa,5008,0.07,Washougal_R_Fa,5008,0.00,Elochoman_R_Fa,5008,0.00,Green_R_Fa,5008,0.00
Area123 (07) troll 175 475,,Samish_H,5016,0.70,Skagit_R,5016,0.25,L_Skagit_R_Fa,5016,0.02,U_Sauk_R_SpSu,5016,0.01,George_Adams_H,5005,0.01
Area123 (07) troll 175 476,,Washougal_R_Fa,5008,0.93,Lewis_R_Su,5008,0.06,Cowlitz_H_fa,5008,0.01,Sandy_R,5008,0.00,Lewis_R_f,5008,0.00
Area123 (07) troll 175 477,,Bear_Cr_SuFa,5020,0.67,Cedar_R_SuFa,5020,0.13,NF_Skokomish_F,5005,0.07,Soos_H,5020,0.06,L_Skagit_R_Fa,5016,0.04
Area123 (07) troll 175 478,,L_Skagit_R_Fa,5016,0.38,Skagit_R,5016,0.32,George_Adams_H,5005,0.07,Bear_Cr_SuFa,5020,0.07,Cedar_R_SuFa,5020,0.07
Area123 (07) troll 175 479,,NF_Skokomish_F,5005,0.44,Clear_Cr_H,5020,0.15,George_Adams_H,5005,0.09,Soos_H,5020,0.08,L_Skagit_R_Fa,5016,0.06
Area123 (07) troll 175 480,,Soos_H,5020,0.94,Clear_Cr_H,5020,0.02,L_Skagit_R_Fa,5016,0.01,Cedar_R_SuFa,5020,0.01,S_Prairie_Cr,5020,0.01
Area123 (07) troll 175 481,,Hamma_Hamma_R,5005,0.52,NF_Skokomish_F,5005,0.32,Soos_H,5020,0.06,George_Adams_H,5005,0.05,Clear_Cr_H,5020,0.02
Area123 (07) troll 175 482,,Spring_Cr_col,5030,0.93,Abernathy_NFH_F,5008,0.04,Elochoman_H,5030,0.02,Abernathy_Cr_Fa,5008,0.00,Cowlitz_H_fa,5008,0.00
Area123 (07) troll 22 1,,Soos_H,5020,0.37,Cedar_R_SuFa,5020,0.25,Bear_Cr_SuFa,5020,0.14,NF_Skokomish_F,5005,0.09,Clear_Cr_H,5020,0.06
Area123 (07) troll 22 2,,NF_Nooksack_H,5016,1.00,Skagit_R,5016,0.00,,,,,,,,,
Area123 (07) troll 22 3,,George_Adams_H,5005,0.24,Bear_Cr_SuFa,5020,0.20,Cedar_R_SuFa,5020,0.14,Hamma_Hamma_R,5005,0.10,Skagit_R,5016,0.07
Area123 (07) troll 22 4,,Soos_H,5020,0.43,Samish_H,5016,0.19,Bear_Cr_SuFa,5020,0.13,S_Prairie_Cr,5020,0.12,NF_Skokomish_F,5005,0.04
Area123 (07) troll 262 95,,Bear_Cr_SuFa,5020,0.78,Soos_H,5020,0.18,Cedar_R_SuFa,5020,0.02,Grovers_Cr_H,5020,0.01,Samish_H,5016,0.00
Area123 (07) troll 262 96,,Harrison,3,0.91,Chilliwack_F,3,0.09,Capilano,9,0.00,L_Skagit_R_Fa,5016,0.00,Bowron,1,0.00
Area123 (07) troll 262 97,,Harrison,3,0.99,Chilliwack_F,3,0.01,Chilliwac@Stav,3,0.00,,,,,,
Area123 (07) troll 265 1,,L_Skagit_R_Fa,5016,0.40,Bear_Cr_SuFa,5020,0.20,Cedar_R_SuFa,5020,0.20,George_Adams_H,5005,0.10,Hamma_Hamma_R,5005,0.04
Area123 (07) troll 265 10,,Cedar_R_SuFa,5020,0.47,Bear_Cr_SuFa,5020,0.19,Grovers_Cr_H,5020,0.13,George_Adams_H,5005,0.08,Soos_H,5020,0.07
Area123 (07) troll 265 11,,Cowlitz_H_fa,5008,0.54,Washougal_R_Fa,5008,0.27,Lewis_R_Su,5008,0.10,Elochoman_R_Fa,5008,0.05,Elochoman_H,5030,0.02
Area123 (07) troll 265 12,,Skagit_R,5016,0.99,U_Sauk_R_SpSu,5016,0.00,L_Skagit_R_Fa,5016,0.00,NF_Skokomish_F,5005,0.00,George_Adams_H,5005,0.00
Area123 (07) troll 265 13,,Soos_H,5020,0.44,Bear_Cr_SuFa,5020,0.15,Samish_H,5016,0.09,Voights_H,5020,0.09,Cedar_R_SuFa,5020,0.07
Area123 (07) troll 265 14,,Hanford_Reach,5026,0.95,Lyons_Ferry_H,5021,0.04,Wells_H,5026,0.01,Priest_Rapids_H,5026,0.00,Umatilla_H_Fa,5026,0.00
Area123 (07) troll 265 15,,Cedar_R_SuFa,5020,0.94,Bear_Cr_SuFa,5020,0.03,Soos_H,5020,0.01,Hamma_Hamma_R,5005,0.01,Voights_H,5020,0.00
Area123 (07) troll 265 16,,Hamma_Hamma_R,5005,0.34,Cedar_R_SuFa,5020,0.30,Clear_Cr_H,5020,0.18,Grovers_Cr_H,5020,0.07,Bear_Cr_SuFa,5020,0.05
Area123 (07) troll 265 17,,Bear_Cr_SuFa,5020,0.78,Soos_H,5020,0.05,Skagit_R,5016,0.05,Cedar_R_SuFa,5020,0.04,Hamma_Hamma_R,5005,0.02
Area123 (07) troll 265 18,,Cowlitz_H_fa,5008,0.99,Lewis_R_Su,5008,0.01,Washougal_R_Fa,5008,0.00,Cowlitz_H_sp,5009,0.00,Abernathy_NFH_F,5008,0.00
Area123 (07) troll 265 19,,Cowlitz_H_sp,5009,1.00,,,,,,,,,,,,
Area123 (07) troll 265 2,,Hanford_Reach,5026,0.73,Methow_R,5026,0.26,U_Deschutes_R,5004,0.00,Umpqua_H,5011,0.00,Priest_Rapid_H,5026,0.00
Area123 (07) troll 265 20,,Soos_H,5020,0.80,Samish_H,5016,0.08,Bear_Cr_SuFa,5020,0.06,Cedar_R_SuFa,5020,0.04,S_Prairie_Cr,5020,0.01
Area123 (07) troll 265 21,,Samish_H,5016,0.31,NF_Skokomish_F,5005,0.27,Soos_H,5020,0.13,Hamma_Hamma_R,5005,0.08,Cedar_R_SuFa,5020,0.06
Area123 (07) troll 265 22,,Soos_H,5020,0.18,Samish_H,5016,0.16,Clear_Cr_H,5020,0.15,Cedar_R_SuFa,5020,0.14,George_Adams_H,5005,0.10
Area123 (07) troll 265 23,,Samish_H,5016,0.51,Soos_H,5020,0.15,Grovers_Cr_H,5020,0.09,Bear_Cr_SuFa,5020,0.08,Cedar_R_SuFa,5020,0.07
Area123 (07) troll 265 24,,Samish_H,5016,0.93,Soos_H,5020,0.05,Hamma_Hamma_R,5005,0.02,George_Adams_H,5005,0.00,S_Prairie_Cr,5020,0.00
Area123 (07) troll 265 25,,L_Skagit_R_Fa,5016,0.41,Bear_Cr_SuFa,5020,0.28,George_Adams_H,5005,0.09,Hamma_Hamma_R,5005,0.04,S_Prairie_Cr,5020,0.03
Area123 (07) troll 265 26,,Spring_Cr_col,5030,0.83,Abernathy_NFH_F,5008,0.12,Washougal_R_Fa,5008,0.03,Elochoman_H,5030,0.01,Cowlitz_H_fa,5008,0.00
Area123 (07) troll 265 27,,Skagit_R,5016,0.75,L_Skagit_R_Fa,5016,0.10,U_Sauk_R_SpSu,5016,0.04,Bear_Cr_SuFa,5020,0.03,U_Skagit_R,5016,0.02
Area123 (07) troll 265 28,,Grovers_Cr_H,5020,0.99,Hamma_Hamma_R,5005,0.01,George_Adams_H,5005,0.00,,,,,,
Area123 (07) troll 265 29,,Skagit_R,5016,0.51,L_Skagit_R_Fa,5016,0.37,Soos_H,5020,0.03,Bear_Cr_SuFa,5020,0.02,U_Skagit_R,5016,0.02
Area123 (07) troll 265 3,,Bear_Cr_SuFa,5020,0.44,Soos_H,5020,0.18,L_Skagit_R_Fa,5016,0.17,Samish_H,5016,0.06,Cedar_R_SuFa,5020,0.05
Area123 (07) troll 265 30,,Soos_H,5020,0.34,Cedar_R_SuFa,5020,0.31,S_Prairie_Cr,5020,0.11,Bear_Cr_SuFa,5020,0.11,Samish_H,5016,0.05
Area123 (07) troll 265 31,,Bear_Cr_SuFa,5020,0.51,Soos_H,5020,0.19,Hamma_Hamma_R,5005,0.11,Voights_H,5020,0.07,Cedar_R_SuFa,5020,0.04
Area123 (07) troll 265 32,,Cowichan,7,0.99,Puntledge_BackX,7,0.01,Cedar_R_SuFa,5020,0.00,Puntledge_F,7,0.00,,,
Area123 (07) troll 265 33,,Cedar_R_SuFa,5020,0.52,L_Skagit_R_Fa,5016,0.13,Soos_H,5020,0.08,Bear_Cr_SuFa,5020,0.07,Skagit_R,5016,0.06
Area123 (07) troll 265 34,,Methow_R,5026,0.37,Lyons_Ferry_H,5021,0.16,Hanford_Reach,5026,0.14,Umpqua_H,5011,0.12,Umatilla_H,5026,0.05
Area123 (07) troll 265 35,,Cowlitz_H_fa,5008,0.74,Abernathy_NFH_F,5008,0.22,Washougal_R_Fa,5008,0.02,Cowlitz_H_sp,5009,0.02,Lewis_R_Su,5008,0.00
Area123 (07) troll 265 36,,Klamath_R_fa,5007,0.98,Applegate_Cr,5019,0.01,Hanford_Reach,5026,0.01,U_Deschutes_R,5004,0.00,Lyons_Ferry_H,5021,0.00
Area123 (07) troll 265 37,,Soos_H,5020,0.59,Samish_H,5016,0.12,S_Prairie_Cr,5020,0.08,Bear_Cr_SuFa,5020,0.06,NF_Skokomish_F,5005,0.05
Area123 (07) troll 265 38,,S_Prairie_Cr,5020,0.25,Cedar_R_SuFa,5020,0.22,Bear_Cr_SuFa,5020,0.22,George_Adams_H,5005,0.14,Soos_H,5020,0.06
Area123 (07) troll 265 39,,Washougal_R_Fa,5008,0.69,Cowlitz_H_fa,5008,0.15,Sandy_R,5008,0.09,Lewis_R_Su,5008,0.04,Elochoman_R_Fa,5008,0.02
Area123 (07) troll 265 4,,Cowlitz_H_sp,5009,0.61,Cowlitz_H_fa,5008,0.32,Lewis_R_Su,5008,0.07,U_Deschutes_R,5004,0.00,Lewis_R_f,5008,0.00
Area123 (07) troll 265 40,,Methow_R,5026,0.70,Hanford_Reach,5026,0.26,L_Wh_Sal_H_SF,5026,0.01,Umpqua_H,5011,0.01,Priest_Rapid_H,5026,0.01
Area123 (07) troll 265 41,,Chilliwack_F,3,0.66,Harrison,3,0.34,L_Skagit_R_Fa,5016,0.00,,,,,,
Area123 (07) troll 265 42,,NF_Nooksack_H,5016,1.00,Skagit_R,5016,0.00,,,,,,,,,
Area123 (07) troll 265 43,,Soos_H,5020,0.25,Voights_H,5020,0.22,Clear_Cr_H,5020,0.17,Bear_Cr_SuFa,5020,0.16,S_Prairie_Cr,5020,0.07
Area123 (07) troll 265 44,,Hamma_Hamma_R,5005,0.46,Samish_H,5016,0.17,George_Adams_H,5005,0.17,NF_Skokomish_F,5005,0.11,Bear_Cr_SuFa,5020,0.03
Area123 (07) troll 265 45,,L_Skagit_R_Fa,5016,0.40,Skagit_R,5016,0.27,Grovers_Cr_H,5020,0.16,NF_Skokomish_F,5005,0.04,U_Sauk_R_SpSu,5016,0.03
Area123 (07) troll 265 46,,Bear_Cr_SuFa,5020,0.46,Cedar_R_SuFa,5020,0.18,George_Adams_H,5005,0.11,Soos_H,5020,0.08,S_Prairie_Cr,5020,0.04
Area123 (07) troll 265 47,,Clear_Cr_H,5020,0.36,George_Adams_H,5005,0.32,Bear_Cr_SuFa,5020,0.15,Samish_H,5016,0.06,Hamma_Hamma_R,5005,0.05
Area123 (07) troll 265 48,,Harrison,3,0.90,Chilliwack_F,3,0.06,Chilliwac@Stav,3,0.01,L_Skagit_R_Fa,5016,0.01,Sandy_R,5008,0.01
Area123 (07) troll 265 49,,Harrison,3,0.98,L_Skagit_R_Fa,5016,0.01,Snoqualmie_R,5016,0.00,NF_Skokomish_F,5005,0.00,Bear_Cr_SuFa,5020,0.00
Area123 (07) troll 265 5,,Bear_Cr_SuFa,5020,0.25,Cedar_R_SuFa,5020,0.20,Clear_Cr_H,5020,0.18,S_Umpqua_H,5011,0.11,Skagit_R,5016,0.06
Area123 (07) troll 265 50,,L_Skagit_R_Fa,5016,0.91,Skagit_R,5016,0.08,Cedar_R_SuFa,5020,0.00,U_Sauk_R_SpSu,5016,0.00,Bear_Cr_SuFa,5020,0.00
Area123 (07) troll 265 51,,Skagit_R,5016,0.73,L_Skagit_R_Fa,5016,0.12,Marblemount_Hsu,5016,0.11,U_Sauk_R_SpSu,5016,0.04,Phillips,9,0.00
Area123 (07) troll 265 52,,Harrison,3,1.00,Hanford_Reach,5026,0.00,Chilliwack_F,3,0.00,L_Skagit_R_Fa,5016,0.00,,,
Area123 (07) troll 265 53,,Cedar_R_SuFa,5020,0.44,Skagit_R,5016,0.23,Soos_H,5020,0.14,L_Skagit_R_Fa,5016,0.06,Bear_Cr_SuFa,5020,0.05
Area123 (07) troll 265 54,,Klamath_R_fa,5007,0.97,Trinity_H_sp,5007,0.03,Umpqua_H,5011,0.00,Applegate_Cr,5019,0.00,Hanford_Reach,5026,0.00
Area123 (07) troll 265 55,,Soos_H,5020,0.87,Cedar_R_SuFa,5020,0.03,S_Prairie_Cr,5020,0.03,Samish_H,5016,0.03,Bear_Cr_SuFa,5020,0.02
Area123 (07) troll 265 56,,Cedar_R_SuFa,5020,0.52,Hamma_Hamma_R,5005,0.21,Bear_Cr_SuFa,5020,0.08,Grovers_Cr_H,5020,0.07,L_Skagit_R_Fa,5016,0.05
Area123 (07) troll 265 57,,Samish_H,5016,0.23,Soos_H,5020,0.20,Hamma_Hamma_R,5005,0.19,S_Prairie_Cr,5020,0.17,Bear_Cr_SuFa,5020,0.08
Area123 (07) troll 265 58,,George_Adams_H,5005,0.81,Bear_Cr_SuFa,5020,0.05,Cedar_R_SuFa,5020,0.04,Soos_H,5020,0.03,NF_Skokomish_F,5005,0.02
Area123 (07) troll 265 59,,Umpqua_H,5011,0.91,Applegate_Cr,5019,0.08,Elk_H,5011,0.01,Skagit_R,5016,0.01,Harrison,3,0.00
Area123 (07) troll 265 6,,Bear_Cr_SuFa,5020,0.29,S_Prairie_Cr,5020,0.26,Soos_H,5020,0.14,Cedar_R_SuFa,5020,0.13,Voights_H,5020,0.08
Area123 (07) troll 265 60,,Skagit_R,5016,0.93,Washougal_R_Fa,5008,0.03,Bear_Cr_SuFa,5020,0.01,U_Sauk_R_SpSu,5016,0.01,Lewis_R_Su,5008,0.01
Area123 (07) troll 265 61,,Harrison,3,1.00,Chilliwack_F,3,0.00,Capilano,9,0.00,L_Skagit_R_Fa,5016,0.00,Skagit_R,5016,0.00
Area123 (07) troll 265 62,,Cowlitz_H_fa,5008,0.99,Lewis_R_Su,5008,0.01,Cowlitz_H_sp,5009,0.00,Washougal_R_Fa,5008,0.00,Sandy_R,5008,0.00
Area123 (07) troll 265 63,,Methow_R,5026,0.39,Bear_Cr_SuFa,5020,0.25,Samish_H,5016,0.20,Soos_H,5020,0.06,Hanford_Reach,5026,0.04
Area123 (07) troll 265 64,,Skagit_R,5016,0.98,L_Skagit_R_Fa,5016,0.01,U_Sauk_R_SpSu,5016,0.00,Bear_Cr_SuFa,5020,0.00,Marblemount_Hsu,5016,0.00
Area123 (07) troll 265 65,,L_Skagit_R_Fa,5016,0.38,Bear_Cr_SuFa,5020,0.16,Cedar_R_SuFa,5020,0.14,Soos_H,5020,0.11,Skagit_R,5016,0.08
Area123 (07) troll 265 66,,Bear_Cr_SuFa,5020,0.46,Cedar_R_SuFa,5020,0.36,L_Skagit_R_Fa,5016,0.09,Soos_H,5020,0.04,Samish_H,5016,0.03
Area123 (07) troll 265 67,,Harrison,3,0.93,Chilliwack_F,3,0.06,L_Skagit_R_Fa,5016,0.01,Skagit_R,5016,0.00,Hamma_Hamma_R,5005,0.00
Area123 (07) troll 265 68,,Bear_Cr_SuFa,5020,0.30,Soos_H,5020,0.22,Clear_Cr_H,5020,0.16,Samish_H,5016,0.12,Grovers_Cr_H,5020,0.06
Area123 (07) troll 265 69,,Bear_Cr_SuFa,5020,0.45,Cedar_R_SuFa,5020,0.37,L_Skagit_R_Fa,5016,0.09,George_Adams_H,5005,0.02,Grovers_Cr_H,5020,0.02
Area123 (07) troll 265 7,,Clear_Cr_H,5020,0.62,Voights_H,5020,0.12,White_H,5020,0.10,Soos_H,5020,0.06,Hamma_Hamma_R,5005,0.05
Area123 (07) troll 265 70,,George_Adams_H,5005,0.38,NF_Skokomish_F,5005,0.28,Clear_Cr_H,5020,0.10,Samish_H,5016,0.07,L_Skagit_R_Fa,5016,0.05
Area123 (07) troll 265 71,,Cowlitz_H_fa,5008,0.98,Cowlitz_H_sp,5009,0.01,Elochoman_H,5030,0.00,Washougal_R_Fa,5008,0.00,Abernathy_Cr_Fa,5008,0.00
Area123 (07) troll 265 72,,Methow_R,5026,0.93,Hanford_Reach,5026,0.06,Wells_H,5026,0.01,Umatilla_H,5026,0.00,Wenatchee_R_SF,5026,0.00
Area123 (07) troll 265 73,,Bear_Cr_SuFa,5020,0.64,George_Adams_H,5005,0.14,Soos_H,5020,0.07,Grovers_Cr_H,5020,0.05,Clear_Cr_H,5020,0.04
Area123 (07) troll 265 74,,Skagit_R,5016,0.51,L_Skagit_R_Fa,5016,0.16,Bear_Cr_SuFa,5020,0.15,Cedar_R_SuFa,5020,0.06,Soos_H,5020,0.05
Area123 (07) troll 265 75,,Eel_R,5000,1.00,Coos_H,5011,0.00,L_Skagit_R_Fa,5016,0.00,Harrison,3,0.00,S_Umpqua_H,5011,0.00
Area123 (07) troll 265 76,,Bear_Cr_SuFa,5020,0.45,George_Adams_H,5005,0.35,NF_Skokomish_F,5005,0.08,Soos_H,5020,0.05,Clear_Cr_H,5020,0.03
Area123 (07) troll 265 77,,Harrison,3,0.55,Chilliwack_F,3,0.39,Skagit_R,5016,0.04,Feather_H_fa,5001,0.01,Capilano,9,0.01
Area123 (07) troll 265 78,,Harrison,3,0.83,Chilliwack_F,3,0.17,Chilliwac@Stav,3,0.01,Bear_Cr_SuFa,5020,0.00,Skagit_R,5016,0.00
Area123 (07) troll 265 79,,Skagit_R,5016,0.72,L_Skagit_R_Fa,5016,0.11,Marblemount_Hsu,5016,0.11,U_Sauk_R_SpSu,5016,0.04,Phillips,9,0.01
Area123 (07) troll 265 8,,Spring_Cr_col,5030,0.80,Abernathy_NFH_F,5008,0.20,Elochoman_H,5030,0.00,Elochoman_R_Fa,5008,0.00,,,
Area123 (07) troll 265 80,,Spring_Cr_col,5030,0.91,Cowlitz_H_fa,5008,0.05,Abernathy_NFH_F,5008,0.02,Elochoman_R_Fa,5008,0.00,Elochoman_H,5030,0.00
Area123 (07) troll 265 81,,Harrison,3,0.54,Skagit_R,5016,0.17,NF_Nooksack_H,5016,0.12,Marblemount_Hsu,5016,0.06,Hamma_Hamma_R,5005,0.05
Area123 (07) troll 265 82,,Bear_Cr_SuFa,5020,0.64,George_Adams_H,5005,0.16,Clear_Cr_H,5020,0.08,Hamma_Hamma_R,5005,0.05,NF_Skokomish_F,5005,0.04
Area123 (07) troll 265 83,,L_Skagit_R_Fa,5016,0.23,Skagit_R,5016,0.17,Voights_H,5020,0.16,Bear_Cr_SuFa,5020,0.15,S_Prairie_Cr,5020,0.10
Area123 (07) troll 265 84,,Soos_H,5020,0.35,Clear_Cr_H,5020,0.18,NF_Skokomish_F,5005,0.12,Bear_Cr_SuFa,5020,0.08,Grovers_Cr_H,5020,0.07
Area123 (07) troll 265 85,,Hamma_Hamma_R,5005,0.31,Bear_Cr_SuFa,5020,0.31,George_Adams_H,5005,0.12,Samish_H,5016,0.08,Grovers_Cr_H,5020,0.07
Area123 (07) troll 265 86,,NF_Nooksack_H,5016,1.00,,,,,,,,,,,,
Area123 (07) troll 265 87,,Soos_H,5020,0.53,Bear_Cr_SuFa,5020,0.34,Cedar_R_SuFa,5020,0.05,S_Prairie_Cr,5020,0.02,Samish_H,5016,0.02
Area123 (07) troll 265 88,,Bear_Cr_SuFa,5020,0.34,Grovers_Cr_H,5020,0.22,NF_Skokomish_F,5005,0.20,Cedar_R_SuFa,5020,0.10,George_Adams_H,5005,0.06
Area123 (07) troll 265 89,,Cowichan,7,0.98,Puntledge_BackX,7,0.01,Puntledge_F,7,0.00,L_Skagit_R_Fa,5016,0.00,Hamma_Hamma_R,5005,0.00
Area123 (07) troll 265 9,,Soos_H,5020,0.49,Bear_Cr_SuFa,5020,0.15,S_Prairie_Cr,5020,0.11,L_Skagit_R_Fa,5016,0.10,NF_Skokomish_F,5005,0.04
Area123 (07) troll 265 90,,Coos_H,5011,0.66,Elk_H,5011,0.29,S_Coos_R,5011,0.03,Coquille_R,5011,0.01,Millicoma_R,5011,0.01
Area123 (07) troll 265 91,,Soos_H,5020,0.37,S_Prairie_Cr,5020,0.25,George_Adams_H,5005,0.15,Voights_H,5020,0.12,White_H,5020,0.04
Area123 (07) troll 265 92,,Skagit_R,5016,0.72,L_Skagit_R_Fa,5016,0.17,Soos_H,5020,0.04,U_Sauk_R_SpSu,5016,0.03,Snoqualmie_R,5016,0.01
Area123 (07) troll 265 93,,Elk_H,5011,0.99,Sixes_R,5011,0.01,,,,,,,,,
Area123 (07) troll 265 94,,White_H,5020,1.00,Clear_Cr_H,5020,0.00,,,,,,,,,
Area123 (07) troll 269 100,,Hanford_Reach,5026,0.88,L_Wh_Sal_H_SF,5026,0.12,Methow_R,5026,0.00,Umpqua_H,5011,0.00,Priest_Rapid_H,5026,0.00
Area123 (07) troll 269 98,,Soos_H,5020,0.19,George_Adams_H,5005,0.18,Grovers_Cr_H,5020,0.17,NF_Skokomish_F,5005,0.13,Hamma_Hamma_R,5005,0.11
Area123 (07) troll 269 99,,Grovers_Cr_H,5020,0.32,Clear_Cr_H,5020,0.21,Bear_Cr_SuFa,5020,0.18,Soos_H,5020,0.16,Cedar_R_SuFa,5020,0.10
Area123 (07) troll 292 23,,Soos_H,5020,0.44,NF_Skokomish_F,5005,0.16,Bear_Cr_SuFa,5020,0.14,Cedar_R_SuFa,5020,0.13,Grovers_Cr_H,5020,0.07
Area123 (07) troll 292 24,,L_Skagit_R_Fa,5016,0.80,Chilliwack_F,3,0.12,Bear_Cr_SuFa,5020,0.02,Harrison,3,0.02,Skagit_R,5016,0.01
Area123 (07) troll 292 25,,NF_Nooksack_H,5016,1.00,,,,,,,,,,,,
Area123 (07) troll 292 26,,Umatilla_H,5026,0.54,Methow_R,5026,0.23,L_Wh_Sal_H_SF,5026,0.10,Hanford_Reach,5026,0.06,S_Prairie_Cr,5020,0.03
Area123 (07) troll 292 27,,Hanford_Reach,5026,0.84,L_Wh_Sal_H_SF,5026,0.14,Umatilla_H,5026,0.01,Methow_R,5026,0.01,,,
Area123 (07) troll 292 28,,L_Skagit_R_Fa,5016,0.50,Skagit_R,5016,0.12,Soos_H,5020,0.10,U_Sauk_R_SpSu,5016,0.08,NF_Nooksack_H,5016,0.02
Area123 (07) troll 292 29,,U_Deschutes_R,5004,1.00,L_Deschutes_R,5004,0.00,Hanford_Reach,5026,0.00,,,,,,
Area123 (07) troll 293 30,,Cedar_R_SuFa,5020,0.35,Skagit_R,5016,0.26,Harrison,3,0.25,Bear_Cr_SuFa,5020,0.06,L_Skagit_R_Fa,5016,0.03
Area123 (07) troll 293 31,,L_Skagit_R_Fa,5016,0.65,Cedar_R_SuFa,5020,0.09,S_Prairie_Cr,5020,0.06,NF_Skokomish_F,5005,0.06,Bear_Cr_SuFa,5020,0.04
Area123 (07) troll 293 32,,Harrison,3,0.87,Chilliwack_F,3,0.13,Capilano,9,0.00,Kasiks_R,23,0.00,Hamma_Hamma_R,5005,0.00
Area123 (07) troll 293 33,,Soos_H,5020,0.99,Cedar_R_SuFa,5020,0.01,Grovers_Cr_H,5020,0.00,Clear_Cr_H,5020,0.00,L_Skagit_R_Fa,5016,0.00
Area123 (07) troll 293 34,,Harrison,3,0.79,U_Sauk_R_SpSu,5016,0.13,Skagit_R,5016,0.03,Chilliwack_F,3,0.02,L_Skagit_R_Fa,5016,0.01
Area123 (07) troll 299 1,,Soos_H,5020,0.80,Clear_Cr_H,5020,0.06,Hamma_Hamma_R,5005,0.04,Bear_Cr_SuFa,5020,0.02,Cedar_R_SuFa,5020,0.02
Area123 (07) troll 299 10,,Grovers_Cr_H,5020,0.91,George_Adams_H,5005,0.04,S_Prairie_Cr,5020,0.01,Bear_Cr_SuFa,5020,0.01,Hamma_Hamma_R,5005,0.01
Area123 (07) troll 299 100,,Harrison,3,0.56,Chilliwack_F,3,0.44,,,,,,,,,
Area123 (07) troll 299 11,,Cowlitz_H_fa,5008,0.59,Washougal_R_Fa,5008,0.15,Spring_Cr_col,5030,0.14,Abernathy_NFH_F,5008,0.09,Elochoman_H,5030,0.01
Area123 (07) troll 299 12,,Cedar_R_SuFa,5020,0.30,Bear_Cr_SuFa,5020,0.26,L_Skagit_R_Fa,5016,0.21,Skagit_R,5016,0.07,Voights_H,5020,0.05
Area123 (07) troll 299 13,,L_Skagit_R_Fa,5016,0.76,Skagit_R,5016,0.14,Coos_H,5011,0.03,Elochoman_R_Fa,5008,0.02,Cowlitz_H_fa,5008,0.01
Area123 (07) troll 299 14,,L_Skagit_R_Fa,5016,0.70,Soos_H,5020,0.14,Clear_Cr_H,5020,0.07,Samish_H,5016,0.04,Skagit_R,5016,0.02
Area123 (07) troll 299 15,,Harrison,3,1.00,Hanford_Reach,5026,0.00,Lyons_Ferry_H,5021,0.00,Clear_Cr_H,5020,0.00,U_Sauk_R_SpSu,5016,0.00
Area123 (07) troll 299 16,,Samish_H,5016,0.60,Clear_Cr_H,5020,0.19,George_Adams_H,5005,0.13,S_Prairie_Cr,5020,0.03,NF_Skokomish_F,5005,0.02
Area123 (07) troll 299 17,,Klamath_R_fa,5007,1.00,Columbia_Rogue,5019,0.00,Umpqua_H,5011,0.00,Clear_Cr_H,5020,0.00,L_Skagit_R_Fa,5016,0.00
Area123 (07) troll 299 18,,Harrison,3,0.99,Chilliwack_F,3,0.00,Capilano,9,0.00,L_Skagit_R_Fa,5016,0.00,Skagit_R,5016,0.00
Area123 (07) troll 299 19,,Harrison,3,0.94,Skagit_R,5016,0.03,Chilliwack_F,3,0.02,Umpqua_H,5011,0.00,L_Skagit_R_Fa,5016,0.00
Area123 (07) troll 299 2,,Soos_H,5020,0.40,Bear_Cr_SuFa,5020,0.18,Cedar_R_SuFa,5020,0.17,Hamma_Hamma_R,5005,0.07,NF_Skokomish_F,5005,0.06
Area123 (07) troll 299 20,,Hanford_Reach,5026,0.86,Lyons_Ferry_H,5021,0.12,Umatilla_H,5026,0.01,U_Deschutes_R,5004,0.00,Washougal_R_Fa,5008,0.00
Area123 (07) troll 299 21,,Spring_Cr_col,5030,0.76,Abernathy_NFH_F,5008,0.20,Elochoman_H,5030,0.04,Sol_Duc_H,5028,0.00,Abernathy_Cr_Fa,5008,0.00
Area123 (07) troll 299 22,,Skagit_R,5016,0.87,Harrison,3,0.07,L_Skagit_R_Fa,5016,0.05,Bear_Cr_SuFa,5020,0.01,Snoqualmie_R,5016,0.00
Area123 (07) troll 299 3,,George_Adams_H,5005,0.44,NF_Skokomish_F,5005,0.23,Cedar_R_SuFa,5020,0.14,Bear_Cr_SuFa,5020,0.10,Hamma_Hamma_R,5005,0.05
Area123 (07) troll 299 35,,Soos_H,5020,0.32,Bear_Cr_SuFa,5020,0.27,Grovers_Cr_H,5020,0.13,NF_Skokomish_F,5005,0.08,Cedar_R_SuFa,5020,0.07
Area123 (07) troll 299 36,,L_Skagit_R_Fa,5016,0.44,Skagit_R,5016,0.43,Marblemount_Hsu,5016,0.08,U_Sauk_R_SpSu,5016,0.03,NF_Skokomish_F,5005,0.00
Area123 (07) troll 299 37,,Bear_Cr_SuFa,5020,0.65,George_Adams_H,5005,0.27,Cedar_R_SuFa,5020,0.03,UW_H_SuFa,5020,0.01,Soos_H,5020,0.01
Area123 (07) troll 299 38,,Spring_Cr_col,5030,1.00,Elochoman_H,5030,0.00,Abernathy_NFH_F,5008,0.00,Washougal_R_Fa,5008,0.00,,,
Area123 (07) troll 299 39,,Clear_Cr_H,5020,0.17,Soos_H,5020,0.16,Cedar_R_SuFa,5020,0.11,NF_Skokomish_F,5005,0.10,Puntledge_BackX,7,0.10
Area123 (07) troll 299 4,,Elochoman_H,5030,0.29,Abernathy_NFH_F,5008,0.29,Cowlitz_H_fa,5008,0.26,Washougal_R_Fa,5008,0.13,Elochoman_R_Fa,5008,0.03
Area123 (07) troll 299 40,,Bear_Cr_SuFa,5020,0.32,Soos_H,5020,0.32,Cedar_R_SuFa,5020,0.11,NF_Skokomish_F,5005,0.10,Samish_H,5016,0.09
Area123 (07) troll 299 41,,Sol_Duc_H,5028,0.56,S_Umpqua_H,5011,0.08,Cedar_R_SuFa,5020,0.07,Cowlitz_H_fa,5008,0.06,Elochoman_R_Fa,5008,0.04
Area123 (07) troll 299 42,,Coos_H,5011,0.87,Elochoman_R_Fa,5008,0.03,S_Coos_R,5011,0.03,Cowlitz_H_fa,5008,0.02,Lyons_Ferry_H,5021,0.02
Area123 (07) troll 299 43,,Washougal_R_Fa,5008,0.42,Abernathy_NFH_F,5008,0.33,Elochoman_H,5030,0.17,Lewis_R_Su,5008,0.03,Elochoman_R_Fa,5008,0.01
Area123 (07) troll 299 44,,Washougal_R_Fa,5008,0.80,Cowlitz_H_fa,5008,0.14,Spring_Cr_col,5030,0.04,Elochoman_R_Fa,5008,0.01,Green_R_Fa,5008,0.00
Area123 (07) troll 299 45,,Clear_Cr_H,5020,0.40,Hamma_Hamma_R,5005,0.21,Bear_Cr_SuFa,5020,0.15,Soos_H,5020,0.12,NF_Skokomish_F,5005,0.09
Area123 (07) troll 299 46,,U_Deschutes_R,5004,0.90,Methow_R,5026,0.06,Hanford_Reach,5026,0.03,Harrison,3,0.01,L_Deschutes_R,5004,0.00
Area123 (07) troll 299 47,,Puntledge_BackX,7,0.98,Cowichan,7,0.02,Cedar_R_SuFa,5020,0.00,Puntledge_F,7,0.00,,,
Area123 (07) troll 299 48,,Harrison,3,0.85,Chilliwack_F,3,0.15,Chilliwac@Stav,3,0.00,,,,,,
Area123 (07) troll 299 49,,Skagit_R,5016,0.48,L_Skagit_R_Fa,5016,0.40,Bear_Cr_SuFa,5020,0.06,Cedar_R_SuFa,5020,0.05,Hamma_Hamma_R,5005,0.00
Area123 (07) troll 299 5,,Cedar_R_SuFa,5020,0.75,Samish_H,5016,0.16,NF_Skokomish_F,5005,0.07,Hamma_Hamma_R,5005,0.01,L_Skagit_R_Fa,5016,0.00
Area123 (07) troll 299 50,,Clear_Cr_H,5020,0.23,Soos_H,5020,0.20,Hamma_Hamma_R,5005,0.17,Voights_H,5020,0.14,S_Prairie_Cr,5020,0.08
Area123 (07) troll 299 51,Dupe with 907,S_Prairie_Cr,5020,0.52,Marblemount_Hsu,5016,0.13,NF_Skokomish_F,5005,0.11,L_Skagit_R_Fa,5016,0.11,George_Adams_H,5005,0.06
Area123 (07) troll 299 52,,Clear_Cr_H,5020,0.54,Voights_H,5020,0.13,Bear_Cr_SuFa,5020,0.10,George_Adams_H,5005,0.09,Soos_H,5020,0.05
Area123 (07) troll 299 53,Dupe with 905,S_Prairie_Cr,5020,0.53,Marblemount_Hsu,5016,0.13,NF_Skokomish_F,5005,0.11,L_Skagit_R_Fa,5016,0.11,George_Adams_H,5005,0.06
Area123 (07) troll 299 54,,Soos_H,5020,0.32,Bear_Cr_SuFa,5020,0.24,Hamma_Hamma_R,5005,0.23,Samish_H,5016,0.10,Cedar_R_SuFa,5020,0.07
Area123 (07) troll 299 55,,L_Skagit_R_Fa,5016,0.31,Bear_Cr_SuFa,5020,0.23,NF_Nooksack_H,5016,0.21,Soos_H,5020,0.06,Cedar_R_SuFa,5020,0.06
Area123 (07) troll 299 56,,Hanford_Reach,5026,0.78,Methow_R,5026,0.14,Lyons_Ferry_H,5021,0.04,U_Deschutes_R,5004,0.01,Nez_PerceT_H,5021,0.01
Area123 (07) troll 299 57,,Chilliwack_F,3,0.98,Harrison,3,0.02,Chilliwac@Stav,3,0.00,,,,,,
Area123 (07) troll 299 58,,Hanford_Reach,5026,0.85,Umatilla_H,5026,0.07,Lyons_Ferry_H,5021,0.03,Methow_R,5026,0.03,Wells_H,5026,0.02
Area123 (07) troll 299 59,,Soos_H,5020,0.63,Samish_H,5016,0.11,Bear_Cr_SuFa,5020,0.11,L_Skagit_R_Fa,5016,0.06,S_Prairie_Cr,5020,0.06
Area123 (07) troll 299 6,,Soos_H,5020,0.41,Hamma_Hamma_R,5005,0.38,Bear_Cr_SuFa,5020,0.06,Cedar_R_SuFa,5020,0.04,S_Prairie_Cr,5020,0.04
Area123 (07) troll 299 60,,NF_Nooksack_H,5016,0.99,Marblemount_Hsu,5016,0.01,Skagit_R,5016,0.00,L_Skagit_R_Fa,5016,0.00,Voights_H,5020,0.00
Area123 (07) troll 299 61,,Soos_H,5020,0.38,Voights_H,5020,0.18,S_Prairie_Cr,5020,0.15,NF_Skokomish_F,5005,0.07,Bear_Cr_SuFa,5020,0.06
Area123 (07) troll 299 62,,Soos_H,5020,0.25,S_Prairie_Cr,5020,0.21,Bear_Cr_SuFa,5020,0.12,George_Adams_H,5005,0.12,Voights_H,5020,0.09
Area123 (07) troll 299 63,,Clear_Cr_H,5020,0.77,S_Prairie_Cr,5020,0.13,Cedar_R_SuFa,5020,0.07,Voights_H,5020,0.03,Bear_Cr_SuFa,5020,0.00
Area123 (07) troll 299 64,,Bear_Cr_SuFa,5020,0.60,George_Adams_H,5005,0.22,Clear_Cr_H,5020,0.06,Soos_H,5020,0.03,Grovers_Cr_H,5020,0.02
Area123 (07) troll 299 65,,Bear_Cr_SuFa,5020,0.28,Hamma_Hamma_R,5005,0.26,Samish_H,5016,0.19,S_Prairie_Cr,5020,0.09,Cedar_R_SuFa,5020,0.09
Area123 (07) troll 299 66,,Cedar_R_SuFa,5020,0.36,Bear_Cr_SuFa,5020,0.20,George_Adams_H,5005,0.17,Soos_H,5020,0.08,Clear_Cr_H,5020,0.08
Area123 (07) troll 299 67,,Cedar_R_SuFa,5020,0.34,Bear_Cr_SuFa,5020,0.18,S_Prairie_Cr,5020,0.14,Samish_H,5016,0.14,Soos_H,5020,0.09
Area123 (07) troll 299 68,,Spring_Cr_col,5030,0.68,Abernathy_NFH_F,5008,0.31,Cowlitz_H_fa,5008,0.00,Cowlitz_H_sp,5009,0.00,Elochoman_H,5030,0.00
Area123 (07) troll 299 69,,Clear_Cr_H,5020,0.24,Cedar_R_SuFa,5020,0.22,Hamma_Hamma_R,5005,0.14,George_Adams_H,5005,0.13,Bear_Cr_SuFa,5020,0.08
Area123 (07) troll 299 7,,Abernathy_NFH_F,5008,0.82,Elochoman_H,5030,0.09,Spring_Cr_col,5030,0.08,Cowlitz_H_fa,5008,0.00,Big_Cr_H_Col,5030,0.00
Area123 (07) troll 299 70,,Soos_H,5020,0.68,Clear_Cr_H,5020,0.12,L_Skagit_R_Fa,5016,0.10,Hamma_Hamma_R,5005,0.03,Cedar_R_SuFa,5020,0.02
Area123 (07) troll 299 71,,Bear_Cr_SuFa,5020,0.46,Cedar_R_SuFa,5020,0.33,Soos_H,5020,0.07,Clear_Cr_H,5020,0.05,Samish_H,5016,0.04
Area123 (07) troll 299 72,,NF_Skokomish_F,5005,0.39,S_Prairie_Cr,5020,0.22,Clear_Cr_H,5020,0.14,Grovers_Cr_H,5020,0.08,Samish_H,5016,0.06
Area123 (07) troll 299 73,,Samish_H,5016,0.79,Bear_Cr_SuFa,5020,0.06,Clear_Cr_H,5020,0.05,Cedar_R_SuFa,5020,0.03,Voights_H,5020,0.03
Area123 (07) troll 299 74,,S_Prairie_Cr,5020,0.71,Cedar_R_SuFa,5020,0.14,Clear_Cr_H,5020,0.06,Samish_H,5016,0.05,Soos_H,5020,0.02
Area123 (07) troll 299 75,,Soos_H,5020,0.73,Bear_Cr_SuFa,5020,0.08,Grovers_Cr_H,5020,0.06,Cedar_R_SuFa,5020,0.05,S_Prairie_Cr,5020,0.03
Area123 (07) troll 299 76,,Soos_H,5020,0.46,L_Skagit_R_Fa,5016,0.20,Bear_Cr_SuFa,5020,0.16,Clear_Cr_H,5020,0.04,Samish_H,5016,0.04
Area123 (07) troll 299 77,,NF_Skokomish_F,5005,0.68,Clear_Cr_H,5020,0.10,George_Adams_H,5005,0.07,Bear_Cr_SuFa,5020,0.06,Soos_H,5020,0.04
Area123 (07) troll 299 78,,Bear_Cr_SuFa,5020,0.58,Soos_H,5020,0.23,Cedar_R_SuFa,5020,0.14,Hamma_Hamma_R,5005,0.02,NF_Skokomish_F,5005,0.01
Area123 (07) troll 299 79,,Harrison,3,0.90,Chilliwack_F,3,0.10,,,,,,,,,
Area123 (07) troll 299 8,,Hanford_Reach,5026,0.91,Methow_R,5026,0.04,L_Wh_Sal_H_SF,5026,0.03,Priest_Rapid_H,5026,0.00,Nez_PerceT_H,5021,0.00
Area123 (07) troll 299 80,,Cowlitz_H_fa,5008,0.57,Washougal_R_Fa,5008,0.34,Lewis_R_Su,5008,0.07,Elochoman_H,5030,0.01,Abernathy_NFH_F,5008,0.00
Area123 (07) troll 299 81,,Harrison,3,1.00,Chilliwack_F,3,0.00,,,,,,,,,
Area123 (07) troll 299 82,,Cedar_R_SuFa,5020,0.44,Bear_Cr_SuFa,5020,0.32,L_Skagit_R_Fa,5016,0.06,George_Adams_H,5005,0.06,Soos_H,5020,0.05
Area123 (07) troll 299 83,,Harrison,3,0.91,Chilliwack_F,3,0.08,Chilliwac@Stav,3,0.00,Nazko,2,0.00,,,
Area123 (07) troll 299 84,,Harrison,3,0.65,Hamma_Hamma_R,5005,0.22,L_Skagit_R_Fa,5016,0.09,Hanford_Reach,5026,0.01,NF_Skokomish_F,5005,0.00
Area123 (07) troll 299 85,,Washougal_R_Fa,5008,0.97,Hanford_Reach,5026,0.01,Abernathy_NFH_F,5008,0.01,Lewis_R_Su,5008,0.01,Elochoman_H,5030,0.00
Area123 (07) troll 299 86,,Skagit_R,5016,0.96,Washougal_R_Fa,5008,0.01,Harrison,3,0.01,Marblemount_HSp,5016,0.01,Sandy_R,5008,0.00
Area123 (07) troll 299 87,,Hanford_Reach,5026,0.81,Lyons_Ferry_H,5021,0.08,Umatilla_H,5026,0.04,Methow_R,5026,0.03,Washougal_R_Fa,5008,0.01
Area123 (07) troll 299 88,,Hanford_Reach,5026,0.68,L_Wh_Sal_H_SF,5026,0.11,Methow_R,5026,0.06,Lyons_Ferry_H,5021,0.02,Washougal_R_Fa,5008,0.02
Area123 (07) troll 299 89,,Harrison,3,0.44,Hanford_Reach,5026,0.30,Methow_R,5026,0.15,Soos_H,5020,0.04,George_Adams_H,5005,0.02
Area123 (07) troll 299 9,,Cowlitz_H_fa,5008,0.72,Coos_H,5011,0.19,Washougal_R_Fa,5008,0.05,S_Umpqua_H,5011,0.02,Elochoman_R_Fa,5008,0.00
Area123 (07) troll 299 90,,Bear_Cr_SuFa,5020,0.71,Soos_H,5020,0.09,Clear_Cr_H,5020,0.08,S_Prairie_Cr,5020,0.04,Voights_H,5020,0.03
Area123 (07) troll 299 91,,Soos_H,5020,0.53,S_Prairie_Cr,5020,0.19,Clear_Cr_H,5020,0.09,Cedar_R_SuFa,5020,0.05,L_Skagit_R_Fa,5016,0.04
Area123 (07) troll 299 92,,Hanford_Reach,5026,0.53,Methow_R,5026,0.39,Lyons_Ferry_H,5021,0.05,Umatilla_H,5026,0.01,L_Wh_Sal_H_SF,5026,0.01
Area123 (07) troll 299 93,,Bear_Cr_SuFa,5020,0.80,Soos_H,5020,0.05,Hamma_Hamma_R,5005,0.05,Samish_H,5016,0.04,Cedar_R_SuFa,5020,0.03
Area123 (07) troll 299 94,,Spring_Cr_col,5030,0.75,Abernathy_NFH_F,5008,0.20,S_Prairie_Cr,5020,0.02,Bear_Cr_SuFa,5020,0.01,Grovers_Cr_H,5020,0.01
Area123 (07) troll 299 95,,Hanford_Reach,5026,0.70,Cedar_R_SuFa,5020,0.14,Methow_R,5026,0.09,L_Wh_Sal_H_SF,5026,0.02,Wells_H,5026,0.01
Area123 (07) troll 299 96,,Soos_H,5020,0.43,Hamma_Hamma_R,5005,0.36,Cedar_R_SuFa,5020,0.12,George_Adams_H,5005,0.05,Bear_Cr_SuFa,5020,0.03
Area123 (07) troll 299 97,,L_Skagit_R_Fa,5016,0.84,Butte_Cr_f,5001,0.05,Skagit_R,5016,0.03,Feather_H_fa,5001,0.03,Battle_Cr,5001,0.01
Area123 (07) troll 299 98,,Sol_Duc_H,5028,0.58,Harrison,3,0.35,Chilliwack_F,3,0.02,L_Skagit_R_Fa,5016,0.02,Capilano,9,0.01
Area123 (07) troll 299 99,,Bear_Cr_SuFa,5020,0.23,Soos_H,5020,0.21,Clear_Cr_H,5020,0.18,Cedar_R_SuFa,5020,0.16,S_Prairie_Cr,5020,0.09
Area123 (07) troll 36 186,,Harrison,3,0.32,Bear_Cr_SuFa,5020,0.24,Samish_H,5016,0.15,L_Skagit_R_Fa,5016,0.08,Grovers_Cr_H,5020,0.08
Area123 (07) troll 36 187,,NF_Nooksack_H,5016,1.00,,,,,,,,,,,,
Area123 (07) troll 36 188,,Clear_Cr_H,5020,0.61,George_Adams_H,5005,0.12,Cedar_R_SuFa,5020,0.06,Soos_H,5020,0.06,Bear_Cr_SuFa,5020,0.04
Area123 (07) troll 36 189,,L_Skagit_R_Fa,5016,0.65,Bear_Cr_SuFa,5020,0.15,Cedar_R_SuFa,5020,0.06,George_Adams_H,5005,0.05,Skagit_R,5016,0.04
Area123 (07) troll 36 190,,Grovers_Cr_H,5020,0.98,Hamma_Hamma_R,5005,0.01,George_Adams_H,5005,0.00,NF_Skokomish_F,5005,0.00,S_Prairie_Cr,5020,0.00
Area123 (07) troll 36 191,,Cedar_R_SuFa,5020,0.57,Soos_H,5020,0.18,Bear_Cr_SuFa,5020,0.09,Clear_Cr_H,5020,0.06,S_Prairie_Cr,5020,0.04
Area123 (07) troll 36 192,,Bear_Cr_SuFa,5020,0.37,Soos_H,5020,0.25,Cedar_R_SuFa,5020,0.14,Clear_Cr_H,5020,0.13,Samish_H,5016,0.03
Area123 (07) troll 36 193,,NF_Nooksack_H,5016,1.00,Skagit_R,5016,0.00,,,,,,,,,
Area123 (07) troll 36 36,,NF_Nooksack_H,5016,1.00,Skagit_R,5016,0.00,,,,,,,,,
Area123 (07) troll 36 37,,Harrison,3,1.00,Chilliwack_F,3,0.00,Marblemount_Hsu,5016,0.00,U_Sauk_R_SpSu,5016,0.00,U_Skagit_R,5016,0.00
Area123 (07) troll 36 38,,George_Adams_H,5005,0.82,NF_Skokomish_F,5005,0.05,Clear_Cr_H,5020,0.05,Hamma_Hamma_R,5005,0.02,L_Skagit_R_Fa,5016,0.02
Area123 (07) troll 36 39,,Puntledge_BackX,7,0.96,Cowichan,7,0.04,Nanaimo_F,7,0.00,Puntledge_F,7,0.00,L_Qualicum,7,0.00
Area123 (07) troll 36 40,,Bear_Cr_SuFa,5020,0.34,L_Skagit_R_Fa,5016,0.23,Cedar_R_SuFa,5020,0.13,Skagit_R,5016,0.10,Soos_H,5020,0.05
Area123 (07) troll 36 41,,Skagit_R,5016,0.84,L_Skagit_R_Fa,5016,0.15,Marblemount_Hsu,5016,0.01,U_Sauk_R_SpSu,5016,0.00,Hamma_Hamma_R,5005,0.00
Area123 (07) troll 36 42,,Spring_Cr_col,5030,0.48,Abernathy_NFH_F,5008,0.25,Elochoman_H,5030,0.24,Cowlitz_H_fa,5008,0.03,Big_Cr_H_Col,5030,0.00
Area123 (07) troll 36 43,,Spring_Cr_col,5030,0.99,Abernathy_NFH_F,5008,0.01,Cowlitz_H_fa,5008,0.00,Abernathy_Cr_Fa,5008,0.00,Washougal_R_Fa,5008,0.00
Area123 (07) troll 36 44,,NF_Nooksack_H,5016,1.00,Skagit_R,5016,0.00,U_Skagit_R,5016,0.00,,,,,,
Area123 (07) troll 36 45,,George_Adams_H,5005,0.32,Bear_Cr_SuFa,5020,0.22,NF_Skokomish_F,5005,0.17,Hamma_Hamma_R,5005,0.09,Grovers_Cr_H,5020,0.07
Area123 (07) troll 36 46,,Skagit_R,5016,0.70,Harrison,3,0.18,L_Skagit_R_Fa,5016,0.08,Chilliwack_F,3,0.02,Skykomish_R,5016,0.01
Area123 (07) troll 36 47,,Cedar_R_SuFa,5020,0.28,Soos_H,5020,0.23,Bear_Cr_SuFa,5020,0.17,NF_Skokomish_F,5005,0.12,Voights_H,5020,0.08
Area123 (07) troll 36 48,,Harrison,3,0.23,Soos_H,5020,0.20,Hamma_Hamma_R,5005,0.19,Bear_Cr_SuFa,5020,0.15,Clear_Cr_H,5020,0.15
Area123 (07) troll 36 49,,Soos_H,5020,0.94,Clear_Cr_H,5020,0.04,Hamma_Hamma_R,5005,0.01,George_Adams_H,5005,0.00,S_Prairie_Cr,5020,0.00
Area123 (07) troll 61 25,,George_Adams_H,5005,0.22,Skagit_R,5016,0.18,Grovers_Cr_H,5020,0.15,NF_Skokomish_F,5005,0.14,Soos_H,5020,0.09
Area123 (07) troll 61 26,,L_Skagit_R_Fa,5016,0.53,Skagit_R,5016,0.28,U_Sauk_R_SpSu,5016,0.09,Marblemount_HSp,5016,0.09,U_Sauk_R,5016,0.00
Area123 (07) troll 61 27,,White_H,5020,0.97,Harrison,3,0.01,Grovers_Cr_H,5020,0.01,George_Adams_H,5005,0.00,Cedar_R_SuFa,5020,0.00
Area123 (07) troll 61 28,,McKenzie_H,5029,0.52,N_Santiam_H,5029,0.48,Hanford_Reach,5026,0.00,Lyons_Ferry_H,5021,0.00,Wells_H,5026,0.00
Area123 (07) troll 61 29,,NF_Nooksack_H,5016,1.00,,,,,,,,,,,,
Area123 (07) troll 61 30,,Bear_Cr_SuFa,5020,0.40,Cedar_R_SuFa,5020,0.23,S_Prairie_Cr,5020,0.12,Soos_H,5020,0.12,Clear_Cr_H,5020,0.04
Area123 (07) troll 61 31,,Cowlitz_H_sp,5009,0.89,Cowlitz_H_fa,5008,0.11,Lewis_R_Su,5008,0.00,,,,,,
Area123 (07) troll 61 32,,Soos_H,5020,0.85,Cedar_R_SuFa,5020,0.06,Hamma_Hamma_R,5005,0.03,Bear_Cr_SuFa,5020,0.03,S_Prairie_Cr,5020,0.02
Area123 (07) troll 61 33,,Lyons_Ferry_H,5021,0.95,Hanford_Reach,5026,0.05,Nez_PerceT_H,5021,0.00,U_Deschutes_R,5004,0.00,Umatilla_H,5026,0.00
Area123 (07) troll 61 34,,Clear_Cr_H,5020,0.53,Soos_H,5020,0.15,Hamma_Hamma_R,5005,0.12,George_Adams_H,5005,0.12,S_Prairie_Cr,5020,0.02
Area123 (07) troll 61 35,,Bear_Cr_SuFa,5020,0.60,Cedar_R_SuFa,5020,0.18,Voights_H,5020,0.05,George_Adams_H,5005,0.05,Soos_H,5020,0.04
Area123 (07) troll 66 176,,Hamma_Hamma_R,5005,0.48,Bear_Cr_SuFa,5020,0.29,Soos_H,5020,0.07,Voights_H,5020,0.07,S_Prairie_Cr,5020,0.06
Area123 (07) troll 66 177,,NF_Nooksack_H,5016,1.00,Marblemount_Hsu,5016,0.00,Chilliwack_F,3,0.00,Skagit_R,5016,0.00,,,
Area123 (07) troll 66 178,,NF_Skokomish_F,5005,0.47,Cedar_R_SuFa,5020,0.21,Bear_Cr_SuFa,5020,0.16,L_Skagit_R_Fa,5016,0.08,Samish_H,5016,0.03
Area123 (07) troll 66 179,,Bear_Cr_SuFa,5020,0.74,Cedar_R_SuFa,5020,0.13,Soos_H,5020,0.03,Harrison,3,0.02,Grovers_Cr_H,5020,0.02
Area123 (07) troll 66 180,,Cedar_R_SuFa,5020,0.34,George_Adams_H,5005,0.20,Grovers_Cr_H,5020,0.17,Bear_Cr_SuFa,5020,0.08,NF_Skokomish_F,5005,0.07
Area123 (07) troll 66 181,,Bear_Cr_SuFa,5020,0.66,Cedar_R_SuFa,5020,0.14,Soos_H,5020,0.10,S_Prairie_Cr,5020,0.02,Grovers_Cr_H,5020,0.02
Area123 (07) troll 66 182,,NF_Skokomish_F,5005,0.80,Cedar_R_SuFa,5020,0.09,Clear_Cr_H,5020,0.05,Snoqualmie_R,5016,0.02,Voights_H,5020,0.02
Area123 (07) troll 66 183,,S_Prairie_Cr,5020,0.32,Grovers_Cr_H,5020,0.23,Hamma_Hamma_R,5005,0.18,George_Adams_H,5005,0.10,Cedar_R_SuFa,5020,0.07
,,,,,,,,,,,,,,,,
Sample: 3, Area124,2007, troll, Jan17-Jun21,,,,,,,,,,,,
Area124 (07) troll 155 1,,Harrison,3,0.96,Chilliwack_F,3,0.03,Kateen,10,0.01,Shakes_Cr,18,0.00,Skagit_R,5016,0.00
Area124 (07) troll 155 10,,Harrison,3,0.96,Chilliwack_F,3,0.02,Andrew_Cr,5024,0.01,Shakes_Cr,18,0.00,Chickamin_H,5023,0.00
Area124 (07) troll 155 11,,S_Prairie_Cr,5020,0.49,Cedar_R_SuFa,5020,0.43,Voights_H,5020,0.04,Hamma_Hamma_R,5005,0.01,Clear_Cr_H,5020,0.01
Area124 (07) troll 155 12,,U_Sauk_R_SpSu,5016,0.30,S_Prairie_Cr,5020,0.26,Cedar_R_SuFa,5020,0.20,Hamma_Hamma_R,5005,0.17,Skagit_R,5016,0.03
Area124 (07) troll 155 13,,Cedar_R_SuFa,5020,0.85,Hamma_Hamma_R,5005,0.09,Voights_H,5020,0.03,Grovers_Cr_H,5020,0.02,S_Prairie_Cr,5020,0.01
Area124 (07) troll 155 14,,Cedar_R_SuFa,5020,0.51,S_Prairie_Cr,5020,0.34,Clear_Cr_H,5020,0.03,U_Sauk_R_SpSu,5016,0.03,Hamma_Hamma_R,5005,0.02
Area124 (07) troll 155 15,,Wenatchee_R_SF,5026,0.56,Priest_Rapid_H,5026,0.44,Methow_R,5026,0.00,Hanford_Reach,5026,0.00,Umatilla_H,5026,0.00
Area124 (07) troll 155 16,,Priest_Rapid_H,5026,0.79,Wenatchee_R_SF,5026,0.19,Hanford_Reach,5026,0.01,Methow_R,5026,0.00,Lyons_Ferry_H,5021,0.00
Area124 (07) troll 155 17,,S_Prairie_Cr,5020,0.82,Hamma_Hamma_R,5005,0.14,Cedar_R_SuFa,5020,0.02,Voights_H,5020,0.01,George_Adams_H,5005,0.00
Area124 (07) troll 155 18,,Cedar_R_SuFa,5020,0.85,S_Prairie_Cr,5020,0.11,Clear_Cr_H,5020,0.02,Soos_H,5020,0.01,Voights_H,5020,0.00
Area124 (07) troll 155 19,,Spring_Cr_col,5030,0.58,Abernathy_NFH_F,5008,0.42,,,,,,,,,
Area124 (07) troll 155 2,,S_Prairie_Cr,5020,0.55,Cedar_R_SuFa,5020,0.39,Voights_H,5020,0.03,Clear_Cr_H,5020,0.02,Hamma_Hamma_R,5005,0.01
Area124 (07) troll 155 3,,S_Prairie_Cr,5020,0.60,Cedar_R_SuFa,5020,0.34,Voights_H,5020,0.03,Hamma_Hamma_R,5005,0.03,George_Adams_H,5005,0.00
Area124 (07) troll 155 4,,Harrison,3,0.97,Chilliwack_F,3,0.03,,,,,,,,,
Area124 (07) troll 155 5,,S_Prairie_Cr,5020,0.55,Cedar_R_SuFa,5020,0.43,Voights_H,5020,0.00,Hamma_Hamma_R,5005,0.00,Clear_Cr_H,5020,0.00
Area124 (07) troll 155 6,,Harrison,3,0.90,Chilliwack_F,3,0.10,Chilliwac@Stav,3,0.00,,,,,,
Area124 (07) troll 155 7,,Harrison,3,0.93,Chilliwack_F,3,0.03,BlueCr_UpPitt,12,0.02,Upper_Pitt,12,0.01,Cedar_R_SuFa,5020,0.01
Area124 (07) troll 155 8,,Priest_Rapid_H,5026,0.79,Skagit_R,5016,0.09,Lyons_Ferry_H,5021,0.09,Cedar_R_SuFa,5020,0.02,S_Prairie_Cr,5020,0.01
Area124 (07) troll 155 9,,Harrison,3,0.92,Chilliwack_F,3,0.05,Chilliwac@Stav,3,0.02,U_Sauk_R_SpSu,5016,0.01,Barriere,4,0.00
Area124 (07) troll 17 1,,Harrison,3,0.96,Chilliwack_F,3,0.03,Chilliwac@Stav,3,0.00,,,,,,
Area124 (07) troll 17 10,,S_Prairie_Cr,5020,0.45,Cedar_R_SuFa,5020,0.39,Clear_Cr_H,5020,0.10,Voights_H,5020,0.03,Harrison,3,0.01
Area124 (07) troll 17 11,,Harrison,3,0.35,U_Sauk_R_SpSu,5016,0.30,Skagit_R,5016,0.17,S_Prairie_Cr,5020,0.04,Capilano,9,0.04
Area124 (07) troll 17 12,,S_Prairie_Cr,5020,0.79,Cedar_R_SuFa,5020,0.07,Hamma_Hamma_R,5005,0.06,Voights_H,5020,0.02,Grovers_Cr_H,5020,0.02
Area124 (07) troll 17 13,,Cedar_R_SuFa,5020,0.57,S_Prairie_Cr,5020,0.36,Clear_Cr_H,5020,0.03,Voights_H,5020,0.02,Hamma_Hamma_R,5005,0.01
Area124 (07) troll 17 14,,Cedar_R_SuFa,5020,0.93,Hamma_Hamma_R,5005,0.04,Grovers_Cr_H,5020,0.01,Voights_H,5020,0.01,Samish_H,5016,0.01
Area124 (07) troll 17 15,,Cedar_R_SuFa,5020,0.96,Clear_Cr_H,5020,0.02,Grovers_Cr_H,5020,0.01,S_Prairie_Cr,5020,0.00,Samish_H,5016,0.00
Area124 (07) troll 17 16,,U_Sauk_R_SpSu,5016,0.71,Skagit_R,5016,0.25,Cedar_R_SuFa,5020,0.03,Priest_Rapid_H,5026,0.01,Lyons_Ferry_H,5021,0.00
Area124 (07) troll 17 17,,Cedar_R_SuFa,5020,0.93,S_Prairie_Cr,5020,0.07,Grovers_Cr_H,5020,0.00,Clear_Cr_H,5020,0.00,Voights_H,5020,0.00
Area124 (07) troll 17 18,,U_Sauk_R_SpSu,5016,0.91,Skagit_R,5016,0.08,Cedar_R_SuFa,5020,0.00,S_Prairie_Cr,5020,0.00,Washougal_R_Fa,5008,0.00
Area124 (07) troll 17 19,,S_Prairie_Cr,5020,0.95,L_Qualicum,7,0.02,Soos_H,5020,0.01,Hamma_Hamma_R,5005,0.00,Voights_H,5020,0.00
Area124 (07) troll 17 2,,S_Prairie_Cr,5020,0.94,Cedar_R_SuFa,5020,0.02,L_Qualicum,7,0.01,Skagit_R,5016,0.01,Harrison,3,0.00
Area124 (07) troll 17 20,,S_Prairie_Cr,5020,0.62,Cedar_R_SuFa,5020,0.23,Clear_Cr_H,5020,0.09,Hamma_Hamma_R,5005,0.03,Soos_H,5020,0.01
Area124 (07) troll 17 21,,Cedar_R_SuFa,5020,0.38,S_Prairie_Cr,5020,0.37,Hamma_Hamma_R,5005,0.08,U_Sauk_R_SpSu,5016,0.04,Priest_Rapid_H,5026,0.03
Area124 (07) troll 17 22,,U_Sauk_R_SpSu,5016,0.88,Skagit_R,5016,0.05,S_Prairie_Cr,5020,0.03,U_Sauk_R,5016,0.01,Cedar_R_SuFa,5020,0.01
Area124 (07) troll 17 3,,U_Sauk_R_SpSu,5016,0.41,Cedar_R_SuFa,5020,0.30,S_Prairie_Cr,5020,0.21,Hupp_Sp_H,5020,0.03,White_H,5020,0.02
Area124 (07) troll 17 4,,Cedar_R_SuFa,5020,0.61,S_Prairie_Cr,5020,0.17,Hamma_Hamma_R,5005,0.13,Clear_Cr_H,5020,0.05,Soos_H,5020,0.04
Area124 (07) troll 17 5,,U_Sauk_R_SpSu,5016,0.99,Marblemount_HSp,5016,0.01,,,,,,,,,
Area124 (07) troll 17 6,,Spring_Cr_col,5030,0.58,Abernathy_NFH_F,5008,0.42,,,,,,,,,
Area124 (07) troll 17 7,,Harrison,3,0.90,Chilliwack_F,3,0.07,Capilano,9,0.02,Chilliwac@Stav,3,0.01,U_Sauk_R_SpSu,5016,0.00
Area124 (07) troll 17 8,,U_Sauk_R_SpSu,5016,0.84,Cedar_R_SuFa,5020,0.06,S_Prairie_Cr,5020,0.04,Hamma_Hamma_R,5005,0.03,Skagit_R,5016,0.02
Area124 (07) troll 17 9,,S_Prairie_Cr,5020,0.61,U_Sauk_R_SpSu,5016,0.24,Hamma_Hamma_R,5005,0.07,Clear_Cr_H,5020,0.03,White_H,5020,0.02
Area124 (07) troll 172 20,,Washougal_R_Fa,5008,1.00,Cowlitz_H_fa,5008,0.00,Coweeman_R_Fa,5008,0.00,Lewis_R_Su,5008,0.00,,,
Area124 (07) troll 172 21,,Priest_Rapid_H,5026,0.81,Lyons_Ferry_H,5021,0.13,Hanford_Reach,5026,0.06,Nez_PerceT_H,5021,0.00,,,
Area124 (07) troll 172 22,,Washougal_R_Fa,5008,1.00,Elochoman_R_Fa,5008,0.00,,,,,,,,,
Area124 (07) troll 172 23,,S_Prairie_Cr,5020,0.62,Hamma_Hamma_R,5005,0.19,Cedar_R_SuFa,5020,0.11,Clear_Cr_H,5020,0.04,Voights_H,5020,0.03
Area124 (07) troll 172 24,,Cedar_R_SuFa,5020,0.43,S_Prairie_Cr,5020,0.35,Hamma_Hamma_R,5005,0.15,Clear_Cr_H,5020,0.02,Grovers_Cr_H,5020,0.02
Area124 (07) troll 172 25,,S_Prairie_Cr,5020,0.90,Cedar_R_SuFa,5020,0.06,Voights_H,5020,0.04,Clear_Cr_H,5020,0.00,Soos_H,5020,0.00
Area124 (07) troll 172 26,,Washougal_R_Fa,5008,0.97,Tseta,17,0.01,Lewis_R_LSu,5008,0.00,U_Sauk_R_SpSu,5016,0.00,Hackett_r,17,0.00
Area124 (07) troll 172 27,,S_Prairie_Cr,5020,0.50,Cedar_R_SuFa,5020,0.39,Grovers_Cr_H,5020,0.05,Clear_Cr_H,5020,0.03,U_Sauk_R_SpSu,5016,0.01
Area124 (07) troll 172 28,,Priest_Rapid_H,5026,0.81,Lyons_Ferry_H,5021,0.11,Hanford_Reach,5026,0.07,Wenatchee_R_SF,5026,0.01,L_Deschutes_R,5004,0.00
Area124 (07) troll 172 29,,U_Sauk_R_SpSu,5016,0.84,Skagit_R,5016,0.13,Cedar_R_SuFa,5020,0.01,White_H,5020,0.01,Hupp_Sp_H,5020,0.00
Area124 (07) troll 172 30,,Washougal_R_Fa,5008,0.98,Abernathy_NFH_F,5008,0.01,Cowlitz_H_fa,5008,0.01,Abernathy_Cr_Fa,5008,0.00,Cowlitz_H_sp,5009,0.00
Area124 (07) troll 172 31,,S_Prairie_Cr,5020,0.48,Cedar_R_SuFa,5020,0.24,Hamma_Hamma_R,5005,0.13,Clear_Cr_H,5020,0.07,Voights_H,5020,0.03
Area124 (07) troll 172 32,,Cedar_R_SuFa,5020,0.77,U_Sauk_R_SpSu,5016,0.14,S_Prairie_Cr,5020,0.04,White_H,5020,0.02,Harrison,3,0.01
Area124 (07) troll 172 33,,S_Prairie_Cr,5020,0.84,Cedar_R_SuFa,5020,0.14,Hamma_Hamma_R,5005,0.01,Clear_Cr_H,5020,0.00,Voights_H,5020,0.00
Area124 (07) troll 172 34,,Washougal_R_Fa,5008,0.91,Spring_Cr_col,5030,0.04,Abernathy_NFH_F,5008,0.04,Coweeman_R_Fa,5008,0.01,Abernathy_Cr_Fa,5008,0.00
Area124 (07) troll 172 35,,Cedar_R_SuFa,5020,0.94,Hamma_Hamma_R,5005,0.04,Bear_Cr_SuFa,5020,0.01,S_Prairie_Cr,5020,0.00,Soos_H,5020,0.00
Area124 (07) troll 172 36,,S_Prairie_Cr,5020,0.61,Cedar_R_SuFa,5020,0.27,Hamma_Hamma_R,5005,0.05,Clear_Cr_H,5020,0.03,Soos_H,5020,0.03
Area124 (07) troll 172 37,,S_Prairie_Cr,5020,0.96,Hamma_Hamma_R,5005,0.01,Cedar_R_SuFa,5020,0.01,Skagit_R,5016,0.01,U_Sauk_R_SpSu,5016,0.00
Area124 (07) troll 172 38,,Cedar_R_SuFa,5020,0.89,Hamma_Hamma_R,5005,0.06,Voights_H,5020,0.03,Grovers_Cr_H,5020,0.01,S_Prairie_Cr,5020,0.01
Area124 (07) troll 172 39,,S_Prairie_Cr,5020,0.62,Cedar_R_SuFa,5020,0.37,Voights_H,5020,0.01,U_Sauk_R_SpSu,5016,0.00,Soos_H,5020,0.00
Area124 (07) troll 172 40,,S_Prairie_Cr,5020,0.85,Cedar_R_SuFa,5020,0.12,Hamma_Hamma_R,5005,0.02,Voights_H,5020,0.01,Clear_Cr_H,5020,0.01
Area124 (07) troll 172 41,,Cedar_R_SuFa,5020,0.81,S_Prairie_Cr,5020,0.08,Hamma_Hamma_R,5005,0.08,George_Adams_H,5005,0.01,Voights_H,5020,0.01
,,,,,,,,,,,,,,,,
Sample: 4, Area125,2007, troll, Jan23-Oct29,,,,,,,,,,,,
Area125 (07) troll 132 36,,Elochoman_H,5030,0.22,Harrison,3,0.15,Fiddler_Cr,23,0.12,NanaimoSu_BackX,7,0.12,Washougal_R_Fa,5008,0.09
Area125 (07) troll 132 37,,Harrison,3,0.60,Chilliwack_F,3,0.40,L_Chilcoti,2,0.00,Chilliwac@Stav,3,0.00,,,
Area125 (07) troll 132 38,,N_Santiam_H,5029,1.00,Hanford_Reach,5026,0.00,McKenzie_H,5029,0.00,,,,,,
Area125 (07) troll 142 39,,Hanford_Reach,5026,0.84,Methow_R,5026,0.06,Priest_Rapid_H,5026,0.04,U_Sauk_R_SpSu,5016,0.02,Wells_H,5026,0.02
Area125 (07) troll 142 40,Number of missing Loci exceeded,,,,,,,,,,,,,,,
Area125 (07) troll 150 41,,Harrison,3,0.93,Chilliwack_F,3,0.06,L_Qualicum,7,0.00,Washougal_R_Fa,5008,0.00,Sixes_R,5011,0.00
Area125 (07) troll 150 42,,Harrison,3,1.00,U_Sauk_R_SpSu,5016,0.00,Chilliwack_F,3,0.00,Salmon@PG,1,0.00,,,
Area125 (07) troll 150 43,,George_Adams_H,5005,0.62,Hamma_Hamma_R,5005,0.27,S_Prairie_Cr,5020,0.06,Soos_H,5020,0.03,NF_Skokomish_F,5005,0.01
Area125 (07) troll 159 1,,Wells_H,5026,0.44,Hanford_Reach,5026,0.36,Priest_Rapid_H,5026,0.15,Umatilla_H_Fa,5026,0.02,Methow_R,5026,0.02
Area125 (07) troll 159 10,,Wells_H,5026,0.49,Hanford_Reach,5026,0.39,Methow_R,5026,0.09,Priest_Rapid_H,5026,0.02,Umatilla_H_Fa,5026,0.01
Area125 (07) troll 159 11,,U_Sauk_R_SpSu,5016,0.28,Skagit_R,5016,0.25,Forks_Cr_H,5028,0.21,Samish_H,5016,0.08,George_Adams_H,5005,0.04
Area125 (07) troll 159 12,,S_Prairie_Cr,5020,0.38,George_Adams_H,5005,0.35,Soos_H,5020,0.20,Hamma_Hamma_R,5005,0.06,Samish_H,5016,0.01
Area125 (07) troll 159 13,,Harrison,3,0.51,Chilliwack_F,3,0.31,Hanford_Reach,5026,0.04,Elochoman_H,5030,0.04,U_Sauk_R_SpSu,5016,0.04
Area125 (07) troll 159 14,,Harrison,3,0.95,Chilliwack_F,3,0.05,Chilliwac@Stav,3,0.00,,,,,,
Area125 (07) troll 159 15,,Stanislaus_R,5001,0.64,Butte_Cr_f,5001,0.24,Feather_H_fa,5001,0.04,U_Sauk_R_SpSu,5016,0.04,Skagit_R,5016,0.02
Area125 (07) troll 159 16,,Elochoman_H,5030,0.90,Big_Cr_H_Col,5030,0.10,Spring_Cr_col,5030,0.00,Washougal_R_Fa,5008,0.00,Abernathy_NFH_F,5008,0.00
Area125 (07) troll 159 17,,Hamma_Hamma_R,5005,0.74,George_Adams_H,5005,0.13,L_Qualicum,7,0.06,Samish_H,5016,0.06,Puntledge_F,7,0.01
Area125 (07) troll 159 18,,Harrison,3,1.00,Chilliwack_F,3,0.00,L_Qualicum,7,0.00,,,,,,
Area125 (07) troll 159 19,,L_Shuswap,5,1.00,Bessette,5,0.00,Little_R,5,0.00,L_Adams,5,0.00,,,
Area125 (07) troll 159 2,,Hanford_Reach,5026,0.96,Priest_Rapid_H,5026,0.03,Umatilla_H_Fa,5026,0.00,Wells_H,5026,0.00,Umatilla_H,5026,0.00
Area125 (07) troll 159 20,,George_Adams_H,5005,0.33,S_Prairie_Cr,5020,0.21,Soos_H,5020,0.16,Snoqualmie_R,5016,0.12,Hamma_Hamma_R,5005,0.07
Area125 (07) troll 159 21,,Elochoman_H,5030,0.99,Big_Cr_H_Col,5030,0.01,Washougal_R_Fa,5008,0.00,Spring_Cr_col,5030,0.00,Abernathy_NFH_F,5008,0.00
Area125 (07) troll 159 22,,Soos_H,5020,0.83,George_Adams_H,5005,0.11,Hamma_Hamma_R,5005,0.03,Cedar_R_SuFa,5020,0.01,S_Prairie_Cr,5020,0.01
Area125 (07) troll 159 23,,Samish_H,5016,0.98,Soos_H,5020,0.01,Hamma_Hamma_R,5005,0.00,Cedar_R_SuFa,5020,0.00,S_Prairie_Cr,5020,0.00
Area125 (07) troll 159 3,,Harrison,3,0.69,Chilliwack_F,3,0.31,,,,,,,,,
Area125 (07) troll 159 4,,Harrison,3,0.98,Chilliwack_F,3,0.02,Samish_H,5016,0.00,Fiddler_Cr,23,0.00,,,
Area125 (07) troll 159 5,,Elochoman_H,5030,0.72,Harrison,3,0.15,Hanford_Reach,5026,0.07,Washougal_R_Fa,5008,0.03,Samish_H,5016,0.01
Area125 (07) troll 159 6,,Harrison,3,1.00,Chilliwack_F,3,0.00,U_Sauk_R_SpSu,5016,0.00,,,,,,
Area125 (07) troll 159 7,,S_Prairie_Cr,5020,0.45,Hamma_Hamma_R,5005,0.27,Soos_H,5020,0.23,NF_Skokomish_F,5005,0.02,George_Adams_H,5005,0.02
Area125 (07) troll 159 8,,Hanford_Reach,5026,0.97,Wells_H,5026,0.02,Priest_Rapid_H,5026,0.01,Umatilla_H_Fa,5026,0.00,L_Skagit_R_Fa,5016,0.00
Area125 (07) troll 159 9,,N_Santiam_H,5029,1.00,McKenzie_H,5029,0.00,Lewis_H_sp,5009,0.00,,,,,,
Area125 (07) troll 160 51,,Harrison,3,0.59,Chilliwack_F,3,0.40,Snoqualmie_R,5016,0.01,Hamma_Hamma_R,5005,0.00,Cedar_R_SuFa,5020,0.00
Area125 (07) troll 160 52,,George_Adams_H,5005,0.93,Hamma_Hamma_R,5005,0.04,NF_Skokomish_F,5005,0.01,S_Prairie_Cr,5020,0.00,Soos_H,5020,0.00
Area125 (07) troll 160 53,,Soos_H,5020,0.41,S_Prairie_Cr,5020,0.34,Hamma_Hamma_R,5005,0.14,Samish_H,5016,0.05,Cedar_R_SuFa,5020,0.04
Area125 (07) troll 160 54,,N_Santiam_H,5029,1.00,L_Qualicum,7,0.00,Elochoman_H,5030,0.00,,,,,,
Area125 (07) troll 160 55,,Washougal_R_Fa,5008,0.67,Elochoman_H,5030,0.28,Big_Cr_H_Col,5030,0.05,Spring_Cr_col,5030,0.00,Abernathy_NFH_F,5008,0.00
Area125 (07) troll 160 56,,Salmon@PG,1,0.40,Taseko,2,0.23,Torpy,1,0.11,Bowron,1,0.09,L_Cariboo,2,0.06
Area125 (07) troll 160 57,,Harrison,3,0.90,Chilliwack_F,3,0.09,S_Prairie_Cr,5020,0.00,Snoqualmie_R,5016,0.00,Hamma_Hamma_R,5005,0.00
Area125 (07) troll 160 58,,L_Shuswap,5,1.00,Bessette,5,0.00,,,,,,,,,
Area125 (07) troll 160 59,,U_Sauk_R_SpSu,5016,0.24,Hoh_R,5028,0.16,George_Adams_H,5005,0.14,Hamma_Hamma_R,5005,0.09,Soos_H,5020,0.09
Area125 (07) troll 162 60,,Harrison,3,0.99,Chilliwack_F,3,0.01,,,,,,,,,
Area125 (07) troll 162 61,,Harrison,3,0.50,Chilliwack_F,3,0.43,U_Sauk_R_SpSu,5016,0.04,Snoqualmie_R,5016,0.02,Skagit_R,5016,0.00
Area125 (07) troll 162 62,,Samish_H,5016,0.31,Hamma_Hamma_R,5005,0.26,George_Adams_H,5005,0.20,S_Prairie_Cr,5020,0.13,Soos_H,5020,0.03
Area125 (07) troll 162 63,,Soos_H,5020,0.31,George_Adams_H,5005,0.21,Hamma_Hamma_R,5005,0.17,S_Prairie_Cr,5020,0.16,NF_Skokomish_F,5005,0.13
Area125 (07) troll 173 64,,L_Qualicum,7,0.55,Puntledge_F,7,0.40,Puntledge_BackX,7,0.04,Hamma_Hamma_R,5005,0.01,George_Adams_H,5005,0.00
Area125 (07) troll 173 65,,George_Adams_H,5005,0.72,S_Prairie_Cr,5020,0.13,Hamma_Hamma_R,5005,0.08,Samish_H,5016,0.02,NF_Skokomish_F,5005,0.02
Area125 (07) troll 173 66,,Samish_H,5016,0.56,George_Adams_H,5005,0.23,NF_Skokomish_F,5005,0.05,Soos_H,5020,0.05,Hamma_Hamma_R,5005,0.04
Area125 (07) troll 173 67,,L_Shuswap,5,0.87,NanaimoSu_BackX,7,0.08,Little_R,5,0.01,Maria_Slough,13,0.01,U_Sauk_R_SpSu,5016,0.01
Area125 (07) troll 173 68,,George_Adams_H,5005,0.52,Hamma_Hamma_R,5005,0.19,NF_Skokomish_F,5005,0.09,Samish_H,5016,0.08,S_Prairie_Cr,5020,0.07
Area125 (07) troll 173 69,,Elochoman_H,5030,0.95,Washougal_R_Fa,5008,0.04,Big_Cr_H_Col,5030,0.01,Green_R_Fa,5008,0.00,,,
Area125 (07) troll 173 70,,Hamma_Hamma_R,5005,0.82,Snoqualmie_R,5016,0.07,Skagit_R,5016,0.03,NF_Skokomish_F,5005,0.02,Cedar_R_SuFa,5020,0.02
Area125 (07) troll 173 71,,Harrison,3,0.93,Snoqualmie_R,5016,0.03,U_Sauk_R_SpSu,5016,0.01,Samish_H,5016,0.01,Hamma_Hamma_R,5005,0.01
Area125 (07) troll 173 72,,Trask_R,5015,0.45,Nestucca_H,5015,0.28,S_Umpqua_H,5011,0.15,Kilchis_R,5015,0.11,Hoh_R,5028,0.01
Area125 (07) troll 173 73,,Samish_H,5016,0.30,Hamma_Hamma_R,5005,0.26,S_Prairie_Cr,5020,0.23,Soos_H,5020,0.19,Cedar_R_SuFa,5020,0.01
Area125 (07) troll 173 74,,Samish_H,5016,0.90,S_Prairie_Cr,5020,0.07,George_Adams_H,5005,0.01,Soos_H,5020,0.00,Hamma_Hamma_R,5005,0.00
Area125 (07) troll 173 75,,Hanford_Reach,5026,0.71,Wells_H,5026,0.21,Priest_Rapid_H,5026,0.06,Umatilla_H_Fa,5026,0.01,Methow_R,5026,0.01
Area125 (07) troll 173 76,,Hamma_Hamma_R,5005,0.79,S_Prairie_Cr,5020,0.11,Soos_H,5020,0.04,George_Adams_H,5005,0.04,NF_Skokomish_F,5005,0.01
Area125 (07) troll 173 77,,George_Adams_H,5005,0.76,Hamma_Hamma_R,5005,0.17,Soos_H,5020,0.05,S_Prairie_Cr,5020,0.01,NF_Skokomish_F,5005,0.00
Area125 (07) troll 173 78,,Harrison,3,1.00,Chilliwack_F,3,0.00,Fiddler_Cr,23,0.00,,,,,,
Area125 (07) troll 173 79,,Washougal_R_Fa,5008,0.99,Elochoman_H,5030,0.00,Green_R_Fa,5008,0.00,Sandy_R,5008,0.00,Lewis_R_Su,5008,0.00
Area125 (07) troll 173 80,,Chilliwack_F,3,0.98,Harrison,3,0.02,,,,,,,,,
Area125 (07) troll 173 81,,Hanford_Reach,5026,0.47,Wells_H,5026,0.26,Priest_Rapid_H,5026,0.22,Umatilla_H_Fa,5026,0.03,Harrison,3,0.01
Area125 (07) troll 173 82,,Samish_H,5016,0.33,Snoqualmie_R,5016,0.32,Soos_H,5020,0.10,L_Skagit_R_Fa,5016,0.05,George_Adams_H,5005,0.04
Area125 (07) troll 173 83,,George_Adams_H,5005,0.52,Hamma_Hamma_R,5005,0.30,NF_Skokomish_F,5005,0.18,Cedar_R_SuFa,5020,0.00,Samish_H,5016,0.00
Area125 (07) troll 173 84,,Samish_H,5016,0.57,Soos_H,5020,0.32,S_Prairie_Cr,5020,0.08,Snoqualmie_R,5016,0.01,Cedar_R_SuFa,5020,0.01
Area125 (07) troll 173 85,,Samish_H,5016,0.98,L_Skagit_R_Fa,5016,0.01,George_Adams_H,5005,0.01,Soos_H,5020,0.00,S_Prairie_Cr,5020,0.00
Area125 (07) troll 174 100,,Washougal_R_Fa,5008,1.00,Elochoman_H,5030,0.00,Lewis_R_f,5008,0.00,Hanford_Reach,5026,0.00,,,
Area125 (07) troll 174 86,,Chilliwack_F,3,0.75,Harrison,3,0.25,Hoh_R,5028,0.00,L_Thompson,5,0.00,Cheakamus,9,0.00
Area125 (07) troll 174 87,,Washougal_R_Fa,5008,0.56,Elochoman_H,5030,0.43,Big_Cr_H_Col,5030,0.01,Spring_Cr_col,5030,0.00,Abernathy_NFH_F,5008,0.00
Area125 (07) troll 174 88,,George_Adams_H,5005,0.69,Hamma_Hamma_R,5005,0.27,Soos_H,5020,0.03,S_Prairie_Cr,5020,0.01,L_Qualicum,7,0.00
Area125 (07) troll 174 89,,Hanford_Reach,5026,0.85,Feather_H_fa,5001,0.06,Elochoman_H,5030,0.05,Washougal_R_Fa,5008,0.01,Priest_Rapid_H,5026,0.01
Area125 (07) troll 174 90,,George_Adams_H,5005,0.51,S_Prairie_Cr,5020,0.13,Hamma_Hamma_R,5005,0.12,Samish_H,5016,0.12,Snoqualmie_R,5016,0.05
Area125 (07) troll 174 91,,Samish_H,5016,0.85,Soos_H,5020,0.05,S_Prairie_Cr,5020,0.03,George_Adams_H,5005,0.03,Hamma_Hamma_R,5005,0.01
Area125 (07) troll 174 92,,Samish_H,5016,0.40,Soos_H,5020,0.33,George_Adams_H,5005,0.16,Hamma_Hamma_R,5005,0.05,S_Prairie_Cr,5020,0.03
Area125 (07) troll 174 93,,Samish_H,5016,0.97,Soos_H,5020,0.01,S_Prairie_Cr,5020,0.01,George_Adams_H,5005,0.00,Cedar_R_SuFa,5020,0.00
Area125 (07) troll 174 94,,George_Adams_H,5005,0.72,Samish_H,5016,0.23,Cedar_R_SuFa,5020,0.03,Soos_H,5020,0.01,Hamma_Hamma_R,5005,0.00
Area125 (07) troll 174 95,,George_Adams_H,5005,0.35,Hamma_Hamma_R,5005,0.30,S_Prairie_Cr,5020,0.13,Soos_H,5020,0.10,NF_Skokomish_F,5005,0.07
Area125 (07) troll 174 96,,Elochoman_H,5030,0.88,Washougal_R_Fa,5008,0.12,Big_Cr_H_Col,5030,0.00,Green_R_Fa,5008,0.00,Lewis_R_f,5008,0.00
Area125 (07) troll 174 97,,Chilliwack_F,3,1.00,,,,,,,,,,,,
Area125 (07) troll 174 98,,S_Prairie_Cr,5020,0.33,Soos_H,5020,0.31,George_Adams_H,5005,0.23,Samish_H,5016,0.07,Cedar_R_SuFa,5020,0.02
Area125 (07) troll 174 99,,George_Adams_H,5005,0.74,Soos_H,5020,0.12,Cedar_R_SuFa,5020,0.06,Samish_H,5016,0.03,Hamma_Hamma_R,5005,0.02
Area125 (07) troll 175 24,,Elochoman_H,5030,0.82,Washougal_R_Fa,5008,0.18,Green_R_Fa,5008,0.01,Elochoman_R_Fa,5008,0.00,Abernathy_NFH_F,5008,0.00
Area125 (07) troll 175 25,,Hamma_Hamma_R,5005,0.82,Samish_H,5016,0.10,George_Adams_H,5005,0.05,Soos_H,5020,0.01,S_Prairie_Cr,5020,0.01
Area125 (07) troll 175 26,,Hoh_R,5028,1.00,,,,,,,,,,,,
Area125 (07) troll 175 27,,S_Prairie_Cr,5020,0.53,Hamma_Hamma_R,5005,0.20,George_Adams_H,5005,0.18,NF_Skokomish_F,5005,0.05,Soos_H,5020,0.02
Area125 (07) troll 175 28,,Soos_H,5020,0.66,Snoqualmie_R,5016,0.17,S_Prairie_Cr,5020,0.07,George_Adams_H,5005,0.06,Hamma_Hamma_R,5005,0.02
Area125 (07) troll 175 29,,Wells_H,5026,0.83,Priest_Rapid_H,5026,0.12,Methow_R,5026,0.04,Umatilla_H_Fa,5026,0.01,Hanford_Reach,5026,0.01
Area125 (07) troll 175 30,,Harrison,3,0.98,South_Thom,5,0.01,Hanford_Reach,5026,0.00,L_Thompson,5,0.00,U_Sauk_R_SpSu,5016,0.00
Area125 (07) troll 175 31,,George_Adams_H,5005,0.48,Hamma_Hamma_R,5005,0.35,NF_Skokomish_F,5005,0.12,Samish_H,5016,0.03,Cedar_R_SuFa,5020,0.01
Area125 (07) troll 175 32,,Hanford_Reach,5026,0.59,Wells_H,5026,0.29,Priest_Rapid_H,5026,0.11,Umatilla_H_Fa,5026,0.01,Umatilla_H,5026,0.00
Area125 (07) troll 175 33,,Maria_Slough,13,1.00,,,,,,,,,,,,
Area125 (07) troll 175 34,Dupe with 115,Soos_H,5020,0.70,Hamma_Hamma_R,5005,0.18,George_Adams_H,5005,0.09,Samish_H,5016,0.03,Snoqualmie_R,5016,0.01
Area125 (07) troll 175 35,,Harrison,3,1.00,Chilliwack_F,3,0.00,,,,,,,,,
Area125 (07) troll 175 44,Dupe with 113,Soos_H,5020,0.69,Hamma_Hamma_R,5005,0.18,George_Adams_H,5005,0.09,Samish_H,5016,0.03,Snoqualmie_R,5016,0.01
Area125 (07) troll 175 45,,L_Shuswap,5,1.00,Little_R,5,0.00,Bessette,5,0.00,,,,,,
Area125 (07) troll 175 46,,Harrison,3,1.00,Chilliwack_F,3,0.00,Hanford_Reach,5026,0.00,Salmon@PG,1,0.00,George_Adams_H,5005,0.00
Area125 (07) troll 175 47,,L_Qualicum,7,0.53,Puntledge_F,7,0.42,Puntledge_BackX,7,0.03,Big_Qualicum,7,0.01,Snoqualmie_R,5016,0.00
Area125 (07) troll 175 48,,N_Santiam_H,5029,1.00,,,,,,,,,,,,
Area125 (07) troll 175 49,,Soos_H,5020,0.57,S_Prairie_Cr,5020,0.12,Hamma_Hamma_R,5005,0.12,George_Adams_H,5005,0.08,Snoqualmie_R,5016,0.05
Area125 (07) troll 175 50,,U_Sauk_R_SpSu,5016,0.60,Skagit_R,5016,0.11,Snoqualmie_R,5016,0.07,Soos_H,5020,0.04,Taseko,2,0.04
Area125 (07) troll 23 1,,George_Adams_H,5005,0.32,Samish_H,5016,0.24,Hamma_Hamma_R,5005,0.12,NF_Skokomish_F,5005,0.11,Harrison,3,0.08
Area125 (07) troll 23 2,,NF_Nooksack_H,5016,0.99,Skagit_R,5016,0.01,U_Sauk_R_SpSu,5016,0.00,Soos_H,5020,0.00,Cedar_R_SuFa,5020,0.00
Area125 (07) troll 23 4,,Samish_H,5016,0.81,George_Adams_H,5005,0.09,Hamma_Hamma_R,5005,0.06,NF_Skokomish_F,5005,0.03,Soos_H,5020,0.00
Area125 (07) troll 23 5,,S_Prairie_Cr,5020,0.23,Samish_H,5016,0.14,L_Qualicum,7,0.13,Hamma_Hamma_R,5005,0.12,Skagit_R,5016,0.09
Area125 (07) troll 23 6,,George_Adams_H,5005,0.87,NF_Skokomish_F,5005,0.04,Harrison,3,0.03,Cedar_R_SuFa,5020,0.03,Soos_H,5020,0.02
Area125 (07) troll 23 7,,U_Sauk_R_SpSu,5016,0.77,Harrison,3,0.12,George_Adams_H,5005,0.04,Hamma_Hamma_R,5005,0.02,Marblemount_HSp,5016,0.02
Area125 (07) troll 264 1,,Hanford_Reach,5026,0.97,Priest_Rapid_H,5026,0.02,Harrison,3,0.01,Wells_H,5026,0.00,L_Wh_Sal_H_SF,5026,0.00
Area125 (07) troll 264 10,,L_Qualicum,7,0.53,Puntledge_F,7,0.42,Puntledge_BackX,7,0.03,Cowichan,7,0.02,Big_Qualicum,7,0.01
Area125 (07) troll 264 11,,Hoh_R,5028,1.00,Hanford_Reach,5026,0.00,Washougal_R_Fa,5008,0.00,S_Umpqua_H,5011,0.00,Elochoman_H,5030,0.00
Area125 (07) troll 264 12,,Trask_R,5015,0.43,S_Umpqua_H,5011,0.29,Sixes_R,5011,0.15,Hoh_R,5028,0.10,Kilchis_R,5015,0.01
Area125 (07) troll 264 13,,Washougal_R_Fa,5008,0.96,Elochoman_H,5030,0.04,Hanford_Reach,5026,0.00,L_Skagit_R_Fa,5016,0.00,Green_R_Fa,5008,0.00
Area125 (07) troll 264 14,,Hoh_R,5028,0.98,Washougal_R_Fa,5008,0.01,Queets_R,5028,0.01,Trask_R,5015,0.00,S_Umpqua_H,5011,0.00
Area125 (07) troll 264 2,,Hoh_R,5028,1.00,Quilayute_R,5028,0.00,,,,,,,,,
Area125 (07) troll 264 3,,S_Prairie_Cr,5020,0.46,Soos_H,5020,0.45,Snoqualmie_R,5016,0.04,Samish_H,5016,0.03,NF_Skokomish_F,5005,0.01
Area125 (07) troll 264 4,,Wells_H,5026,0.65,Hanford_Reach,5026,0.14,Priest_Rapid_H,5026,0.13,Methow_R,5026,0.08,Priest_Rapids_H,5026,0.00
Area125 (07) troll 264 5,,Sixes_R,5011,0.90,Elk_H,5011,0.06,Coquille_R,5011,0.03,Hoh_R,5028,0.01,Washougal_R_Fa,5008,0.00
Area125 (07) troll 264 6,,Sixes_R,5011,0.68,S_Umpqua_H,5011,0.14,Coquille_R,5011,0.11,Stanislaus_R,5001,0.02,Elk_H,5011,0.01
Area125 (07) troll 264 7,,Humptulips_H,5028,0.68,Hoh_R,5028,0.18,Forks_Cr_H,5028,0.10,Trask_R,5015,0.02,Sixes_R,5011,0.00
Area125 (07) troll 264 8,,U_Sauk_R_SpSu,5016,0.82,Skagit_R,5016,0.13,L_Skagit_R_Fa,5016,0.03,Harrison,3,0.02,L_Qualicum,7,0.00
Area125 (07) troll 264 9,,Trask_R,5015,0.46,Nestucca_H,5015,0.26,Necanicum_H,5015,0.16,Kilchis_R,5015,0.11,Sixes_R,5011,0.00
Area125 (07) troll 302 1,,NF_Nooksack_H,5016,1.00,,,,,,,,,,,,
Area125 (07) troll 302 10,,U_Sauk_R_SpSu,5016,0.85,Skagit_R,5016,0.12,L_Skagit_R_Fa,5016,0.02,Samish_H,5016,0.00,Hoh_R,5028,0.00
Area125 (07) troll 302 11,,Samish_H,5016,1.00,Soos_H,5020,0.00,S_Prairie_Cr,5020,0.00,Cedar_R_SuFa,5020,0.00,,,
Area125 (07) troll 302 12,,Soos_H,5020,0.74,Samish_H,5016,0.14,S_Prairie_Cr,5020,0.09,George_Adams_H,5005,0.01,Hamma_Hamma_R,5005,0.00
Area125 (07) troll 302 13,,S_Prairie_Cr,5020,0.44,Hamma_Hamma_R,5005,0.15,Soos_H,5020,0.11,George_Adams_H,5005,0.10,Samish_H,5016,0.08
Area125 (07) troll 302 14,,Soos_H,5020,0.38,S_Prairie_Cr,5020,0.25,George_Adams_H,5005,0.17,Hamma_Hamma_R,5005,0.12,Samish_H,5016,0.05
Area125 (07) troll 302 15,,George_Adams_H,5005,0.91,Hamma_Hamma_R,5005,0.05,NF_Skokomish_F,5005,0.03,Soos_H,5020,0.01,Cedar_R_SuFa,5020,0.00
Area125 (07) troll 302 16,,Hamma_Hamma_R,5005,0.43,Soos_H,5020,0.18,Harrison,3,0.11,George_Adams_H,5005,0.07,U_Sauk_R_SpSu,5016,0.05
Area125 (07) troll 302 17,,Samish_H,5016,0.62,George_Adams_H,5005,0.17,S_Prairie_Cr,5020,0.15,Soos_H,5020,0.03,Hamma_Hamma_R,5005,0.02
Area125 (07) troll 302 18,,George_Adams_H,5005,0.64,Soos_H,5020,0.25,Hamma_Hamma_R,5005,0.09,S_Prairie_Cr,5020,0.02,Samish_H,5016,0.00
Area125 (07) troll 302 19,,Hanford_Reach,5026,0.82,Wells_H,5026,0.09,Priest_Rapid_H,5026,0.08,Methow_R,5026,0.00,S_Umpqua_H,5011,0.00
Area125 (07) troll 302 2,,George_Adams_H,5005,0.81,NF_Skokomish_F,5005,0.06,L_Skagit_R_Fa,5016,0.05,Skagit_R,5016,0.03,Soos_H,5020,0.03
Area125 (07) troll 302 20,,Elochoman_H,5030,0.98,Big_Cr_H_Col,5030,0.02,Green_R_Fa,5008,0.00,Washougal_R_Fa,5008,0.00,Spring_Cr_col,5030,0.00
Area125 (07) troll 302 21,,Skagit_R,5016,0.43,L_Skagit_R_Fa,5016,0.15,Snoqualmie_R,5016,0.09,Samish_H,5016,0.08,Kilchis_R,5015,0.07
Area125 (07) troll 302 22,,Samish_H,5016,0.36,Washougal_R_Fa,5008,0.18,S_Prairie_Cr,5020,0.11,N_Santiam_H,5029,0.07,George_Adams_H,5005,0.06
Area125 (07) troll 302 23,,Harrison,3,0.99,Skagit_R,5016,0.01,L_Skagit_R_Fa,5016,0.00,U_Sauk_R_SpSu,5016,0.00,Atnarko,10,0.00
Area125 (07) troll 302 24,,Washougal_R_Fa,5008,0.70,Elochoman_H,5030,0.29,Kalama_H_sp,5009,0.00,Lewis_R_LSu,5008,0.00,,,
Area125 (07) troll 302 25,,L_Qualicum,7,0.55,Puntledge_F,7,0.39,Cowichan,7,0.03,Puntledge_BackX,7,0.03,Harrison,3,0.00
Area125 (07) troll 302 26,,Elochoman_H,5030,0.98,Washougal_R_Fa,5008,0.01,N_Santiam_H,5029,0.01,Hoh_R,5028,0.00,Big_Cr_H_Col,5030,0.00
Area125 (07) troll 302 27,,Elochoman_H,5030,0.86,Washougal_R_Fa,5008,0.13,Big_Cr_H_Col,5030,0.01,,,,,,
Area125 (07) troll 302 28,,Soos_H,5020,0.33,NF_Skokomish_F,5005,0.21,Harrison,3,0.17,Hamma_Hamma_R,5005,0.09,George_Adams_H,5005,0.07
Area125 (07) troll 302 29,,Snoqualmie_R,5016,0.38,Soos_H,5020,0.22,Samish_H,5016,0.13,L_Skagit_R_Fa,5016,0.09,S_Prairie_Cr,5020,0.07
Area125 (07) troll 302 3,,Wells_H,5026,0.80,Priest_Rapid_H,5026,0.13,Methow_R,5026,0.04,Hanford_Reach,5026,0.02,Umatilla_H_Fa,5026,0.00
Area125 (07) troll 302 30,,L_Qualicum,7,0.53,Puntledge_F,7,0.42,Cowichan,7,0.03,Puntledge_BackX,7,0.02,Big_Qualicum,7,0.00
Area125 (07) troll 302 31,,Washougal_R_Fa,5008,0.92,Elochoman_H,5030,0.07,Cowlitz_H_sp,5009,0.00,S_Umpqua_H,5011,0.00,Big_Cr_H_Col,5030,0.00
Area125 (07) troll 302 32,,U_Sauk_R_SpSu,5016,0.42,Harrison,3,0.16,S_Prairie_Cr,5020,0.16,Skagit_R,5016,0.10,Snoqualmie_R,5016,0.06
Area125 (07) troll 302 33,,Hanford_Reach,5026,0.98,Priest_Rapid_H,5026,0.01,L_Wh_Sal_H_SF,5026,0.00,Umatilla_H_Fa,5026,0.00,Umatilla_H,5026,0.00
Area125 (07) troll 302 34,,Skagit_R,5016,0.35,Snoqualmie_R,5016,0.28,U_Sauk_R_SpSu,5016,0.24,L_Skagit_R_Fa,5016,0.10,S_Prairie_Cr,5020,0.02
Area125 (07) troll 302 35,,U_Sauk_R_SpSu,5016,0.86,Skagit_R,5016,0.09,Hanford_Reach,5026,0.04,Snoqualmie_R,5016,0.01,Soos_H,5020,0.01
Area125 (07) troll 302 36,,Chilliwack_F,3,0.43,Harrison,3,0.39,Soos_H,5020,0.04,U_Sauk_R_SpSu,5016,0.04,L_Qualicum,7,0.03
Area125 (07) troll 302 37,,Washougal_R_Fa,5008,0.59,Elochoman_H,5030,0.41,Green_R_Fa,5008,0.00,Lewis_R_LSu,5008,0.00,Coweeman_R_Fa,5008,0.00
Area125 (07) troll 302 38,,Samish_H,5016,0.80,Soos_H,5020,0.13,S_Prairie_Cr,5020,0.04,George_Adams_H,5005,0.02,Cedar_R_SuFa,5020,0.01
Area125 (07) troll 302 39,,Harrison,3,0.39,U_Sauk_R_SpSu,5016,0.12,George_Adams_H,5005,0.11,Hamma_Hamma_R,5005,0.07,S_Prairie_Cr,5020,0.07
Area125 (07) troll 302 4,,U_Sauk_R_SpSu,5016,0.30,Hamma_Hamma_R,5005,0.29,George_Adams_H,5005,0.14,L_Qualicum,7,0.07,L_Skagit_R_Fa,5016,0.06
Area125 (07) troll 302 40,,NF_Nooksack_H,5016,0.94,S_Prairie_Cr,5020,0.02,Soos_H,5020,0.01,Cedar_R_SuFa,5020,0.01,Skagit_R,5016,0.01
Area125 (07) troll 302 41,,U_Sauk_R_SpSu,5016,0.79,Skagit_R,5016,0.05,Harrison,3,0.04,George_Adams_H,5005,0.03,Hanford_Reach,5026,0.03
Area125 (07) troll 302 42,,U_Sauk_R_SpSu,5016,0.36,Soos_H,5020,0.19,S_Prairie_Cr,5020,0.14,Snoqualmie_R,5016,0.11,L_Skagit_R_Fa,5016,0.09
Area125 (07) troll 302 43,,Harrison,3,0.80,Snoqualmie_R,5016,0.04,Wells_H,5026,0.03,Hanford_Reach,5026,0.02,Chilliwack_F,3,0.02
Area125 (07) troll 302 44,,Harrison,3,0.98,Chilliwack_F,3,0.02,Chilliwac@Stav,3,0.00,,,,,,
Area125 (07) troll 302 45,,L_Qualicum,7,0.54,Puntledge_F,7,0.44,Puntledge_BackX,7,0.02,Big_Qualicum,7,0.00,,,
Area125 (07) troll 302 46,,Harrison,3,0.88,Chilliwack_F,3,0.12,Samish_H,5016,0.00,Chilliwac@Stav,3,0.00,Snoqualmie_R,5016,0.00
Area125 (07) troll 302 5,,Samish_H,5016,0.83,Soos_H,5020,0.07,George_Adams_H,5005,0.07,S_Prairie_Cr,5020,0.02,Hamma_Hamma_R,5005,0.01
Area125 (07) troll 302 6,,Soos_H,5020,0.79,NF_Skokomish_F,5005,0.07,Hamma_Hamma_R,5005,0.05,S_Prairie_Cr,5020,0.04,Cedar_R_SuFa,5020,0.02
Area125 (07) troll 302 7,,S_Prairie_Cr,5020,0.50,George_Adams_H,5005,0.27,Hamma_Hamma_R,5005,0.21,Soos_H,5020,0.01,Cedar_R_SuFa,5020,0.00
Area125 (07) troll 302 8,,S_Prairie_Cr,5020,0.48,Soos_H,5020,0.48,George_Adams_H,5005,0.04,NF_Skokomish_F,5005,0.00,Harrison,3,0.00
Area125 (07) troll 302 9,,U_Sauk_R_SpSu,5016,0.65,Skagit_R,5016,0.26,Snoqualmie_R,5016,0.03,L_Skagit_R_Fa,5016,0.03,Soos_H,5020,0.02
Area125 (07) troll 40 23,,NF_Nooksack_H,5016,0.91,Skagit_R,5016,0.04,U_Sauk_R_SpSu,5016,0.04,Hanford_Reach,5026,0.00,Snoqualmie_R,5016,0.00
Area125 (07) troll 65 13,,George_Adams_H,5005,0.53,Hamma_Hamma_R,5005,0.44,NF_Skokomish_F,5005,0.02,S_Prairie_Cr,5020,0.01,Soos_H,5020,0.00
Area125 (07) troll 65 14,,Snoqualmie_R,5016,0.35,U_Sauk_R_SpSu,5016,0.26,Skagit_R,5016,0.20,L_Skagit_R_Fa,5016,0.13,Soos_H,5020,0.01
Area125 (07) troll 65 15,,S_Prairie_Cr,5020,0.53,Soos_H,5020,0.27,Harrison,3,0.09,U_Sauk_R_SpSu,5016,0.03,L_Skagit_R_Fa,5016,0.03
Area125 (07) troll 65 16,,Soos_H,5020,0.99,George_Adams_H,5005,0.00,S_Prairie_Cr,5020,0.00,Samish_H,5016,0.00,Hamma_Hamma_R,5005,0.00
Area125 (07) troll 65 17,,Soos_H,5020,0.30,S_Prairie_Cr,5020,0.29,Snoqualmie_R,5016,0.21,L_Skagit_R_Fa,5016,0.04,Samish_H,5016,0.04
Area125 (07) troll 65 18,,Soos_H,5020,0.39,George_Adams_H,5005,0.23,Hamma_Hamma_R,5005,0.16,S_Prairie_Cr,5020,0.08,Samish_H,5016,0.06
Area125 (07) troll 65 19,,Hamma_Hamma_R,5005,0.51,S_Prairie_Cr,5020,0.15,Skagit_R,5016,0.15,Soos_H,5020,0.08,NF_Skokomish_F,5005,0.04
Area125 (07) troll 65 20,,Hamma_Hamma_R,5005,0.54,Samish_H,5016,0.16,George_Adams_H,5005,0.16,S_Prairie_Cr,5020,0.05,NF_Skokomish_F,5005,0.04
Area125 (07) troll 65 21,,George_Adams_H,5005,0.55,Hamma_Hamma_R,5005,0.37,NF_Skokomish_F,5005,0.04,Samish_H,5016,0.03,S_Prairie_Cr,5020,0.01
Area125 (07) troll 65 22,,Soos_H,5020,0.78,Hamma_Hamma_R,5005,0.16,George_Adams_H,5005,0.04,S_Prairie_Cr,5020,0.01,Cedar_R_SuFa,5020,0.01
Area125 (07) troll 79 10,,S_Prairie_Cr,5020,0.38,Hamma_Hamma_R,5005,0.30,Skagit_R,5016,0.13,U_Sauk_R_SpSu,5016,0.07,Soos_H,5020,0.05
Area125 (07) troll 79 11,,Wells_H,5026,0.80,Methow_R,5026,0.11,Priest_Rapid_H,5026,0.09,Hanford_Reach,5026,0.01,Priest_Rapids_H,5026,0.00
Area125 (07) troll 79 12,,Soos_H,5020,0.89,S_Prairie_Cr,5020,0.04,Samish_H,5016,0.03,Cedar_R_SuFa,5020,0.02,Hamma_Hamma_R,5005,0.01
Area125 (07) troll 79 8,,George_Adams_H,5005,0.83,NF_Skokomish_F,5005,0.13,Hamma_Hamma_R,5005,0.02,Samish_H,5016,0.02,Snoqualmie_R,5016,0.00
Area125 (07) troll 79 9,,Hamma_Hamma_R,5005,0.36,George_Adams_H,5005,0.34,NF_Skokomish_F,5005,0.11,S_Prairie_Cr,5020,0.08,Samish_H,5016,0.06
,,,,,,,,,,,,,,,,
Sample: 5, Area126,2007, troll, Jan16-Oct29,,,,,,,,,,,,
Area126 (07) troll 103 182,,Wells_H,5026,0.78,Hanford_Reach,5026,0.18,Methow_R,5026,0.02,Priest_Rapid_H,5026,0.01,Wenatchee_R_SF,5026,0.01
Area126 (07) troll 103 183,,Hanford_Reach,5026,0.94,Priest_Rapid_H,5026,0.04,Umatilla_H_Fa,5026,0.02,Lyons_Ferry_H,5021,0.00,Priest_Rapids_H,5026,0.00
Area126 (07) troll 103 184,,Hanford_Reach,5026,0.48,Wenatchee_R_SF,5026,0.26,Wells_H,5026,0.19,Priest_Rapid_H,5026,0.04,Umatilla_H_Fa,5026,0.02
Area126 (07) troll 103 185,,Wells_H,5026,0.85,Wenatchee_R_SF,5026,0.14,Priest_Rapids_H,5026,0.00,Methow_R,5026,0.00,Hanford_Reach,5026,0.00
Area126 (07) troll 103 186,,Cowlitz_H_fa,5008,0.88,Cowlitz_H_sp,5009,0.06,N_Santiam_H,5029,0.03,Lewis_H_sp,5009,0.01,Spring_Cr_col,5030,0.01
Area126 (07) troll 103 187,,McKenzie_H,5029,0.46,L_Skagit_R_Fa,5016,0.25,N_Santiam_H,5029,0.24,Hanford_Reach,5026,0.02,San_Juan,8,0.01
Area126 (07) troll 106 188,,Cheakamus,9,0.82,S_Prairie_Cr,5020,0.05,Cheakamus_F,9,0.04,Cheakamus_Su,9,0.02,Soos_H,5020,0.02
Area126 (07) troll 106 189,,Cedar_R_SuFa,5020,0.44,S_Prairie_Cr,5020,0.18,George_Adams_H,5005,0.11,Snoqualmie_R,5016,0.10,Bear_Cr_SuFa,5020,0.08
Area126 (07) troll 106 190,,Wells_H,5026,0.73,Wenatchee_R_SF,5026,0.25,Priest_Rapid_H,5026,0.02,Hanford_Reach,5026,0.00,Priest_Rapids_H,5026,0.00
Area126 (07) troll 109 191,,Little_R,5,0.91,L_Adams,5,0.09,L_Thompson,5,0.00,L_Shuswap,5,0.00,,,
Area126 (07) troll 109 192,,Spring_Cr_col,5030,0.49,Big_Cr_H_Col,5030,0.47,Abernathy_NFH_F,5008,0.03,Washougal_R_Fa,5008,0.01,Cowlitz_H_fa,5008,0.00
Area126 (07) troll 109 193,,Morice_R,21,0.89,Thornton,8,0.08,Hackett_r,17,0.01,NanaimoSu_BackX,7,0.01,L_Tahltan_R,5027,0.00
Area126 (07) troll 109 194,,Deadman,6,0.72,Bonaparte,6,0.27,Nicola,6,0.01,,,,,,
Area126 (07) troll 109 195,,Soos_H,5020,0.33,Bear_Cr_SuFa,5020,0.27,Cedar_R_SuFa,5020,0.19,Grovers_Cr_H,5020,0.13,Voights_H,5020,0.06
Area126 (07) troll 111 208,,Teigen,11,0.43,Damdochax,11,0.26,Owegee,11,0.15,Kiteen,11,0.09,Cranberry,11,0.03
Area126 (07) troll 111 209,,Hoh_R,5028,0.33,Humptulips_H,5028,0.17,Trask_R,5015,0.13,Klamath_R_fa,5007,0.09,Cole_Rivers_H,5019,0.07
Area126 (07) troll 111 210,,Spring_Cr_col,5030,0.41,Big_Cr_H_Col,5030,0.35,Washougal_R_Fa,5008,0.11,Cowlitz_H_fa,5008,0.08,Abernathy_NFH_F,5008,0.04
Area126 (07) troll 111 211,,Harrison,3,0.83,S_Prairie_Cr,5020,0.05,Soos_H,5020,0.04,L_Skagit_R_Fa,5016,0.03,Cedar_R_SuFa,5020,0.03
Area126 (07) troll 111 212,,Marblemount_HSp,5016,0.45,U_Sauk_R_SpSu,5016,0.26,Snoqualmie_R,5016,0.07,L_Skagit_R_Fa,5016,0.06,Harrison,3,0.06
Area126 (07) troll 111 213,,McKenzie_H,5029,0.59,N_Santiam_H,5029,0.29,Hanford_Reach,5026,0.05,Priest_Rapid_H,5026,0.03,Lewis_H_sp,5009,0.01
Area126 (07) troll 111 214,,McKenzie_H,5029,0.95,N_Santiam_H,5029,0.05,,,,,,,,,
Area126 (07) troll 111 215,,Wells_H,5026,0.49,Wenatchee_R_SF,5026,0.45,Priest_Rapid_H,5026,0.03,Methow_R,5026,0.02,Hanford_Reach,5026,0.01
Area126 (07) troll 111 216,,Cowlitz_H_fa,5008,0.79,Lewis_R_Su,5008,0.20,Spring_Cr_col,5030,0.01,Lewis_R_LSu,5008,0.00,Sol_Duc_H,5028,0.00
Area126 (07) troll 111 217,,Lewis_R_Su,5008,0.56,Cowlitz_H_fa,5008,0.33,Washougal_R_Fa,5008,0.08,Lewis_R_LSu,5008,0.01,Lewis_R_f,5008,0.01
Area126 (07) troll 111 218,,McKenzie_H,5029,0.77,L_Thompson,5,0.06,N_Santiam_H,5029,0.04,Cedar_R_SuFa,5020,0.02,Snoqualmie_R,5016,0.02
Area126 (07) troll 111 219,,U_Sauk_R_SpSu,5016,0.26,Cowlitz_H_fa,5008,0.19,Cheakamus,9,0.17,Washougal_R_Fa,5008,0.15,Hanford_Reach,5026,0.12
Area126 (07) troll 111 220,,Wenatchee_R_SF,5026,0.50,Wells_H,5026,0.33,Priest_Rapid_H,5026,0.12,Methow_R,5026,0.05,Hanford_Reach,5026,0.01
Area126 (07) troll 111 221,,McKenzie_H,5029,0.78,Lewis_H_sp,5009,0.13,N_Santiam_H,5029,0.09,Kalama_H_sp,5009,0.00,,,
Area126 (07) troll 111 222,,Harrison,3,0.95,Chilliwack_F,3,0.05,Chilliwac@Stav,3,0.01,Hanford_Reach,5026,0.00,Skykomish_R,5016,0.00
Area126 (07) troll 111 223,,Hanford_Reach,5026,0.76,Wells_H,5026,0.11,Wenatchee_R_SF,5026,0.07,Umatilla_H_Fa,5026,0.04,U_Nahlin_R,5025,0.01
Area126 (07) troll 111 224,,Spring_Cr_col,5030,1.00,Abernathy_NFH_F,5008,0.00,Big_Cr_H_Col,5030,0.00,Cowlitz_H_fa,5008,0.00,,,
Area126 (07) troll 111 225,,Burman,8,0.98,Tlupana,8,0.01,Conuma,8,0.01,Moyeha_R,8,0.00,Zeballos,8,0.00
Area126 (07) troll 111 226,,Priest_Rapid_H,5026,0.54,Hanford_Reach,5026,0.32,Umatilla_H_Fa,5026,0.08,Wells_H,5026,0.05,Priest_Rapids_H,5026,0.01
Area126 (07) troll 111 227,,Cedar_R_SuFa,5020,0.65,Bear_Cr_SuFa,5020,0.15,Soos_H,5020,0.09,Voights_H,5020,0.04,Samish_H,5016,0.03
Area126 (07) troll 111 228,,Lewis_H_sp,5009,0.50,Cowlitz_H_fa,5008,0.39,Kalama_H_sp,5009,0.03,Cowlitz_H_sp,5009,0.03,Klickitat_R_sp,5010,0.02
Area126 (07) troll 111 229,,Chilliwack_F,3,0.74,Harrison,3,0.20,U_Sauk_R_SpSu,5016,0.03,L_Skagit_R_Fa,5016,0.02,Atnarko,10,0.00
Area126 (07) troll 111 230,,Marblemount_HSp,5016,0.71,U_Sauk_R_SpSu,5016,0.27,L_Skagit_R_Fa,5016,0.01,Snoqualmie_R,5016,0.01,Skagit_R,5016,0.00
Area126 (07) troll 111 231,,Cedar_R_SuFa,5020,0.51,Voights_H,5020,0.41,S_Prairie_Cr,5020,0.03,Bear_Cr_SuFa,5020,0.02,Soos_H,5020,0.01
Area126 (07) troll 111 232,,Wells_H,5026,0.39,Wenatchee_R_SF,5026,0.37,Hanford_Reach,5026,0.20,Priest_Rapid_H,5026,0.03,Umatilla_H,5026,0.00
Area126 (07) troll 111 233,,George_Adams_H,5005,0.26,Bear_Cr_SuFa,5020,0.20,Snoqualmie_R,5016,0.12,Cedar_R_SuFa,5020,0.11,Soos_H,5020,0.11
Area126 (07) troll 111 234,,Trask_R,5015,0.37,Millicoma_R,5011,0.21,Coquille_R,5011,0.09,Alsea_R,5015,0.06,NanaimoSu_BackX,7,0.04
Area126 (07) troll 111 235,,Big_Qualicum,7,0.76,Cheakamus_F,9,0.09,L_Skagit_R_Fa,5016,0.09,Sol_Duc_H,5028,0.02,Cowichan,7,0.01
Area126 (07) troll 111 236,,Battle_Cr,5001,0.72,Feather_H_fa,5001,0.20,Stanislaus_R,5001,0.04,Butte_Cr_f,5001,0.04,Feather_H_sp,5002,0.00
Area126 (07) troll 111 237,,Sol_Duc_H,5028,1.00,,,,,,,,,,,,
Area126 (07) troll 111 238,,George_Adams_H,5005,0.61,Bear_Cr_SuFa,5020,0.23,Cedar_R_SuFa,5020,0.06,S_Prairie_Cr,5020,0.05,NF_Skokomish_F,5005,0.02
Area126 (07) troll 111 239,,S_Prairie_Cr,5020,0.33,Soos_H,5020,0.32,George_Adams_H,5005,0.12,Bear_Cr_SuFa,5020,0.09,Voights_H,5020,0.06
Area126 (07) troll 111 240,,Harrison,3,0.62,U_Sauk_R_SpSu,5016,0.23,Hoh_R,5028,0.08,L_Skagit_R_Fa,5016,0.03,Soos_H,5020,0.02
Area126 (07) troll 111 241,,U_Chilcotin,2,1.00,Chilako,2,0.00,,,,,,,,,
Area126 (07) troll 111 242,,Harrison,3,0.98,Humptulips_H,5028,0.01,NanaimoSu_BackX,7,0.00,Trask_R,5015,0.00,Kildala,10,0.00
Area126 (07) troll 111 243,,Atnarko,10,0.27,U_Sauk_R_SpSu,5016,0.20,Dean,10,0.12,Hackett_r,17,0.10,U_Atnarko,10,0.09
Area126 (07) troll 111 244,,Wells_H,5026,0.44,Priest_Rapid_H,5026,0.33,Hanford_Reach,5026,0.21,Methow_R,5026,0.01,Harrison,3,0.00
Area126 (07) troll 114 196,,Eagle_R,5,0.99,L_Shuswap,5,0.01,Little_R,5,0.00,Cowichan,7,0.00,Salmon@SA,5,0.00
Area126 (07) troll 114 197,,Harrison,3,1.00,Chilliwack_F,3,0.00,,,,,,,,,
Area126 (07) troll 114 198,,Trask_R,5015,0.94,Nestucca_H,5015,0.04,Wilson_R,5015,0.01,Kilchis_R,5015,0.01,Alsea_R,5015,0.01
Area126 (07) troll 114 199,,Butte_Cr_f,5001,0.93,Feather_H_fa,5001,0.03,Feather_H_sp,5002,0.02,NanaimoSu_BackX,7,0.01,Battle_Cr,5001,0.00
Area126 (07) troll 114 200,,Harrison,3,0.93,Chilliwack_F,3,0.07,Chilliwac@Stav,3,0.00,,,,,,
Area126 (07) troll 114 201,,Spring_Cr_col,5030,0.84,Big_Cr_H_Col,5030,0.16,Abernathy_NFH_F,5008,0.00,Washougal_R_Fa,5008,0.00,Cowlitz_H_fa,5008,0.00
Area126 (07) troll 114 202,,McKenzie_H,5029,0.82,N_Santiam_H,5029,0.18,Washougal_R_Fa,5008,0.00,Cowlitz_H_fa,5008,0.00,Lewis_H_sp,5009,0.00
Area126 (07) troll 114 203,,Trask_R,5015,0.71,L_Skagit_R_Fa,5016,0.14,NanaimoSu_BackX,7,0.11,Alsea_R,5015,0.03,Lewis_H_sp,5009,0.01
Area126 (07) troll 114 204,,S_Prairie_Cr,5020,0.51,Soos_H,5020,0.41,Cedar_R_SuFa,5020,0.05,Voights_H,5020,0.01,Hamma_Hamma_R,5005,0.01
Area126 (07) troll 114 205,,Trask_R,5015,0.31,Humptulips_H,5028,0.28,Alsea_R,5015,0.28,Coquille_R,5011,0.05,Hanford_Reach,5026,0.02
Area126 (07) troll 114 206,,Bear_Cr_SuFa,5020,0.75,Cedar_R_SuFa,5020,0.18,Soos_H,5020,0.06,Snoqualmie_R,5016,0.00,George_Adams_H,5005,0.00
Area126 (07) troll 116 207,,Wells_H,5026,0.57,Priest_Rapid_H,5026,0.26,Hanford_Reach,5026,0.09,Wenatchee_R_SF,5026,0.07,Methow_R,5026,0.00
Area126 (07) troll 121 22,,Harrison,3,0.92,Chilliwack_F,3,0.05,Snoqualmie_R,5016,0.02,L_Skagit_R_Fa,5016,0.00,NanaimoSu_BackX,7,0.00
Area126 (07) troll 123 1,,Spring_Cr_col,5030,0.98,Abernathy_NFH_F,5008,0.02,L_Skagit_R_Fa,5016,0.00,Cowlitz_H_fa,5008,0.00,Bear_Cr_SuFa,5020,0.00
Area126 (07) troll 123 2,,N_Santiam_H,5029,0.62,McKenzie_H,5029,0.38,,,,,,,,,
Area126 (07) troll 134 23,,Teigen,11,0.21,Hackett_r,17,0.14,NanaimoSu_BackX,7,0.07,Fontoniko,1,0.06,Little_Tahltan,18,0.06
Area126 (07) troll 134 24,,Umpqua_H,5011,0.73,S_Umpqua_H,5011,0.14,Cole_Rivers_H,5019,0.05,Little_R,5,0.03,Sixes_R,5011,0.02
Area126 (07) troll 134 25,,Harrison,3,0.94,Snoqualmie_R,5016,0.05,Chilliwack_F,3,0.01,Bear_Cr_SuFa,5020,0.00,L_Skagit_R_Fa,5016,0.00
Area126 (07) troll 134 26,,Teigen,11,0.45,Harrison,3,0.35,L_Skagit_R_Fa,5016,0.07,Voights_H,5020,0.03,Soos_H,5020,0.02
Area126 (07) troll 134 27,,Washougal_R_Fa,5008,0.69,Cowlitz_H_fa,5008,0.20,Big_Cr_H_Col,5030,0.06,Spring_Cr_col,5030,0.03,Abernathy_NFH_F,5008,0.01
Area126 (07) troll 134 28,,George_Adams_H,5005,0.79,Soos_H,5020,0.08,NF_Skokomish_F,5005,0.03,Snoqualmie_R,5016,0.03,Bear_Cr_SuFa,5020,0.03
Area126 (07) troll 134 29,,N_Santiam_H,5029,0.90,McKenzie_H,5029,0.10,Umpqua_H,5011,0.00,Umatilla_H_Fa,5026,0.00,Snoqualmie_R,5016,0.00
Area126 (07) troll 134 30,,Morice_R,21,0.60,Little_Tahltan,18,0.12,L_Skagit_R_Fa,5016,0.08,NanaimoSu_BackX,7,0.05,Nakina,17,0.02
Area126 (07) troll 138 31,,Harrison,3,0.76,Chilliwack_F,3,0.24,,,,,,,,,
Area126 (07) troll 139 32,,Teigen,11,0.50,Damdochax,11,0.23,Owegee,11,0.14,Kiteen,11,0.07,Cranberry,11,0.05
Area126 (07) troll 142 33,,Chilliwack_F,3,0.20,Harrison,3,0.20,Cowlitz_H_fa,5008,0.14,Little_R,5,0.09,Hanford_Reach,5026,0.08
Area126 (07) troll 142 34,,Cowichan,7,0.56,Cheakamus_F,9,0.15,Puntledge_BackX,7,0.14,Big_Qualicum,7,0.12,Nanaimo_F,7,0.01
Area126 (07) troll 142 35,,Bowron,1,0.57,U_Chilcotin,2,0.41,L_Thompson,5,0.01,Willow_R,1,0.00,Endako,2,0.00
Area126 (07) troll 142 36,,Chilliwack_F,3,0.49,Priest_Rapid_H,5026,0.19,Harrison,3,0.18,Hanford_Reach,5026,0.05,Stanislaus_R,5001,0.03
Area126 (07) troll 148 3,,Little_R,5,0.87,U_Chilcotin,2,0.10,Baker_Cr,2,0.02,L_Thompson,5,0.01,Willow_R,1,0.00
Area126 (07) troll 148 4,,Little_R,5,0.84,L_Adams,5,0.11,L_Thompson,5,0.05,Priest_Rapid_H,5026,0.00,Eagle_R,5,0.00
Area126 (07) troll 148 5,,Atnarko,10,0.37,Dean,10,0.25,U_Atnarko,10,0.07,Andrew_CryH,5024,0.05,U_Dean,10,0.04
Area126 (07) troll 148 6,,NanaimoSu_BackX,7,0.50,Little_Tahltan,18,0.15,L_Skagit_R_Fa,5016,0.07,U_Nahlin_R,5025,0.05,Nakina,17,0.04
Area126 (07) troll 148 7,,Harrison,3,0.62,Chilliwack_F,3,0.37,Snoqualmie_R,5016,0.01,L_Skagit_R_Fa,5016,0.00,Cedar_R_SuFa,5020,0.00
Area126 (07) troll 148 8,,NanaimoSu_BackX,7,0.43,Cedar_Early,23,0.20,Little_Tahltan,18,0.15,Hackett_r,17,0.11,Millicoma_R,5011,0.04
Area126 (07) troll 148 9,,U_Sauk_R_SpSu,5016,0.24,Hoh_R,5028,0.16,NanaimoSu_BackX,7,0.10,Lewis_H_sp,5009,0.08,Millicoma_R,5011,0.07
Area126 (07) troll 149 10,,Soos_H,5020,0.71,S_Prairie_Cr,5020,0.19,Cedar_R_SuFa,5020,0.04,George_Adams_H,5005,0.03,Bear_Cr_SuFa,5020,0.01
Area126 (07) troll 149 11,,George_Adams_H,5005,0.55,Cedar_R_SuFa,5020,0.19,Bear_Cr_SuFa,5020,0.11,Soos_H,5020,0.05,S_Prairie_Cr,5020,0.05
Area126 (07) troll 149 12,,Hanford_Reach,5026,0.57,Wells_H,5026,0.24,Wenatchee_R_SF,5026,0.09,Priest_Rapid_H,5026,0.04,Washougal_R_Fa,5008,0.03
Area126 (07) troll 149 13,,Trask_R,5015,0.29,Cowlitz_H_fa,5008,0.20,Harrison,3,0.19,Umpqua_H,5011,0.10,Alsea_R,5015,0.05
Area126 (07) troll 149 14,,Bowron,1,0.55,Tete_Jaune,1,0.16,Quesnel,2,0.08,Fontoniko,1,0.07,Holmes,1,0.04
Area126 (07) troll 149 15,,Hanford_Reach,5026,0.98,Umatilla_H_Fa,5026,0.00,Cedar_R_SuFa,5020,0.00,Priest_Rapid_H,5026,0.00,Wells_H,5026,0.00
Area126 (07) troll 149 16,,Morice_R,21,0.99,Cowlitz_H_fa,5008,0.00,Teigen,11,0.00,Washougal_R_Fa,5008,0.00,Trask_R,5015,0.00
Area126 (07) troll 149 17,,Harrison,3,0.45,Quesnel,2,0.27,Chilliwack_F,3,0.08,Bowron,1,0.05,Torpy,1,0.04
Area126 (07) troll 149 18,,Harrison,3,0.98,Chilliwack_F,3,0.02,,,,,,,,,
Area126 (07) troll 149 19,,Hanford_Reach,5026,0.68,Priest_Rapid_H,5026,0.31,Samish_H,5016,0.00,L_Wh_Sal_H_SF,5026,0.00,Cowlitz_H_fa,5008,0.00
Area126 (07) troll 149 20,,Big_Qualicum,7,1.00,Puntledge_BackX,7,0.00,Cheakamus_F,9,0.00,L_Qualicum,7,0.00,Puntledge_F,7,0.00
Area126 (07) troll 149 21,,Chilliwack_F,3,0.46,Harrison,3,0.13,Priest_Rapid_H,5026,0.13,Cedar_R_SuFa,5020,0.07,Wells_H,5026,0.06
Area126 (07) troll 151 37,,Torpy,1,0.14,Eagle_R,5,0.13,Clearwater,4,0.11,N_Thom@Main,4,0.10,Quesnel,2,0.10
Area126 (07) troll 151 38,,Priest_Rapid_H,5026,0.86,Hanford_Reach,5026,0.07,Wells_H,5026,0.05,Wenatchee_R_SF,5026,0.01,Lyons_Ferry_H,5021,0.00
Area126 (07) troll 151 39,,Harrison,3,0.92,Chilliwack_F,3,0.08,Chilliwac@Stav,3,0.00,,,,,,
Area126 (07) troll 151 40,,Cedar_R_SuFa,5020,0.37,S_Prairie_Cr,5020,0.25,Soos_H,5020,0.23,Voights_H,5020,0.05,Bear_Cr_SuFa,5020,0.04
Area126 (07) troll 151 41,,Snoqualmie_R,5016,0.57,L_Skagit_R_Fa,5016,0.19,Priest_Rapid_H,5026,0.06,Bear_Cr_SuFa,5020,0.05,S_Prairie_Cr,5020,0.03
Area126 (07) troll 151 42,,Snoqualmie_R,5016,0.36,Voights_H,5020,0.22,Cedar_R_SuFa,5020,0.21,L_Skagit_R_Fa,5016,0.09,Soos_H,5020,0.04
Area126 (07) troll 155 43,,Morice_R,21,0.95,Hackett_r,17,0.03,Bear,19,0.00,Little_Tahltan,18,0.00,Nakina,17,0.00
Area126 (07) troll 155 44,,Harrison,3,1.00,Samish_H,5016,0.00,Chilliwack_F,3,0.00,L_Skagit_R_Fa,5016,0.00,Cedar_R_SuFa,5020,0.00
Area126 (07) troll 155 45,,Harrison,3,0.99,Chilliwack_F,3,0.01,Snoqualmie_R,5016,0.00,Chilliwac@Stav,3,0.00,L_Skagit_R_Fa,5016,0.00
Area126 (07) troll 155 46,,Priest_Rapid_H,5026,0.93,Hanford_Reach,5026,0.04,Umatilla_H_Fa,5026,0.01,Wells_H,5026,0.01,Snoqualmie_R,5016,0.00
Area126 (07) troll 155 47,,Grovers_Cr_H,5020,0.28,Cedar_R_SuFa,5020,0.26,Soos_H,5020,0.24,S_Prairie_Cr,5020,0.07,Voights_H,5020,0.06
Area126 (07) troll 155 48,,S_Prairie_Cr,5020,0.45,Soos_H,5020,0.18,George_Adams_H,5005,0.17,Cedar_R_SuFa,5020,0.08,U_Sauk_R_SpSu,5016,0.04
Area126 (07) troll 155 49,,Spring_Cr_col,5030,0.91,Big_Cr_H_Col,5030,0.08,Abernathy_NFH_F,5008,0.00,Voights_H,5020,0.00,Washougal_R_Fa,5008,0.00
Area126 (07) troll 155 50,,NF_Nooksack_H,5016,0.99,Voights_H,5020,0.00,George_Adams_H,5005,0.00,L_Skagit_R_Fa,5016,0.00,U_Sauk_R_SpSu,5016,0.00
Area126 (07) troll 156 60,,Spring_Cr_col,5030,0.85,Big_Cr_H_Col,5030,0.07,Cowlitz_H_fa,5008,0.03,Abernathy_NFH_F,5008,0.02,Elochoman_H,5030,0.02
Area126 (07) troll 156 61,,Burman,8,0.98,Zeballos,8,0.01,Thornton,8,0.01,Conuma,8,0.00,Gold_R,8,0.00
Area126 (07) troll 156 62,,Harrison,3,0.87,Chilliwack_F,3,0.13,L_Skagit_R_Fa,5016,0.00,Skykomish_R,5016,0.00,Sweetin,22,0.00
Area126 (07) troll 156 63,,Cowlitz_H_fa,5008,0.71,N_Santiam_H,5029,0.17,Cowlitz_H_sp,5009,0.06,Lewis_H_sp,5009,0.03,McKenzie_H,5029,0.03
Area126 (07) troll 156 64,,McKenzie_H,5029,0.61,N_Santiam_H,5029,0.30,Snoqualmie_R,5016,0.03,Spring_Cr_col,5030,0.02,George_Adams_H,5005,0.01
Area126 (07) troll 156 65,,Humptulips_H,5028,0.98,NanaimoSu_BackX,7,0.01,Forks_Cr_H,5028,0.01,Trask_R,5015,0.00,Salmon_R_f,5015,0.00
Area126 (07) troll 156 66,,Umpqua_H,5011,0.69,Trinity_H_sp,5007,0.24,Harrison,3,0.04,L_Skagit_R_Fa,5016,0.01,Sol_Duc_H,5028,0.01
Area126 (07) troll 158 67,,L_Skagit_R_Fa,5016,0.52,George_Adams_H,5005,0.13,Cedar_R_SuFa,5020,0.07,S_Prairie_Cr,5020,0.05,Hanford_Reach,5026,0.05
Area126 (07) troll 158 68,,San_Juan,8,0.86,L_Qualicum,7,0.06,L_Skagit_R_Fa,5016,0.03,S_Umpqua_H,5011,0.01,Sixes_R,5011,0.01
Area126 (07) troll 158 69,,Cedar_R_SuFa,5020,0.84,George_Adams_H,5005,0.04,Samish_H,5016,0.03,U_Sauk_R_SpSu,5016,0.03,Bear_Cr_SuFa,5020,0.02
Area126 (07) troll 158 70,,Wenatchee_R_SF,5026,0.49,L_Thompson,5,0.27,Wells_H,5026,0.12,Hanford_Reach,5026,0.06,Priest_Rapid_H,5026,0.04
Area126 (07) troll 158 71,,Morice_R,21,1.00,Harrison,3,0.00,Little_Tahltan,18,0.00,Hackett_r,17,0.00,Craig,18,0.00
Area126 (07) troll 158 72,,Harrison,3,0.89,Chilliwack_F,3,0.11,Chilliwac@Stav,3,0.00,,,,,,
Area126 (07) troll 158 73,,Big_Cr_H_Col,5030,0.76,Spring_Cr_col,5030,0.10,Abernathy_NFH_F,5008,0.08,Cowlitz_H_fa,5008,0.03,Washougal_R_Fa,5008,0.03
Area126 (07) troll 158 74,,Cedar_R_SuFa,5020,0.54,Snoqualmie_R,5016,0.21,Bear_Cr_SuFa,5020,0.20,George_Adams_H,5005,0.02,Samish_H,5016,0.01
Area126 (07) troll 159 51,,Harrison,3,0.64,Chilliwack_F,3,0.27,Torpy,1,0.04,NanaimoSu_BackX,7,0.02,Atnarko,10,0.01
Area126 (07) troll 159 52,,Priest_Rapid_H,5026,0.46,Hanford_Reach,5026,0.28,Wells_H,5026,0.11,Wenatchee_R_SF,5026,0.10,Umatilla_H_Fa,5026,0.03
Area126 (07) troll 159 53,,Harrison,3,0.93,Chilliwack_F,3,0.05,Voights_H,5020,0.01,L_Skagit_R_Fa,5016,0.01,Cowichan,7,0.00
Area126 (07) troll 159 54,,Cowlitz_H_fa,5008,0.98,Washougal_R_Fa,5008,0.02,Spring_Cr_col,5030,0.00,Lewis_R_Su,5008,0.00,Abernathy_NFH_F,5008,0.00
Area126 (07) troll 159 55,,Harrison,3,1.00,Chilliwack_F,3,0.00,Chilliwac@Stav,3,0.00,,,,,,
Area126 (07) troll 159 56,,Harrison,3,0.84,Chilliwack_F,3,0.15,U_Sauk_R_SpSu,5016,0.01,NanaimoSu_BackX,7,0.00,Big_Qualicum,7,0.00
Area126 (07) troll 159 57,,L_Skagit_R_Fa,5016,0.49,NanaimoSu_BackX,7,0.13,Harrison,3,0.07,Seaskinnish,11,0.05,U_Sauk_R_SpSu,5016,0.05
Area126 (07) troll 159 58,,S_Prairie_Cr,5020,0.55,Cedar_R_SuFa,5020,0.34,Samish_H,5016,0.06,Bear_Cr_SuFa,5020,0.02,George_Adams_H,5005,0.01
Area126 (07) troll 159 59,,Washougal_R_Fa,5008,0.56,Cowlitz_H_fa,5008,0.34,Spring_Cr_col,5030,0.05,Lewis_R_Su,5008,0.02,Big_Cr_H_Col,5030,0.01
Area126 (07) troll 16 1,,Cedar_R_SuFa,5020,0.87,George_Adams_H,5005,0.07,Bear_Cr_SuFa,5020,0.02,U_Sauk_R_SpSu,5016,0.01,Voights_H,5020,0.01
Area126 (07) troll 16 10,,Wells_H,5026,0.82,Hanford_Reach,5026,0.11,Wenatchee_R_SF,5026,0.06,Umatilla_H_Fa,5026,0.01,Priest_Rapid_H,5026,0.00
Area126 (07) troll 16 11,,Cowlitz_H_fa,5008,0.69,Wells_H,5026,0.22,Hanford_Reach,5026,0.04,Priest_Rapid_H,5026,0.03,Lewis_R_Su,5008,0.01
Area126 (07) troll 16 12,,S_Prairie_Cr,5020,0.40,Voights_H,5020,0.31,Soos_H,5020,0.26,Samish_H,5016,0.01,George_Adams_H,5005,0.01
Area126 (07) troll 16 13,,George_Adams_H,5005,0.58,Bear_Cr_SuFa,5020,0.31,Soos_H,5020,0.04,Cedar_R_SuFa,5020,0.02,Voights_H,5020,0.01
Area126 (07) troll 16 14,,Hanford_Reach,5026,0.54,Lewis_H_sp,5009,0.22,McKenzie_H,5029,0.05,N_Santiam_H,5029,0.04,Spring_Cr_col,5030,0.03
Area126 (07) troll 16 15,,Cedar_R_SuFa,5020,0.88,George_Adams_H,5005,0.04,Grovers_Cr_H,5020,0.04,NF_Skokomish_F,5005,0.01,Hamma_Hamma_R,5005,0.00
Area126 (07) troll 16 2,,S_Prairie_Cr,5020,0.66,Grovers_Cr_H,5020,0.07,Voights_H,5020,0.07,Soos_H,5020,0.06,Cedar_R_SuFa,5020,0.04
Area126 (07) troll 16 3,,Cedar_R_SuFa,5020,0.36,S_Prairie_Cr,5020,0.32,Samish_H,5016,0.15,George_Adams_H,5005,0.07,Soos_H,5020,0.07
Area126 (07) troll 16 4,,Cowichan,7,1.00,Nanaimo_F,7,0.00,Big_Qualicum,7,0.00,L_Qualicum,7,0.00,Puntledge_BackX,7,0.00
Area126 (07) troll 16 5,,NF_Nooksack_H,5016,1.00,,,,,,,,,,,,
Area126 (07) troll 16 6,,Hanford_Reach,5026,0.36,Wells_H,5026,0.31,Priest_Rapid_H,5026,0.26,Wenatchee_R_SF,5026,0.05,Umatilla_H_Fa,5026,0.01
Area126 (07) troll 16 7,,Harrison,3,0.88,Chilliwack_F,3,0.12,Chilliwac@Stav,3,0.00,,,,,,
Area126 (07) troll 16 8,,Cedar_R_SuFa,5020,0.34,Soos_H,5020,0.32,Voights_H,5020,0.12,S_Prairie_Cr,5020,0.11,Bear_Cr_SuFa,5020,0.07
Area126 (07) troll 16 9,,Harrison,3,0.80,Chilliwack_F,3,0.19,Chilliwac@Stav,3,0.00,Cheakamus,9,0.00,,,
Area126 (07) troll 160 75,,Spring_Cr_col,5030,0.96,Big_Cr_H_Col,5030,0.04,Cowlitz_H_fa,5008,0.00,,,,,,
Area126 (07) troll 160 76,,Soos_H,5020,0.47,S_Prairie_Cr,5020,0.40,George_Adams_H,5005,0.07,Bear_Cr_SuFa,5020,0.04,Voights_H,5020,0.01
Area126 (07) troll 161 77,,Quesnel,2,0.95,Little_R,5,0.02,NanaimoSu_BackX,7,0.01,Seaskinnish,11,0.00,Torpy,1,0.00
Area126 (07) troll 161 78,,Wells_H,5026,0.43,Hanford_Reach,5026,0.17,Feather_H_fa,5001,0.08,Umatilla_H_Fa,5026,0.08,Wenatchee_R_SF,5026,0.08
Area126 (07) troll 161 79,,Harrison,3,1.00,Capilano,9,0.00,L_Skagit_R_Fa,5016,0.00,Umpqua_H,5011,0.00,L_Qualicum,7,0.00
Area126 (07) troll 161 80,,Big_Cr_H_Col,5030,0.71,Spring_Cr_col,5030,0.24,Cowlitz_H_fa,5008,0.03,Washougal_R_Fa,5008,0.01,Abernathy_NFH_F,5008,0.00
Area126 (07) troll 161 81,,Hanford_Reach,5026,0.80,Priest_Rapid_H,5026,0.13,Umatilla_H_Fa,5026,0.03,U_Deschutes_R,5004,0.01,Wenatchee_R_SF,5026,0.01
Area126 (07) troll 161 82,,S_Prairie_Cr,5020,0.63,Samish_H,5016,0.13,Soos_H,5020,0.13,Cedar_R_SuFa,5020,0.06,L_Skagit_R_Fa,5016,0.02
Area126 (07) troll 162 83,,Trask_R,5015,0.62,Humptulips_H,5028,0.18,S_Umpqua_H,5011,0.11,Salmon_R_f,5015,0.03,NanaimoSu_BackX,7,0.02
Area126 (07) troll 162 84,,Bowron,1,0.60,Tete_Jaune,1,0.15,Fontoniko,1,0.09,Holmes,1,0.04,McGregor,1,0.03
Area126 (07) troll 162 85,,Harrison,3,0.98,Chilliwack_F,3,0.02,Chilliwac@Stav,3,0.00,,,,,,
Area126 (07) troll 162 86,,Harrison,3,1.00,Chilliwack_F,3,0.00,U_Sauk_R_SpSu,5016,0.00,,,,,,
Area126 (07) troll 162 87,,Chilliwack_F,3,0.52,Harrison,3,0.37,Cowlitz_H_fa,5008,0.02,Wells_H,5026,0.02,Lewis_R_Su,5008,0.02
Area126 (07) troll 162 88,,Cedar_R_SuFa,5020,0.39,S_Prairie_Cr,5020,0.36,Soos_H,5020,0.07,L_Skagit_R_Fa,5016,0.07,Voights_H,5020,0.03
Area126 (07) troll 162 89,,Hanford_Reach,5026,0.99,L_Wh_Sal_H_SF,5026,0.00,Priest_Rapid_H,5026,0.00,Lyons_Ferry_H,5021,0.00,Lewis_R_Su,5008,0.00
Area126 (07) troll 162 90,,Little_R,5,0.87,L_Adams,5,0.09,L_Thompson,5,0.02,L_Shuswap,5,0.02,,,
Area126 (07) troll 162 91,,Chilliwack_F,3,0.69,Harrison,3,0.31,Chilliwac@Stav,3,0.00,,,,,,
Area126 (07) troll 162 92,,Cedar_R_SuFa,5020,0.87,George_Adams_H,5005,0.11,NF_Skokomish_F,5005,0.01,Samish_H,5016,0.00,Soos_H,5020,0.00
Area126 (07) troll 17 16,,Big_Qualicum,7,0.63,Cowichan,7,0.30,Cheakamus_F,9,0.03,Harrison,3,0.01,Puntledge_BackX,7,0.01
Area126 (07) troll 17 17,,Soos_H,5020,0.33,Cedar_R_SuFa,5020,0.22,S_Prairie_Cr,5020,0.19,Voights_H,5020,0.17,George_Adams_H,5005,0.04
Area126 (07) troll 17 18,,Cedar_R_SuFa,5020,0.36,Voights_H,5020,0.31,Soos_H,5020,0.15,Samish_H,5016,0.10,Bear_Cr_SuFa,5020,0.05
Area126 (07) troll 174 100,,Bear_Cr_SuFa,5020,0.39,Samish_H,5016,0.15,Cedar_R_SuFa,5020,0.14,Harrison,3,0.12,Soos_H,5020,0.06
Area126 (07) troll 174 101,,Big_Cr_H_Col,5030,0.64,Spring_Cr_col,5030,0.35,Abernathy_NFH_F,5008,0.01,Cowlitz_H_fa,5008,0.00,,,
Area126 (07) troll 174 102,,Little_R,5,0.37,L_Thompson,5,0.29,L_Adams,5,0.12,S_Prairie_Cr,5020,0.07,Cedar_R_SuFa,5020,0.03
Area126 (07) troll 174 103,,Hanford_Reach,5026,0.35,Wells_H,5026,0.27,Wenatchee_R_SF,5026,0.19,Washougal_R_Fa,5008,0.09,Priest_Rapid_H,5026,0.05
Area126 (07) troll 174 104,,Harrison,3,0.50,Chilliwack_F,3,0.49,Chilliwac@Stav,3,0.01,,,,,,
Area126 (07) troll 174 105,,Soos_H,5020,0.32,Cedar_R_SuFa,5020,0.25,George_Adams_H,5005,0.20,S_Prairie_Cr,5020,0.10,Snoqualmie_R,5016,0.05
Area126 (07) troll 174 106,,Priest_Rapid_H,5026,0.65,Hanford_Reach,5026,0.17,Wenatchee_R_SF,5026,0.10,Wells_H,5026,0.07,L_Wh_Sal_H_SF,5026,0.01
Area126 (07) troll 174 107,,Big_Qualicum,7,0.48,NF_Nooksack_H,5016,0.24,Harrison,3,0.09,Snoqualmie_R,5016,0.06,Puntledge_BackX,7,0.06
Area126 (07) troll 174 93,,Burman,8,1.00,Gold_R,8,0.00,Tlupana,8,0.00,Kaouk_R,8,0.00,,,
Area126 (07) troll 174 94,,San_Juan,8,0.74,L_Skagit_R_Fa,5016,0.13,Big_Qualicum,7,0.07,Hanford_Reach,5026,0.01,NanaimoSu_BackX,7,0.01
Area126 (07) troll 174 95,,Voights_H,5020,0.79,Cedar_R_SuFa,5020,0.06,Soos_H,5020,0.06,Bear_Cr_SuFa,5020,0.04,Samish_H,5016,0.02
Area126 (07) troll 174 96,,Marblemount_HSp,5016,0.81,U_Sauk_R_SpSu,5016,0.18,L_Skagit_R_Fa,5016,0.00,Marblemount_Hsu,5016,0.00,Snoqualmie_R,5016,0.00
Area126 (07) troll 174 97,,Wells_H,5026,0.31,Wenatchee_R_SF,5026,0.31,Priest_Rapid_H,5026,0.26,Hanford_Reach,5026,0.07,Harrison,3,0.03
Area126 (07) troll 174 98,,Hanford_Reach,5026,0.42,Priest_Rapid_H,5026,0.30,Wenatchee_R_SF,5026,0.16,Wells_H,5026,0.04,Grovers_Cr_H,5020,0.03
Area126 (07) troll 174 99,,Cedar_R_SuFa,5020,0.69,Bear_Cr_SuFa,5020,0.13,Soos_H,5020,0.08,S_Prairie_Cr,5020,0.02,Hamma_Hamma_R,5005,0.02
Area126 (07) troll 22 19,,Cedar_R_SuFa,5020,0.31,Soos_H,5020,0.22,George_Adams_H,5005,0.20,Bear_Cr_SuFa,5020,0.11,Samish_H,5016,0.11
Area126 (07) troll 22 20,,Harrison,3,0.32,NanaimoSu_BackX,7,0.28,L_Skagit_R_Fa,5016,0.26,Squingula_R,19,0.03,Quesnel,2,0.03
Area126 (07) troll 22 21,,S_Prairie_Cr,5020,0.61,Soos_H,5020,0.15,George_Adams_H,5005,0.08,Bear_Cr_SuFa,5020,0.06,Cedar_R_SuFa,5020,0.06
Area126 (07) troll 22 22,,NF_Nooksack_H,5016,1.00,U_Sauk_R_SpSu,5016,0.00,L_Skagit_R_Fa,5016,0.00,,,,,,
Area126 (07) troll 22 23,,George_Adams_H,5005,0.98,NF_Skokomish_F,5005,0.02,Snoqualmie_R,5016,0.00,S_Prairie_Cr,5020,0.00,Cedar_R_SuFa,5020,0.00
Area126 (07) troll 22 24,,George_Adams_H,5005,0.94,Cedar_R_SuFa,5020,0.03,Samish_H,5016,0.02,Bear_Cr_SuFa,5020,0.00,Hamma_Hamma_R,5005,0.00
Area126 (07) troll 22 25,,Cedar_R_SuFa,5020,0.43,Samish_H,5016,0.27,L_Skagit_R_Fa,5016,0.12,Voights_H,5020,0.06,Cheakamus_F,9,0.05
Area126 (07) troll 22 26,,NF_Nooksack_H,5016,1.00,U_Sauk_R_SpSu,5016,0.00,Snoqualmie_R,5016,0.00,,,,,,
Area126 (07) troll 22 27,,George_Adams_H,5005,0.85,Snoqualmie_R,5016,0.04,Soos_H,5020,0.02,Samish_H,5016,0.02,Bear_Cr_SuFa,5020,0.02
Area126 (07) troll 22 28,,S_Prairie_Cr,5020,0.58,Snoqualmie_R,5016,0.18,Voights_H,5020,0.11,Bear_Cr_SuFa,5020,0.08,L_Skagit_R_Fa,5016,0.02
Area126 (07) troll 22 29,,Soos_H,5020,0.86,Cedar_R_SuFa,5020,0.04,S_Prairie_Cr,5020,0.04,Bear_Cr_SuFa,5020,0.02,Voights_H,5020,0.01
Area126 (07) troll 22 30,,Priest_Rapid_H,5026,0.74,Wenatchee_R_SF,5026,0.14,Hanford_Reach,5026,0.11,Umatilla_H_Fa,5026,0.01,Wells_H,5026,0.00
Area126 (07) troll 22 31,,Cedar_R_SuFa,5020,0.72,Bear_Cr_SuFa,5020,0.20,Voights_H,5020,0.03,Soos_H,5020,0.03,Samish_H,5016,0.01
Area126 (07) troll 22 32,,Cedar_R_SuFa,5020,0.72,Bear_Cr_SuFa,5020,0.09,Samish_H,5016,0.06,George_Adams_H,5005,0.04,Voights_H,5020,0.03
Area126 (07) troll 22 33,,George_Adams_H,5005,0.37,Cedar_R_SuFa,5020,0.36,Voights_H,5020,0.10,Soos_H,5020,0.07,Bear_Cr_SuFa,5020,0.04
Area126 (07) troll 22 34,,Bear_Cr_SuFa,5020,0.23,Samish_H,5016,0.23,Soos_H,5020,0.21,Cedar_R_SuFa,5020,0.14,George_Adams_H,5005,0.12
Area126 (07) troll 22 35,,George_Adams_H,5005,0.56,Snoqualmie_R,5016,0.16,Samish_H,5016,0.05,Hanford_Reach,5026,0.05,L_Skagit_R_Fa,5016,0.03
Area126 (07) troll 22 36,,Voights_H,5020,0.44,S_Prairie_Cr,5020,0.28,Soos_H,5020,0.13,Hupp_Sp_H,5020,0.06,White_H,5020,0.04
Area126 (07) troll 22 37,,Soos_H,5020,0.46,Voights_H,5020,0.28,Samish_H,5016,0.10,Cedar_R_SuFa,5020,0.08,Grovers_Cr_H,5020,0.02
Area126 (07) troll 22 38,,L_Skagit_R_Fa,5016,0.41,U_Sauk_R_SpSu,5016,0.29,Voights_H,5020,0.12,George_Adams_H,5005,0.06,S_Prairie_Cr,5020,0.05
Area126 (07) troll 22 39,,Cedar_R_SuFa,5020,0.32,Soos_H,5020,0.31,Bear_Cr_SuFa,5020,0.19,Voights_H,5020,0.07,George_Adams_H,5005,0.05
Area126 (07) troll 22 40,,Lewis_R_Su,5008,0.69,Cowlitz_H_fa,5008,0.24,Lewis_R_LSu,5008,0.02,Cowlitz_H_sp,5009,0.01,Washougal_R_Fa,5008,0.01
Area126 (07) troll 22 41,,George_Adams_H,5005,0.80,Samish_H,5016,0.07,Cedar_R_SuFa,5020,0.06,Bear_Cr_SuFa,5020,0.03,NF_Skokomish_F,5005,0.01
Area126 (07) troll 23 42,,Voights_H,5020,0.60,S_Prairie_Cr,5020,0.10,Soos_H,5020,0.10,Cedar_R_SuFa,5020,0.09,Grovers_Cr_H,5020,0.05
Area126 (07) troll 23 43,,Thornton,8,0.86,Gold_R,8,0.06,Robertson,8,0.04,Burman,8,0.03,Big_Qualicum,7,0.01
Area126 (07) troll 23 44,,Voights_H,5020,0.54,Big_Qualicum,7,0.11,Bear_Cr_SuFa,5020,0.10,Cedar_R_SuFa,5020,0.06,S_Prairie_Cr,5020,0.03
Area126 (07) troll 23 45,,Cedar_R_SuFa,5020,0.45,Harrison,3,0.24,Samish_H,5016,0.16,Bear_Cr_SuFa,5020,0.07,Little_R,5,0.02
Area126 (07) troll 23 46,,Cheakamus_F,9,0.51,Big_Qualicum,7,0.29,Cowichan,7,0.18,L_Qualicum,7,0.01,Puntledge_F,7,0.00
Area126 (07) troll 23 47,,Spring_Cr_col,5030,0.89,Big_Cr_H_Col,5030,0.06,Abernathy_NFH_F,5008,0.04,Elochoman_H,5030,0.00,Cowlitz_H_fa,5008,0.00
Area126 (07) troll 23 48,,Cowichan,7,1.00,Big_Qualicum,7,0.00,Puntledge_F,7,0.00,Puntledge_BackX,7,0.00,L_Qualicum,7,0.00
Area126 (07) troll 23 49,,Cedar_R_SuFa,5020,0.37,Hanford_Reach,5026,0.30,Soos_H,5020,0.16,Voights_H,5020,0.06,S_Prairie_Cr,5020,0.06
Area126 (07) troll 23 50,,Big_Cr_H_Col,5030,0.53,Spring_Cr_col,5030,0.39,Voights_H,5020,0.04,Washougal_R_Fa,5008,0.01,Cowlitz_H_fa,5008,0.01
Area126 (07) troll 23 51,,Priest_Rapid_H,5026,0.40,Feather_H_fa,5001,0.35,Hanford_Reach,5026,0.23,Priest_Rapids_H,5026,0.01,Battle_Cr,5001,0.00
Area126 (07) troll 23 52,,Harrison,3,0.29,Hanford_Reach,5026,0.16,Wenatchee_R_SF,5026,0.16,U_Sauk_R_SpSu,5016,0.10,Wells_H,5026,0.10
Area126 (07) troll 23 53,,George_Adams_H,5005,0.31,Soos_H,5020,0.20,Voights_H,5020,0.16,Cedar_R_SuFa,5020,0.10,Cheakamus_F,9,0.09
Area126 (07) troll 23 54,,Chilliwack_F,3,0.66,Harrison,3,0.34,Chilliwac@Stav,3,0.00,,,,,,
Area126 (07) troll 23 55,,Bear_Cr_SuFa,5020,0.37,Cedar_R_SuFa,5020,0.21,Soos_H,5020,0.13,Samish_H,5016,0.10,George_Adams_H,5005,0.07
Area126 (07) troll 23 56,,Trinity_H_sp,5007,0.75,Klamath_R_fa,5007,0.25,Lewis_R_Su,5008,0.00,Hanford_Reach,5026,0.00,Cowlitz_H_fa,5008,0.00
Area126 (07) troll 23 57,,George_Adams_H,5005,0.57,L_Skagit_R_Fa,5016,0.23,S_Prairie_Cr,5020,0.07,Snoqualmie_R,5016,0.04,Cedar_R_SuFa,5020,0.03
Area126 (07) troll 23 58,,Wells_H,5026,0.84,L_Skagit_R_Fa,5016,0.08,Wenatchee_R_SF,5026,0.05,Lewis_H_sp,5009,0.01,Hanford_Reach,5026,0.00
Area126 (07) troll 23 59,,Spring_Cr_col,5030,1.00,Abernathy_NFH_F,5008,0.00,,,,,,,,,
Area126 (07) troll 23 60,,Voights_H,5020,0.55,George_Adams_H,5005,0.12,Cedar_R_SuFa,5020,0.11,Umpqua_H,5011,0.10,Samish_H,5016,0.06
Area126 (07) troll 23 61,,Voights_H,5020,0.17,Soos_H,5020,0.16,S_Prairie_Cr,5020,0.16,Cedar_R_SuFa,5020,0.11,U_Sauk_R_SpSu,5016,0.09
Area126 (07) troll 23 62,,NF_Nooksack_H,5016,1.00,U_Sauk_R_SpSu,5016,0.00,Skagit_R,5016,0.00,,,,,,
Area126 (07) troll 23 63,,Bear_Cr_SuFa,5020,0.48,Soos_H,5020,0.25,S_Prairie_Cr,5020,0.12,Cedar_R_SuFa,5020,0.05,L_Skagit_R_Fa,5016,0.05
Area126 (07) troll 264 34,,S_Prairie_Cr,5020,0.87,Cedar_R_SuFa,5020,0.06,Samish_H,5016,0.05,Bear_Cr_SuFa,5020,0.01,Soos_H,5020,0.00
Area126 (07) troll 264 35,,Voights_H,5020,0.54,Cedar_R_SuFa,5020,0.16,S_Prairie_Cr,5020,0.13,Soos_H,5020,0.08,Snoqualmie_R,5016,0.04
Area126 (07) troll 264 36,,Cedar_R_SuFa,5020,0.52,Voights_H,5020,0.38,Soos_H,5020,0.05,L_Skagit_R_Fa,5016,0.04,U_Sauk_R_SpSu,5016,0.00
Area126 (07) troll 264 37,,Spring_Cr_col,5030,0.99,Big_Cr_H_Col,5030,0.01,Abernathy_NFH_F,5008,0.00,Elochoman_H,5030,0.00,,,
Area126 (07) troll 264 38,,Harrison,3,0.86,Chilliwack_F,3,0.11,L_Skagit_R_Fa,5016,0.01,L_Qualicum,7,0.01,Cheakamus,9,0.01
Area126 (07) troll 264 39,Number of missing Loci exceeded,,,,,,,,,,,,,,,
Area126 (07) troll 264 40,,NF_Nooksack_H,5016,1.00,U_Sauk_R_SpSu,5016,0.00,,,,,,,,,
Area126 (07) troll 264 41,,U_Sauk_R_SpSu,5016,0.23,Marblemount_HSp,5016,0.16,Little_Tahltan,18,0.16,Hackett_r,17,0.16,U_Atnarko,10,0.07
Area126 (07) troll 264 42,,Harrison,3,0.62,Chilliwack_F,3,0.38,Chilliwac@Stav,3,0.00,,,,,,
Area126 (07) troll 264 43,,Big_Qualicum,7,0.72,Cedar_R_SuFa,5020,0.07,George_Adams_H,5005,0.05,Bear_Cr_SuFa,5020,0.04,Samish_H,5016,0.03
Area126 (07) troll 264 44,,NF_Nooksack_H,5016,1.00,,,,,,,,,,,,
Area126 (07) troll 264 45,,Hoh_R,5028,0.66,Millicoma_R,5011,0.21,Humptulips_H,5028,0.07,Trask_R,5015,0.02,Quilayute_R,5028,0.02
Area126 (07) troll 264 46,,Chilliwack_F,3,0.56,Harrison,3,0.44,L_Skagit_R_Fa,5016,0.00,Marblemount_HSp,5016,0.00,U_Sauk_R_SpSu,5016,0.00
Area126 (07) troll 264 47,,Cowichan,7,0.97,Puntledge_BackX,7,0.01,Big_Qualicum,7,0.01,L_Qualicum,7,0.00,Puntledge_F,7,0.00
Area126 (07) troll 264 48,,Snoqualmie_R,5016,0.29,NF_Nooksack_H,5016,0.12,Soos_H,5020,0.11,Lewis_R_Su,5008,0.09,Harrison,3,0.07
Area126 (07) troll 264 49,,Trask_R,5015,0.48,Washougal_R_Fa,5008,0.39,Sol_Duc_H,5028,0.08,Cowlitz_H_fa,5008,0.03,Alsea_R,5015,0.01
Area126 (07) troll 264 50,,Trask_R,5015,0.63,Alsea_R,5015,0.16,Hoh_R,5028,0.11,S_Umpqua_H,5011,0.04,Nestucca_H,5015,0.02
Area126 (07) troll 264 51,,S_Prairie_Cr,5020,0.31,Harrison,3,0.17,Soos_H,5020,0.15,Voights_H,5020,0.11,L_Skagit_R_Fa,5016,0.08
Area126 (07) troll 264 52,,Hoh_R,5028,0.68,Humptulips_H,5028,0.13,NanaimoSu_BackX,7,0.13,Teigen,11,0.02,Millicoma_R,5011,0.01
Area126 (07) troll 264 53,,Trask_R,5015,0.97,Alsea_R,5015,0.01,Nestucca_H,5015,0.01,Salmon_R_f,5015,0.00,Humptulips_H,5028,0.00
Area126 (07) troll 264 54,,Alsea_R,5015,0.43,Trask_R,5015,0.25,Millicoma_R,5011,0.22,Coquille_R,5011,0.03,Nehalem_R,5015,0.02
Area126 (07) troll 264 55,,Humptulips_H,5028,0.98,Forks_Cr_H,5028,0.01,Trask_R,5015,0.00,Hoh_R,5028,0.00,Elochoman_R_Fa,5008,0.00
Area126 (07) troll 266 17,,Trask_R,5015,0.72,Alsea_R,5015,0.16,Lewis_R_Su,5008,0.04,Washougal_R_Fa,5008,0.04,Kilchis_R,5015,0.02
Area126 (07) troll 266 18,,Spring_Cr_col,5030,0.27,Sol_Duc_H,5028,0.27,Washougal_R_Fa,5008,0.27,Cowlitz_H_fa,5008,0.09,Abernathy_NFH_F,5008,0.03
Area126 (07) troll 266 19,,Sixes_R,5011,0.41,Elk_H,5011,0.29,Coquille_R,5011,0.28,Millicoma_R,5011,0.01,NanaimoSu_BackX,7,0.01
Area126 (07) troll 266 20,,Hanford_Reach,5026,0.79,Wenatchee_R_SF,5026,0.11,Wells_H,5026,0.06,Priest_Rapid_H,5026,0.04,Methow_R,5026,0.00
Area126 (07) troll 266 21,,Bear_Cr_SuFa,5020,0.67,Cedar_R_SuFa,5020,0.18,Soos_H,5020,0.09,Snoqualmie_R,5016,0.02,L_Skagit_R_Fa,5016,0.02
Area126 (07) troll 266 22,,Big_Qualicum,7,0.53,Cowichan,7,0.18,U_Sauk_R_SpSu,5016,0.14,L_Skagit_R_Fa,5016,0.05,Grovers_Cr_H,5020,0.02
Area126 (07) troll 266 23,,Trask_R,5015,0.62,Alsea_R,5015,0.35,NanaimoSu_BackX,7,0.01,Kilchis_R,5015,0.01,Coos_H,5011,0.01
Area126 (07) troll 266 24,,NF_Nooksack_H,5016,1.00,U_Sauk_R_SpSu,5016,0.00,,,,,,,,,
Area126 (07) troll 266 25,,Sol_Duc_H,5028,0.99,Umpqua_H,5011,0.01,Lewis_H_sp,5009,0.00,Cowlitz_H_sp,5009,0.00,Cowlitz_H_fa,5008,0.00
Area126 (07) troll 266 26,,Trask_R,5015,0.78,Alsea_R,5015,0.19,Salmon_R_f,5015,0.01,Kilchis_R,5015,0.01,Nestucca_H,5015,0.01
Area126 (07) troll 266 27,,Hanford_Reach,5026,0.85,Priest_Rapid_H,5026,0.04,Wells_H,5026,0.03,Wenatchee_R_SF,5026,0.03,Umatilla_H_Fa,5026,0.03
Area126 (07) troll 266 28,,Voights_H,5020,0.38,Soos_H,5020,0.36,Cedar_R_SuFa,5020,0.16,L_Skagit_R_Fa,5016,0.09,Snoqualmie_R,5016,0.00
Area126 (07) troll 266 29,,Trask_R,5015,0.71,Alsea_R,5015,0.15,Elk_H,5011,0.10,Sixes_R,5011,0.03,L_Skagit_R_Fa,5016,0.01
Area126 (07) troll 266 30,,Cedar_R_SuFa,5020,0.80,Soos_H,5020,0.08,Snoqualmie_R,5016,0.05,George_Adams_H,5005,0.03,S_Prairie_Cr,5020,0.02
Area126 (07) troll 266 31,,Wenatchee_R_SF,5026,0.41,Wells_H,5026,0.40,Hanford_Reach,5026,0.15,Priest_Rapid_H,5026,0.04,Klickitat_R_sp,5010,0.00
Area126 (07) troll 266 32,,Voights_H,5020,0.25,Soos_H,5020,0.24,Cedar_R_SuFa,5020,0.20,Bear_Cr_SuFa,5020,0.14,Grovers_Cr_H,5020,0.10
Area126 (07) troll 266 33,,Big_Qualicum,7,0.47,L_Skagit_R_Fa,5016,0.15,Cheakamus_F,9,0.14,Chemainus,7,0.09,Cowichan,7,0.08
Area126 (07) troll 272 1,,George_Adams_H,5005,0.68,Cedar_R_SuFa,5020,0.12,Soos_H,5020,0.09,Voights_H,5020,0.04,S_Prairie_Cr,5020,0.03
Area126 (07) troll 272 10,,Trask_R,5015,0.82,Alsea_R,5015,0.07,Nestucca_H,5015,0.04,Salmon_R_f,5015,0.03,Humptulips_H,5028,0.03
Area126 (07) troll 272 11,,Alsea_R,5015,0.27,Trask_R,5015,0.18,Cowlitz_H_fa,5008,0.17,Lewis_R_Su,5008,0.15,Washougal_R_Fa,5008,0.09
Area126 (07) troll 272 12,,Trask_R,5015,0.99,Nestucca_H,5015,0.01,Alsea_R,5015,0.00,Salmon_R_f,5015,0.00,Nehalem_R,5015,0.00
Area126 (07) troll 272 13,,Quesnel,2,1.00,Stuart,2,0.00,Bowron,1,0.00,Harrison,3,0.00,,,
Area126 (07) troll 272 14,,Trask_R,5015,0.96,Hoh_R,5028,0.02,Alsea_R,5015,0.02,Wilson_R,5015,0.00,Kilchis_R,5015,0.00
Area126 (07) troll 272 15,,Nehalem_R,5015,0.47,Hanford_Reach,5026,0.20,Butte_Cr_f,5001,0.10,Snoqualmie_R,5016,0.09,Priest_Rapid_H,5026,0.05
Area126 (07) troll 272 16,,Priest_Rapid_H,5026,0.82,Hanford_Reach,5026,0.15,Wenatchee_R_SF,5026,0.03,Wells_H,5026,0.01,Umatilla_H_Fa,5026,0.00
Area126 (07) troll 272 2,,Bear_Cr_SuFa,5020,0.42,Soos_H,5020,0.39,S_Prairie_Cr,5020,0.11,Cedar_R_SuFa,5020,0.05,George_Adams_H,5005,0.02
Area126 (07) troll 272 3,,Trask_R,5015,0.25,Sol_Duc_H,5028,0.20,NanaimoSu_BackX,7,0.18,Millicoma_R,5011,0.15,L_Skagit_R_Fa,5016,0.10
Area126 (07) troll 272 4,,Humptulips_H,5028,0.95,Trask_R,5015,0.02,U_Sauk_R_SpSu,5016,0.01,Alsea_R,5015,0.01,L_Skagit_R_Fa,5016,0.00
Area126 (07) troll 272 5,,U_Sauk_R_SpSu,5016,0.58,L_Skagit_R_Fa,5016,0.24,Snoqualmie_R,5016,0.07,Cheakamus_F,9,0.05,Soos_H,5020,0.03
Area126 (07) troll 272 6,,Humptulips_H,5028,0.97,Hoh_R,5028,0.02,Alsea_R,5015,0.00,Forks_Cr_H,5028,0.00,N_Thom@Main,4,0.00
Area126 (07) troll 272 9,,Trask_R,5015,0.53,Humptulips_H,5028,0.23,Umpqua_H,5011,0.15,Alsea_R,5015,0.03,Salmon_R_f,5015,0.02
Area126 (07) troll 302 1,,George_Adams_H,5005,0.67,Soos_H,5020,0.12,Voights_H,5020,0.09,S_Prairie_Cr,5020,0.06,Cedar_R_SuFa,5020,0.02
Area126 (07) troll 302 10,,Big_Qualicum,7,0.59,Cowichan,7,0.20,Puntledge_BackX,7,0.16,L_Qualicum,7,0.01,Cheakamus_F,9,0.01
Area126 (07) troll 302 11,,U_Sauk_R_SpSu,5016,0.29,L_Skagit_R_Fa,5016,0.27,George_Adams_H,5005,0.12,Samish_H,5016,0.06,Snoqualmie_R,5016,0.05
Area126 (07) troll 302 12,,NF_Nooksack_H,5016,1.00,,,,,,,,,,,,
Area126 (07) troll 302 13,,Harrison,3,0.82,Chilliwack_F,3,0.07,U_Sauk_R_SpSu,5016,0.05,Snoqualmie_R,5016,0.02,Cedar_R_SuFa,5020,0.02
Area126 (07) troll 302 14,,Trinity_H_sp,5007,0.75,Klamath_R_fa,5007,0.25,,,,,,,,,
Area126 (07) troll 302 15,,Wells_H,5026,0.52,Hanford_Reach,5026,0.30,Priest_Rapid_H,5026,0.16,Washougal_R_Fa,5008,0.01,N_Santiam_H,5029,0.00
Area126 (07) troll 302 16,,George_Adams_H,5005,0.86,S_Prairie_Cr,5020,0.04,Samish_H,5016,0.02,Bear_Cr_SuFa,5020,0.02,Soos_H,5020,0.02
Area126 (07) troll 302 17,,Alsea_R,5015,0.56,Trask_R,5015,0.31,Nestucca_H,5015,0.06,Coquille_R,5011,0.02,Sol_Duc_H,5028,0.02
Area126 (07) troll 302 18,,U_Sauk_R_SpSu,5016,0.45,L_Skagit_R_Fa,5016,0.32,Snoqualmie_R,5016,0.14,Bear_Cr_SuFa,5020,0.03,Skagit_R,5016,0.02
Area126 (07) troll 302 19,,Cowlitz_H_fa,5008,0.95,Lewis_R_Su,5008,0.02,Spring_Cr_col,5030,0.01,Big_Cr_H_Col,5030,0.01,Washougal_R_Fa,5008,0.00
Area126 (07) troll 302 2,,NF_Nooksack_H,5016,1.00,,,,,,,,,,,,
Area126 (07) troll 302 20,,L_Skagit_R_Fa,5016,0.24,Soos_H,5020,0.18,Samish_H,5016,0.18,Bear_Cr_SuFa,5020,0.14,Snoqualmie_R,5016,0.08
Area126 (07) troll 302 21,,Washougal_R_Fa,5008,0.50,Cowlitz_H_fa,5008,0.46,Lewis_R_Su,5008,0.03,Abernathy_NFH_F,5008,0.01,Green_R_Fa,5008,0.00
Area126 (07) troll 302 22,,Voights_H,5020,0.61,U_Sauk_R_SpSu,5016,0.21,Washougal_R_Fa,5008,0.07,George_Adams_H,5005,0.03,Cedar_R_SuFa,5020,0.02
Area126 (07) troll 302 23,,Bear_Cr_SuFa,5020,0.63,Cedar_R_SuFa,5020,0.16,S_Prairie_Cr,5020,0.08,Soos_H,5020,0.05,L_Skagit_R_Fa,5016,0.03
Area126 (07) troll 302 24,,Umpqua_H,5011,0.21,L_Skagit_R_Fa,5016,0.19,Snoqualmie_R,5016,0.19,S_Prairie_Cr,5020,0.12,Samish_H,5016,0.09
Area126 (07) troll 302 25,,Hanford_Reach,5026,0.98,Wenatchee_R_SF,5026,0.01,Umatilla_H,5026,0.00,Umatilla_H_Fa,5026,0.00,Harrison,3,0.00
Area126 (07) troll 302 26,,Marblemount_HSp,5016,0.52,NF_Nooksack_H,5016,0.27,U_Sauk_R_SpSu,5016,0.12,Snoqualmie_R,5016,0.08,L_Skagit_R_Fa,5016,0.01
Area126 (07) troll 302 27,,George_Adams_H,5005,0.43,Cedar_R_SuFa,5020,0.25,Bear_Cr_SuFa,5020,0.23,NF_Skokomish_F,5005,0.02,Soos_H,5020,0.02
Area126 (07) troll 302 28,,Bear_Cr_SuFa,5020,0.35,L_Skagit_R_Fa,5016,0.32,Cedar_R_SuFa,5020,0.27,Snoqualmie_R,5016,0.03,Samish_H,5016,0.01
Area126 (07) troll 302 29,,Wells_H,5026,0.64,Wenatchee_R_SF,5026,0.11,Harrison,3,0.09,Chilliwack_F,3,0.04,Hanford_Reach,5026,0.02
Area126 (07) troll 302 3,,Soos_H,5020,0.38,Voights_H,5020,0.23,George_Adams_H,5005,0.17,Bear_Cr_SuFa,5020,0.12,Cedar_R_SuFa,5020,0.05
Area126 (07) troll 302 30,,Bear_Cr_SuFa,5020,0.61,Cedar_R_SuFa,5020,0.16,George_Adams_H,5005,0.11,Soos_H,5020,0.08,Voights_H,5020,0.03
Area126 (07) troll 302 31,,L_Skagit_R_Fa,5016,0.37,S_Prairie_Cr,5020,0.31,Harrison,3,0.11,U_Sauk_R_SpSu,5016,0.06,Cedar_R_SuFa,5020,0.06
Area126 (07) troll 302 32,,Bear_Cr_SuFa,5020,0.48,Soos_H,5020,0.28,Cedar_R_SuFa,5020,0.18,Grovers_Cr_H,5020,0.03,George_Adams_H,5005,0.02
Area126 (07) troll 302 33,,Soos_H,5020,0.92,Voights_H,5020,0.03,Bear_Cr_SuFa,5020,0.02,S_Prairie_Cr,5020,0.02,Cedar_R_SuFa,5020,0.01
Area126 (07) troll 302 34,,Cedar_R_SuFa,5020,0.74,Grovers_Cr_H,5020,0.11,Soos_H,5020,0.04,Snoqualmie_R,5016,0.03,George_Adams_H,5005,0.03
Area126 (07) troll 302 35,,Cedar_R_SuFa,5020,0.81,S_Prairie_Cr,5020,0.15,Bear_Cr_SuFa,5020,0.02,Soos_H,5020,0.01,George_Adams_H,5005,0.00
Area126 (07) troll 302 4,,Bear_Cr_SuFa,5020,0.34,Snoqualmie_R,5016,0.21,U_Sauk_R_SpSu,5016,0.13,Cedar_R_SuFa,5020,0.11,Soos_H,5020,0.06
Area126 (07) troll 302 5,,Soos_H,5020,0.32,Voights_H,5020,0.21,Samish_H,5016,0.14,S_Prairie_Cr,5020,0.11,George_Adams_H,5005,0.07
Area126 (07) troll 302 6,,S_Prairie_Cr,5020,0.50,Cedar_R_SuFa,5020,0.37,Grovers_Cr_H,5020,0.07,George_Adams_H,5005,0.02,Samish_H,5016,0.02
Area126 (07) troll 302 7,,S_Prairie_Cr,5020,0.55,Bear_Cr_SuFa,5020,0.17,Soos_H,5020,0.10,George_Adams_H,5005,0.10,Cedar_R_SuFa,5020,0.05
Area126 (07) troll 302 8,,Cedar_R_SuFa,5020,0.30,George_Adams_H,5005,0.24,Soos_H,5020,0.19,Voights_H,5020,0.16,Snoqualmie_R,5016,0.06
Area126 (07) troll 302 9,,Soos_H,5020,0.48,Bear_Cr_SuFa,5020,0.25,Cedar_R_SuFa,5020,0.11,George_Adams_H,5005,0.08,Voights_H,5020,0.03
Area126 (07) troll 31 100,,Priest_Rapid_H,5026,0.43,Wells_H,5026,0.28,Hanford_Reach,5026,0.12,Wenatchee_R_SF,5026,0.11,N_Santiam_H,5029,0.03
Area126 (07) troll 31 101,,George_Adams_H,5005,0.48,Hupp_Sp_H,5020,0.23,White_H,5020,0.11,S_Prairie_Cr,5020,0.08,Grovers_Cr_H,5020,0.02
Area126 (07) troll 31 102,,George_Adams_H,5005,0.80,Cedar_R_SuFa,5020,0.11,Bear_Cr_SuFa,5020,0.06,Soos_H,5020,0.01,Grovers_Cr_H,5020,0.01
Area126 (07) troll 31 103,,Chilliwack_F,3,0.94,Harrison,3,0.06,,,,,,,,,
Area126 (07) troll 31 104,,NF_Nooksack_H,5016,1.00,Cedar_R_SuFa,5020,0.00,George_Adams_H,5005,0.00,Bear_Cr_SuFa,5020,0.00,,,
Area126 (07) troll 31 105,,Hanford_Reach,5026,0.71,Priest_Rapid_H,5026,0.23,Umatilla_H_Fa,5026,0.05,Umatilla_H,5026,0.01,Priest_Rapids_H,5026,0.00
Area126 (07) troll 31 106,,L_Skagit_R_Fa,5016,0.35,Soos_H,5020,0.24,Snoqualmie_R,5016,0.22,U_Sauk_R_SpSu,5016,0.05,NF_Nooksack_H,5016,0.04
Area126 (07) troll 31 107,,Bear_Cr_SuFa,5020,0.70,Soos_H,5020,0.12,Cedar_R_SuFa,5020,0.06,Snoqualmie_R,5016,0.04,George_Adams_H,5005,0.03
Area126 (07) troll 31 108,,Cedar_R_SuFa,5020,0.31,Voights_H,5020,0.26,Soos_H,5020,0.20,S_Prairie_Cr,5020,0.12,Samish_H,5016,0.07
Area126 (07) troll 31 109,,Wells_H,5026,0.60,Wenatchee_R_SF,5026,0.30,Methow_R,5026,0.06,Umatilla_H_Fa,5026,0.02,Priest_Rapid_H,5026,0.01
Area126 (07) troll 31 110,,Sol_Duc_H,5028,1.00,Kalama_H_sp,5009,0.00,,,,,,,,,
Area126 (07) troll 31 111,,Spring_Cr_col,5030,0.93,Washougal_R_Fa,5008,0.05,Cowlitz_H_fa,5008,0.01,Abernathy_NFH_F,5008,0.00,Elochoman_H,5030,0.00
Area126 (07) troll 31 112,,Cedar_R_SuFa,5020,0.35,George_Adams_H,5005,0.26,Samish_H,5016,0.11,Voights_H,5020,0.09,Soos_H,5020,0.07
Area126 (07) troll 31 113,,S_Prairie_Cr,5020,0.59,Samish_H,5016,0.17,Voights_H,5020,0.10,Cedar_R_SuFa,5020,0.06,Soos_H,5020,0.06
Area126 (07) troll 31 114,,Cowichan,7,0.99,Puntledge_BackX,7,0.00,Cheakamus_F,9,0.00,Puntledge_F,7,0.00,Big_Qualicum,7,0.00
Area126 (07) troll 31 115,,Harrison,3,1.00,Chilliwack_F,3,0.00,Torpy,1,0.00,Chilliwac@Stav,3,0.00,,,
Area126 (07) troll 31 116,,Cowlitz_H_fa,5008,0.40,Lewis_R_Su,5008,0.32,Washougal_R_Fa,5008,0.16,Lewis_R_LSu,5008,0.05,Hanford_Reach,5026,0.03
Area126 (07) troll 31 117,,Cowichan,7,1.00,Big_Qualicum,7,0.00,Puntledge_F,7,0.00,Chemainus,7,0.00,,,
Area126 (07) troll 31 118,,George_Adams_H,5005,0.23,Snoqualmie_R,5016,0.23,Soos_H,5020,0.15,Bear_Cr_SuFa,5020,0.15,L_Skagit_R_Fa,5016,0.13
Area126 (07) troll 31 119,,S_Prairie_Cr,5020,0.28,Samish_H,5016,0.19,L_Skagit_R_Fa,5016,0.17,Soos_H,5020,0.10,Cedar_R_SuFa,5020,0.10
Area126 (07) troll 31 120,,Soos_H,5020,0.86,Bear_Cr_SuFa,5020,0.08,Cedar_R_SuFa,5020,0.04,Snoqualmie_R,5016,0.01,Voights_H,5020,0.01
Area126 (07) troll 31 121,,George_Adams_H,5005,0.65,Grovers_Cr_H,5020,0.16,Soos_H,5020,0.09,Bear_Cr_SuFa,5020,0.03,Samish_H,5016,0.02
Area126 (07) troll 31 122,,Hanford_Reach,5026,0.47,Priest_Rapid_H,5026,0.37,Umpqua_H,5011,0.05,Umatilla_H_Fa,5026,0.04,S_Umpqua_H,5011,0.03
Area126 (07) troll 31 123,,S_Prairie_Cr,5020,0.32,George_Adams_H,5005,0.23,Cedar_R_SuFa,5020,0.22,L_Skagit_R_Fa,5016,0.05,Grovers_Cr_H,5020,0.05
Area126 (07) troll 31 124,,N_Santiam_H,5029,0.52,McKenzie_H,5029,0.43,Lewis_H_sp,5009,0.03,Washougal_R_Fa,5008,0.01,Cowlitz_H_sp,5009,0.00
Area126 (07) troll 31 125,,Cedar_R_SuFa,5020,0.42,Soos_H,5020,0.19,Voights_H,5020,0.16,Bear_Cr_SuFa,5020,0.10,George_Adams_H,5005,0.07
Area126 (07) troll 31 126,,Bear_Cr_SuFa,5020,0.51,George_Adams_H,5005,0.18,Voights_H,5020,0.14,Cedar_R_SuFa,5020,0.12,S_Prairie_Cr,5020,0.02
Area126 (07) troll 31 127,,Soos_H,5020,0.45,George_Adams_H,5005,0.33,Bear_Cr_SuFa,5020,0.11,Voights_H,5020,0.06,S_Prairie_Cr,5020,0.03
Area126 (07) troll 31 128,,Soos_H,5020,0.45,Grovers_Cr_H,5020,0.24,George_Adams_H,5005,0.18,S_Prairie_Cr,5020,0.06,Bear_Cr_SuFa,5020,0.03
Area126 (07) troll 31 129,,NF_Nooksack_H,5016,0.99,U_Sauk_R_SpSu,5016,0.00,George_Adams_H,5005,0.00,Cedar_R_SuFa,5020,0.00,Voights_H,5020,0.00
Area126 (07) troll 31 130,,George_Adams_H,5005,0.37,Soos_H,5020,0.17,Samish_H,5016,0.13,Bear_Cr_SuFa,5020,0.11,Cedar_R_SuFa,5020,0.09
Area126 (07) troll 31 131,,Priest_Rapid_H,5026,0.56,Hanford_Reach,5026,0.44,Wells_H,5026,0.00,Methow_R,5026,0.00,,,
Area126 (07) troll 31 132,,NF_Nooksack_H,5016,1.00,Harrison,3,0.00,,,,,,,,,
Area126 (07) troll 31 133,,George_Adams_H,5005,0.98,NF_Skokomish_F,5005,0.01,S_Prairie_Cr,5020,0.00,Soos_H,5020,0.00,Voights_H,5020,0.00
Area126 (07) troll 31 134,,Voights_H,5020,0.47,Soos_H,5020,0.34,George_Adams_H,5005,0.10,S_Prairie_Cr,5020,0.04,Cedar_R_SuFa,5020,0.01
Area126 (07) troll 31 135,,Cedar_R_SuFa,5020,0.69,Bear_Cr_SuFa,5020,0.11,Voights_H,5020,0.06,George_Adams_H,5005,0.03,Soos_H,5020,0.03
Area126 (07) troll 31 136,,Soos_H,5020,0.70,Cedar_R_SuFa,5020,0.10,Voights_H,5020,0.05,S_Prairie_Cr,5020,0.05,Grovers_Cr_H,5020,0.05
Area126 (07) troll 31 137,,Bear_Cr_SuFa,5020,0.57,Cedar_R_SuFa,5020,0.20,George_Adams_H,5005,0.10,S_Prairie_Cr,5020,0.04,Voights_H,5020,0.04
Area126 (07) troll 31 138,,Harrison,3,0.84,Chilliwack_F,3,0.16,Chilliwac@Stav,3,0.00,,,,,,
Area126 (07) troll 31 139,,Sol_Duc_H,5028,1.00,,,,,,,,,,,,
Area126 (07) troll 31 140,,Wells_H,5026,0.75,Wenatchee_R_SF,5026,0.17,Hanford_Reach,5026,0.05,Priest_Rapid_H,5026,0.02,L_Thompson,5,0.01
Area126 (07) troll 31 141,,Spring_Cr_col,5030,0.69,Abernathy_NFH_F,5008,0.19,Washougal_R_Fa,5008,0.11,Cowlitz_H_fa,5008,0.01,Big_Cr_H_Col,5030,0.00
Area126 (07) troll 31 142,,NF_Nooksack_H,5016,1.00,Cedar_R_SuFa,5020,0.00,Voights_H,5020,0.00,Skagit_R,5016,0.00,S_Prairie_Cr,5020,0.00
Area126 (07) troll 31 143,,U_Sauk_R_SpSu,5016,0.52,Cedar_R_SuFa,5020,0.13,Soos_H,5020,0.13,Voights_H,5020,0.08,L_Skagit_R_Fa,5016,0.07
Area126 (07) troll 31 144,,Hanford_Reach,5026,0.53,Wenatchee_R_SF,5026,0.21,Priest_Rapid_H,5026,0.13,Wells_H,5026,0.11,Methow_R,5026,0.00
Area126 (07) troll 31 145,,Spring_Cr_col,5030,0.82,Hanford_Reach,5026,0.09,Abernathy_NFH_F,5008,0.03,Wells_H,5026,0.02,Priest_Rapid_H,5026,0.01
Area126 (07) troll 31 146,,Wells_H,5026,0.39,Hanford_Reach,5026,0.25,Wenatchee_R_SF,5026,0.25,Priest_Rapid_H,5026,0.09,Umatilla_H_Fa,5026,0.01
Area126 (07) troll 31 147,,Cedar_R_SuFa,5020,0.87,Bear_Cr_SuFa,5020,0.06,S_Prairie_Cr,5020,0.02,Soos_H,5020,0.02,Samish_H,5016,0.01
Area126 (07) troll 31 148,,Soos_H,5020,0.39,S_Prairie_Cr,5020,0.37,Samish_H,5016,0.10,Grovers_Cr_H,5020,0.07,Bear_Cr_SuFa,5020,0.06
Area126 (07) troll 31 149,,Voights_H,5020,0.52,Soos_H,5020,0.18,S_Prairie_Cr,5020,0.16,Cedar_R_SuFa,5020,0.04,Wells_H,5026,0.04
Area126 (07) troll 31 150,,Big_Qualicum,7,0.28,Cedar_R_SuFa,5020,0.14,Voights_H,5020,0.13,Soos_H,5020,0.10,Cheakamus_F,9,0.07
Area126 (07) troll 31 151,,Spring_Cr_col,5030,0.90,Abernathy_NFH_F,5008,0.09,Cowlitz_H_fa,5008,0.01,Big_Cr_H_Col,5030,0.00,Washougal_R_Fa,5008,0.00
Area126 (07) troll 31 152,,Cedar_R_SuFa,5020,0.61,Bear_Cr_SuFa,5020,0.13,Sol_Duc_H,5028,0.13,Voights_H,5020,0.04,Wells_H,5026,0.04
Area126 (07) troll 31 153,,Wells_H,5026,0.43,S_Prairie_Cr,5020,0.18,Wenatchee_R_SF,5026,0.15,Hanford_Reach,5026,0.11,Priest_Rapid_H,5026,0.08
Area126 (07) troll 31 154,,Cowlitz_H_fa,5008,0.78,Lewis_R_Su,5008,0.09,Spring_Cr_col,5030,0.05,S_Prairie_Cr,5020,0.04,L_Skagit_R_Fa,5016,0.02
Area126 (07) troll 31 155,,Wells_H,5026,0.42,Wenatchee_R_SF,5026,0.30,Priest_Rapid_H,5026,0.14,Hanford_Reach,5026,0.14,Umatilla_H,5026,0.00
Area126 (07) troll 31 156,,Harrison,3,0.58,Chilliwack_F,3,0.42,,,,,,,,,
Area126 (07) troll 31 157,,Chilliwack_F,3,1.00,Harrison,3,0.00,Chilliwac@Stav,3,0.00,Skykomish_R,5016,0.00,,,
Area126 (07) troll 31 158,,Wells_H,5026,0.71,Wenatchee_R_SF,5026,0.16,Hanford_Reach,5026,0.08,Priest_Rapid_H,5026,0.03,Methow_R,5026,0.03
Area126 (07) troll 31 159,,Wells_H,5026,0.92,Hanford_Reach,5026,0.04,L_Skagit_R_Fa,5016,0.03,Priest_Rapid_H,5026,0.00,U_Sauk_R_SpSu,5016,0.00
Area126 (07) troll 31 160,,Harrison,3,0.96,Chilliwack_F,3,0.04,Cedar_R_SuFa,5020,0.00,Grovers_Cr_H,5020,0.00,Soos_H,5020,0.00
Area126 (07) troll 31 161,,Big_Qualicum,7,0.50,Cowichan,7,0.29,Puntledge_BackX,7,0.14,Cedar_R_SuFa,5020,0.02,George_Adams_H,5005,0.02
Area126 (07) troll 31 162,,Wells_H,5026,0.46,Washougal_R_Fa,5008,0.25,Hanford_Reach,5026,0.17,Cowlitz_H_fa,5008,0.06,Priest_Rapid_H,5026,0.05
Area126 (07) troll 31 163,,George_Adams_H,5005,0.87,Cedar_R_SuFa,5020,0.04,Snoqualmie_R,5016,0.03,Grovers_Cr_H,5020,0.03,Bear_Cr_SuFa,5020,0.01
Area126 (07) troll 31 164,,Little_R,5,0.28,Priest_Rapid_H,5026,0.20,Hanford_Reach,5026,0.19,Harrison,3,0.11,L_Thompson,5,0.06
Area126 (07) troll 31 165,,George_Adams_H,5005,0.48,Samish_H,5016,0.27,Bear_Cr_SuFa,5020,0.09,Soos_H,5020,0.07,Cedar_R_SuFa,5020,0.04
Area126 (07) troll 31 166,,Snoqualmie_R,5016,0.57,L_Skagit_R_Fa,5016,0.21,Cedar_R_SuFa,5020,0.11,Voights_H,5020,0.04,Soos_H,5020,0.02
Area126 (07) troll 31 167,,Chilliwack_F,3,0.81,Harrison,3,0.17,Chilliwac@Stav,3,0.01,Bear_Cr_SuFa,5020,0.00,Wells_H,5026,0.00
Area126 (07) troll 31 168,,George_Adams_H,5005,0.80,Bear_Cr_SuFa,5020,0.05,Soos_H,5020,0.04,Cedar_R_SuFa,5020,0.04,Voights_H,5020,0.04
Area126 (07) troll 31 169,,Harrison,3,0.97,Chilliwack_F,3,0.03,,,,,,,,,
Area126 (07) troll 31 170,,Cowlitz_H_fa,5008,0.48,Washougal_R_Fa,5008,0.30,Lewis_R_LSu,5008,0.13,Lewis_R_Su,5008,0.05,Hanford_Reach,5026,0.02
Area126 (07) troll 31 171,,George_Adams_H,5005,0.65,Cedar_R_SuFa,5020,0.15,Soos_H,5020,0.10,Voights_H,5020,0.03,Samish_H,5016,0.03
Area126 (07) troll 31 172,,Grovers_Cr_H,5020,0.57,George_Adams_H,5005,0.18,Voights_H,5020,0.10,Cedar_R_SuFa,5020,0.04,S_Prairie_Cr,5020,0.03
Area126 (07) troll 31 173,,Voights_H,5020,0.64,Cedar_R_SuFa,5020,0.16,Soos_H,5020,0.05,S_Prairie_Cr,5020,0.05,Bear_Cr_SuFa,5020,0.03
Area126 (07) troll 31 174,,Soos_H,5020,0.54,S_Prairie_Cr,5020,0.21,Cedar_R_SuFa,5020,0.13,George_Adams_H,5005,0.09,Bear_Cr_SuFa,5020,0.02
Area126 (07) troll 31 175,,Soos_H,5020,0.36,Bear_Cr_SuFa,5020,0.30,S_Prairie_Cr,5020,0.10,Samish_H,5016,0.09,Cedar_R_SuFa,5020,0.07
Area126 (07) troll 31 176,,Cedar_R_SuFa,5020,0.45,Samish_H,5016,0.27,S_Prairie_Cr,5020,0.18,Grovers_Cr_H,5020,0.03,Soos_H,5020,0.03
Area126 (07) troll 31 177,,Voights_H,5020,0.52,Samish_H,5016,0.13,Bear_Cr_SuFa,5020,0.09,Cedar_R_SuFa,5020,0.08,Soos_H,5020,0.07
Area126 (07) troll 31 178,,S_Prairie_Cr,5020,0.29,George_Adams_H,5005,0.17,Voights_H,5020,0.16,Soos_H,5020,0.16,Cedar_R_SuFa,5020,0.10
Area126 (07) troll 31 179,,Soos_H,5020,0.61,L_Skagit_R_Fa,5016,0.13,Bear_Cr_SuFa,5020,0.07,Cedar_R_SuFa,5020,0.05,Samish_H,5016,0.04
Area126 (07) troll 31 180,,Soos_H,5020,0.63,Voights_H,5020,0.13,George_Adams_H,5005,0.08,Cedar_R_SuFa,5020,0.07,Bear_Cr_SuFa,5020,0.07
Area126 (07) troll 31 181,,N_Santiam_H,5029,0.96,McKenzie_H,5029,0.03,Priest_Rapid_H,5026,0.00,Hanford_Reach,5026,0.00,Wenatchee_R_SF,5026,0.00
Area126 (07) troll 31 64,,Chilliwack_F,3,0.89,Harrison,3,0.06,Little_R,5,0.03,Quesnel,2,0.02,Torpy,1,0.00
Area126 (07) troll 31 65,,White_H,5020,0.54,Hupp_Sp_H,5020,0.45,Harrison,3,0.01,Cedar_R_SuFa,5020,0.00,NanaimoSu_BackX,7,0.00
Area126 (07) troll 31 66,,Hanford_Reach,5026,0.90,Priest_Rapid_H,5026,0.09,Wenatchee_R_SF,5026,0.00,Umatilla_H,5026,0.00,Wells_H,5026,0.00
Area126 (07) troll 31 67,,Bear_Cr_SuFa,5020,0.50,Cedar_R_SuFa,5020,0.37,S_Prairie_Cr,5020,0.07,Soos_H,5020,0.03,Samish_H,5016,0.01
Area126 (07) troll 31 68,,Harrison,3,1.00,Chilliwack_F,3,0.00,,,,,,,,,
Area126 (07) troll 31 69,,Harrison,3,0.51,Chilliwack_F,3,0.48,Chilliwac@Stav,3,0.00,Little_R,5,0.00,,,
Area126 (07) troll 31 70,,Harrison,3,0.80,Chilliwack_F,3,0.20,Chilliwac@Stav,3,0.00,L_Skagit_R_Fa,5016,0.00,Snoqualmie_R,5016,0.00
Area126 (07) troll 31 71,,Snoqualmie_R,5016,0.35,Little_R,5,0.17,Cedar_R_SuFa,5020,0.17,Bear_Cr_SuFa,5020,0.08,George_Adams_H,5005,0.07
Area126 (07) troll 31 72,,Wells_H,5026,0.94,Hanford_Reach,5026,0.05,Priest_Rapid_H,5026,0.01,Wenatchee_R_SF,5026,0.00,L_Wh_Sal_H_SF,5026,0.00
Area126 (07) troll 31 73,,Harrison,3,0.98,Priest_Rapid_H,5026,0.01,Chilliwack_F,3,0.01,Cedar_R_SuFa,5020,0.00,NanaimoSu_BackX,7,0.00
Area126 (07) troll 31 74,,S_Prairie_Cr,5020,0.38,U_Sauk_R_SpSu,5016,0.19,L_Skagit_R_Fa,5016,0.10,George_Adams_H,5005,0.08,Cedar_R_SuFa,5020,0.07
Area126 (07) troll 31 75,,Cedar_R_SuFa,5020,0.36,Bear_Cr_SuFa,5020,0.30,L_Skagit_R_Fa,5016,0.17,Voights_H,5020,0.10,Skagit_R,5016,0.02
Area126 (07) troll 31 76,,L_Skagit_R_Fa,5016,0.57,U_Sauk_R_SpSu,5016,0.40,Big_Qualicum,7,0.01,Bear_Cr_SuFa,5020,0.00,Cedar_R_SuFa,5020,0.00
Area126 (07) troll 31 77,,Washougal_R_Fa,5008,0.93,Cowlitz_H_fa,5008,0.07,Elochoman_R_Fa,5008,0.00,Lewis_R_Su,5008,0.00,Abernathy_NFH_F,5008,0.00
Area126 (07) troll 31 78,,Priest_Rapid_H,5026,0.53,Wells_H,5026,0.20,Wenatchee_R_SF,5026,0.13,Hanford_Reach,5026,0.13,Umatilla_H_Fa,5026,0.00
Area126 (07) troll 31 79,,George_Adams_H,5005,0.93,Cedar_R_SuFa,5020,0.03,S_Prairie_Cr,5020,0.01,Samish_H,5016,0.01,Bear_Cr_SuFa,5020,0.00
Area126 (07) troll 31 80,,Wells_H,5026,0.63,Hanford_Reach,5026,0.16,Priest_Rapid_H,5026,0.08,Battle_Cr,5001,0.08,Feather_H_fa,5001,0.03
Area126 (07) troll 31 81,,Washougal_R_Fa,5008,0.58,Lewis_R_Su,5008,0.32,Lewis_R_LSu,5008,0.08,Cowlitz_H_fa,5008,0.01,Big_Cr_H_Col,5030,0.00
Area126 (07) troll 31 82,,Soos_H,5020,0.49,George_Adams_H,5005,0.15,U_Sauk_R_SpSu,5016,0.15,S_Prairie_Cr,5020,0.08,Cedar_R_SuFa,5020,0.06
Area126 (07) troll 31 83,,Butte_Cr_f,5001,0.51,Feather_H_fa,5001,0.27,Battle_Cr,5001,0.15,Stanislaus_R,5001,0.04,Priest_Rapid_H,5026,0.02
Area126 (07) troll 31 84,,Cedar_R_SuFa,5020,0.41,Soos_H,5020,0.24,Bear_Cr_SuFa,5020,0.17,S_Prairie_Cr,5020,0.06,Samish_H,5016,0.03
Area126 (07) troll 31 85,,Washougal_R_Fa,5008,0.29,Lewis_R_Su,5008,0.28,NanaimoSu_BackX,7,0.18,Cowlitz_H_fa,5008,0.11,Lewis_R_LSu,5008,0.09
Area126 (07) troll 31 86,,Cedar_R_SuFa,5020,0.77,U_Sauk_R_SpSu,5016,0.04,Bear_Cr_SuFa,5020,0.04,Sol_Duc_H,5028,0.03,Skagit_R,5016,0.02
Area126 (07) troll 31 87,,Cheakamus_F,9,0.69,L_Qualicum,7,0.10,Puntledge_BackX,7,0.10,Cowichan,7,0.08,Nanaimo_F,7,0.03
Area126 (07) troll 31 88,,Soos_H,5020,0.38,Bear_Cr_SuFa,5020,0.31,S_Prairie_Cr,5020,0.18,Samish_H,5016,0.05,NF_Skokomish_F,5005,0.03
Area126 (07) troll 31 89,,Soos_H,5020,0.74,Cedar_R_SuFa,5020,0.12,Bear_Cr_SuFa,5020,0.07,Grovers_Cr_H,5020,0.02,Voights_H,5020,0.02
Area126 (07) troll 31 90,,Soos_H,5020,0.41,Cedar_R_SuFa,5020,0.34,Bear_Cr_SuFa,5020,0.18,Snoqualmie_R,5016,0.04,George_Adams_H,5005,0.01
Area126 (07) troll 31 91,,George_Adams_H,5005,0.50,Voights_H,5020,0.27,S_Prairie_Cr,5020,0.09,Soos_H,5020,0.06,L_Skagit_R_Fa,5016,0.03
Area126 (07) troll 31 92,,McKenzie_H,5029,0.52,N_Santiam_H,5029,0.48,Wells_H,5026,0.00,Umpqua_H,5011,0.00,,,
Area126 (07) troll 31 93,,Spring_Cr_col,5030,0.97,Big_Cr_H_Col,5030,0.02,Washougal_R_Fa,5008,0.00,Abernathy_NFH_F,5008,0.00,,,
Area126 (07) troll 31 94,,Spring_Cr_col,5030,0.50,Big_Cr_H_Col,5030,0.49,Abernathy_NFH_F,5008,0.01,Washougal_R_Fa,5008,0.00,Cowlitz_H_fa,5008,0.00
Area126 (07) troll 31 95,,George_Adams_H,5005,0.55,Cedar_R_SuFa,5020,0.33,Bear_Cr_SuFa,5020,0.06,Voights_H,5020,0.04,NF_Skokomish_F,5005,0.01
Area126 (07) troll 31 96,,Hanford_Reach,5026,0.92,Wenatchee_R_SF,5026,0.07,Priest_Rapid_H,5026,0.00,Umatilla_H,5026,0.00,,,
Area126 (07) troll 31 97,,Butte_Cr_f,5001,0.63,Feather_H_fa,5001,0.27,Hanford_Reach,5026,0.09,Wenatchee_R_SF,5026,0.01,Priest_Rapid_H,5026,0.01
Area126 (07) troll 31 98,,George_Adams_H,5005,0.34,Bear_Cr_SuFa,5020,0.23,S_Prairie_Cr,5020,0.13,Grovers_Cr_H,5020,0.09,Soos_H,5020,0.08
Area126 (07) troll 31 99,,S_Prairie_Cr,5020,0.67,George_Adams_H,5005,0.24,Voights_H,5020,0.03,Grovers_Cr_H,5020,0.01,Hupp_Sp_H,5020,0.01
Area126 (07) troll 36 330,,Cedar_R_SuFa,5020,0.33,Soos_H,5020,0.20,Samish_H,5016,0.17,Voights_H,5020,0.14,George_Adams_H,5005,0.07
Area126 (07) troll 36 331,,Birkenhead,12,1.00,,,,,,,,,,,,
Area126 (07) troll 36 332,,NF_Nooksack_H,5016,1.00,Hanford_Reach,5026,0.00,Cedar_R_SuFa,5020,0.00,Soos_H,5020,0.00,Priest_Rapid_H,5026,0.00
Area126 (07) troll 36 333,,N_Santiam_H,5029,0.82,McKenzie_H,5029,0.11,Wells_H,5026,0.02,Wenatchee_R_SF,5026,0.02,Priest_Rapid_H,5026,0.01
Area126 (07) troll 36 334,,George_Adams_H,5005,0.75,Cedar_R_SuFa,5020,0.14,Bear_Cr_SuFa,5020,0.06,Soos_H,5020,0.03,Voights_H,5020,0.01
Area126 (07) troll 36 335,,Bear_Cr_SuFa,5020,0.50,George_Adams_H,5005,0.22,Soos_H,5020,0.10,S_Prairie_Cr,5020,0.08,Cedar_R_SuFa,5020,0.06
Area126 (07) troll 36 336,,Priest_Rapid_H,5026,0.59,Hanford_Reach,5026,0.28,Harrison,3,0.05,Chilliwack_F,3,0.05,Wenatchee_R_SF,5026,0.01
Area126 (07) troll 36 337,,Washougal_R_Fa,5008,0.53,Abernathy_NFH_F,5008,0.25,Spring_Cr_col,5030,0.11,Cowlitz_H_fa,5008,0.04,Big_Cr_H_Col,5030,0.04
Area126 (07) troll 36 338,,U_Sauk_R_SpSu,5016,0.89,Skagit_R,5016,0.02,L_Skagit_R_Fa,5016,0.02,S_Prairie_Cr,5020,0.01,Cheakamus_Su,9,0.01
Area126 (07) troll 36 339,,U_Sauk_R_SpSu,5016,0.66,Hoh_R,5028,0.12,L_Skagit_R_Fa,5016,0.08,Millicoma_R,5011,0.04,NanaimoSu_BackX,7,0.04
Area126 (07) troll 36 340,,Harrison,3,0.56,Chilliwack_F,3,0.11,Cedar_R_SuFa,5020,0.04,Snoqualmie_R,5016,0.03,Priest_Rapid_H,5026,0.03
Area126 (07) troll 36 341,,Harrison,3,0.59,Chilliwack_F,3,0.40,Chilliwac@Stav,3,0.01,Hackett_r,17,0.00,Kitsumkalum_R,23,0.00
Area126 (07) troll 36 342,,NF_Nooksack_H,5016,0.93,Snoqualmie_R,5016,0.06,Soos_H,5020,0.00,Cedar_R_SuFa,5020,0.00,L_Skagit_R_Fa,5016,0.00
Area126 (07) troll 36 343,,McKenzie_H,5029,0.92,Priest_Rapid_H,5026,0.04,N_Santiam_H,5029,0.02,Hanford_Reach,5026,0.01,Lewis_H_sp,5009,0.01
Area126 (07) troll 36 344,,Harrison,3,1.00,Chilliwack_F,3,0.00,,,,,,,,,
Area126 (07) troll 36 345,,Washougal_R_Fa,5008,0.87,Lewis_R_LSu,5008,0.11,Lewis_R_Su,5008,0.02,Cowlitz_H_fa,5008,0.01,Elochoman_R_Fa,5008,0.00
Area126 (07) troll 36 346,,Chilliwack_F,3,0.76,Harrison,3,0.16,Wells_H,5026,0.08,Priest_Rapid_H,5026,0.00,Hanford_Reach,5026,0.00
Area126 (07) troll 36 347,,Harrison,3,0.68,Chilliwack_F,3,0.32,Chilliwac@Stav,3,0.00,,,,,,
Area126 (07) troll 36 348,,Big_Qualicum,7,1.00,L_Qualicum,7,0.00,Cowichan,7,0.00,Voights_H,5020,0.00,Puntledge_BackX,7,0.00
Area126 (07) troll 36 349,,Chilliwack_F,3,0.66,Harrison,3,0.33,Cowlitz_H_fa,5008,0.01,Washougal_R_Fa,5008,0.00,L_Skagit_R_Fa,5016,0.00
Area126 (07) troll 36 350,,Harrison,3,0.85,Little_Tahltan,18,0.04,Chilliwac@Stav,3,0.03,L_Skagit_R_Fa,5016,0.03,Skagit_R,5016,0.02
Area126 (07) troll 36 351,,Alsea_R,5015,0.64,S_Umpqua_H,5011,0.10,Trask_R,5015,0.06,Sol_Duc_H,5028,0.05,Lewis_R_Su,5008,0.03
Area126 (07) troll 36 352,,Wells_H,5026,0.75,Hanford_Reach,5026,0.14,Methow_R,5026,0.04,Wenatchee_R_SF,5026,0.03,Priest_Rapid_H,5026,0.02
Area126 (07) troll 36 353,,Bear_Cr_SuFa,5020,0.41,Cedar_R_SuFa,5020,0.26,Soos_H,5020,0.19,S_Prairie_Cr,5020,0.07,Voights_H,5020,0.06
Area126 (07) troll 36 354,,Priest_Rapid_H,5026,0.53,Wells_H,5026,0.47,Hanford_Reach,5026,0.00,Wenatchee_R_SF,5026,0.00,Lyons_Ferry_H,5021,0.00
Area126 (07) troll 36 355,,Cowlitz_H_fa,5008,0.66,Washougal_R_Fa,5008,0.29,L_Skagit_R_Fa,5016,0.03,Cowlitz_H_sp,5009,0.01,Abernathy_NFH_F,5008,0.00
Area126 (07) troll 36 356,,Cedar_R_SuFa,5020,0.44,George_Adams_H,5005,0.24,Soos_H,5020,0.14,Snoqualmie_R,5016,0.08,Bear_Cr_SuFa,5020,0.07
Area126 (07) troll 36 357,,Cedar_R_SuFa,5020,0.86,Snoqualmie_R,5016,0.07,S_Prairie_Cr,5020,0.03,Grovers_Cr_H,5020,0.01,Soos_H,5020,0.01
Area126 (07) troll 36 358,,Grovers_Cr_H,5020,0.33,George_Adams_H,5005,0.28,Cedar_R_SuFa,5020,0.19,Voights_H,5020,0.10,Soos_H,5020,0.07
Area126 (07) troll 36 359,,Bear_Cr_SuFa,5020,0.77,Cedar_R_SuFa,5020,0.13,S_Prairie_Cr,5020,0.08,George_Adams_H,5005,0.01,Samish_H,5016,0.00
Area126 (07) troll 36 360,,N_Santiam_H,5029,0.91,McKenzie_H,5029,0.09,Lewis_H_sp,5009,0.00,Umpqua_H,5011,0.00,Hanford_Reach,5026,0.00
Area126 (07) troll 36 361,,George_Adams_H,5005,0.58,Cedar_R_SuFa,5020,0.12,Bear_Cr_SuFa,5020,0.09,Voights_H,5020,0.07,Grovers_Cr_H,5020,0.05
Area126 (07) troll 36 362,,Soos_H,5020,0.43,George_Adams_H,5005,0.27,Cedar_R_SuFa,5020,0.10,S_Prairie_Cr,5020,0.08,Bear_Cr_SuFa,5020,0.07
Area126 (07) troll 36 363,,Bear_Cr_SuFa,5020,0.71,Cedar_R_SuFa,5020,0.24,Soos_H,5020,0.04,Voights_H,5020,0.01,L_Skagit_R_Fa,5016,0.00
Area126 (07) troll 36 364,,Cedar_R_SuFa,5020,0.77,S_Prairie_Cr,5020,0.12,Soos_H,5020,0.08,Samish_H,5016,0.01,Bear_Cr_SuFa,5020,0.01
Area126 (07) troll 36 365,,George_Adams_H,5005,0.95,Cedar_R_SuFa,5020,0.01,Soos_H,5020,0.01,Snoqualmie_R,5016,0.01,NF_Skokomish_F,5005,0.00
Area126 (07) troll 36 366,,Soos_H,5020,0.83,L_Skagit_R_Fa,5016,0.10,George_Adams_H,5005,0.03,Snoqualmie_R,5016,0.02,S_Prairie_Cr,5020,0.02
Area126 (07) troll 36 367,,S_Prairie_Cr,5020,0.27,George_Adams_H,5005,0.24,Soos_H,5020,0.18,Cedar_R_SuFa,5020,0.10,L_Skagit_R_Fa,5016,0.08
Area126 (07) troll 36 368,,Soos_H,5020,0.61,Bear_Cr_SuFa,5020,0.20,Cedar_R_SuFa,5020,0.11,George_Adams_H,5005,0.03,Grovers_Cr_H,5020,0.02
Area126 (07) troll 36 369,,Cedar_R_SuFa,5020,0.56,Soos_H,5020,0.23,Bear_Cr_SuFa,5020,0.12,Snoqualmie_R,5016,0.03,George_Adams_H,5005,0.02
Area126 (07) troll 36 370,,Soos_H,5020,0.39,Bear_Cr_SuFa,5020,0.20,Cedar_R_SuFa,5020,0.16,S_Prairie_Cr,5020,0.12,Samish_H,5016,0.10
Area126 (07) troll 36 371,,Cedar_R_SuFa,5020,0.42,S_Prairie_Cr,5020,0.21,George_Adams_H,5005,0.15,Voights_H,5020,0.10,Soos_H,5020,0.09
Area126 (07) troll 36 372,,Harrison,3,0.36,Chilliwack_F,3,0.27,Teigen,11,0.18,Hackett_r,17,0.07,Morice_R,21,0.04
Area126 (07) troll 36 373,,Wells_H,5026,0.56,Priest_Rapid_H,5026,0.18,Hanford_Reach,5026,0.13,Wenatchee_R_SF,5026,0.12,Umatilla_H,5026,0.01
Area126 (07) troll 36 374,,Snoqualmie_R,5016,0.61,Cedar_R_SuFa,5020,0.20,L_Skagit_R_Fa,5016,0.14,U_Sauk_R_SpSu,5016,0.01,Bear_Cr_SuFa,5020,0.01
Area126 (07) troll 36 375,,Soos_H,5020,0.53,S_Prairie_Cr,5020,0.17,Cedar_R_SuFa,5020,0.11,George_Adams_H,5005,0.08,Bear_Cr_SuFa,5020,0.05
Area126 (07) troll 36 376,,George_Adams_H,5005,0.50,S_Prairie_Cr,5020,0.18,Soos_H,5020,0.16,Cedar_R_SuFa,5020,0.05,Snoqualmie_R,5016,0.03
Area126 (07) troll 36 377,,Wells_H,5026,0.38,Priest_Rapid_H,5026,0.32,Hanford_Reach,5026,0.17,Umatilla_H_Fa,5026,0.05,Umatilla_H,5026,0.05
Area126 (07) troll 36 378,,George_Adams_H,5005,0.43,Cedar_R_SuFa,5020,0.20,Soos_H,5020,0.14,S_Prairie_Cr,5020,0.08,Voights_H,5020,0.08
Area126 (07) troll 36 379,,Cowichan,7,0.33,Puntledge_BackX,7,0.28,Big_Qualicum,7,0.25,Nanaimo_SP,7,0.06,Chemainus,7,0.03
Area126 (07) troll 50 380,,Priest_Rapid_H,5026,0.51,Wells_H,5026,0.25,Wenatchee_R_SF,5026,0.18,Methow_R,5026,0.05,Umatilla_H_Fa,5026,0.00
Area126 (07) troll 50 381,,U_Sauk_R_SpSu,5016,0.40,NF_Nooksack_H,5016,0.12,Hanford_Reach,5026,0.11,Priest_Rapid_H,5026,0.06,Harrison,3,0.05
Area126 (07) troll 50 382,,Big_Qualicum,7,0.98,Cowichan,7,0.02,L_Skagit_R_Fa,5016,0.00,L_Qualicum,7,0.00,Atnarko,10,0.00
Area126 (07) troll 50 383,,Harrison,3,1.00,Chilliwac@Stav,3,0.00,Trask_R,5015,0.00,Skagit_R,5016,0.00,L_Thompson,5,0.00
Area126 (07) troll 50 384,,Battle_Cr,5001,0.68,Butte_Cr_f,5001,0.30,Stanislaus_R,5001,0.01,Feather_H_fa,5001,0.01,Snoqualmie_R,5016,0.00
Area126 (07) troll 50 385,,Soos_H,5020,0.19,Voights_H,5020,0.16,Snoqualmie_R,5016,0.16,S_Prairie_Cr,5020,0.11,Samish_H,5016,0.11
Area126 (07) troll 50 386,,Cedar_R_SuFa,5020,0.30,Bear_Cr_SuFa,5020,0.25,Samish_H,5016,0.13,Voights_H,5020,0.12,Soos_H,5020,0.12
Area126 (07) troll 50 387,,Sol_Duc_H,5028,1.00,,,,,,,,,,,,
Area126 (07) troll 50 388,,Voights_H,5020,0.33,George_Adams_H,5005,0.26,Cedar_R_SuFa,5020,0.17,S_Prairie_Cr,5020,0.11,Grovers_Cr_H,5020,0.04
Area126 (07) troll 50 389,,NF_Nooksack_H,5016,0.95,U_Sauk_R_SpSu,5016,0.02,NanaimoSu_BackX,7,0.01,Millicoma_R,5011,0.01,George_Adams_H,5005,0.00
Area126 (07) troll 50 390,,Priest_Rapid_H,5026,0.75,Wells_H,5026,0.20,Snoqualmie_R,5016,0.02,Hanford_Reach,5026,0.02,Umatilla_H_Fa,5026,0.00
Area126 (07) troll 50 391,,Harrison,3,0.91,Chilliwack_F,3,0.09,Chilliwac@Stav,3,0.00,,,,,,
Area126 (07) troll 50 392,,Harrison,3,1.00,Chilliwack_F,3,0.00,L_Skagit_R_Fa,5016,0.00,Priest_Rapid_H,5026,0.00,Abernathy_NFH_F,5008,0.00
Area126 (07) troll 50 393,,Cedar_R_SuFa,5020,0.68,George_Adams_H,5005,0.21,Bear_Cr_SuFa,5020,0.08,Voights_H,5020,0.02,Samish_H,5016,0.00
Area126 (07) troll 50 394,,Lewis_H_sp,5009,1.00,,,,,,,,,,,,
Area126 (07) troll 50 395,,Big_Cr_H_Col,5030,0.77,Abernathy_NFH_F,5008,0.16,Spring_Cr_col,5030,0.07,Harrison,3,0.00,Elochoman_R_Fa,5008,0.00
Area126 (07) troll 50 396,,N_Santiam_H,5029,0.52,McKenzie_H,5029,0.28,Sol_Duc_H,5028,0.17,Wells_H,5026,0.01,Washougal_R_Fa,5008,0.01
Area126 (07) troll 50 397,,Cowlitz_H_fa,5008,0.62,Washougal_R_Fa,5008,0.34,Lewis_R_Su,5008,0.01,Big_Cr_H_Col,5030,0.01,Abernathy_NFH_F,5008,0.01
Area126 (07) troll 50 398,,Chilliwack_F,3,0.76,L_Skagit_R_Fa,5016,0.07,Snoqualmie_R,5016,0.05,Harrison,3,0.03,Cedar_R_SuFa,5020,0.03
Area126 (07) troll 50 399,,Harrison,3,1.00,Chilliwack_F,3,0.00,Chilliwac@Stav,3,0.00,,,,,,
Area126 (07) troll 50 400,,Cheakamus_F,9,0.50,Cowichan,7,0.15,Puntledge_BackX,7,0.14,L_Qualicum,7,0.06,L_Skagit_R_Fa,5016,0.06
Area126 (07) troll 50 401,,Cedar_R_SuFa,5020,0.32,Bear_Cr_SuFa,5020,0.31,George_Adams_H,5005,0.23,Soos_H,5020,0.09,S_Prairie_Cr,5020,0.02
Area126 (07) troll 50 402,,Cowlitz_H_fa,5008,0.97,Abernathy_NFH_F,5008,0.01,Washougal_R_Fa,5008,0.01,Elochoman_H,5030,0.00,Spring_Cr_col,5030,0.00
Area126 (07) troll 50 403,,Cedar_Early,23,0.64,Harrison,3,0.35,Morice_R,21,0.00,Snoqualmie_R,5016,0.00,Bear,19,0.00
Area126 (07) troll 50 404,,Voights_H,5020,0.34,Soos_H,5020,0.25,S_Prairie_Cr,5020,0.17,Cedar_R_SuFa,5020,0.10,Samish_H,5016,0.05
Area126 (07) troll 50 405,,Harrison,3,0.81,Chilliwack_F,3,0.19,,,,,,,,,
Area126 (07) troll 50 406,,Soos_H,5020,0.52,Bear_Cr_SuFa,5020,0.14,George_Adams_H,5005,0.12,U_Sauk_R_SpSu,5016,0.07,Voights_H,5020,0.04
Area126 (07) troll 50 407,,Harrison,3,0.92,Chilliwack_F,3,0.08,,,,,,,,,
Area126 (07) troll 50 408,,Priest_Rapid_H,5026,0.95,Hanford_Reach,5026,0.03,Wells_H,5026,0.01,Wenatchee_R_SF,5026,0.01,Butte_Cr_f,5001,0.00
Area126 (07) troll 50 409,,Lewis_R_Su,5008,0.68,Lewis_R_LSu,5008,0.16,Cowlitz_H_fa,5008,0.14,Lewis_R_f,5008,0.02,Washougal_R_Fa,5008,0.00
Area126 (07) troll 50 410,,Lewis_H_sp,5009,0.81,Lewis_R_Su,5008,0.09,Cowlitz_H_sp,5009,0.06,Kalama_H_sp,5009,0.03,Cowlitz_H_fa,5008,0.01
Area126 (07) troll 50 411,,S_Prairie_Cr,5020,0.55,Voights_H,5020,0.32,George_Adams_H,5005,0.05,Cedar_R_SuFa,5020,0.04,Soos_H,5020,0.02
Area126 (07) troll 50 412,,Bear_Cr_SuFa,5020,0.41,George_Adams_H,5005,0.33,Cedar_R_SuFa,5020,0.18,Soos_H,5020,0.02,Little_R,5,0.01
Area126 (07) troll 50 413,,Grovers_Cr_H,5020,0.41,George_Adams_H,5005,0.29,Soos_H,5020,0.16,Cedar_R_SuFa,5020,0.03,Voights_H,5020,0.03
Area126 (07) troll 50 414,,Cedar_R_SuFa,5020,0.46,Soos_H,5020,0.28,S_Prairie_Cr,5020,0.08,Bear_Cr_SuFa,5020,0.07,Samish_H,5016,0.04
Area126 (07) troll 50 415,,N_Santiam_H,5029,0.54,McKenzie_H,5029,0.46,,,,,,,,,
Area126 (07) troll 50 416,,George_Adams_H,5005,0.82,Bear_Cr_SuFa,5020,0.10,Cedar_R_SuFa,5020,0.02,Grovers_Cr_H,5020,0.02,S_Prairie_Cr,5020,0.01
Area126 (07) troll 50 417,,S_Prairie_Cr,5020,0.71,George_Adams_H,5005,0.08,Voights_H,5020,0.07,Soos_H,5020,0.05,L_Skagit_R_Fa,5016,0.05
Area126 (07) troll 50 418,,Soos_H,5020,0.40,Bear_Cr_SuFa,5020,0.25,Cedar_R_SuFa,5020,0.11,George_Adams_H,5005,0.10,S_Prairie_Cr,5020,0.10
Area126 (07) troll 50 419,,S_Prairie_Cr,5020,0.26,George_Adams_H,5005,0.24,Cedar_R_SuFa,5020,0.11,Bear_Cr_SuFa,5020,0.11,Soos_H,5020,0.10
Area126 (07) troll 50 420,,Big_Qualicum,7,0.93,Soos_H,5020,0.01,Samish_H,5016,0.01,S_Prairie_Cr,5020,0.01,Harrison,3,0.01
Area126 (07) troll 50 421,,N_Santiam_H,5029,0.96,McKenzie_H,5029,0.04,,,,,,,,,
Area126 (07) troll 50 422,,Soos_H,5020,0.51,S_Prairie_Cr,5020,0.19,Bear_Cr_SuFa,5020,0.11,Voights_H,5020,0.09,Cedar_R_SuFa,5020,0.08
Area126 (07) troll 50 423,,Sol_Duc_H,5028,0.88,Trask_R,5015,0.03,Alsea_R,5015,0.03,L_Skagit_R_Fa,5016,0.03,Big_Cr_H_Col,5030,0.01
Area126 (07) troll 50 424,,Bear_Cr_SuFa,5020,0.34,George_Adams_H,5005,0.14,Voights_H,5020,0.11,Cedar_R_SuFa,5020,0.09,Wells_H,5026,0.08
Area126 (07) troll 55 425,,S_Prairie_Cr,5020,0.65,Voights_H,5020,0.12,Cedar_R_SuFa,5020,0.07,Soos_H,5020,0.06,Bear_Cr_SuFa,5020,0.05
Area126 (07) troll 55 426,,NF_Nooksack_H,5016,1.00,,,,,,,,,,,,
Area126 (07) troll 55 427,,Cedar_R_SuFa,5020,0.46,George_Adams_H,5005,0.38,Bear_Cr_SuFa,5020,0.12,Voights_H,5020,0.01,S_Prairie_Cr,5020,0.01
Area126 (07) troll 55 428,,George_Adams_H,5005,0.34,Cedar_R_SuFa,5020,0.31,Soos_H,5020,0.10,S_Prairie_Cr,5020,0.10,L_Skagit_R_Fa,5016,0.09
Area126 (07) troll 64 245,,Lewis_R_Su,5008,0.50,Cowlitz_H_fa,5008,0.17,Washougal_R_Fa,5008,0.14,Lewis_R_LSu,5008,0.14,Humptulips_H,5028,0.03
Area126 (07) troll 64 246,,Hanford_Reach,5026,0.45,Priest_Rapid_H,5026,0.31,Wells_H,5026,0.13,Wenatchee_R_SF,5026,0.07,Methow_R,5026,0.04
Area126 (07) troll 64 247,,Harrison,3,1.00,Chilliwack_F,3,0.00,Chilliwac@Stav,3,0.00,Voights_H,5020,0.00,S_Prairie_Cr,5020,0.00
Area126 (07) troll 64 248,,Harrison,3,0.98,Chilliwack_F,3,0.02,Chilliwac@Stav,3,0.00,Little_R,5,0.00,Grovers_Cr_H,5020,0.00
Area126 (07) troll 64 249,,Wells_H,5026,0.37,Hanford_Reach,5026,0.30,Wenatchee_R_SF,5026,0.22,Priest_Rapid_H,5026,0.08,Methow_R,5026,0.01
Area126 (07) troll 64 250,,Harrison,3,1.00,,,,,,,,,,,,
Area126 (07) troll 64 251,,Harrison,3,0.54,Chilliwack_F,3,0.36,L_Skagit_R_Fa,5016,0.02,Hanford_Reach,5026,0.01,Butte_Cr_f,5001,0.01
Area126 (07) troll 64 252,,Burman,8,0.59,Coquille_R,5011,0.15,U_Sauk_R_SpSu,5016,0.11,NanaimoSu_BackX,7,0.09,San_Juan,8,0.03
Area126 (07) troll 64 253,,Soos_H,5020,0.41,Snoqualmie_R,5016,0.19,George_Adams_H,5005,0.17,Voights_H,5020,0.06,Bear_Cr_SuFa,5020,0.06
Area126 (07) troll 64 254,,L_Skagit_R_Fa,5016,0.17,Snoqualmie_R,5016,0.16,George_Adams_H,5005,0.15,Cedar_R_SuFa,5020,0.15,Soos_H,5020,0.13
Area126 (07) troll 64 255,,S_Prairie_Cr,5020,0.47,Feather_H_fa,5001,0.18,Soos_H,5020,0.09,George_Adams_H,5005,0.05,Battle_Cr,5001,0.05
Area126 (07) troll 64 256,,Spring_Cr_col,5030,0.63,Big_Cr_H_Col,5030,0.30,Abernathy_NFH_F,5008,0.06,Cowlitz_H_fa,5008,0.00,Washougal_R_Fa,5008,0.00
Area126 (07) troll 64 257,,Cedar_R_SuFa,5020,0.49,Bear_Cr_SuFa,5020,0.37,Samish_H,5016,0.06,Soos_H,5020,0.04,Grovers_Cr_H,5020,0.01
Area126 (07) troll 64 258,,U_Sauk_R_SpSu,5016,0.84,L_Skagit_R_Fa,5016,0.06,Skagit_R,5016,0.05,Marblemount_HSp,5016,0.02,Snoqualmie_R,5016,0.01
Area126 (07) troll 78 288,,Wells_H,5026,0.65,Wenatchee_R_SF,5026,0.29,Hanford_Reach,5026,0.05,Priest_Rapid_H,5026,0.01,Methow_R,5026,0.00
Area126 (07) troll 78 289,,Snoqualmie_R,5016,0.41,Cedar_R_SuFa,5020,0.21,Hanford_Reach,5026,0.12,L_Skagit_R_Fa,5016,0.09,Soos_H,5020,0.06
Area126 (07) troll 78 290,,N_Santiam_H,5029,0.97,McKenzie_H,5029,0.03,Priest_Rapid_H,5026,0.00,S_Umpqua_H,5011,0.00,,,
Area126 (07) troll 78 291,,Soos_H,5020,0.76,Bear_Cr_SuFa,5020,0.13,S_Prairie_Cr,5020,0.05,Cedar_R_SuFa,5020,0.02,Voights_H,5020,0.02
Area126 (07) troll 79 292,,Wells_H,5026,0.57,Wenatchee_R_SF,5026,0.43,Hanford_Reach,5026,0.00,Methow_R,5026,0.00,Priest_Rapid_H,5026,0.00
Area126 (07) troll 79 293,,Harrison,3,0.69,Chilliwack_F,3,0.30,Samish_H,5016,0.00,Snoqualmie_R,5016,0.00,Chilliwac@Stav,3,0.00
Area126 (07) troll 79 294,,Chilliwack_F,3,0.60,Harrison,3,0.40,Chilliwac@Stav,3,0.00,U_Sauk_R_SpSu,5016,0.00,,,
Area126 (07) troll 79 295,,Cedar_R_SuFa,5020,0.23,George_Adams_H,5005,0.22,Voights_H,5020,0.12,L_Skagit_R_Fa,5016,0.09,Bear_Cr_SuFa,5020,0.05
Area126 (07) troll 79 296,,Bear_Cr_SuFa,5020,0.44,George_Adams_H,5005,0.34,Voights_H,5020,0.07,Soos_H,5020,0.07,S_Prairie_Cr,5020,0.03
Area126 (07) troll 79 297,,Washougal_R_Fa,5008,0.86,Umpqua_H,5011,0.13,Cowlitz_H_fa,5008,0.01,Lewis_R_Su,5008,0.00,Green_R_Fa,5008,0.00
Area126 (07) troll 79 298,,Sol_Duc_H,5028,0.93,Cowlitz_H_fa,5008,0.03,Abernathy_NFH_F,5008,0.01,Lewis_H_sp,5009,0.01,Lewis_R_Su,5008,0.01
Area126 (07) troll 79 299,,Hanford_Reach,5026,0.76,Priest_Rapid_H,5026,0.18,Umatilla_H_Fa,5026,0.05,L_Wh_Sal_H_SF,5026,0.01,Methow_R,5026,0.00
Area126 (07) troll 79 300,,Cowichan,7,0.51,Big_Qualicum,7,0.44,Cheakamus_F,9,0.03,Puntledge_BackX,7,0.01,L_Qualicum,7,0.01
Area126 (07) troll 79 301,,Hanford_Reach,5026,0.55,Priest_Rapid_H,5026,0.41,Wells_H,5026,0.02,Wenatchee_R_SF,5026,0.01,Umatilla_H_Fa,5026,0.00
Area126 (07) troll 79 302,,Harrison,3,0.34,NanaimoSu_BackX,7,0.23,Quesnel,2,0.22,Morice_R,21,0.13,Chilliwack_F,3,0.03
Area126 (07) troll 79 303,,L_Skagit_R_Fa,5016,0.31,Cedar_R_SuFa,5020,0.19,Snoqualmie_R,5016,0.17,Soos_H,5020,0.12,S_Prairie_Cr,5020,0.08
Area126 (07) troll 79 304,,Lewis_H_sp,5009,0.46,Priest_Rapid_H,5026,0.14,Wells_H,5026,0.11,L_Skagit_R_Fa,5016,0.06,Umpqua_H,5011,0.05
Area126 (07) troll 79 305,,Harrison,3,0.99,Cedar_R_SuFa,5020,0.00,George_Adams_H,5005,0.00,Chilliwack_F,3,0.00,L_Skagit_R_Fa,5016,0.00
Area126 (07) troll 86 306,,Little_R,5,0.87,L_Adams,5,0.11,Harrison,3,0.02,Barriere,4,0.00,L_Thompson,5,0.00
Area126 (07) troll 86 307,,Wells_H,5026,0.39,Hanford_Reach,5026,0.31,Priest_Rapid_H,5026,0.30,Priest_Rapids_H,5026,0.00,Umpqua_H,5011,0.00
Area126 (07) troll 86 308,,Voights_H,5020,0.56,Bear_Cr_SuFa,5020,0.17,Cedar_R_SuFa,5020,0.14,Soos_H,5020,0.09,George_Adams_H,5005,0.03
Area126 (07) troll 86 309,,Washougal_R_Fa,5008,0.35,Lewis_R_Su,5008,0.33,Hanford_Reach,5026,0.08,Cowlitz_H_fa,5008,0.06,Lewis_R_LSu,5008,0.05
Area126 (07) troll 86 310,,Snoqualmie_R,5016,0.43,L_Skagit_R_Fa,5016,0.18,Samish_H,5016,0.11,Cedar_R_SuFa,5020,0.10,George_Adams_H,5005,0.07
Area126 (07) troll 86 311,,Washougal_R_Fa,5008,0.26,Cowlitz_H_fa,5008,0.23,Lewis_R_Su,5008,0.21,Umpqua_H,5011,0.09,McKenzie_H,5029,0.07
Area126 (07) troll 86 312,,Cedar_R_SuFa,5020,0.45,Bear_Cr_SuFa,5020,0.24,L_Skagit_R_Fa,5016,0.21,U_Sauk_R_SpSu,5016,0.04,Voights_H,5020,0.03
Area126 (07) troll 86 313,,N_Santiam_H,5029,0.86,McKenzie_H,5029,0.14,,,,,,,,,
Area126 (07) troll 86 314,,Cedar_R_SuFa,5020,0.41,S_Prairie_Cr,5020,0.22,Voights_H,5020,0.12,George_Adams_H,5005,0.09,Soos_H,5020,0.08
Area126 (07) troll 86 315,,U_Sauk_R_SpSu,5016,0.85,Marblemount_HSp,5016,0.06,Skagit_R,5016,0.06,L_Skagit_R_Fa,5016,0.02,Marblemount_Hsu,5016,0.00
Area126 (07) troll 88 259,,Umpqua_H,5011,0.91,Priest_Rapid_H,5026,0.03,Hanford_Reach,5026,0.02,Wells_H,5026,0.02,Umatilla_H_Fa,5026,0.01
Area126 (07) troll 88 260,,N_Santiam_H,5029,0.74,McKenzie_H,5029,0.26,,,,,,,,,
Area126 (07) troll 88 261,,Snoqualmie_R,5016,0.22,Cedar_R_SuFa,5020,0.18,Samish_H,5016,0.17,Voights_H,5020,0.12,Soos_H,5020,0.08
Area126 (07) troll 88 262,,Harrison,3,0.99,McKenzie_H,5029,0.00,Hanford_Reach,5026,0.00,Chilliwack_F,3,0.00,Lewis_R_Su,5008,0.00
Area126 (07) troll 88 263,,Harrison,3,0.98,Chilliwack_F,3,0.02,Wells_H,5026,0.00,Priest_Rapid_H,5026,0.00,Snoqualmie_R,5016,0.00
Area126 (07) troll 88 264,,Priest_Rapid_H,5026,0.67,Hanford_Reach,5026,0.25,Wells_H,5026,0.04,Wenatchee_R_SF,5026,0.03,Klamath_R_fa,5007,0.01
Area126 (07) troll 88 265,,George_Adams_H,5005,0.57,Soos_H,5020,0.16,Bear_Cr_SuFa,5020,0.14,Cedar_R_SuFa,5020,0.08,Samish_H,5016,0.02
Area126 (07) troll 88 266,,Cedar_R_SuFa,5020,0.82,Samish_H,5016,0.09,Bear_Cr_SuFa,5020,0.05,S_Prairie_Cr,5020,0.03,Soos_H,5020,0.01
Area126 (07) troll 88 267,,Hanford_Reach,5026,0.47,Wells_H,5026,0.31,Priest_Rapid_H,5026,0.19,Umatilla_H_Fa,5026,0.01,Wenatchee_R_SF,5026,0.01
Area126 (07) troll 88 268,,Voights_H,5020,0.25,George_Adams_H,5005,0.23,Grovers_Cr_H,5020,0.22,Cedar_R_SuFa,5020,0.15,Soos_H,5020,0.06
Area126 (07) troll 88 269,,Wells_H,5026,0.33,Wenatchee_R_SF,5026,0.29,Hanford_Reach,5026,0.19,Priest_Rapid_H,5026,0.11,Methow_R,5026,0.02
Area126 (07) troll 88 270,,Cedar_R_SuFa,5020,0.42,Soos_H,5020,0.20,Bear_Cr_SuFa,5020,0.10,S_Prairie_Cr,5020,0.07,Snoqualmie_R,5016,0.06
Area126 (07) troll 88 271,,Washougal_R_Fa,5008,0.99,Cowlitz_H_fa,5008,0.01,Lewis_R_Su,5008,0.00,,,,,,
Area126 (07) troll 88 272,,George_Adams_H,5005,0.43,Soos_H,5020,0.29,S_Prairie_Cr,5020,0.14,Cedar_R_SuFa,5020,0.09,Bear_Cr_SuFa,5020,0.02
Area126 (07) troll 88 273,,NF_Nooksack_H,5016,1.00,,,,,,,,,,,,
Area126 (07) troll 88 274,,Snoqualmie_R,5016,0.41,Cedar_R_SuFa,5020,0.24,S_Prairie_Cr,5020,0.17,Soos_H,5020,0.08,Bear_Cr_SuFa,5020,0.04
Area126 (07) troll 88 275,,NF_Nooksack_H,5016,1.00,,,,,,,,,,,,
Area126 (07) troll 88 276,,Cheakamus_F,9,0.52,Cowichan,7,0.17,Big_Qualicum,7,0.14,L_Qualicum,7,0.08,Puntledge_BackX,7,0.04
Area126 (07) troll 88 277,,S_Prairie_Cr,5020,0.96,Cedar_R_SuFa,5020,0.02,Soos_H,5020,0.01,Bear_Cr_SuFa,5020,0.01,George_Adams_H,5005,0.00
Area126 (07) troll 88 278,,George_Adams_H,5005,0.34,Grovers_Cr_H,5020,0.32,Trinity_H_sp,5007,0.14,Bear_Cr_SuFa,5020,0.10,Soos_H,5020,0.04
Area126 (07) troll 88 279,,Cedar_R_SuFa,5020,0.87,Voights_H,5020,0.05,Samish_H,5016,0.03,Soos_H,5020,0.02,George_Adams_H,5005,0.02
Area126 (07) troll 88 280,,Spring_Cr_col,5030,0.99,Big_Cr_H_Col,5030,0.01,Cowlitz_H_fa,5008,0.00,Abernathy_NFH_F,5008,0.00,Elochoman_R_Fa,5008,0.00
Area126 (07) troll 88 281,,S_Prairie_Cr,5020,0.65,Soos_H,5020,0.14,Cedar_R_SuFa,5020,0.11,Grovers_Cr_H,5020,0.03,Bear_Cr_SuFa,5020,0.03
Area126 (07) troll 88 282,,Cedar_R_SuFa,5020,0.32,Soos_H,5020,0.21,S_Prairie_Cr,5020,0.18,Samish_H,5016,0.13,Bear_Cr_SuFa,5020,0.09
Area126 (07) troll 88 283,,Samish_H,5016,0.22,Cedar_R_SuFa,5020,0.20,Soos_H,5020,0.19,L_Skagit_R_Fa,5016,0.15,Bear_Cr_SuFa,5020,0.14
Area126 (07) troll 88 284,,U_Sauk_R_SpSu,5016,0.82,L_Skagit_R_Fa,5016,0.06,Skagit_R,5016,0.04,Hoh_R,5028,0.03,Snoqualmie_R,5016,0.01
Area126 (07) troll 88 285,,Snoqualmie_R,5016,0.29,L_Skagit_R_Fa,5016,0.20,Bear_Cr_SuFa,5020,0.10,Cheakamus,9,0.10,S_Prairie_Cr,5020,0.08
Area126 (07) troll 88 286,,Hanford_Reach,5026,0.78,Priest_Rapid_H,5026,0.16,L_Skagit_R_Fa,5016,0.02,U_Sauk_R_SpSu,5016,0.01,Snoqualmie_R,5016,0.01
Area126 (07) troll 88 287,,Bear_Cr_SuFa,5020,0.43,Grovers_Cr_H,5020,0.26,George_Adams_H,5005,0.22,Snoqualmie_R,5016,0.03,Cedar_R_SuFa,5020,0.02
Area126 (07) troll 89 316,,NF_Nooksack_H,5016,0.99,Coquille_R,5011,0.01,Sol_Duc_H,5028,0.00,Coos_H,5011,0.00,Trask_R,5015,0.00
Area126 (07) troll 89 317,,McKenzie_H,5029,0.77,N_Santiam_H,5029,0.23,,,,,,,,,
Area126 (07) troll 89 318,,George_Adams_H,5005,0.65,S_Prairie_Cr,5020,0.20,Soos_H,5020,0.07,Voights_H,5020,0.05,Cedar_R_SuFa,5020,0.02
Area126 (07) troll 89 319,,Cedar_R_SuFa,5020,0.68,George_Adams_H,5005,0.28,Voights_H,5020,0.02,NF_Skokomish_F,5005,0.01,Soos_H,5020,0.00
Area126 (07) troll 89 320,,George_Adams_H,5005,0.77,Snoqualmie_R,5016,0.12,Cedar_R_SuFa,5020,0.03,NF_Skokomish_F,5005,0.03,Soos_H,5020,0.01
Area126 (07) troll 89 321,,Chilliwack_F,3,0.78,Harrison,3,0.20,Hanford_Reach,5026,0.01,Wenatchee_R_SF,5026,0.00,L_Thompson,5,0.00
Area126 (07) troll 89 322,,Soos_H,5020,0.50,Cedar_R_SuFa,5020,0.24,Samish_H,5016,0.16,Bear_Cr_SuFa,5020,0.05,George_Adams_H,5005,0.03
Area126 (07) troll 89 323,,Battle_Cr,5001,0.79,Feather_H_fa,5001,0.12,Stanislaus_R,5001,0.03,Butte_Cr_f,5001,0.03,Hanford_Reach,5026,0.02
Area126 (07) troll 89 324,,Priest_Rapid_H,5026,0.86,Hanford_Reach,5026,0.10,Wells_H,5026,0.04,Methow_R,5026,0.00,L_Deschutes_R,5004,0.00
Area126 (07) troll 89 325,,N_Santiam_H,5029,0.94,McKenzie_H,5029,0.06,,,,,,,,,
Area126 (07) troll 89 326,,Harrison,3,1.00,,,,,,,,,,,,
Area126 (07) troll 89 327,,Bear_Cr_SuFa,5020,0.19,Cowichan,7,0.17,Harrison,3,0.16,L_Skagit_R_Fa,5016,0.16,Big_Qualicum,7,0.13
Area126 (07) troll 89 328,,Hanford_Reach,5026,0.44,Priest_Rapid_H,5026,0.36,Wenatchee_R_SF,5026,0.20,Wells_H,5026,0.00,,,
Area126 (07) troll 89 329,,George_Adams_H,5005,0.75,Cedar_R_SuFa,5020,0.09,S_Prairie_Cr,5020,0.09,Soos_H,5020,0.02,Bear_Cr_SuFa,5020,0.02
,,,,,,,,,,,,,,,,
Sample: 6, Area127,2007, troll, Apr14-Sep23,,,,,,,,,,,,
Area127 (07) troll 104 1,,Umatilla_H_Fa,5026,0.80,Priest_Rapid_H,5026,0.19,Hanford_Reach,5026,0.01,Nez_PerceT_H,5021,0.00,Umatilla_H,5026,0.00
Area127 (07) troll 104 2,,Harrison,3,0.98,Chilliwack_F,3,0.02,Skagit_R,5016,0.00,,,,,,
Area127 (07) troll 104 3,,L_Thompson,5,0.72,South_Thom,5,0.26,Skagit_R,5016,0.01,Thomas_Cr,23,0.00,Big_Boulder_C,15,0.00
Area127 (07) troll 104 4,,Cowichan,7,0.43,Kildala,10,0.43,Dean,10,0.07,Kilbella,10,0.05,U_Dean,10,0.01
Area127 (07) troll 104 5,,McKenzie_H,5029,1.00,Lewis_R_Su,5008,0.00,Yaquina_R,5015,0.00,Lewis_R_f,5008,0.00,N_Santiam_H,5029,0.00
Area127 (07) troll 104 6,,Skagit_R,5016,0.93,U_Sauk_R_SpSu,5016,0.03,Cedar_R_SuFa,5020,0.02,Umpqua_H,5011,0.01,Sol_Duc_H,5028,0.00
Area127 (07) troll 113 10,,L_Thompson,5,0.79,South_Thom,5,0.20,Morice_R,21,0.01,L_Adams,5,0.00,Duteau_Cr,5,0.00
Area127 (07) troll 113 11,,Umatilla_H_Fa,5026,0.62,Priest_Rapid_H,5026,0.20,Hanford_Reach,5026,0.08,Wells_H,5026,0.06,Nez_PerceT_H,5021,0.03
Area127 (07) troll 113 12,,Humptulips_H,5028,0.51,Yaquina_R,5015,0.32,Lewis_R_Su,5008,0.12,Lewis_R_f,5008,0.02,Trask_R,5015,0.01
Area127 (07) troll 113 13,,Dean,10,0.41,Morice_R,21,0.20,Cranberry,11,0.16,Harrison,3,0.07,Babine,20,0.04
Area127 (07) troll 113 14,,Wells_H,5026,0.94,Hanford_Reach,5026,0.03,S_Prairie_Cr,5020,0.01,Priest_Rapid_H,5026,0.01,Umatilla_H_Fa,5026,0.00
Area127 (07) troll 113 15,,Wells_H,5026,0.53,Hanford_Reach,5026,0.34,Priest_Rapid_H,5026,0.10,Umatilla_H_Fa,5026,0.03,Umatilla_H,5026,0.00
Area127 (07) troll 113 16,,Cedar_Early,23,0.99,Kitseguecla_R,22,0.01,Thomas_Cr,23,0.00,Chuckwalla,10,0.00,Morice_R,21,0.00
Area127 (07) troll 113 17,,Hoh_R,5028,1.00,Humptulips_H,5028,0.00,Queets_R,5028,0.00,Yaquina_R,5015,0.00,Lewis_R_Su,5008,0.00
Area127 (07) troll 113 18,,Nazko,2,0.51,Puntledge_F,7,0.16,Baezaeko,2,0.14,Westroad,2,0.13,Chilako,2,0.01
Area127 (07) troll 113 19,,Hanford_Reach,5026,0.62,Priest_Rapid_H,5026,0.35,Wells_H,5026,0.02,Umatilla_H_Fa,5026,0.01,Nez_PerceT_H,5021,0.00
Area127 (07) troll 113 20,,Coquille_R,5011,0.54,Yaquina_R,5015,0.33,Coos_H,5011,0.08,S_Coos_R,5011,0.04,Millicoma_R,5011,0.00
Area127 (07) troll 113 21,,Umatilla_H_Fa,5026,0.43,Priest_Rapid_H,5026,0.27,Umpqua_H,5011,0.12,S_Umpqua_H,5011,0.07,Skagit_R,5016,0.03
Area127 (07) troll 113 22,,Wells_H,5026,0.97,Hanford_Reach,5026,0.03,Priest_Rapid_H,5026,0.00,Umatilla_H_Fa,5026,0.00,ClearwaterRFa,5021,0.00
Area127 (07) troll 113 23,,Wells_H,5026,0.98,Priest_Rapid_H,5026,0.01,Hanford_Reach,5026,0.01,Umatilla_H_Fa,5026,0.00,Priest_Rapids_H,5026,0.00
Area127 (07) troll 113 24,,Wells_H,5026,0.43,Hanford_Reach,5026,0.34,Priest_Rapid_H,5026,0.19,Umatilla_H_Fa,5026,0.04,Priest_Rapids_H,5026,0.00
Area127 (07) troll 113 25,,Morice_R,21,0.99,Goat_Cr,24,0.00,Cedar_R_SuFa,5020,0.00,Bear,19,0.00,Clear_Cr_H,5020,0.00
Area127 (07) troll 113 26,,Lewis_R_Su,5008,0.77,Elochoman_R_Fa,5008,0.09,Sandy_R,5008,0.07,Lewis_R_f,5008,0.06,Umatilla_H_Fa,5026,0.00
Area127 (07) troll 113 27,,Umatilla_H_Fa,5026,0.79,Nez_PerceT_H,5021,0.11,Dean,10,0.04,Priest_Rapid_H,5026,0.04,ClearwaterRFa,5021,0.00
Area127 (07) troll 113 28,,Wells_H,5026,0.99,Priest_Rapid_H,5026,0.01,Umatilla_H_Fa,5026,0.00,,,,,,
Area127 (07) troll 113 29,,L_Shuswap,5,0.88,L_Thompson,5,0.08,South_Thom,5,0.04,Bessette,5,0.00,Eagle_R,5,0.00
Area127 (07) troll 113 30,,Wells_H,5026,0.66,Hanford_Reach,5026,0.27,Priest_Rapid_H,5026,0.06,Nez_PerceT_H,5021,0.00,Priest_Rapids_H,5026,0.00
Area127 (07) troll 113 31,,Wells_H,5026,0.82,Nez_PerceT_H,5021,0.14,Hanford_Reach,5026,0.01,ClearwaterRFa,5021,0.01,Priest_Rapid_H,5026,0.01
Area127 (07) troll 113 32,,Hanford_Reach,5026,0.37,McKenzie_H,5029,0.23,Sol_Duc_H,5028,0.17,Nez_PerceT_H,5021,0.08,Chilliwack_F,3,0.08
Area127 (07) troll 113 7,,Wells_H,5026,0.77,Nez_PerceT_H,5021,0.19,Hanford_Reach,5026,0.02,Battle_Cr,5001,0.01,ClearwaterRFa,5021,0.00
Area127 (07) troll 113 8,,Wells_H,5026,0.92,Hanford_Reach,5026,0.05,Priest_Rapid_H,5026,0.03,Nez_PerceT_H,5021,0.00,Methow_R,5026,0.00
Area127 (07) troll 113 9,,Wells_H,5026,0.86,Hanford_Reach,5026,0.08,Nez_PerceT_H,5021,0.05,Umatilla_H_Fa,5026,0.00,ClearwaterRFa,5021,0.00
Area127 (07) troll 116 33,,Wells_H,5026,0.99,Hanford_Reach,5026,0.00,Umatilla_H_Fa,5026,0.00,Methow_R,5026,0.00,Priest_Rapid_H,5026,0.00
Area127 (07) troll 116 34,,McKenzie_H,5029,0.98,Umatilla_H_Fa,5026,0.02,Hanford_Reach,5026,0.00,,,,,,
Area127 (07) troll 116 35,,McKenzie_H,5029,0.99,N_Santiam_H,5029,0.01,Hanford_Reach,5026,0.00,Umatilla_H_Fa,5026,0.00,Wells_H,5026,0.00
Area127 (07) troll 116 36,,Wells_H,5026,0.89,Hanford_Reach,5026,0.09,Priest_Rapid_H,5026,0.02,Umatilla_H_Fa,5026,0.00,Priest_Rapids_H,5026,0.00
Area127 (07) troll 116 37,,Wells_H,5026,0.92,Hanford_Reach,5026,0.05,Umatilla_H_Fa,5026,0.02,Priest_Rapid_H,5026,0.01,Nez_PerceT_H,5021,0.00
Area127 (07) troll 123 1,,McKenzie_H,5029,0.89,Hanford_Reach,5026,0.09,N_Santiam_H,5029,0.01,U_Deschutes_R,5004,0.00,Nez_PerceT_H,5021,0.00
Area127 (07) troll 123 2,,Umatilla_H_Fa,5026,0.71,Priest_Rapid_H,5026,0.16,Hanford_Reach,5026,0.11,Wells_H,5026,0.01,Umatilla_H,5026,0.00
Area127 (07) troll 123 3,,Dean,10,0.45,Skagit_R,5016,0.32,U_Dean,10,0.08,U_Sauk_R_SpSu,5016,0.05,L_Thompson,5,0.03
Area127 (07) troll 123 4,,Wells_H,5026,0.63,Hanford_Reach,5026,0.23,Priest_Rapid_H,5026,0.14,Umatilla_H_Fa,5026,0.00,Wenatchee_R_SF,5026,0.00
Area127 (07) troll 133 12,,Big_Cr_H_Col,5030,1.00,Spring_Cr_col,5030,0.00,Elochoman_H,5030,0.00,Abernathy_NFH_F,5008,0.00,,,
Area127 (07) troll 133 13,,Cowichan,7,0.72,Puntledge_F,7,0.27,Cedar_R_SuFa,5020,0.00,L_Qualicum,7,0.00,Cheakamus_F,9,0.00
Area127 (07) troll 134 14,,Wells_H,5026,0.29,Nez_PerceT_H,5021,0.21,Umatilla_H_Fa,5026,0.19,Hanford_Reach,5026,0.10,Priest_Rapid_H,5026,0.07
Area127 (07) troll 134 15,,Wells_H,5026,0.31,Hanford_Reach,5026,0.22,Harrison,3,0.17,Nez_PerceT_H,5021,0.14,Priest_Rapid_H,5026,0.07
Area127 (07) troll 134 16,,Wells_H,5026,0.78,Priest_Rapid_H,5026,0.22,Umatilla_H_Fa,5026,0.00,Hanford_Reach,5026,0.00,,,
Area127 (07) troll 134 17,,Harrison,3,0.60,Chilliwack_F,3,0.39,South_Thom,5,0.01,Big_Cr_H_Col,5030,0.00,Wells_H,5026,0.00
Area127 (07) troll 134 18,,White_H,5020,0.95,Voights_H,5020,0.02,Cedar_R_SuFa,5020,0.01,Forks_Cr_H,5028,0.00,Sol_Duc_H,5028,0.00
Area127 (07) troll 134 19,,Nez_PerceT_H,5021,0.89,McKenzie_H,5029,0.07,L_Deschutes_R,5004,0.04,Kalama_H_sp,5009,0.00,Lewis_R_Su,5008,0.00
Area127 (07) troll 134 20,,Wells_H,5026,0.95,Hanford_Reach,5026,0.05,Priest_Rapid_H,5026,0.00,Harrison,3,0.00,Umatilla_H_Fa,5026,0.00
Area127 (07) troll 134 21,,Wells_H,5026,0.47,Hanford_Reach,5026,0.23,Umatilla_H_Fa,5026,0.19,Priest_Rapid_H,5026,0.04,Nez_PerceT_H,5021,0.04
Area127 (07) troll 134 22,,L_Thompson,5,0.91,South_Thom,5,0.06,L_Adams,5,0.02,Nez_PerceT_H,5021,0.00,Umpqua_H,5011,0.00
Area127 (07) troll 134 23,,Puntledge_F,7,0.94,Cowichan,7,0.06,Puntledge_BackX,7,0.00,,,,,,
Area127 (07) troll 134 24,,Yaquina_R,5015,0.90,Coquille_R,5011,0.04,Alsea_R,5015,0.03,Hanford_Reach,5026,0.01,S_Coos_R,5011,0.01
Area127 (07) troll 134 25,,Wells_H,5026,0.57,Hanford_Reach,5026,0.22,Umatilla_H_Fa,5026,0.10,Priest_Rapid_H,5026,0.09,Nez_PerceT_H,5021,0.01
Area127 (07) troll 135 26,,Wells_H,5026,0.47,Hanford_Reach,5026,0.45,Priest_Rapid_H,5026,0.08,Lyons_Ferry_H,5021,0.00,Nez_PerceT_H,5021,0.00
Area127 (07) troll 135 27,,South_Thom,5,1.00,Verrett,18,0.00,L_Thompson,5,0.00,Hanford_Reach,5026,0.00,Craig,18,0.00
Area127 (07) troll 135 28,,Wells_H,5026,0.31,Hanford_Reach,5026,0.24,L_Thompson,5,0.19,Priest_Rapid_H,5026,0.13,Umatilla_H_Fa,5026,0.09
Area127 (07) troll 135 29,,Wells_H,5026,0.45,Nez_PerceT_H,5021,0.21,Hanford_Reach,5026,0.07,ClearwaterRFa,5021,0.06,Umatilla_H_Fa,5026,0.06
Area127 (07) troll 135 30,,Umatilla_H_Fa,5026,0.53,Wells_H,5026,0.26,Hanford_Reach,5026,0.16,Priest_Rapid_H,5026,0.04,Nez_PerceT_H,5021,0.01
Area127 (07) troll 135 31,,L_Thompson,5,0.35,Wells_H,5026,0.25,Umatilla_H_Fa,5026,0.20,Hanford_Reach,5026,0.08,South_Thom,5,0.05
Area127 (07) troll 139 32,,L_Thompson,5,0.38,Harrison,3,0.37,South_Thom,5,0.12,U_Sauk_R,5016,0.05,Umatilla_H_Fa,5026,0.02
Area127 (07) troll 139 33,,Morice_R,21,1.00,Baezaeko,2,0.00,Bear,19,0.00,Nazko,2,0.00,Babine,20,0.00
Area127 (07) troll 139 34,,Cedar_R_SuFa,5020,0.88,Samish_H,5016,0.09,George_Adams_H,5005,0.02,Skagit_R,5016,0.00,NF_Skokomish_F,5005,0.00
Area127 (07) troll 139 35,,Harrison,3,0.65,Chilliwack_F,3,0.34,Wells_H,5026,0.00,Columbia_Rogue,5019,0.00,S_Coos_R,5011,0.00
Area127 (07) troll 139 36,,Nez_PerceT_H,5021,0.76,Priest_Rapid_H,5026,0.08,Hanford_Reach,5026,0.06,Priest_Rapids_H,5026,0.02,ClearwaterRFa,5021,0.02
Area127 (07) troll 139 37,,Wells_H,5026,0.58,Umatilla_H_Fa,5026,0.25,Hanford_Reach,5026,0.15,Priest_Rapid_H,5026,0.01,Methow_R,5026,0.00
Area127 (07) troll 144 38,,Big_Cr_H_Col,5030,1.00,Umatilla_H_Fa,5026,0.00,Wells_H,5026,0.00,Nez_PerceT_H,5021,0.00,Lewis_R_f,5008,0.00
Area127 (07) troll 144 39,,Kildala,10,0.72,Stuart,2,0.06,L_Thompson,5,0.05,Ishkheenickh,11,0.04,Kitimat,10,0.04
Area127 (07) troll 144 40,,Takhanne,24,0.40,Klukshu,24,0.27,Klukshu_R,5013,0.11,Goat_Cr,24,0.11,Dean,10,0.09
Area127 (07) troll 144 41,,Harrison,3,0.63,Skagit_R,5016,0.23,Chilliwack_F,3,0.06,Dean,10,0.03,U_Skagit_R,5016,0.02
Area127 (07) troll 144 42,,Wells_H,5026,0.99,Priest_Rapid_H,5026,0.01,Methow_R,5026,0.00,Hanford_Reach,5026,0.00,Umatilla_H_Fa,5026,0.00
Area127 (07) troll 144 43,,Cowichan,7,0.85,Puntledge_F,7,0.15,Puntledge_BackX,7,0.00,Harrison,3,0.00,,,
Area127 (07) troll 144 44,,Skagit_R,5016,0.95,U_Sauk_R_SpSu,5016,0.02,Dean,10,0.01,Cedar_R_SuFa,5020,0.01,UW_H_SuFa,5020,0.00
Area127 (07) troll 145 5,,Cranberry,11,0.97,Kiteen,11,0.02,Seaskinnish,11,0.00,Meziadin,11,0.00,Dean,10,0.00
Area127 (07) troll 145 6,,L_Thompson,5,0.51,South_Thom,5,0.39,L_Shuswap,5,0.05,Eagle_R,5,0.02,Baezaeko,2,0.01
Area127 (07) troll 145 7,,Harrison,3,0.89,Chilliwack_F,3,0.11,Dean,10,0.00,U_Cariboo,2,0.00,U_Dean,10,0.00
Area127 (07) troll 145 8,,Nez_PerceT_H,5021,0.82,Wells_H,5026,0.05,ClearwaterRFa,5021,0.05,Priest_Rapids_H,5026,0.04,Hanford_Reach,5026,0.01
Area127 (07) troll 146 45,,L_Thompson,5,0.47,Kildala,10,0.14,Skagit_R,5016,0.12,Dean,10,0.04,Harrison,3,0.04
Area127 (07) troll 146 46,,L_Shuswap,5,0.99,Bessette,5,0.01,South_Thom,5,0.00,Eagle_R,5,0.00,L_Thompson,5,0.00
Area127 (07) troll 146 47,,Harrison,3,1.00,Chilliwack_F,3,0.00,,,,,,,,,
Area127 (07) troll 146 48,,Samish_H,5016,0.94,S_Prairie_Cr,5020,0.03,Cedar_R_SuFa,5020,0.03,Puntledge_F,7,0.00,Bear_Cr_SuFa,5020,0.00
Area127 (07) troll 146 49,,McKenzie_H,5029,0.98,Lewis_R_Su,5008,0.01,N_Santiam_H,5029,0.01,Umatilla_H_Fa,5026,0.00,,,
Area127 (07) troll 146 50,,Thomas_Cr,23,0.78,Morice_R,21,0.16,Harrison,3,0.03,Chilliwack_F,3,0.01,Dean,10,0.00
Area127 (07) troll 151 10,,Chilliwack_F,3,0.88,Harrison,3,0.11,Voights_H,5020,0.01,Marblemount_Hsu,5016,0.00,Cedar_R_SuFa,5020,0.00
Area127 (07) troll 151 11,,Hanford_Reach,5026,0.37,Priest_Rapid_H,5026,0.36,Umatilla_H_Fa,5026,0.17,Nez_PerceT_H,5021,0.04,Wells_H,5026,0.04
Area127 (07) troll 151 9,,Chilliwack_F,3,0.51,Harrison,3,0.43,Skagit_R,5016,0.04,Kuzkwa_Cr,2,0.01,Bear,19,0.00
Area127 (07) troll 153 51,,Skagit_R,5016,0.49,Harrison,3,0.30,Chilliwack_F,3,0.20,U_Sauk_R_SpSu,5016,0.01,Samish_H,5016,0.00
Area127 (07) troll 153 52,,Morice_R,21,0.37,Cranberry,11,0.22,Bear,19,0.12,Meziadin,11,0.08,Damdochax,11,0.07
Area127 (07) troll 153 53,,Harrison,3,1.00,Chilliwack_F,3,0.00,,,,,,,,,
Area127 (07) troll 153 54,,Umatilla_H_Fa,5026,0.40,Hanford_Reach,5026,0.22,Priest_Rapid_H,5026,0.16,ClearwaterRFa,5021,0.14,Lewis_R_Su,5008,0.03
Area127 (07) troll 153 55,,Harrison,3,0.93,Chilliwack_F,3,0.03,Morice_R,21,0.02,S_Umpqua_H,5011,0.01,U_Skagit_R,5016,0.01
Area127 (07) troll 153 56,,Samish_H,5016,0.58,Cedar_R_SuFa,5020,0.35,Voights_H,5020,0.04,George_Adams_H,5005,0.01,NF_Skokomish_F,5005,0.01
Area127 (07) troll 153 57,,Conuma,8,0.37,Zeballos,8,0.34,Kaouk_R,8,0.22,Tahsis,8,0.04,Tlupana,8,0.02
Area127 (07) troll 153 58,,Harrison,3,0.79,Wells_H,5026,0.10,Hanford_Reach,5026,0.07,Cedar_R_SuFa,5020,0.01,L_Thompson,5,0.00
Area127 (07) troll 153 59,,Thomas_Cr,23,0.36,Nazko,2,0.26,Goat,1,0.14,Kaouk_R,8,0.05,Baezaeko,2,0.04
Area127 (07) troll 153 60,,Takhanne,24,0.40,Klukshu,24,0.26,Goat_Cr,24,0.25,Klukshu_R,5013,0.09,Andrew_CryH,5024,0.00
Area127 (07) troll 153 61,,Harrison,3,0.89,Skagit_R,5016,0.05,Chilliwack_F,3,0.03,Cowichan,7,0.01,Puntledge_F,7,0.01
Area127 (07) troll 153 62,,Chilliwack_F,3,0.56,Harrison,3,0.44,Baezaeko,2,0.00,South_Thom,5,0.00,Horsefly,2,0.00
Area127 (07) troll 153 63,,Morice_R,21,0.74,Harrison,3,0.19,Babine,20,0.03,Bear,19,0.02,Bulkley_Early,21,0.01
Area127 (07) troll 153 64,,Umatilla_H_Fa,5026,0.58,Hanford_Reach,5026,0.26,Priest_Rapid_H,5026,0.12,ClearwaterRFa,5021,0.02,Umatilla_H,5026,0.01
Area127 (07) troll 153 65,,Samish_H,5016,1.00,George_Adams_H,5005,0.00,NF_Skokomish_F,5005,0.00,Cedar_R_SuFa,5020,0.00,S_Prairie_Cr,5020,0.00
Area127 (07) troll 153 66,,Morice_R,21,0.44,Skagit_R,5016,0.25,U_Skagit_R,5016,0.07,Samish_H,5016,0.05,U_Atnarko,10,0.04
Area127 (07) troll 153 67,,Hanford_Reach,5026,0.61,Priest_Rapid_H,5026,0.37,Umatilla_H_Fa,5026,0.01,Priest_Rapids_H,5026,0.00,Wells_H,5026,0.00
Area127 (07) troll 153 68,,Wells_H,5026,0.81,Priest_Rapid_H,5026,0.10,Umatilla_H_Fa,5026,0.07,Hanford_Reach,5026,0.02,Umatilla_H,5026,0.00
Area127 (07) troll 153 69,,L_Shuswap,5,0.99,Bessette,5,0.01,South_Thom,5,0.01,L_Adams,5,0.00,L_Thompson,5,0.00
Area127 (07) troll 153 70,,Hanford_Reach,5026,0.46,Priest_Rapid_H,5026,0.26,Wells_H,5026,0.18,Skagit_R,5016,0.10,Lewis_R_Su,5008,0.00
Area127 (07) troll 153 71,,Nazko,2,0.68,Baezaeko,2,0.14,Goat,1,0.11,Wells_H,5026,0.02,Kuzkwa_Cr,2,0.02
Area127 (07) troll 153 72,,Hanford_Reach,5026,0.38,Wells_H,5026,0.34,Priest_Rapid_H,5026,0.17,Umatilla_H_Fa,5026,0.07,Umpqua_H,5011,0.02
Area127 (07) troll 153 73,,Harrison,3,0.67,Chilliwack_F,3,0.33,S_Prairie_Cr,5020,0.00,Voights_H,5020,0.00,Hanford_Reach,5026,0.00
Area127 (07) troll 153 74,,Cedar_R_SuFa,5020,0.47,S_Prairie_Cr,5020,0.37,Samish_H,5016,0.08,George_Adams_H,5005,0.04,NF_Skokomish_F,5005,0.01
Area127 (07) troll 153 75,,Puntledge_F,7,0.61,Cedar_R_SuFa,5020,0.16,Cowichan,7,0.09,S_Prairie_Cr,5020,0.05,Samish_H,5016,0.04
Area127 (07) troll 153 76,,Harrison,3,0.64,Chilliwack_F,3,0.34,L_Thompson,5,0.01,Skagit_R,5016,0.00,Baezaeko,2,0.00
Area127 (07) troll 153 77,,Priest_Rapid_H,5026,0.41,Hanford_Reach,5026,0.35,Umatilla_H_Fa,5026,0.18,Wells_H,5026,0.03,Nez_PerceT_H,5021,0.01
Area127 (07) troll 153 78,,Hoh_R,5028,1.00,Queets_R,5028,0.00,,,,,,,,,
Area127 (07) troll 153 79,,Morice_R,21,1.00,Cedar_Early,23,0.00,Skagit_R,5016,0.00,Babine,20,0.00,,,
Area127 (07) troll 153 80,,Lewis_R_Su,5008,0.77,Elochoman_R_Fa,5008,0.08,Lewis_R_f,5008,0.08,Sandy_R,5008,0.07,Abernathy_NFH_F,5008,0.00
Area127 (07) troll 153 81,,Nez_PerceT_H,5021,0.51,Hanford_Reach,5026,0.17,Priest_Rapid_H,5026,0.13,Umatilla_H_Fa,5026,0.12,Priest_Rapids_H,5026,0.06
Area127 (07) troll 153 82,,Harrison,3,0.97,Chilliwack_F,3,0.03,,,,,,,,,
Area127 (07) troll 153 83,,Cranberry,11,0.97,Meziadin,11,0.02,Damdochax,11,0.00,Lewis_R_f,5008,0.00,Coquille_R,5011,0.00
Area127 (07) troll 153 84,,Morice_R,21,0.79,Bear,19,0.13,Babine,20,0.07,Cedar_Early,23,0.00,Bulkley_Early,21,0.00
Area127 (07) troll 153 85,,Skagit_R,5016,0.74,Harrison,3,0.20,Wells_H,5026,0.02,Coos_H,5011,0.01,S_Coos_R,5011,0.01
Area127 (07) troll 153 86,,Wells_H,5026,0.73,Samish_H,5016,0.12,S_Prairie_Cr,5020,0.04,Cedar_R_SuFa,5020,0.03,Voights_H,5020,0.03
Area127 (07) troll 153 87,,Umatilla_H_Fa,5026,0.57,Nez_PerceT_H,5021,0.22,Hanford_Reach,5026,0.19,Priest_Rapid_H,5026,0.01,Umatilla_H,5026,0.00
Area127 (07) troll 153 88,,S_Prairie_Cr,5020,0.58,Cedar_R_SuFa,5020,0.24,Voights_H,5020,0.12,Samish_H,5016,0.02,Clear_Cr_H,5020,0.01
Area127 (07) troll 153 89,,Skagit_R,5016,0.87,Harrison,3,0.12,Samish_H,5016,0.01,U_Sauk_R_SpSu,5016,0.00,Skykomish_R,5016,0.00
Area127 (07) troll 153 90,,Puntledge_F,7,1.00,Cowichan,7,0.00,Cedar_R_SuFa,5020,0.00,Samish_H,5016,0.00,L_Qualicum,7,0.00
Area127 (07) troll 153 91,,Hanford_Reach,5026,0.29,Wells_H,5026,0.28,Nez_PerceT_H,5021,0.18,Priest_Rapid_H,5026,0.15,Priest_Rapids_H,5026,0.06
Area127 (07) troll 153 92,,Harrison,3,1.00,Priest_Rapid_H,5026,0.00,Umatilla_H_Fa,5026,0.00,Skagit_R,5016,0.00,Chilliwack_F,3,0.00
Area127 (07) troll 153 93,,S_Prairie_Cr,5020,0.60,Voights_H,5020,0.15,Puntledge_F,7,0.11,U_Sauk_R_SpSu,5016,0.06,Harrison,3,0.03
Area127 (07) troll 153 94,,Harrison,3,0.89,Chilliwack_F,3,0.11,,,,,,,,,
Area127 (07) troll 153 95,,Nez_PerceT_H,5021,0.78,Hanford_Reach,5026,0.06,Umatilla_H_Fa,5026,0.05,Wells_H,5026,0.04,ClearwaterRFa,5021,0.03
Area127 (07) troll 153 96,,Tete_Jaune,1,0.99,Holmes,1,0.01,Stuart,2,0.00,South_Thom,5,0.00,Horsefly,2,0.00
Area127 (07) troll 153 97,,Dean,10,0.45,Baezaeko,2,0.13,Yaquina_R,5015,0.09,U_Atnarko,10,0.08,Atnarko,10,0.06
Area127 (07) troll 153 98,,Coquille_R,5011,0.52,Yaquina_R,5015,0.17,Coos_H,5011,0.10,Wilson_R,5015,0.05,Hoh_R,5028,0.03
Area127 (07) troll 160 139,,Dean,10,0.85,U_Dean,10,0.10,Kildala,10,0.02,Harrison,3,0.01,Craig,18,0.01
Area127 (07) troll 160 140,,South_Thom,5,0.85,L_Thompson,5,0.15,L_Adams,5,0.00,,,,,,
Area127 (07) troll 160 141,,Morice_R,21,1.00,Babine,20,0.00,U_Sauk_R_SpSu,5016,0.00,Bear,19,0.00,Kitwanga,22,0.00
Area127 (07) troll 160 142,,Conuma,8,0.36,Zeballos,8,0.34,Kaouk_R,8,0.22,Tahsis,8,0.04,Tlupana,8,0.03
Area127 (07) troll 160 143,,Dean,10,0.90,U_Dean,10,0.10,Takia,10,0.00,Puntledge_F,7,0.00,Skykomish_R,5016,0.00
Area127 (07) troll 160 144,,Puntledge_F,7,0.52,Cowichan,7,0.44,Cedar_R_SuFa,5020,0.01,Voights_H,5020,0.01,L_Qualicum,7,0.01
Area127 (07) troll 163 100,,Sarita,8,0.86,Kaouk_R,8,0.13,Toquart,8,0.00,Nitinat,8,0.00,Robertson,8,0.00
Area127 (07) troll 163 101,,Eagle_R,5,0.46,L_Shuswap,5,0.30,Coquille_R,5011,0.10,Coos_H,5011,0.02,L_Thompson,5,0.02
Area127 (07) troll 163 102,,Wells_H,5026,0.84,Hanford_Reach,5026,0.10,Priest_Rapid_H,5026,0.04,Umatilla_H_Fa,5026,0.01,Nez_PerceT_H,5021,0.00
Area127 (07) troll 163 103,Dupe with 147,South_Thom,5,0.99,L_Thompson,5,0.01,Umatilla_H_Fa,5026,0.00,Harrison,3,0.00,L_Shuswap,5,0.00
Area127 (07) troll 163 104,Dupe with 146,South_Thom,5,0.99,L_Thompson,5,0.01,Umatilla_H_Fa,5026,0.00,Harrison,3,0.00,Dean,10,0.00
Area127 (07) troll 163 105,,Big_Cr_H_Col,5030,0.90,Samish_H,5016,0.08,Spring_Cr_col,5030,0.01,Abernathy_NFH_F,5008,0.00,Cedar_R_SuFa,5020,0.00
Area127 (07) troll 163 106,,Harrison,3,0.55,Chilliwack_F,3,0.25,South_Thom,5,0.18,Nazko,2,0.01,Baezaeko,2,0.00
Area127 (07) troll 163 107,,Yaquina_R,5015,0.77,Necanicum_H,5015,0.06,Cowichan,7,0.02,Sarita,8,0.02,Humptulips_H,5028,0.02
Area127 (07) troll 163 108,,Harrison,3,0.99,Chilliwack_F,3,0.01,South_Thom,5,0.00,Skagit_R,5016,0.00,,,
Area127 (07) troll 163 109,,Chilliwack_F,3,0.61,Harrison,3,0.30,Hanford_Reach,5026,0.01,Lewis_R_Su,5008,0.01,Coquille_R,5011,0.01
Area127 (07) troll 163 110,,Coquille_R,5011,0.49,Skagit_R,5016,0.17,S_Umpqua_H,5011,0.10,Yaquina_R,5015,0.10,Dean,10,0.05
Area127 (07) troll 163 111,,Puntledge_F,7,1.00,Samish_H,5016,0.00,Cheakamus_F,9,0.00,Coquille_R,5011,0.00,L_Qualicum,7,0.00
Area127 (07) troll 163 112,,Morice_R,21,1.00,Millicoma_R,5011,0.00,Ishkheenickh,11,0.00,,,,,,
Area127 (07) troll 163 113,,Tete_Jaune,1,0.99,Holmes,1,0.01,Nazko,2,0.00,Baezaeko,2,0.00,Kuzkwa_Cr,2,0.00
Area127 (07) troll 163 114,,Harrison,3,0.83,Chilliwack_F,3,0.17,Puntledge_F,7,0.00,,,,,,
Area127 (07) troll 163 115,,Big_Cr_H_Col,5030,0.99,Spring_Cr_col,5030,0.01,Abernathy_NFH_F,5008,0.00,Umatilla_H_Fa,5026,0.00,Hanford_Reach,5026,0.00
Area127 (07) troll 163 116,,Hanford_Reach,5026,0.61,Priest_Rapid_H,5026,0.30,Nez_PerceT_H,5021,0.09,Umatilla_H,5026,0.01,Umatilla_H_Fa,5026,0.00
Area127 (07) troll 163 117,,Harrison,3,1.00,Umatilla_H_Fa,5026,0.00,Hanford_Reach,5026,0.00,Nez_PerceT_H,5021,0.00,Umpqua_H,5011,0.00
Area127 (07) troll 163 118,,Morice_R,21,0.45,Craig,18,0.16,Harrison,3,0.11,Babine,20,0.09,Bear,19,0.08
Area127 (07) troll 163 119,,Chilliwack_F,3,0.98,Harrison,3,0.02,,,,,,,,,
Area127 (07) troll 163 120,,Harrison,3,1.00,Chilliwack_F,3,0.00,,,,,,,,,
Area127 (07) troll 163 121,,Cedar_R_SuFa,5020,0.49,S_Prairie_Cr,5020,0.37,Voights_H,5020,0.13,Clear_Cr_H,5020,0.00,Grovers_Cr_H,5020,0.00
Area127 (07) troll 163 122,,Dean,10,0.58,Harrison,3,0.17,Chilliwack_F,3,0.09,U_Dean,10,0.06,Voights_H,5020,0.04
Area127 (07) troll 163 123,,Samish_H,5016,0.94,Cedar_R_SuFa,5020,0.04,S_Prairie_Cr,5020,0.01,Skagit_R,5016,0.00,Soos_H,5020,0.00
Area127 (07) troll 163 99,,Tete_Jaune,1,0.95,Goat,1,0.02,McGregor,1,0.01,Holmes,1,0.01,Bowron,1,0.00
Area127 (07) troll 175 124,,L_Shuswap,5,0.53,South_Thom,5,0.45,Harrison,3,0.01,L_Thompson,5,0.00,Salmon@SA,5,0.00
Area127 (07) troll 175 125,,Puntledge_F,7,0.51,Harrison,3,0.43,Cedar_R_SuFa,5020,0.03,Voights_H,5020,0.01,White_H,5020,0.01
Area127 (07) troll 175 126,,Robertson,8,0.95,Gold_R,8,0.05,Thornton,8,0.00,,,,,,
Area127 (07) troll 175 127,,Harrison,3,0.76,Skagit_R,5016,0.16,Chilliwack_F,3,0.04,L_Thompson,5,0.01,Samish_H,5016,0.01
Area127 (07) troll 175 128,,Conuma,8,0.37,Zeballos,8,0.32,Kaouk_R,8,0.20,Tahsis,8,0.07,Tlupana,8,0.04
Area127 (07) troll 175 129,,Umatilla_H_Fa,5026,0.68,Priest_Rapid_H,5026,0.21,Wells_H,5026,0.07,Hanford_Reach,5026,0.02,Nez_PerceT_H,5021,0.02
Area127 (07) troll 175 130,,Lewis_R_Su,5008,0.66,Umpqua_H,5011,0.11,Elochoman_R_Fa,5008,0.09,Lewis_R_f,5008,0.06,Sandy_R,5008,0.03
Area127 (07) troll 175 131,,Sarita,8,0.86,Kaouk_R,8,0.14,Gold_R,8,0.00,Robertson,8,0.00,Toquart,8,0.00
Area127 (07) troll 175 132,,Wells_H,5026,0.97,Hanford_Reach,5026,0.02,Umatilla_H_Fa,5026,0.01,Priest_Rapid_H,5026,0.01,Priest_Rapids_H,5026,0.00
Area127 (07) troll 175 133,,Chilliwack_F,3,0.99,Harrison,3,0.01,Cedar_R_SuFa,5020,0.00,Coos_H,5011,0.00,Lewis_R_Su,5008,0.00
Area127 (07) troll 175 134,,White_H,5020,1.00,Hupp_Sp_H,5020,0.00,,,,,,,,,
Area127 (07) troll 175 135,,Coquille_R,5011,0.58,Coos_H,5011,0.18,S_Umpqua_H,5011,0.06,Wilson_R,5015,0.06,Trask_R,5015,0.05
Area127 (07) troll 175 136,,Cedar_R_SuFa,5020,0.91,Samish_H,5016,0.04,George_Adams_H,5005,0.03,Voights_H,5020,0.02,Bear_Cr_SuFa,5020,0.01
Area127 (07) troll 175 137,,Samish_H,5016,0.85,S_Prairie_Cr,5020,0.06,Voights_H,5020,0.06,Cedar_R_SuFa,5020,0.01,Puntledge_F,7,0.00
Area127 (07) troll 175 138,,S_Prairie_Cr,5020,0.54,Cedar_R_SuFa,5020,0.17,Voights_H,5020,0.10,Samish_H,5016,0.09,George_Adams_H,5005,0.04
Area127 (07) troll 266 1,,Hanford_Reach,5026,0.52,Umatilla_H_Fa,5026,0.30,Priest_Rapid_H,5026,0.09,Nez_PerceT_H,5021,0.07,Wells_H,5026,0.02
Area127 (07) troll 266 10,,Cedar_R_SuFa,5020,0.36,Samish_H,5016,0.25,Puntledge_F,7,0.14,Harrison,3,0.10,S_Prairie_Cr,5020,0.09
Area127 (07) troll 266 12,,Coquille_R,5011,0.54,Yaquina_R,5015,0.36,Coos_H,5011,0.06,S_Coos_R,5011,0.03,Dean,10,0.00
Area127 (07) troll 266 13,,Chilliwack_F,3,0.43,Dean,10,0.32,Harrison,3,0.22,Coquille_R,5011,0.01,Kildala,10,0.01
Area127 (07) troll 266 14,,Robertson,8,0.95,Gold_R,8,0.05,Thornton,8,0.00,Kaouk_R,8,0.00,Sarita,8,0.00
Area127 (07) troll 266 15,,Cedar_R_SuFa,5020,0.68,Samish_H,5016,0.31,UW_H_SuFa,5020,0.00,NF_Skokomish_F,5005,0.00,Voights_H,5020,0.00
Area127 (07) troll 266 16,,Wilson_R,5015,0.33,Yaquina_R,5015,0.29,Trask_R,5015,0.11,Alsea_R,5015,0.09,Coos_H,5011,0.06
Area127 (07) troll 266 17,,Puntledge_F,7,0.97,Dean,10,0.01,Harrison,3,0.01,Skagit_R,5016,0.00,Cowichan,7,0.00
Area127 (07) troll 266 18,,Yaquina_R,5015,0.67,Coquille_R,5011,0.24,S_Coos_R,5011,0.06,Millicoma_R,5011,0.02,Alsea_R,5015,0.01
Area127 (07) troll 266 19,,Wilson_R,5015,0.40,Alsea_R,5015,0.31,Trask_R,5015,0.16,Necanicum_H,5015,0.08,Nestucca_H,5015,0.05
Area127 (07) troll 266 2,,Nehalem_R,5015,0.98,Lewis_R_Su,5008,0.01,Humptulips_H,5028,0.00,S_Umpqua_H,5011,0.00,Alsea_R,5015,0.00
Area127 (07) troll 266 20,,S_Prairie_Cr,5020,0.46,Samish_H,5016,0.35,Cedar_R_SuFa,5020,0.10,Voights_H,5020,0.05,George_Adams_H,5005,0.02
Area127 (07) troll 266 21,,Wilson_R,5015,0.38,Alsea_R,5015,0.33,Trask_R,5015,0.15,Yaquina_R,5015,0.07,Nestucca_H,5015,0.03
Area127 (07) troll 266 22,,Humptulips_H,5028,0.99,Hoh_R,5028,0.01,Forks_Cr_H,5028,0.00,Columbia_Rogue,5019,0.00,Applegate_Cr,5019,0.00
Area127 (07) troll 266 23,,Humptulips_H,5028,1.00,,,,,,,,,,,,
Area127 (07) troll 266 24,,Humptulips_H,5028,0.98,Hoh_R,5028,0.02,Yaquina_R,5015,0.00,Robertson,8,0.00,Gold_R,8,0.00
Area127 (07) troll 266 25,,Hoh_R,5028,0.57,Humptulips_H,5028,0.42,S_Umpqua_H,5011,0.00,Yaquina_R,5015,0.00,Coquille_R,5011,0.00
Area127 (07) troll 266 26,,Yaquina_R,5015,0.39,Alsea_R,5015,0.37,Trask_R,5015,0.15,Wilson_R,5015,0.09,Nestucca_H,5015,0.00
Area127 (07) troll 266 27,,Alsea_R,5015,0.42,Wilson_R,5015,0.39,Trask_R,5015,0.17,Necanicum_H,5015,0.01,Humptulips_H,5028,0.01
Area127 (07) troll 266 28,,Columbia_Rogue,5019,0.44,Coquille_R,5011,0.25,Coos_H,5011,0.08,Trask_R,5015,0.07,S_Umpqua_H,5011,0.05
Area127 (07) troll 266 29,,Skagit_R,5016,0.96,Yaquina_R,5015,0.01,Cedar_R_SuFa,5020,0.01,Puntledge_F,7,0.01,U_Sauk_R_SpSu,5016,0.00
Area127 (07) troll 266 3,,Humptulips_H,5028,0.79,S_Umpqua_H,5011,0.09,Coos_H,5011,0.07,Coquille_R,5011,0.03,Trask_R,5015,0.01
Area127 (07) troll 266 30,,Yaquina_R,5015,0.49,Wilson_R,5015,0.15,Coquille_R,5011,0.07,Hoh_R,5028,0.07,S_Umpqua_H,5011,0.06
Area127 (07) troll 266 4,,Yaquina_R,5015,0.64,Puntledge_F,7,0.33,Cowichan,7,0.01,S_Coos_R,5011,0.01,Coquille_R,5011,0.01
Area127 (07) troll 266 5,,Nehalem_R,5015,1.00,,,,,,,,,,,,
Area127 (07) troll 266 6,,Yaquina_R,5015,0.86,Millicoma_R,5011,0.11,S_Coos_R,5011,0.02,Wilson_R,5015,0.01,Trask_R,5015,0.01
Area127 (07) troll 266 7,,Yaquina_R,5015,0.80,Alsea_R,5015,0.16,Humptulips_H,5028,0.02,Wilson_R,5015,0.01,Trask_R,5015,0.01
Area127 (07) troll 266 8,,Chilliwack_F,3,0.95,Harrison,3,0.05,South_Thom,5,0.00,L_Thompson,5,0.00,,,
Area127 (07) troll 266 9,,Necanicum_H,5015,0.30,Yaquina_R,5015,0.23,Alsea_R,5015,0.13,Wilson_R,5015,0.12,Trask_R,5015,0.09
,,,,,,,,,,,,,,,,
Sample: 7, Area023,2008, troll, Jan24-Feb02,,,,,,,,,,,,
Area023 (08) troll 24 35,,Skagit_R,5016,0.71,L_Skagit_R_Fa,5016,0.20,Clear_Cr_H,5020,0.05,Cedar_R_SuFa,5020,0.01,Hamma_Hamma_R,5005,0.01
Area023 (08) troll 24 36,,L_Skagit_R_Fa,5016,0.96,Skagit_R,5016,0.04,Marblemount_Hsu,5016,0.00,U_Skagit_R,5016,0.00,Hamma_Hamma_R,5005,0.00
Area023 (08) troll 24 37,,George_Adams_H,5005,0.93,Hamma_Hamma_R,5005,0.03,Clear_Cr_H,5020,0.02,L_Skagit_R_Fa,5016,0.01,Cedar_R_SuFa,5020,0.00
Area023 (08) troll 24 38,,L_Skagit_R_Fa,5016,0.99,Hamma_Hamma_R,5005,0.01,Puntledge_F,7,0.00,George_Adams_H,5005,0.00,Skagit_R,5016,0.00
Area023 (08) troll 24 39,,L_Skagit_R_Fa,5016,0.66,George_Adams_H,5005,0.14,Puntledge_F,7,0.08,L_Qualicum,7,0.04,Cowichan,7,0.04
Area023 (08) troll 24 40,,Spring_Cr_col,5030,0.57,Elochoman_H,5030,0.42,Big_Cr_H_Col,5030,0.00,N_Santiam_H,5029,0.00,L_Skagit_R_Fa,5016,0.00
Area023 (08) troll 24 41,,George_Adams_H,5005,0.44,Clear_Cr_H,5020,0.25,Cedar_R_SuFa,5020,0.21,Grovers_Cr_H,5020,0.05,Voights_H,5020,0.03
Area023 (08) troll 24 42,,NF_Nooksack_H,5016,1.00,,,,,,,,,,,,
Area023 (08) troll 24 43,,L_Skagit_R_Fa,5016,0.29,Cedar_R_SuFa,5020,0.24,George_Adams_H,5005,0.21,Grovers_Cr_H,5020,0.10,Voights_H,5020,0.04
Area023 (08) troll 24 44,,George_Adams_H,5005,0.43,L_Skagit_R_Fa,5016,0.24,Clear_Cr_H,5020,0.18,Cedar_R_SuFa,5020,0.07,Hamma_Hamma_R,5005,0.07
Area023 (08) troll 24 45,,George_Adams_H,5005,0.60,L_Skagit_R_Fa,5016,0.22,Clear_Cr_H,5020,0.14,Voights_H,5020,0.02,Hamma_Hamma_R,5005,0.00
Area023 (08) troll 24 46,,L_Skagit_R_Fa,5016,0.33,Cowichan,7,0.32,Puntledge_F,7,0.15,Puntledge_BackX,7,0.09,L_Qualicum,7,0.03
Area023 (08) troll 24 47,,George_Adams_H,5005,0.75,Hamma_Hamma_R,5005,0.13,S_Prairie_Cr,5020,0.10,Clear_Cr_H,5020,0.01,Voights_H,5020,0.01
Area023 (08) troll 24 48,,Puntledge_F,7,0.41,L_Qualicum,7,0.25,Cowichan,7,0.25,Puntledge_BackX,7,0.07,L_Skagit_R_Fa,5016,0.01
Area023 (08) troll 24 49,,Puntledge_F,7,0.40,Cowichan,7,0.38,L_Qualicum,7,0.11,Puntledge_BackX,7,0.10,Nanaimo_F,7,0.00
Area023 (08) troll 24 50,,L_Skagit_R_Fa,5016,0.79,Skagit_R,5016,0.21,NF_Nooksack_H,5016,0.00,L_Qualicum,7,0.00,,,
Area023 (08) troll 24 51,,Clear_Cr_H,5020,0.80,George_Adams_H,5005,0.07,Cedar_R_SuFa,5020,0.06,S_Prairie_Cr,5020,0.03,Hamma_Hamma_R,5005,0.03
Area023 (08) troll 24 52,,Skagit_R,5016,0.68,L_Skagit_R_Fa,5016,0.25,Clear_Cr_H,5020,0.02,Marblemount_Hsu,5016,0.02,U_Skagit_R,5016,0.01
Area023 (08) troll 24 53,,Skagit_R,5016,0.52,L_Skagit_R_Fa,5016,0.42,Marblemount_Hsu,5016,0.02,L_Qualicum,7,0.01,Marblemount_HSp,5016,0.01
Area023 (08) troll 24 54,,L_Skagit_R_Fa,5016,0.76,Skagit_R,5016,0.21,Marblemount_Hsu,5016,0.02,U_Skagit_R,5016,0.00,Clear_Cr_H,5020,0.00
Area023 (08) troll 24 55,,L_Skagit_R_Fa,5016,0.77,Marblemount_HSp,5016,0.23,NF_Nooksack_H,5016,0.01,George_Adams_H,5005,0.00,,,
Area023 (08) troll 24 56,,L_Skagit_R_Fa,5016,0.87,George_Adams_H,5005,0.07,S_Prairie_Cr,5020,0.02,Cedar_R_SuFa,5020,0.01,Hamma_Hamma_R,5005,0.01
Area023 (08) troll 24 57,,L_Skagit_R_Fa,5016,0.89,Umatilla_H,5026,0.10,Umatilla_H_Fa,5026,0.00,Green_R_Fa,5008,0.00,L_Deschutes_R,5004,0.00
Area023 (08) troll 33 1,,L_Skagit_R_Fa,5016,0.48,Skagit_R,5016,0.43,NF_Nooksack_H,5016,0.03,Voights_H,5020,0.02,Grovers_Cr_H,5020,0.01
Area023 (08) troll 33 10,,NF_Nooksack_H,5016,1.00,Skagit_R,5016,0.00,L_Skagit_R_Fa,5016,0.00,,,,,,
Area023 (08) troll 33 11,,Clear_Cr_H,5020,0.84,S_Prairie_Cr,5020,0.06,Grovers_Cr_H,5020,0.05,Cedar_R_SuFa,5020,0.03,George_Adams_H,5005,0.02
Area023 (08) troll 33 12,,Clear_Cr_H,5020,0.66,George_Adams_H,5005,0.15,Hamma_Hamma_R,5005,0.14,L_Skagit_R_Fa,5016,0.03,Cedar_R_SuFa,5020,0.01
Area023 (08) troll 33 13,,George_Adams_H,5005,0.45,L_Skagit_R_Fa,5016,0.17,Clear_Cr_H,5020,0.17,Cedar_R_SuFa,5020,0.15,Hamma_Hamma_R,5005,0.04
Area023 (08) troll 33 14,,Elochoman_H,5030,0.92,Washougal_R_Fa,5008,0.08,,,,,,,,,
Area023 (08) troll 33 15,,Marblemount_HSp,5016,0.91,Skagit_R,5016,0.04,U_Skagit_R,5016,0.03,L_Skagit_R_Fa,5016,0.01,Washougal_R_Fa,5008,0.00
Area023 (08) troll 33 16,,NF_Nooksack_H,5016,1.00,Skagit_R,5016,0.00,L_Qualicum,7,0.00,,,,,,
Area023 (08) troll 33 17,,Puntledge_F,7,0.39,L_Qualicum,7,0.27,Cowichan,7,0.24,Puntledge_BackX,7,0.05,L_Skagit_R_Fa,5016,0.02
Area023 (08) troll 33 18,,George_Adams_H,5005,0.69,L_Skagit_R_Fa,5016,0.18,Hamma_Hamma_R,5005,0.08,Cowichan,7,0.03,Cedar_R_SuFa,5020,0.01
Area023 (08) troll 33 19,,Puntledge_F,7,0.32,Cowichan,7,0.24,L_Qualicum,7,0.23,Umatilla_H,5026,0.09,L_Skagit_R_Fa,5016,0.04
Area023 (08) troll 33 2,,Clear_Cr_H,5020,0.50,Cedar_R_SuFa,5020,0.25,George_Adams_H,5005,0.18,Voights_H,5020,0.02,S_Prairie_Cr,5020,0.01
Area023 (08) troll 33 20,,NF_Nooksack_H,5016,1.00,Skagit_R,5016,0.00,L_Skagit_R_Fa,5016,0.00,Hamma_Hamma_R,5005,0.00,,,
Area023 (08) troll 33 21,,Marblemount_HSp,5016,0.90,Skagit_R,5016,0.06,U_Skagit_R,5016,0.04,L_Skagit_R_Fa,5016,0.01,,,
Area023 (08) troll 33 22,,Clear_Cr_H,5020,0.81,Cedar_R_SuFa,5020,0.09,S_Prairie_Cr,5020,0.05,Hamma_Hamma_R,5005,0.04,George_Adams_H,5005,0.01
Area023 (08) troll 33 23,,L_Skagit_R_Fa,5016,0.55,Clear_Cr_H,5020,0.16,George_Adams_H,5005,0.14,S_Prairie_Cr,5020,0.06,Cedar_R_SuFa,5020,0.03
Area023 (08) troll 33 24,,L_Skagit_R_Fa,5016,0.81,George_Adams_H,5005,0.11,Clear_Cr_H,5020,0.04,Skagit_R,5016,0.02,S_Prairie_Cr,5020,0.01
Area023 (08) troll 33 25,,George_Adams_H,5005,0.54,Clear_Cr_H,5020,0.19,Hamma_Hamma_R,5005,0.13,L_Skagit_R_Fa,5016,0.08,S_Prairie_Cr,5020,0.03
Area023 (08) troll 33 26,,George_Adams_H,5005,0.74,Clear_Cr_H,5020,0.12,S_Prairie_Cr,5020,0.09,Hamma_Hamma_R,5005,0.02,Grovers_Cr_H,5020,0.02
Area023 (08) troll 33 27,,George_Adams_H,5005,0.62,L_Skagit_R_Fa,5016,0.13,Cedar_R_SuFa,5020,0.12,Clear_Cr_H,5020,0.07,Hamma_Hamma_R,5005,0.05
Area023 (08) troll 33 28,,L_Skagit_R_Fa,5016,0.54,Clear_Cr_H,5020,0.13,Cedar_R_SuFa,5020,0.13,S_Prairie_Cr,5020,0.09,George_Adams_H,5005,0.06
Area023 (08) troll 33 29,,L_Skagit_R_Fa,5016,0.88,Skagit_R,5016,0.09,Marblemount_Hsu,5016,0.01,Hamma_Hamma_R,5005,0.01,Clear_Cr_H,5020,0.00
Area023 (08) troll 33 3,,N_Santiam_H,5029,0.70,Elochoman_H,5030,0.18,McKenzie_H,5029,0.10,Skagit_R,5016,0.02,Sandy_R,5008,0.00
Area023 (08) troll 33 30,,Clear_Cr_H,5020,0.57,George_Adams_H,5005,0.13,Cedar_R_SuFa,5020,0.13,Hamma_Hamma_R,5005,0.09,L_Skagit_R_Fa,5016,0.05
Area023 (08) troll 33 31,,Skagit_R,5016,0.60,Marblemount_HSp,5016,0.35,U_Skagit_R,5016,0.04,L_Skagit_R_Fa,5016,0.01,Marblemount_Hsu,5016,0.00
Area023 (08) troll 33 32,,L_Skagit_R_Fa,5016,0.57,Marblemount_HSp,5016,0.30,Skagit_R,5016,0.13,George_Adams_H,5005,0.00,Marblemount_Hsu,5016,0.00
Area023 (08) troll 33 33,,L_Skagit_R_Fa,5016,0.53,Clear_Cr_H,5020,0.29,Skagit_R,5016,0.07,S_Prairie_Cr,5020,0.05,L_Qualicum,7,0.03
Area023 (08) troll 33 34,,Puntledge_F,7,0.41,Cowichan,7,0.29,L_Qualicum,7,0.19,Puntledge_BackX,7,0.10,Big_Qualicum,7,0.01
Area023 (08) troll 33 4,,George_Adams_H,5005,0.44,L_Skagit_R_Fa,5016,0.40,Hamma_Hamma_R,5005,0.07,Cedar_R_SuFa,5020,0.03,Skagit_R,5016,0.02
Area023 (08) troll 33 5,,Clear_Cr_H,5020,0.67,Cedar_R_SuFa,5020,0.23,L_Skagit_R_Fa,5016,0.04,Hamma_Hamma_R,5005,0.03,George_Adams_H,5005,0.01
Area023 (08) troll 33 6,,NF_Nooksack_H,5016,1.00,,,,,,,,,,,,
Area023 (08) troll 33 7,,George_Adams_H,5005,0.49,Clear_Cr_H,5020,0.34,Hamma_Hamma_R,5005,0.06,S_Prairie_Cr,5020,0.05,Cedar_R_SuFa,5020,0.03
Area023 (08) troll 33 8,,Spring_Cr_col,5030,0.85,Elochoman_H,5030,0.15,,,,,,,,,
Area023 (08) troll 33 9,,Elochoman_H,5030,0.90,Spring_Cr_col,5030,0.09,Big_Cr_H_Col,5030,0.01,,,,,,
,,,,,,,,,,,,,,,,
Sample: 8, Area026,2008, troll, Jan31,,,,,,,,,,,,
Area026 (08) troll 31 1,,Cedar_R_SuFa,5020,0.33,Bear_Cr_SuFa,5020,0.26,Hamma_Hamma_R,5005,0.14,Big_Qualicum,7,0.10,Soos_H,5020,0.08
Area026 (08) troll 31 2,,Cedar_R_SuFa,5020,0.32,Bear_Cr_SuFa,5020,0.21,Hamma_Hamma_R,5005,0.17,Big_Qualicum,7,0.14,Soos_H,5020,0.07
,,,,,,,,,,,,,,,,
Sample: 9, Area123,2008, troll, Jan16-Sep28,,,,,,,,,,,,
Area123 (08) troll 130 281,,Chilliwack_F,3,0.77,Harrison,3,0.23,Chilliwac@Stav,3,0.00,,,,,,
Area123 (08) troll 130 282,,N_Santiam_H,5029,0.99,McKenzie_H,5029,0.01,,,,,,,,,
Area123 (08) troll 130 283,,Harrison,3,0.66,Chilliwack_F,3,0.34,Chilliwac@Stav,3,0.00,Skagit_R,5016,0.00,Millicoma_R,5011,0.00
Area123 (08) troll 130 284,,Samish_H,5016,0.53,S_Prairie_Cr,5020,0.19,Soos_H,5020,0.14,Clear_Cr_H,5020,0.10,Hamma_Hamma_R,5005,0.01
Area123 (08) troll 130 285,,Skagit_R,5016,0.99,Marblemount_HSp,5016,0.01,L_Skagit_R_Fa,5016,0.00,Harrison,3,0.00,Lewis_R_Su,5008,0.00
Area123 (08) troll 130 286,,Spring_Cr_col,5030,1.00,Abernathy_NFH_F,5008,0.00,Big_Cr_H_Col,5030,0.00,Washougal_R_Fa,5008,0.00,Elochoman_H,5030,0.00
Area123 (08) troll 130 287,,Harrison,3,0.97,Lewis_R_LSu,5008,0.00,Green_R_Fa,5008,0.00,Elochoman_H,5030,0.00,Chilliwac@Stav,3,0.00
Area123 (08) troll 130 288,,Spring_Cr_col,5030,0.87,Abernathy_NFH_F,5008,0.08,Big_Cr_H_Col,5030,0.02,Elochoman_H,5030,0.01,Cedar_R_SuFa,5020,0.01
Area123 (08) troll 130 289,,Spring_Cr_col,5030,0.92,Abernathy_NFH_F,5008,0.05,Big_Cr_H_Col,5030,0.03,Abernathy_Cr_Fa,5008,0.00,Elochoman_H,5030,0.00
Area123 (08) troll 136 2016,,Skagit_R,5016,0.77,U_Sauk_R_SpSu,5016,0.10,L_Skagit_R_Fa,5016,0.08,Marblemount_HSp,5016,0.05,Snoqualmie_R,5016,0.00
Area123 (08) troll 136 2017,,Spring_Cr_col,5030,0.96,Abernathy_NFH_F,5008,0.03,Abernathy_Cr_Fa,5008,0.00,Elochoman_H,5030,0.00,Big_Cr_H_Col,5030,0.00
Area123 (08) troll 136 2018,,Spring_Cr_col,5030,0.97,Abernathy_NFH_F,5008,0.02,Elochoman_H,5030,0.01,Big_Cr_H_Col,5030,0.00,Abernathy_Cr_Fa,5008,0.00
Area123 (08) troll 136 2019,,Spring_Cr_col,5030,1.00,Green_R_Fa,5008,0.00,,,,,,,,,
Area123 (08) troll 136 2020,,Clear_Cr_H,5020,0.47,Soos_H,5020,0.47,S_Prairie_Cr,5020,0.02,Samish_H,5016,0.02,George_Adams_H,5005,0.01
Area123 (08) troll 136 2021,,Chilliwack_F,3,1.00,Harrison,3,0.00,Chilliwac@Stav,3,0.00,,,,,,
Area123 (08) troll 136 2022,,Spring_Cr_col,5030,0.93,Abernathy_NFH_F,5008,0.04,Big_Cr_H_Col,5030,0.01,Elochoman_H,5030,0.01,Abernathy_Cr_Fa,5008,0.01
Area123 (08) troll 136 2023,,Harrison,3,0.87,Chilliwack_F,3,0.10,Chilliwac@Stav,3,0.02,,,,,,
Area123 (08) troll 136 2024,,Harrison,3,0.58,Chilliwack_F,3,0.41,Chilliwac@Stav,3,0.02,Capilano,9,0.00,U_Sauk_R_SpSu,5016,0.00
Area123 (08) troll 136 2025,,Harrison,3,1.00,Chilliwac@Stav,3,0.00,N_Thom@Main,4,0.00,,,,,,
Area123 (08) troll 138 2001,,Clear_Cr_H,5020,0.89,Skagit_R,5016,0.08,U_Sauk_R_SpSu,5016,0.01,Soos_H,5020,0.01,Hamma_Hamma_R,5005,0.00
Area123 (08) troll 138 2002,,Spring_Cr_col,5030,0.38,Abernathy_NFH_F,5008,0.24,Abernathy_Cr_Fa,5008,0.11,Washougal_R_Fa,5008,0.08,Big_Cr_H_Col,5030,0.05
Area123 (08) troll 138 2003,,Cowlitz_H_fa,5008,0.69,Cowlitz_H_sp,5009,0.07,Washougal_R_Fa,5008,0.07,Abernathy_Cr_Fa,5008,0.06,Spring_Cr_col,5030,0.03
Area123 (08) troll 138 2004,,Skagit_R,5016,0.57,Harrison,3,0.26,Lewis_R_f,5008,0.05,Lewis_R_Su,5008,0.03,Lewis_R_LSu,5008,0.02
Area123 (08) troll 138 2005,,Lyons_Ferry_H,5021,0.41,Hanford_Reach,5026,0.19,U_Sauk_R_SpSu,5016,0.10,Priest_Rapid_H,5026,0.08,L_Wh_Sal_H_SF,5026,0.07
Area123 (08) troll 138 2006,,Priest_Rapid_H,5026,0.72,Hanford_Reach,5026,0.11,ClearwaterRFa,5021,0.07,Wells_H,5026,0.03,L_Deschutes_R,5004,0.02
Area123 (08) troll 138 2007,,ClearwaterRFa,5021,0.79,Priest_Rapid_H,5026,0.08,Lyons_Ferry_H,5021,0.07,U_Deschutes_R,5004,0.04,Nez_PerceT_H,5021,0.01
Area123 (08) troll 138 2008,,Spring_Cr_col,5030,0.88,Washougal_R_Fa,5008,0.04,Cowlitz_H_fa,5008,0.02,Lewis_R_f,5008,0.02,Abernathy_NFH_F,5008,0.01
Area123 (08) troll 138 2009,,Washougal_R_Fa,5008,0.58,Green_R_Fa,5008,0.16,Abernathy_NFH_F,5008,0.10,Spring_Cr_col,5030,0.07,Cowlitz_H_fa,5008,0.04
Area123 (08) troll 149 1498,,ClearwaterRFa,5021,0.60,Priest_Rapid_H,5026,0.35,Wells_H,5026,0.02,Umatilla_H_Fa,5026,0.01,Methow_R,5026,0.01
Area123 (08) troll 149 1499,,Lyons_Ferry_H,5021,0.99,Hanford_Reach,5026,0.01,Nez_PerceT_H,5021,0.00,Marion_Drain_Fa,5026,0.00,Umpqua_H,5011,0.00
Area123 (08) troll 149 1500,,Wenatchee_R_SF,5026,0.51,Wells_H,5026,0.36,Hanford_Reach,5026,0.04,Priest_Rapid_H,5026,0.03,U_Sauk_R_SpSu,5016,0.03
Area123 (08) troll 149 1501,,Cowlitz_H_fa,5008,0.93,Washougal_R_Fa,5008,0.03,Cowlitz_H_sp,5009,0.02,L_Skagit_R_Fa,5016,0.01,Lewis_R_f,5008,0.00
Area123 (08) troll 149 1502,,Harrison,3,0.94,L_Skagit_R_Fa,5016,0.05,Soos_H,5020,0.00,Samish_H,5016,0.00,U_Sauk_R_SpSu,5016,0.00
Area123 (08) troll 149 1503,,Lyons_Ferry_H,5021,0.30,Priest_Rapid_H,5026,0.27,ClearwaterRFa,5021,0.16,Hanford_Reach,5026,0.15,Marion_Drain_Fa,5026,0.07
Area123 (08) troll 149 1504,,Spring_Cr_col,5030,0.94,Abernathy_Cr_Fa,5008,0.02,Cowlitz_H_fa,5008,0.02,Washougal_R_Fa,5008,0.01,Elochoman_H,5030,0.00
Area123 (08) troll 149 1505,,Chilliwack_F,3,1.00,Harrison,3,0.00,Chilliwac@Stav,3,0.00,,,,,,
Area123 (08) troll 149 2010,,Spring_Cr_col,5030,1.00,Abernathy_NFH_F,5008,0.00,Elochoman_H,5030,0.00,Big_Cr_H_Col,5030,0.00,,,
Area123 (08) troll 149 2011,,George_Adams_H,5005,0.65,L_Skagit_R_Fa,5016,0.18,NF_Skokomish_F,5005,0.13,Hamma_Hamma_R,5005,0.01,S_Prairie_Cr,5020,0.01
Area123 (08) troll 149 2012,,Spring_Cr_col,5030,0.71,Big_Cr_H_Col,5030,0.14,Abernathy_NFH_F,5008,0.13,Elochoman_H,5030,0.02,Abernathy_Cr_Fa,5008,0.00
Area123 (08) troll 149 2013,,Spring_Cr_col,5030,0.51,Washougal_R_Fa,5008,0.39,Abernathy_Cr_Fa,5008,0.08,Elochoman_H,5030,0.01,Cowlitz_H_fa,5008,0.01
Area123 (08) troll 149 2014,,Harrison,3,0.82,Chilliwack_F,3,0.13,S_Prairie_Cr,5020,0.02,L_Skagit_R_Fa,5016,0.01,U_Sauk_R_SpSu,5016,0.01
Area123 (08) troll 149 2015,,Abernathy_Cr_Fa,5008,0.50,Washougal_R_Fa,5008,0.19,Cowlitz_H_fa,5008,0.11,Lewis_R_f,5008,0.07,Elochoman_H,5030,0.06
Area123 (08) troll 16 100,,Clear_Cr_H,5020,0.75,Soos_H,5020,0.11,NF_Skokomish_F,5005,0.04,George_Adams_H,5005,0.04,S_Prairie_Cr,5020,0.03
Area123 (08) troll 16 101,,NF_Skokomish_F,5005,0.34,Samish_H,5016,0.29,Hamma_Hamma_R,5005,0.14,George_Adams_H,5005,0.14,Grovers_Cr_H,5020,0.02
Area123 (08) troll 16 102,,L_Skagit_R_Fa,5016,0.50,Skagit_R,5016,0.21,Marblemount_HSp,5016,0.14,U_Sauk_R_SpSu,5016,0.09,Abernathy_Cr_Fa,5008,0.02
Area123 (08) troll 16 103,,Samish_H,5016,0.88,Soos_H,5020,0.06,Hamma_Hamma_R,5005,0.02,George_Adams_H,5005,0.02,S_Prairie_Cr,5020,0.02
Area123 (08) troll 16 104,,Clear_Cr_H,5020,0.73,Grovers_Cr_H,5020,0.09,George_Adams_H,5005,0.06,Hamma_Hamma_R,5005,0.06,Harrison,3,0.02
Area123 (08) troll 16 105,,NF_Nooksack_H,5016,1.00,,,,,,,,,,,,
Area123 (08) troll 16 106,,Abernathy_NFH_F,5008,0.65,Spring_Cr_col,5030,0.31,Big_Cr_H_Col,5030,0.04,Elochoman_H,5030,0.00,Abernathy_Cr_Fa,5008,0.00
Area123 (08) troll 16 107,,Lewis_R_LSu,5008,0.24,Lewis_R_Su,5008,0.19,Washougal_R_Fa,5008,0.10,Lewis_R_f,5008,0.09,Harrison,3,0.08
Area123 (08) troll 16 108,,Marblemount_HSp,5016,1.00,U_Sauk_R_SpSu,5016,0.00,Skagit_R,5016,0.00,,,,,,
Area123 (08) troll 16 109,,NF_Nooksack_H,5016,1.00,,,,,,,,,,,,
Area123 (08) troll 16 110,,Skagit_R,5016,0.96,U_Sauk_R_SpSu,5016,0.04,L_Skagit_R_Fa,5016,0.00,Marblemount_HSp,5016,0.00,Snoqualmie_R,5016,0.00
Area123 (08) troll 16 111,,Samish_H,5016,0.38,George_Adams_H,5005,0.20,Soos_H,5020,0.18,NF_Skokomish_F,5005,0.11,Hamma_Hamma_R,5005,0.10
Area123 (08) troll 16 112,,Skagit_R,5016,0.98,U_Sauk_R_SpSu,5016,0.02,L_Skagit_R_Fa,5016,0.01,NF_Nooksack_H,5016,0.00,,,
Area123 (08) troll 16 113,,Samish_H,5016,0.87,Clear_Cr_H,5020,0.05,Soos_H,5020,0.03,Hamma_Hamma_R,5005,0.02,S_Prairie_Cr,5020,0.01
Area123 (08) troll 16 114,,NF_Nooksack_H,5016,1.00,,,,,,,,,,,,
Area123 (08) troll 16 115,,Soos_H,5020,0.52,Clear_Cr_H,5020,0.33,S_Prairie_Cr,5020,0.05,Cedar_R_SuFa,5020,0.03,George_Adams_H,5005,0.02
Area123 (08) troll 16 116,,Clear_Cr_H,5020,0.38,George_Adams_H,5005,0.26,NF_Skokomish_F,5005,0.14,Hamma_Hamma_R,5005,0.11,Grovers_Cr_H,5020,0.08
Area123 (08) troll 16 117,,S_Prairie_Cr,5020,0.53,Soos_H,5020,0.20,Samish_H,5016,0.11,Clear_Cr_H,5020,0.10,Grovers_Cr_H,5020,0.02
Area123 (08) troll 16 118,,Samish_H,5016,0.90,George_Adams_H,5005,0.06,Soos_H,5020,0.02,Skagit_R,5016,0.01,Hamma_Hamma_R,5005,0.00
Area123 (08) troll 16 119,,Hamma_Hamma_R,5005,0.43,U_Sauk_R_SpSu,5016,0.23,Skagit_R,5016,0.11,L_Skagit_R_Fa,5016,0.08,Priest_Rapid_H,5026,0.06
Area123 (08) troll 16 120,,George_Adams_H,5005,0.29,Samish_H,5016,0.27,Clear_Cr_H,5020,0.22,Grovers_Cr_H,5020,0.08,S_Prairie_Cr,5020,0.07
Area123 (08) troll 16 121,,Marblemount_HSp,5016,0.73,Skagit_R,5016,0.27,U_Sauk_R_SpSu,5016,0.00,L_Skagit_R_Fa,5016,0.00,U_Skagit_R,5016,0.00
Area123 (08) troll 16 122,,S_Prairie_Cr,5020,0.55,Clear_Cr_H,5020,0.28,Soos_H,5020,0.09,George_Adams_H,5005,0.04,Samish_H,5016,0.01
Area123 (08) troll 16 123,,L_Skagit_R_Fa,5016,0.61,Skagit_R,5016,0.18,Umpqua_H,5011,0.09,Puntledge_F,7,0.04,Marblemount_Hsu,5016,0.02
Area123 (08) troll 16 124,,Soos_H,5020,0.83,Clear_Cr_H,5020,0.08,George_Adams_H,5005,0.04,S_Prairie_Cr,5020,0.03,Samish_H,5016,0.01
Area123 (08) troll 16 125,,S_Prairie_Cr,5020,0.42,Clear_Cr_H,5020,0.22,George_Adams_H,5005,0.15,Soos_H,5020,0.11,Samish_H,5016,0.09
Area123 (08) troll 16 126,,Clear_Cr_H,5020,0.56,NF_Skokomish_F,5005,0.21,Soos_H,5020,0.09,George_Adams_H,5005,0.03,Hanford_Reach,5026,0.03
Area123 (08) troll 16 127,,L_Skagit_R_Fa,5016,0.66,Samish_H,5016,0.11,Skagit_R,5016,0.09,NF_Nooksack_H,5016,0.04,Hamma_Hamma_R,5005,0.04
Area123 (08) troll 16 128,,George_Adams_H,5005,0.43,NF_Skokomish_F,5005,0.25,S_Prairie_Cr,5020,0.12,Soos_H,5020,0.10,Samish_H,5016,0.07
Area123 (08) troll 16 129,,Spring_Cr_col,5030,0.68,Abernathy_NFH_F,5008,0.24,Big_Cr_H_Col,5030,0.06,Elochoman_H,5030,0.01,Green_R_Fa,5008,0.00
Area123 (08) troll 16 130,,NF_Skokomish_F,5005,0.36,White_H,5020,0.19,George_Adams_H,5005,0.13,Hamma_Hamma_R,5005,0.10,Clear_Cr_H,5020,0.08
Area123 (08) troll 16 131,,Sol_Duc_H,5028,0.63,N_Thom@Main,4,0.24,Lemieux_Cr,4,0.04,South_Thom,5,0.03,Cowlitz_H_sp,5009,0.01
Area123 (08) troll 16 132,,Soos_H,5020,0.40,L_Skagit_R_Fa,5016,0.26,S_Prairie_Cr,5020,0.24,Skagit_R,5016,0.04,Snoqualmie_R,5016,0.04
Area123 (08) troll 16 133,,NF_Skokomish_F,5005,0.36,Soos_H,5020,0.34,Hamma_Hamma_R,5005,0.13,Samish_H,5016,0.08,Clear_Cr_H,5020,0.04
Area123 (08) troll 16 134,,Skagit_R,5016,0.93,NF_Nooksack_H,5016,0.04,U_Sauk_R_SpSu,5016,0.02,Harrison,3,0.01,Atnarko,10,0.01
Area123 (08) troll 16 67,,White_H,5020,0.90,Hupp_Sp_H,5020,0.08,Clear_Cr_H,5020,0.01,George_Adams_H,5005,0.01,Samish_H,5016,0.00
Area123 (08) troll 16 68,,NF_Nooksack_H,5016,0.92,Skagit_R,5016,0.04,Queets_R,5028,0.02,U_Sauk_R_SpSu,5016,0.02,Coquille_R,5011,0.00
Area123 (08) troll 16 69,,Skagit_R,5016,0.51,L_Skagit_R_Fa,5016,0.29,Snoqualmie_R,5016,0.08,U_Sauk_R_SpSu,5016,0.03,S_Prairie_Cr,5020,0.03
Area123 (08) troll 16 70,,Skagit_R,5016,0.95,Harrison,3,0.03,L_Skagit_R_Fa,5016,0.02,U_Sauk_R_SpSu,5016,0.00,Lyons_Ferry_H,5021,0.00
Area123 (08) troll 16 71,,Hanford_Reach,5026,0.74,Wenatchee_R_SF,5026,0.09,Priest_Rapid_H,5026,0.08,Marion_Drain_Fa,5026,0.05,Umatilla_H_Fa,5026,0.01
Area123 (08) troll 16 72,,Priest_Rapid_H,5026,0.73,Umatilla_H_Fa,5026,0.10,L_Wh_Sal_H_SF,5026,0.07,Wenatchee_R_SF,5026,0.03,Hanford_Reach,5026,0.02
Area123 (08) troll 16 73,,Hanford_Reach,5026,0.42,Nez_PerceT_H,5021,0.27,Priest_Rapid_H,5026,0.20,L_Deschutes_R,5004,0.04,Priest_Rapids_H,5026,0.03
Area123 (08) troll 16 74,,U_Sauk_R_SpSu,5016,0.45,L_Skagit_R_Fa,5016,0.35,Marblemount_HSp,5016,0.10,Skagit_R,5016,0.02,George_Adams_H,5005,0.02
Area123 (08) troll 16 75,,George_Adams_H,5005,0.30,Clear_Cr_H,5020,0.17,S_Prairie_Cr,5020,0.16,Soos_H,5020,0.13,NF_Skokomish_F,5005,0.11
Area123 (08) troll 16 76,,Skagit_R,5016,0.57,Marblemount_HSp,5016,0.24,U_Sauk_R_SpSu,5016,0.16,Marblemount_Hsu,5016,0.01,S_Prairie_Cr,5020,0.01
Area123 (08) troll 16 77,,Skagit_R,5016,0.68,Lewis_R_LSu,5008,0.10,Washougal_R_Fa,5008,0.04,Coquille_R,5011,0.04,Marblemount_Hsu,5016,0.03
Area123 (08) troll 16 78,,Samish_H,5016,0.32,Wenatchee_R_SF,5026,0.25,L_Skagit_R_Fa,5016,0.12,George_Adams_H,5005,0.06,Soos_H,5020,0.05
Area123 (08) troll 16 79,,Skagit_R,5016,0.85,U_Sauk_R_SpSu,5016,0.14,L_Skagit_R_Fa,5016,0.00,ClearwaterRFa,5021,0.00,Marblemount_HSp,5016,0.00
Area123 (08) troll 16 80,,Cowichan,7,1.00,Puntledge_F,7,0.00,L_Qualicum,7,0.00,Nanaimo_F,7,0.00,,,
Area123 (08) troll 16 81,,Skagit_R,5016,0.84,U_Sauk_R_SpSu,5016,0.10,L_Skagit_R_Fa,5016,0.04,Harrison,3,0.01,Snoqualmie_R,5016,0.00
Area123 (08) troll 16 82,,Samish_H,5016,0.64,S_Prairie_Cr,5020,0.12,George_Adams_H,5005,0.11,Clear_Cr_H,5020,0.10,NF_Skokomish_F,5005,0.02
Area123 (08) troll 16 83,,Soos_H,5020,0.48,S_Prairie_Cr,5020,0.33,Clear_Cr_H,5020,0.13,Samish_H,5016,0.03,NF_Skokomish_F,5005,0.02
Area123 (08) troll 16 84,,Skagit_R,5016,0.78,L_Skagit_R_Fa,5016,0.08,Marblemount_Hsu,5016,0.04,Harrison,3,0.04,Snoqualmie_R,5016,0.03
Area123 (08) troll 16 85,,Marblemount_HSp,5016,0.48,Skagit_R,5016,0.29,Harrison,3,0.21,U_Sauk_R_SpSu,5016,0.01,L_Skagit_R_Fa,5016,0.00
Area123 (08) troll 16 86,,Skagit_R,5016,0.79,Chilliwac@Stav,3,0.10,U_Sauk_R_SpSu,5016,0.05,Harrison,3,0.04,George_Adams_H,5005,0.02
Area123 (08) troll 16 87,,Skagit_R,5016,1.00,U_Sauk_R_SpSu,5016,0.00,L_Qualicum,7,0.00,L_Skagit_R_Fa,5016,0.00,Hanford_Reach,5026,0.00
Area123 (08) troll 16 88,,Skagit_R,5016,0.48,L_Skagit_R_Fa,5016,0.19,U_Sauk_R_SpSu,5016,0.11,Harrison,3,0.08,Washougal_R_Fa,5008,0.04
Area123 (08) troll 16 89,,White_H,5020,0.91,Hupp_Sp_H,5020,0.08,Samish_H,5016,0.00,George_Adams_H,5005,0.00,S_Prairie_Cr,5020,0.00
Area123 (08) troll 16 90,,NF_Skokomish_F,5005,0.46,George_Adams_H,5005,0.41,Samish_H,5016,0.05,Hamma_Hamma_R,5005,0.03,Clear_Cr_H,5020,0.03
Area123 (08) troll 16 91,,Clear_Cr_H,5020,0.46,S_Prairie_Cr,5020,0.43,Soos_H,5020,0.07,Samish_H,5016,0.02,George_Adams_H,5005,0.01
Area123 (08) troll 16 92,,L_Skagit_R_Fa,5016,0.93,Snoqualmie_R,5016,0.06,Skagit_R,5016,0.01,U_Sauk_R_SpSu,5016,0.00,U_Sauk_R,5016,0.00
Area123 (08) troll 16 93,,L_Skagit_R_Fa,5016,0.26,Elochoman_H,5030,0.16,Cowlitz_H_fa,5008,0.14,Abernathy_Cr_Fa,5008,0.14,NF_Skokomish_F,5005,0.06
Area123 (08) troll 16 94,,George_Adams_H,5005,0.74,Skagit_R,5016,0.19,U_Sauk_R_SpSu,5016,0.04,NF_Skokomish_F,5005,0.02,Grovers_Cr_H,5020,0.00
Area123 (08) troll 16 95,,Harrison,3,0.75,Washougal_R_Fa,5008,0.05,Hanford_Reach,5026,0.04,Lewis_R_f,5008,0.03,U_Sauk_R_SpSu,5016,0.02
Area123 (08) troll 16 96,,Spring_Cr_col,5030,0.92,Abernathy_NFH_F,5008,0.06,Big_Cr_H_Col,5030,0.01,Washougal_R_Fa,5008,0.00,Abernathy_Cr_Fa,5008,0.00
Area123 (08) troll 16 97,,Skagit_R,5016,0.73,U_Sauk_R_SpSu,5016,0.18,Soos_H,5020,0.03,Marblemount_Hsu,5016,0.03,NF_Nooksack_H,5016,0.02
Area123 (08) troll 16 98,,S_Prairie_Cr,5020,0.59,Samish_H,5016,0.16,Clear_Cr_H,5020,0.09,George_Adams_H,5005,0.08,NF_Skokomish_F,5005,0.05
Area123 (08) troll 16 99,,Clear_Cr_H,5020,0.43,S_Prairie_Cr,5020,0.19,Harrison,3,0.13,NF_Skokomish_F,5005,0.07,Soos_H,5020,0.06
Area123 (08) troll 168 1372,Dupe with 190,Spring_Cr_col,5030,0.95,Big_Cr_H_Col,5030,0.03,Abernathy_NFH_F,5008,0.02,,,,,,
Area123 (08) troll 168 1373,,NF_Nooksack_H,5016,0.98,Skagit_R,5016,0.02,Coquille_R,5011,0.00,Harrison,3,0.00,Marblemount_Hsu,5016,0.00
Area123 (08) troll 168 1374,,Clear_Cr_H,5020,0.76,Hamma_Hamma_R,5005,0.08,S_Prairie_Cr,5020,0.08,NF_Skokomish_F,5005,0.02,Snoqualmie_R,5016,0.02
Area123 (08) troll 168 1375,,Chilliwack_F,3,0.97,Harrison,3,0.03,Chilliwac@Stav,3,0.00,Capilano,9,0.00,Skagit_R,5016,0.00
Area123 (08) troll 168 1376,,Abernathy_NFH_F,5008,0.66,Big_Cr_H_Col,5030,0.17,Spring_Cr_col,5030,0.16,Washougal_R_Fa,5008,0.01,Elochoman_H,5030,0.00
Area123 (08) troll 168 1377,,NF_Skokomish_F,5005,0.23,S_Prairie_Cr,5020,0.20,Clear_Cr_H,5020,0.15,Soos_H,5020,0.13,George_Adams_H,5005,0.12
Area123 (08) troll 168 1378,,NF_Nooksack_H,5016,0.71,Samish_H,5016,0.12,George_Adams_H,5005,0.05,Clear_Cr_H,5020,0.05,Soos_H,5020,0.03
Area123 (08) troll 168 1379,,Spring_Cr_col,5030,0.48,Big_Cr_H_Col,5030,0.29,Abernathy_NFH_F,5008,0.20,Washougal_R_Fa,5008,0.02,Abernathy_Cr_Fa,5008,0.01
Area123 (08) troll 168 1380,,S_Prairie_Cr,5020,0.42,NF_Skokomish_F,5005,0.19,George_Adams_H,5005,0.16,Samish_H,5016,0.06,Soos_H,5020,0.06
Area123 (08) troll 168 1381,,Spring_Cr_col,5030,0.96,Big_Cr_H_Col,5030,0.03,Abernathy_Cr_Fa,5008,0.01,Abernathy_NFH_F,5008,0.00,Washougal_R_Fa,5008,0.00
Area123 (08) troll 168 1382,,NF_Skokomish_F,5005,0.39,George_Adams_H,5005,0.22,Soos_H,5020,0.15,Clear_Cr_H,5020,0.10,Hamma_Hamma_R,5005,0.06
Area123 (08) troll 168 1383,,Spring_Cr_col,5030,0.98,Cowlitz_H_fa,5008,0.01,Abernathy_NFH_F,5008,0.01,Big_Cr_H_Col,5030,0.00,Abernathy_Cr_Fa,5008,0.00
Area123 (08) troll 168 1384,,Spring_Cr_col,5030,0.90,Elochoman_H,5030,0.04,Abernathy_Cr_Fa,5008,0.02,Abernathy_NFH_F,5008,0.02,Big_Cr_H_Col,5030,0.01
Area123 (08) troll 168 1385,,Priest_Rapid_H,5026,0.74,Hanford_Reach,5026,0.11,ClearwaterRFa,5021,0.08,Wells_H,5026,0.05,Umatilla_H_Fa,5026,0.01
Area123 (08) troll 168 1386,,George_Adams_H,5005,0.50,Clear_Cr_H,5020,0.21,S_Prairie_Cr,5020,0.13,Hamma_Hamma_R,5005,0.05,Grovers_Cr_H,5020,0.04
Area123 (08) troll 168 1387,,Abernathy_Cr_Fa,5008,0.41,Spring_Cr_col,5030,0.21,Cowlitz_H_fa,5008,0.20,Green_R_Fa,5008,0.13,Washougal_R_Fa,5008,0.04
Area123 (08) troll 168 1388,Dupe with 207,Spring_Cr_col,5030,0.77,Elochoman_H,5030,0.18,Washougal_R_Fa,5008,0.03,Abernathy_Cr_Fa,5008,0.02,Abernathy_NFH_F,5008,0.00
Area123 (08) troll 168 1389,,Chilliwack_F,3,0.68,Harrison,3,0.31,Chilliwac@Stav,3,0.00,,,,,,
Area123 (08) troll 168 1390,,Chilliwack_F,3,0.92,Harrison,3,0.08,Chilliwac@Stav,3,0.00,Cowichan,7,0.00,L_Skagit_R_Fa,5016,0.00
Area123 (08) troll 168 1391,,NF_Skokomish_F,5005,0.12,L_Skagit_R_Fa,5016,0.12,Washougal_R_Fa,5008,0.11,George_Adams_H,5005,0.09,Samish_H,5016,0.06
Area123 (08) troll 168 1392,,Harrison,3,0.70,ClearwaterRFa,5021,0.18,N_Thom@Main,4,0.06,Chilliwac@Stav,3,0.04,Lyons_Ferry_H,5021,0.01
Area123 (08) troll 168 1393,,L_Skagit_R_Fa,5016,0.31,Skagit_R,5016,0.12,Soos_H,5020,0.11,Chilliwac@Stav,3,0.10,Harrison,3,0.07
Area123 (08) troll 168 1394,,Spring_Cr_col,5030,0.53,Big_Cr_H_Col,5030,0.13,Abernathy_Cr_Fa,5008,0.11,Abernathy_NFH_F,5008,0.10,Elochoman_H,5030,0.09
Area123 (08) troll 168 1395,,George_Adams_H,5005,0.24,Samish_H,5016,0.19,Soos_H,5020,0.11,NF_Nooksack_H,5016,0.10,Clear_Cr_H,5020,0.09
Area123 (08) troll 168 1396,,Harrison,3,0.45,Cowlitz_H_fa,5008,0.17,Clear_Cr_H,5020,0.11,NF_Skokomish_F,5005,0.05,Chilliwack_F,3,0.04
Area123 (08) troll 168 1397,,Harrison,3,0.80,Chilliwack_F,3,0.18,Samish_H,5016,0.01,Chilliwac@Stav,3,0.01,L_Skagit_R_Fa,5016,0.00
Area123 (08) troll 168 1398,,Hanford_Reach,5026,0.61,Priest_Rapid_H,5026,0.17,L_Wh_Sal_H_SF,5026,0.08,Nez_PerceT_H,5021,0.05,Wells_H,5026,0.05
Area123 (08) troll 168 1399,,Harrison,3,0.49,Chilliwac@Stav,3,0.43,Chilliwack_F,3,0.07,Umpqua_H,5011,0.00,Abernathy_Cr_Fa,5008,0.00
Area123 (08) troll 168 1400,,Washougal_R_Fa,5008,0.67,Cowlitz_H_fa,5008,0.16,Lewis_R_LSu,5008,0.07,Lewis_R_Su,5008,0.07,Abernathy_Cr_Fa,5008,0.02
Area123 (08) troll 168 1401,,Chilliwack_F,3,0.61,Harrison,3,0.36,Chilliwac@Stav,3,0.02,,,,,,
Area123 (08) troll 168 1402,,Spring_Cr_col,5030,0.97,Abernathy_NFH_F,5008,0.02,Big_Cr_H_Col,5030,0.00,Elochoman_H,5030,0.00,,,
Area123 (08) troll 168 1403,,Harrison,3,0.83,Chilliwack_F,3,0.10,L_Skagit_R_Fa,5016,0.03,NF_Skokomish_F,5005,0.02,Skagit_R,5016,0.01
Area123 (08) troll 168 1404,,Hanford_Reach,5026,0.81,L_Wh_Sal_H_SF,5026,0.07,Nez_PerceT_H,5021,0.05,Priest_Rapid_H,5026,0.02,Wenatchee_R_SF,5026,0.02
Area123 (08) troll 168 1405,,Harrison,3,0.96,Chilliwack_F,3,0.04,South_Thom,5,0.01,Chilliwac@Stav,3,0.00,Little_R,5,0.00
Area123 (08) troll 168 1406,,Wenatchee_R_SF,5026,0.71,Wells_H,5026,0.24,Priest_Rapid_H,5026,0.02,Methow_R,5026,0.02,Hanford_Reach,5026,0.01
Area123 (08) troll 168 1407,,Samish_H,5016,0.44,Clear_Cr_H,5020,0.28,Soos_H,5020,0.20,L_Skagit_R_Fa,5016,0.03,S_Prairie_Cr,5020,0.02
Area123 (08) troll 168 1408,,Harrison,3,1.00,Chilliwack_F,3,0.00,Chilliwac@Stav,3,0.00,,,,,,
Area123 (08) troll 168 1409,,Chilliwack_F,3,0.98,Harrison,3,0.02,U_Deschutes_R,5004,0.00,ClearwaterRFa,5021,0.00,Washougal_R_Fa,5008,0.00
Area123 (08) troll 168 1410,,Harrison,3,0.92,Chilliwac@Stav,3,0.06,Chilliwack_F,3,0.02,U_Sauk_R_SpSu,5016,0.00,Skagit_R,5016,0.00
Area123 (08) troll 168 1411,,Harrison,3,0.93,Chilliwack_F,3,0.07,,,,,,,,,
Area123 (08) troll 168 1412,,Chilliwack_F,3,0.52,Harrison,3,0.41,Chilliwac@Stav,3,0.04,L_Skagit_R_Fa,5016,0.02,Bear_Cr_SuFa,5020,0.00
Area123 (08) troll 168 1413,,Priest_Rapid_H,5026,0.39,Wenatchee_R_SF,5026,0.35,Hanford_Reach,5026,0.16,Lyons_Ferry_H,5021,0.05,Umatilla_H_Fa,5026,0.01
Area123 (08) troll 168 1414,,Abernathy_NFH_F,5008,0.35,Spring_Cr_col,5030,0.20,Abernathy_Cr_Fa,5008,0.15,Washougal_R_Fa,5008,0.09,Elochoman_H,5030,0.07
Area123 (08) troll 168 1415,,Abernathy_NFH_F,5008,0.71,Spring_Cr_col,5030,0.24,Big_Cr_H_Col,5030,0.04,Abernathy_Cr_Fa,5008,0.00,Elochoman_H,5030,0.00
Area123 (08) troll 168 1416,,Spring_Cr_col,5030,0.79,Big_Cr_H_Col,5030,0.19,Abernathy_Cr_Fa,5008,0.01,Abernathy_NFH_F,5008,0.01,Cowlitz_H_fa,5008,0.00
Area123 (08) troll 168 1417,,Skagit_R,5016,0.62,L_Skagit_R_Fa,5016,0.11,Hamma_Hamma_R,5005,0.07,NF_Skokomish_F,5005,0.02,N_Santiam_H,5029,0.02
Area123 (08) troll 168 1418,,Chilliwack_F,3,0.70,Harrison,3,0.27,Chilliwac@Stav,3,0.03,S_Prairie_Cr,5020,0.00,Snoqualmie_R,5016,0.00
Area123 (08) troll 168 1419,,Harrison,3,0.54,Chilliwack_F,3,0.33,Chilliwac@Stav,3,0.13,Clear_Cr_H,5020,0.00,,,
Area123 (08) troll 168 1420,,Harrison,3,0.99,Chilliwack_F,3,0.01,Chilliwac@Stav,3,0.00,,,,,,
Area123 (08) troll 168 1421,,Harrison,3,0.97,Chilliwac@Stav,3,0.03,Chilliwack_F,3,0.00,L_Skagit_R_Fa,5016,0.00,U_Nahlin_R,5025,0.00
Area123 (08) troll 168 1422,,Harrison,3,0.96,Skagit_R,5016,0.03,Chilliwack_F,3,0.00,ClearwaterRFa,5021,0.00,Marblemount_Hsu,5016,0.00
Area123 (08) troll 168 1423,,Harrison,3,0.95,Chilliwack_F,3,0.04,Chilliwac@Stav,3,0.02,,,,,,
Area123 (08) troll 168 1424,,Harrison,3,0.53,Chilliwack_F,3,0.42,Chilliwac@Stav,3,0.06,Skagit_R,5016,0.00,,,
Area123 (08) troll 168 1425,Number of missing Loci exceeded,,,,,,,,,,,,,,,
Area123 (08) troll 168 1426,,Washougal_R_Fa,5008,0.26,Hanford_Reach,5026,0.24,Priest_Rapid_H,5026,0.20,ClearwaterRFa,5021,0.16,Wenatchee_R_SF,5026,0.08
Area123 (08) troll 168 1427,Number of missing Loci exceeded,,,,,,,,,,,,,,,
Area123 (08) troll 168 1428,,Spring_Cr_col,5030,0.52,Abernathy_NFH_F,5008,0.23,Washougal_R_Fa,5008,0.08,Green_R_Fa,5008,0.06,Elochoman_H,5030,0.03
Area123 (08) troll 168 1429,,Harrison,3,0.56,Chilliwack_F,3,0.39,Chilliwac@Stav,3,0.05,U_Sauk_R_SpSu,5016,0.00,Skagit_R,5016,0.00
Area123 (08) troll 168 421,,George_Adams_H,5005,0.27,Clear_Cr_H,5020,0.21,S_Prairie_Cr,5020,0.20,Samish_H,5016,0.13,Hamma_Hamma_R,5005,0.11
Area123 (08) troll 168 422,,Spring_Cr_col,5030,0.99,Abernathy_NFH_F,5008,0.00,Big_Cr_H_Col,5030,0.00,Elochoman_H,5030,0.00,,,
Area123 (08) troll 168 423,,ClearwaterRFa,5021,0.50,Abernathy_Cr_Fa,5008,0.11,Priest_Rapid_H,5026,0.08,Hanford_Reach,5026,0.07,Marblemount_Hsu,5016,0.06
Area123 (08) troll 168 424,,Samish_H,5016,0.51,NF_Skokomish_F,5005,0.27,L_Skagit_R_Fa,5016,0.08,Soos_H,5020,0.07,George_Adams_H,5005,0.02
Area123 (08) troll 168 425,Dupe with 324,Spring_Cr_col,5030,0.94,Big_Cr_H_Col,5030,0.04,Abernathy_NFH_F,5008,0.02,Abernathy_Cr_Fa,5008,0.00,,,
Area123 (08) troll 168 426,,Chilliwack_F,3,0.89,Harrison,3,0.11,Chilliwac@Stav,3,0.00,,,,,,
Area123 (08) troll 168 427,,Chilliwack_F,3,0.93,Harrison,3,0.07,Chilliwac@Stav,3,0.01,NanaimoSu_BackX,7,0.00,,,
Area123 (08) troll 168 428,,Hanford_Reach,5026,0.88,Spring_Cr_col,5030,0.06,Priest_Rapids_H,5026,0.04,Priest_Rapid_H,5026,0.01,Umatilla_H_Fa,5026,0.00
Area123 (08) troll 168 429,,Harrison,3,0.78,Chilliwack_F,3,0.21,Chilliwac@Stav,3,0.01,Skagit_R,5016,0.00,ClearwaterRFa,5021,0.00
Area123 (08) troll 168 430,,Chilliwack_F,3,0.83,Harrison,3,0.16,Chilliwac@Stav,3,0.00,N_Thom@Main,4,0.00,South_Thom,5,0.00
Area123 (08) troll 168 431,,Harrison,3,0.95,Chilliwack_F,3,0.05,Chilliwac@Stav,3,0.01,South_Thom,5,0.00,,,
Area123 (08) troll 168 432,,Soos_H,5020,0.75,S_Prairie_Cr,5020,0.11,Samish_H,5016,0.08,Clear_Cr_H,5020,0.04,NF_Skokomish_F,5005,0.01
Area123 (08) troll 168 433,,Chilliwac@Stav,3,0.83,Harrison,3,0.17,Chilliwack_F,3,0.00,George_Adams_H,5005,0.00,Hamma_Hamma_R,5005,0.00
Area123 (08) troll 168 434,,Spring_Cr_col,5030,0.87,Abernathy_NFH_F,5008,0.13,Elochoman_H,5030,0.00,,,,,,
Area123 (08) troll 168 435,,Spring_Cr_col,5030,0.97,Abernathy_NFH_F,5008,0.03,Big_Cr_H_Col,5030,0.00,,,,,,
Area123 (08) troll 168 436,,Spring_Cr_col,5030,0.98,Big_Cr_H_Col,5030,0.02,Abernathy_Cr_Fa,5008,0.00,Washougal_R_Fa,5008,0.00,Abernathy_NFH_F,5008,0.00
Area123 (08) troll 168 437,,Samish_H,5016,0.61,George_Adams_H,5005,0.19,S_Prairie_Cr,5020,0.10,Clear_Cr_H,5020,0.03,Cedar_R_SuFa,5020,0.02
Area123 (08) troll 168 438,,Soos_H,5020,0.43,George_Adams_H,5005,0.18,S_Prairie_Cr,5020,0.16,NF_Skokomish_F,5005,0.06,Clear_Cr_H,5020,0.06
Area123 (08) troll 168 439,,Hanford_Reach,5026,0.50,Wells_H,5026,0.15,U_Deschutes_R,5004,0.13,Priest_Rapid_H,5026,0.12,Wenatchee_R_SF,5026,0.06
Area123 (08) troll 168 440,,George_Adams_H,5005,0.42,Clear_Cr_H,5020,0.30,Soos_H,5020,0.13,S_Prairie_Cr,5020,0.11,Cedar_R_SuFa,5020,0.02
Area123 (08) troll 168 441,,Soos_H,5020,0.45,Hamma_Hamma_R,5005,0.21,S_Prairie_Cr,5020,0.10,Clear_Cr_H,5020,0.09,Grovers_Cr_H,5020,0.05
Area123 (08) troll 168 442,Dupe with 340,Spring_Cr_col,5030,0.76,Elochoman_H,5030,0.18,Washougal_R_Fa,5008,0.03,Abernathy_Cr_Fa,5008,0.02,Abernathy_NFH_F,5008,0.00
Area123 (08) troll 168 443,,S_Prairie_Cr,5020,0.33,George_Adams_H,5005,0.26,Soos_H,5020,0.22,Clear_Cr_H,5020,0.09,NF_Skokomish_F,5005,0.04
Area123 (08) troll 168 444,,NF_Nooksack_H,5016,1.00,,,,,,,,,,,,
Area123 (08) troll 168 445,,Spring_Cr_col,5030,1.00,Cowlitz_H_fa,5008,0.00,Abernathy_NFH_F,5008,0.00,Elochoman_H,5030,0.00,Cowlitz_H_sp,5009,0.00
Area123 (08) troll 168 446,,Cowichan,7,0.98,Puntledge_F,7,0.01,Big_Qualicum,7,0.00,L_Skagit_R_Fa,5016,0.00,George_Adams_H,5005,0.00
Area123 (08) troll 168 447,,Spring_Cr_col,5030,1.00,Abernathy_NFH_F,5008,0.00,Elochoman_H,5030,0.00,Abernathy_Cr_Fa,5008,0.00,,,
Area123 (08) troll 168 448,,Spring_Cr_col,5030,0.56,Abernathy_NFH_F,5008,0.40,Big_Cr_H_Col,5030,0.03,Cowlitz_H_fa,5008,0.00,Washougal_R_Fa,5008,0.00
Area123 (08) troll 168 449,,NF_Skokomish_F,5005,0.70,George_Adams_H,5005,0.18,Hamma_Hamma_R,5005,0.06,L_Skagit_R_Fa,5016,0.03,Clear_Cr_H,5020,0.01
Area123 (08) troll 168 450,,Spring_Cr_col,5030,0.91,Abernathy_NFH_F,5008,0.06,Big_Cr_H_Col,5030,0.02,Abernathy_Cr_Fa,5008,0.01,Elochoman_H,5030,0.00
Area123 (08) troll 168 451,,Spring_Cr_col,5030,1.00,Abernathy_NFH_F,5008,0.00,,,,,,,,,
Area123 (08) troll 168 452,,George_Adams_H,5005,0.64,S_Prairie_Cr,5020,0.09,Samish_H,5016,0.08,Hamma_Hamma_R,5005,0.07,Soos_H,5020,0.04
Area123 (08) troll 168 453,,Chilliwack_F,3,0.61,Harrison,3,0.30,Chilliwac@Stav,3,0.09,L_Skagit_R_Fa,5016,0.00,U_Sauk_R_SpSu,5016,0.00
Area123 (08) troll 168 454,,Samish_H,5016,0.69,S_Prairie_Cr,5020,0.10,Skagit_R,5016,0.05,U_Sauk_R_SpSu,5016,0.04,Marblemount_Hsu,5016,0.02
Area123 (08) troll 168 455,,Spring_Cr_col,5030,0.99,Abernathy_NFH_F,5008,0.01,Big_Cr_H_Col,5030,0.00,Elochoman_H,5030,0.00,Cowlitz_H_fa,5008,0.00
Area123 (08) troll 168 456,,Spring_Cr_col,5030,0.68,Abernathy_NFH_F,5008,0.31,Elochoman_H,5030,0.01,Cowlitz_H_fa,5008,0.00,Big_Cr_H_Col,5030,0.00
Area123 (08) troll 168 457,,Spring_Cr_col,5030,0.94,Abernathy_NFH_F,5008,0.05,Elochoman_H,5030,0.00,Big_Cr_H_Col,5030,0.00,Abernathy_Cr_Fa,5008,0.00
Area123 (08) troll 168 458,,Spring_Cr_col,5030,0.98,Abernathy_NFH_F,5008,0.02,Big_Cr_H_Col,5030,0.00,,,,,,
Area123 (08) troll 168 459,,Hamma_Hamma_R,5005,0.49,NF_Skokomish_F,5005,0.27,Clear_Cr_H,5020,0.19,George_Adams_H,5005,0.03,Soos_H,5020,0.01
Area123 (08) troll 168 460,,George_Adams_H,5005,0.22,Samish_H,5016,0.21,Soos_H,5020,0.21,NF_Skokomish_F,5005,0.10,Clear_Cr_H,5020,0.08
Area123 (08) troll 168 461,,Abernathy_NFH_F,5008,0.50,Spring_Cr_col,5030,0.37,Elochoman_H,5030,0.06,Cowlitz_H_fa,5008,0.05,Big_Cr_H_Col,5030,0.01
Area123 (08) troll 168 462,,Nez_PerceT_H,5021,0.45,Hanford_Reach,5026,0.36,Priest_Rapid_H,5026,0.08,Marion_Drain_Fa,5026,0.06,ClearwaterRFa,5021,0.02
Area123 (08) troll 168 463,,S_Prairie_Cr,5020,0.53,L_Skagit_R_Fa,5016,0.22,Soos_H,5020,0.07,Skagit_R,5016,0.06,Clear_Cr_H,5020,0.04
Area123 (08) troll 168 464,,NF_Skokomish_F,5005,0.34,George_Adams_H,5005,0.24,Samish_H,5016,0.23,Hamma_Hamma_R,5005,0.08,Soos_H,5020,0.04
Area123 (08) troll 168 465,,S_Prairie_Cr,5020,0.77,Clear_Cr_H,5020,0.10,Soos_H,5020,0.07,Samish_H,5016,0.02,White_H,5020,0.01
Area123 (08) troll 168 466,,Samish_H,5016,0.92,Hamma_Hamma_R,5005,0.03,George_Adams_H,5005,0.02,L_Skagit_R_Fa,5016,0.01,Soos_H,5020,0.01
Area123 (08) troll 168 467,,Lyons_Ferry_H,5021,0.83,Hanford_Reach,5026,0.06,Marion_Drain_Fa,5026,0.05,Priest_Rapid_H,5026,0.03,ClearwaterRFa,5021,0.03
Area123 (08) troll 168 468,,Spring_Cr_col,5030,0.87,Abernathy_NFH_F,5008,0.09,Elochoman_H,5030,0.02,Big_Cr_H_Col,5030,0.01,Abernathy_Cr_Fa,5008,0.00
Area123 (08) troll 168 469,,Spring_Cr_col,5030,0.63,Abernathy_NFH_F,5008,0.14,Elochoman_H,5030,0.11,Abernathy_Cr_Fa,5008,0.09,Big_Cr_H_Col,5030,0.01
Area123 (08) troll 168 470,,NF_Nooksack_H,5016,1.00,,,,,,,,,,,,
Area123 (08) troll 168 471,,Priest_Rapid_H,5026,0.66,Hanford_Reach,5026,0.16,Umatilla_H_Fa,5026,0.11,L_Wh_Sal_H_SF,5026,0.06,ClearwaterRFa,5021,0.01
Area123 (08) troll 168 472,,George_Adams_H,5005,0.64,NF_Skokomish_F,5005,0.19,Samish_H,5016,0.11,Clear_Cr_H,5020,0.04,Soos_H,5020,0.02
Area123 (08) troll 168 473,,Skagit_R,5016,0.52,U_Sauk_R_SpSu,5016,0.36,NF_Skokomish_F,5005,0.08,L_Skagit_R_Fa,5016,0.03,Marblemount_HSp,5016,0.01
Area123 (08) troll 168 474,,NF_Nooksack_H,5016,1.00,Skagit_R,5016,0.00,,,,,,,,,
Area123 (08) troll 168 475,,George_Adams_H,5005,0.36,Clear_Cr_H,5020,0.29,Hamma_Hamma_R,5005,0.26,L_Skagit_R_Fa,5016,0.06,NF_Skokomish_F,5005,0.01
Area123 (08) troll 168 476,,Chilliwack_F,3,0.78,Harrison,3,0.16,Chilliwac@Stav,3,0.06,U_Sauk_R_SpSu,5016,0.00,Cowichan,7,0.00
Area123 (08) troll 168 477,,Priest_Rapid_H,5026,0.71,Umatilla_H_Fa,5026,0.12,Umpqua_H,5011,0.11,Hanford_Reach,5026,0.02,Lyons_Ferry_H,5021,0.02
Area123 (08) troll 168 478,,Spring_Cr_col,5030,0.83,Abernathy_NFH_F,5008,0.08,Elochoman_H,5030,0.06,Abernathy_Cr_Fa,5008,0.01,Big_Cr_H_Col,5030,0.01
Area123 (08) troll 168 479,,Chilliwack_F,3,1.00,Harrison,3,0.00,,,,,,,,,
Area123 (08) troll 168 480,,S_Prairie_Cr,5020,0.31,Soos_H,5020,0.22,L_Skagit_R_Fa,5016,0.20,Clear_Cr_H,5020,0.11,NF_Skokomish_F,5005,0.06
Area123 (08) troll 168 481,,Harrison,3,1.00,Chilliwack_F,3,0.00,Chilliwac@Stav,3,0.00,,,,,,
Area123 (08) troll 168 482,,Washougal_R_Fa,5008,0.55,Cowlitz_H_fa,5008,0.15,Umpqua_H,5011,0.14,Lewis_R_Su,5008,0.10,Abernathy_Cr_Fa,5008,0.04
Area123 (08) troll 168 483,,Harrison,3,0.91,Chilliwack_F,3,0.08,Chilliwac@Stav,3,0.01,George_Adams_H,5005,0.00,Skagit_R,5016,0.00
Area123 (08) troll 168 484,,Chilliwack_F,3,1.00,Harrison,3,0.00,Chilliwac@Stav,3,0.00,,,,,,
Area123 (08) troll 168 485,,Harrison,3,0.95,Chilliwack_F,3,0.05,Chilliwac@Stav,3,0.00,Skagit_R,5016,0.00,,,
Area123 (08) troll 168 486,,Harrison,3,0.93,Chilliwac@Stav,3,0.06,Samish_H,5016,0.00,Chilliwack_F,3,0.00,Hamma_Hamma_R,5005,0.00
Area123 (08) troll 168 487,,Spring_Cr_col,5030,0.93,Elochoman_H,5030,0.03,Abernathy_NFH_F,5008,0.03,Big_Cr_H_Col,5030,0.01,Abernathy_Cr_Fa,5008,0.00
Area123 (08) troll 168 488,,Harrison,3,0.77,Chilliwack_F,3,0.22,L_Skagit_R_Fa,5016,0.00,Capilano,9,0.00,Chilliwac@Stav,3,0.00
Area123 (08) troll 168 489,,Harrison,3,1.00,Chilliwac@Stav,3,0.00,L_Skagit_R_Fa,5016,0.00,Snoqualmie_R,5016,0.00,George_Adams_H,5005,0.00
Area123 (08) troll 168 490,,Abernathy_NFH_F,5008,0.51,Spring_Cr_col,5030,0.48,Elochoman_H,5030,0.01,Big_Cr_H_Col,5030,0.00,Cowlitz_H_fa,5008,0.00
Area123 (08) troll 168 491,,George_Adams_H,5005,0.39,NF_Skokomish_F,5005,0.16,Clear_Cr_H,5020,0.12,S_Prairie_Cr,5020,0.10,Samish_H,5016,0.10
Area123 (08) troll 168 492,Number of missing Loci exceeded,,,,,,,,,,,,,,,
Area123 (08) troll 168 493,,Harrison,3,0.97,Chilliwack_F,3,0.02,Chilliwac@Stav,3,0.01,N_Thom@Main,4,0.00,,,
Area123 (08) troll 168 494,Number of missing Loci exceeded,,,,,,,,,,,,,,,
Area123 (08) troll 168 495,,Harrison,3,0.93,Chilliwack_F,3,0.06,Chilliwac@Stav,3,0.00,,,,,,
Area123 (08) troll 168 496,,Chilliwack_F,3,0.60,Chilliwac@Stav,3,0.23,Harrison,3,0.16,Capilano,9,0.00,Cowichan,7,0.00
Area123 (08) troll 168 497,,George_Adams_H,5005,0.93,NF_Skokomish_F,5005,0.02,Hamma_Hamma_R,5005,0.02,Soos_H,5020,0.01,S_Prairie_Cr,5020,0.01
Area123 (08) troll 168 498,Number of missing Loci exceeded,,,,,,,,,,,,,,,
Area123 (08) troll 168 499,Number of missing Loci exceeded,,,,,,,,,,,,,,,
Area123 (08) troll 168 500,,Samish_H,5016,0.81,Soos_H,5020,0.05,Clear_Cr_H,5020,0.04,L_Skagit_R_Fa,5016,0.03,NF_Skokomish_F,5005,0.02
Area123 (08) troll 168 501,,Chilliwack_F,3,0.77,Chilliwac@Stav,3,0.12,Harrison,3,0.10,L_Skagit_R_Fa,5016,0.00,N_Thom@Main,4,0.00
Area123 (08) troll 168 502,,Chilliwack_F,3,0.82,Harrison,3,0.16,Chilliwac@Stav,3,0.01,,,,,,
Area123 (08) troll 168 503,,Lemieux_Cr,4,0.73,N_Thom@Main,4,0.20,Harrison,3,0.03,South_Thom,5,0.02,Wenatchee_R_sp,5010,0.01
Area123 (08) troll 168 504,,Harrison,3,0.41,Chilliwack_F,3,0.15,Samish_H,5016,0.07,Lyons_Ferry_H,5021,0.05,Chilliwac@Stav,3,0.05
Area123 (08) troll 168 505,,Abernathy_NFH_F,5008,0.70,Spring_Cr_col,5030,0.16,Big_Cr_H_Col,5030,0.06,Washougal_R_Fa,5008,0.04,Abernathy_Cr_Fa,5008,0.02
Area123 (08) troll 168 506,,NF_Nooksack_H,5016,0.76,Harrison,3,0.09,Hanford_Reach,5026,0.05,Priest_Rapid_H,5026,0.04,South_Thom,5,0.02
Area123 (08) troll 168 507,,Lewis_R_LSu,5008,0.36,Lewis_R_f,5008,0.25,Cowlitz_H_fa,5008,0.18,Lewis_R_Su,5008,0.10,Abernathy_NFH_F,5008,0.04
Area123 (08) troll 168 508,,Cowlitz_H_fa,5008,0.80,U_Deschutes_R,5004,0.10,Spring_Cr_col,5030,0.07,Abernathy_NFH_F,5008,0.01,Abernathy_Cr_Fa,5008,0.01
Area123 (08) troll 168 509,,George_Adams_H,5005,0.30,Hamma_Hamma_R,5005,0.19,Clear_Cr_H,5020,0.15,Soos_H,5020,0.14,NF_Skokomish_F,5005,0.11
Area123 (08) troll 168 510,,Chilliwack_F,3,0.55,Harrison,3,0.35,Chilliwac@Stav,3,0.10,Umpqua_H,5011,0.00,L_Skagit_R_Fa,5016,0.00
Area123 (08) troll 168 511,,Harrison,3,0.95,Chilliwac@Stav,3,0.05,Chilliwack_F,3,0.00,Skagit_R,5016,0.00,,,
Area123 (08) troll 168 512,,Chilliwack_F,3,0.66,Harrison,3,0.23,Chilliwac@Stav,3,0.11,,,,,,
Area123 (08) troll 168 513,,Harrison,3,0.32,Chilliwack_F,3,0.29,Chilliwac@Stav,3,0.23,L_Skagit_R_Fa,5016,0.04,Nahlin_R_U,5025,0.03
Area123 (08) troll 168 514,,George_Adams_H,5005,0.78,Clear_Cr_H,5020,0.10,S_Prairie_Cr,5020,0.07,Soos_H,5020,0.02,Hamma_Hamma_R,5005,0.02
Area123 (08) troll 168 515,Number of missing Loci exceeded,,,,,,,,,,,,,,,
Area123 (08) troll 168 516,Number of missing Loci exceeded,,,,,,,,,,,,,,,
Area123 (08) troll 168 517,Number of missing Loci exceeded,,,,,,,,,,,,,,,
Area123 (08) troll 168 518,Number of missing Loci exceeded,,,,,,,,,,,,,,,
Area123 (08) troll 168 519,,Chilliwack_F,3,0.92,Harrison,3,0.08,Chilliwac@Stav,3,0.00,,,,,,
Area123 (08) troll 168 520,,Harrison,3,0.80,Marblemount_HSp,5016,0.16,George_Adams_H,5005,0.02,Chilliwack_F,3,0.01,Skykomish_R,5016,0.00
Area123 (08) troll 168 521,,Spring_Cr_col,5030,1.00,Big_Cr_H_Col,5030,0.00,Abernathy_NFH_F,5008,0.00,,,,,,
Area123 (08) troll 168 522,,Chilliwack_F,3,0.54,Harrison,3,0.45,Chilliwac@Stav,3,0.01,Hamma_Hamma_R,5005,0.00,,,
Area123 (08) troll 168 523,,Harrison,3,0.64,Chilliwack_F,3,0.35,L_Skagit_R_Fa,5016,0.00,Soos_H,5020,0.00,Chilliwac@Stav,3,0.00
Area123 (08) troll 168 524,,Harrison,3,0.65,Chilliwack_F,3,0.32,Chilliwac@Stav,3,0.03,,,,,,
Area123 (08) troll 168 525,,Chilliwack_F,3,0.82,Harrison,3,0.18,Samish_H,5016,0.00,Chilliwac@Stav,3,0.00,George_Adams_H,5005,0.00
Area123 (08) troll 168 526,,Harrison,3,0.93,Chilliwack_F,3,0.05,Chilliwac@Stav,3,0.01,ClearwaterRFa,5021,0.00,Lyons_Ferry_H,5021,0.00
Area123 (08) troll 168 527,Number of missing Loci exceeded,,,,,,,,,,,,,,,
Area123 (08) troll 168 528,,Chilliwack_F,3,0.77,Harrison,3,0.21,Chilliwac@Stav,3,0.02,L_Skagit_R_Fa,5016,0.00,Christina,18,0.00
Area123 (08) troll 168 529,,Chilliwack_F,3,0.58,Harrison,3,0.42,Chilliwac@Stav,3,0.00,,,,,,
Area123 (08) troll 168 530,,L_Skagit_R_Fa,5016,0.47,Abernathy_Cr_Fa,5008,0.19,Snoqualmie_R,5016,0.08,Harrison,3,0.06,Hamma_Hamma_R,5005,0.05
Area123 (08) troll 168 531,,Harrison,3,0.48,ClearwaterRFa,5021,0.36,Chilliwack_F,3,0.07,Chilliwac@Stav,3,0.06,Hanford_Reach,5026,0.01
Area123 (08) troll 168 532,Number of missing Loci exceeded,,,,,,,,,,,,,,,
Area123 (08) troll 168 533,,Hanford_Reach,5026,0.46,Lyons_Ferry_H,5021,0.39,Nez_PerceT_H,5021,0.04,Umatilla_H_Fa,5026,0.03,Marion_Drain_Fa,5026,0.03
Area123 (08) troll 168 534,,Chilliwack_F,3,0.98,Harrison,3,0.02,,,,,,,,,
Area123 (08) troll 168 535,Number of missing Loci exceeded,,,,,,,,,,,,,,,
Area123 (08) troll 168 536,,Harrison,3,0.61,Chilliwack_F,3,0.34,Chilliwac@Stav,3,0.05,Soos_H,5020,0.00,L_Skagit_R_Fa,5016,0.00
Area123 (08) troll 168 537,,Harrison,3,0.72,Chilliwack_F,3,0.17,Chilliwac@Stav,3,0.06,Samish_H,5016,0.03,L_Skagit_R_Fa,5016,0.01
Area123 (08) troll 168 538,,South_Thom,5,0.98,L_Thompson,5,0.01,Harrison,3,0.00,Queets_R,5028,0.00,Lyons_Ferry_H,5021,0.00
Area123 (08) troll 168 539,,Lemieux_Cr,4,0.75,N_Thom@Main,4,0.23,Barriere,4,0.02,Stuart,2,0.00,Horsefly,2,0.00
Area123 (08) troll 168 540,,ClearwaterRFa,5021,0.72,Nehalem_R,5015,0.25,Lyons_Ferry_H,5021,0.01,Hanford_Reach,5026,0.01,Marion_Drain_Fa,5026,0.00
Area123 (08) troll 168 541,,Chilliwack_F,3,0.95,Harrison,3,0.05,Chilliwac@Stav,3,0.00,L_Skagit_R_Fa,5016,0.00,Skagit_R,5016,0.00
Area123 (08) troll 168 542,,Harrison,3,0.86,Chilliwack_F,3,0.13,Capilano,9,0.01,Clear_Cr_H,5020,0.00,NanaimoSu_BackX,7,0.00
Area123 (08) troll 168 543,,Harrison,3,0.53,Chilliwack_F,3,0.30,Skagit_R,5016,0.14,Marblemount_Hsu,5016,0.01,U_Sauk_R_SpSu,5016,0.01
Area123 (08) troll 168 544,,Harrison,3,0.99,Chilliwack_F,3,0.01,Chilliwac@Stav,3,0.00,Skagit_R,5016,0.00,,,
Area123 (08) troll 168 545,,Washougal_R_Fa,5008,0.88,Green_R_Fa,5008,0.11,Elochoman_H,5030,0.00,Abernathy_Cr_Fa,5008,0.00,Lewis_R_Su,5008,0.00
Area123 (08) troll 168 546,,Chilliwack_F,3,0.63,Harrison,3,0.35,Chilliwac@Stav,3,0.02,,,,,,
Area123 (08) troll 168 547,,Spring_Cr_col,5030,0.84,Abernathy_NFH_F,5008,0.12,Big_Cr_H_Col,5030,0.03,Green_R_Fa,5008,0.01,Elochoman_H,5030,0.00
Area123 (08) troll 168 548,,Harrison,3,0.69,Chilliwac@Stav,3,0.13,Chilliwack_F,3,0.09,Priest_Rapid_H,5026,0.05,N_Thom@Main,4,0.02
Area123 (08) troll 168 549,,Harrison,3,0.71,Chilliwack_F,3,0.28,Chilliwac@Stav,3,0.01,,,,,,
Area123 (08) troll 168 550,,Harrison,3,0.87,Chilliwack_F,3,0.13,Chilliwac@Stav,3,0.00,,,,,,
Area123 (08) troll 168 551,,Soos_H,5020,0.34,Clear_Cr_H,5020,0.16,S_Prairie_Cr,5020,0.11,NF_Skokomish_F,5005,0.11,George_Adams_H,5005,0.11
Area123 (08) troll 168 552,,Harrison,3,0.89,Chilliwack_F,3,0.09,Chilliwac@Stav,3,0.02,,,,,,
Area123 (08) troll 168 553,,Harrison,3,0.85,Chilliwack_F,3,0.08,Chilliwac@Stav,3,0.07,L_Skagit_R_Fa,5016,0.00,Capilano,9,0.00
Area123 (08) troll 168 554,,Washougal_R_Fa,5008,0.43,Lewis_R_LSu,5008,0.27,Cowlitz_H_fa,5008,0.19,Abernathy_Cr_Fa,5008,0.04,Hanford_Reach,5026,0.04
Area123 (08) troll 168 555,,Harrison,3,0.86,Chilliwac@Stav,3,0.09,Chilliwack_F,3,0.04,Skagit_R,5016,0.01,,,
Area123 (08) troll 168 556,,Slim_C,1,0.83,James,1,0.14,Bowron,1,0.02,Indianpoint,1,0.01,Morkill,1,0.00
Area123 (08) troll 168 557,,S_Prairie_Cr,5020,0.25,George_Adams_H,5005,0.25,Samish_H,5016,0.18,Soos_H,5020,0.11,Clear_Cr_H,5020,0.04
Area123 (08) troll 168 558,,Chilliwack_F,3,0.90,Harrison,3,0.09,Wenatchee_R_SF,5026,0.01,Wells_H,5026,0.00,Chilliwac@Stav,3,0.00
Area123 (08) troll 168 559,,NF_Skokomish_F,5005,0.41,Clear_Cr_H,5020,0.40,Hamma_Hamma_R,5005,0.16,Soos_H,5020,0.02,George_Adams_H,5005,0.01
Area123 (08) troll 168 561,,Harrison,3,0.64,Priest_Rapid_H,5026,0.11,Chilliwac@Stav,3,0.11,Chilliwack_F,3,0.07,Hanford_Reach,5026,0.03
Area123 (08) troll 168 752,,Harrison,3,0.86,Chilliwack_F,3,0.06,Queets_R,5028,0.03,Chilliwac@Stav,3,0.02,Abernathy_NFH_F,5008,0.01
Area123 (08) troll 168 753,,Harrison,3,0.93,Chilliwac@Stav,3,0.06,Chilliwack_F,3,0.01,,,,,,
Area123 (08) troll 168 755,,Spring_Cr_col,5030,0.91,Abernathy_NFH_F,5008,0.08,Elochoman_H,5030,0.00,Big_Cr_H_Col,5030,0.00,,,
Area123 (08) troll 168 756,,Chilliwack_F,3,0.99,Harrison,3,0.01,Cowlitz_H_fa,5008,0.00,Lewis_R_Su,5008,0.00,NanaimoSu_BackX,7,0.00
Area123 (08) troll 168 757,,Chilliwack_F,3,0.80,Harrison,3,0.16,ClearwaterRFa,5021,0.01,Chilliwac@Stav,3,0.01,Priest_Rapid_H,5026,0.00
Area123 (08) troll 168 758,,Harrison,3,0.55,Chilliwack_F,3,0.43,L_Skagit_R_Fa,5016,0.01,South_Thom,5,0.00,Chilliwac@Stav,3,0.00
Area123 (08) troll 168 759,,Hanford_Reach,5026,0.76,Washougal_R_Fa,5008,0.09,Lyons_Ferry_H,5021,0.08,Nez_PerceT_H,5021,0.03,Priest_Rapid_H,5026,0.02
Area123 (08) troll 168 760,,Chilliwack_F,3,0.66,Harrison,3,0.33,Chilliwac@Stav,3,0.01,Soos_H,5020,0.00,Skagit_R,5016,0.00
Area123 (08) troll 168 761,Number of missing Loci exceeded,,,,,,,,,,,,,,,
Area123 (08) troll 168 762,,Cowichan,7,0.99,Puntledge_F,7,0.01,,,,,,,,,
Area123 (08) troll 215 812,,Chilliwack_F,3,0.94,Harrison,3,0.05,Chilliwac@Stav,3,0.00,NF_Nooksack_H,5016,0.00,,,
Area123 (08) troll 215 813,,Wenatchee_R_SF,5026,0.59,Wells_H,5026,0.23,Hanford_Reach,5026,0.05,Lyons_Ferry_H,5021,0.04,Priest_Rapid_H,5026,0.03
Area123 (08) troll 215 814,,Chilliwac@Stav,3,0.41,Samish_H,5016,0.30,Big_Qualicum,7,0.06,L_Skagit_R_Fa,5016,0.04,Soos_H,5020,0.04
Area123 (08) troll 215 815,,South_Thom,5,0.59,Harrison,3,0.18,ClearwaterRFa,5021,0.15,Hanford_Reach,5026,0.03,U_Sauk_R_SpSu,5016,0.02
Area123 (08) troll 215 816,,Harrison,3,0.94,Chilliwac@Stav,3,0.03,Chilliwack_F,3,0.03,,,,,,
Area123 (08) troll 215 817,,Chilliwac@Stav,3,0.55,Harrison,3,0.39,Chilliwack_F,3,0.06,Skagit_R,5016,0.00,Forks_Cr_H,5028,0.00
Area123 (08) troll 215 818,,Chilliwack_F,3,0.42,Chilliwac@Stav,3,0.32,Harrison,3,0.27,,,,,,
Area123 (08) troll 215 819,,Chilliwack_F,3,0.56,Harrison,3,0.35,Chilliwac@Stav,3,0.09,L_Skagit_R_Fa,5016,0.00,,,
Area123 (08) troll 215 820,,Abernathy_NFH_F,5008,0.78,Big_Cr_H_Col,5030,0.13,Spring_Cr_col,5030,0.05,Elochoman_H,5030,0.03,Abernathy_Cr_Fa,5008,0.00
Area123 (08) troll 215 821,,Washougal_R_Fa,5008,0.62,Green_R_Fa,5008,0.18,Abernathy_Cr_Fa,5008,0.04,Harrison,3,0.04,ClearwaterRFa,5021,0.04
Area123 (08) troll 215 822,,Spring_Cr_col,5030,0.99,Big_Cr_H_Col,5030,0.00,Elochoman_H,5030,0.00,Abernathy_NFH_F,5008,0.00,Washougal_R_Fa,5008,0.00
Area123 (08) troll 215 823,,Chilliwack_F,3,0.77,Harrison,3,0.23,Washougal_R_Fa,5008,0.00,Samish_H,5016,0.00,L_Skagit_R_Fa,5016,0.00
Area123 (08) troll 215 824,,Harrison,3,0.44,Chilliwac@Stav,3,0.41,Chilliwack_F,3,0.15,,,,,,
Area123 (08) troll 215 825,,NF_Skokomish_F,5005,0.56,George_Adams_H,5005,0.32,Clear_Cr_H,5020,0.07,Soos_H,5020,0.03,Hamma_Hamma_R,5005,0.01
Area123 (08) troll 215 826,,Skagit_R,5016,0.94,U_Sauk_R_SpSu,5016,0.05,Marblemount_HSp,5016,0.01,Marblemount_Hsu,5016,0.00,S_Prairie_Cr,5020,0.00
Area123 (08) troll 215 827,,Soos_H,5020,0.27,S_Prairie_Cr,5020,0.25,Samish_H,5016,0.12,Clear_Cr_H,5020,0.11,George_Adams_H,5005,0.10
Area123 (08) troll 215 828,,Spring_Cr_col,5030,0.83,Abernathy_NFH_F,5008,0.16,Big_Cr_H_Col,5030,0.01,Abernathy_Cr_Fa,5008,0.00,Elochoman_H,5030,0.00
Area123 (08) troll 215 829,,Skagit_R,5016,0.44,Harrison,3,0.25,L_Skagit_R_Fa,5016,0.24,U_Sauk_R_SpSu,5016,0.03,NanaimoSu_BackX,7,0.01
Area123 (08) troll 215 830,,Lyons_Ferry_H,5021,0.95,Hanford_Reach,5026,0.02,Marion_Drain_Fa,5026,0.01,Nez_PerceT_H,5021,0.00,ClearwaterRFa,5021,0.00
Area123 (08) troll 215 831,,Samish_H,5016,0.81,Clear_Cr_H,5020,0.10,George_Adams_H,5005,0.05,S_Prairie_Cr,5020,0.02,Soos_H,5020,0.02
Area123 (08) troll 215 832,,Chilliwack_F,3,0.58,Harrison,3,0.41,Chilliwac@Stav,3,0.00,,,,,,
Area123 (08) troll 215 833,,Samish_H,5016,0.81,NF_Skokomish_F,5005,0.08,George_Adams_H,5005,0.08,L_Skagit_R_Fa,5016,0.01,Clear_Cr_H,5020,0.01
Area123 (08) troll 215 834,,Harrison,3,0.96,Chilliwack_F,3,0.04,Chilliwac@Stav,3,0.00,,,,,,
Area123 (08) troll 215 835,,Harrison,3,0.67,Queets_R,5028,0.09,Chilliwac@Stav,3,0.05,Chilliwack_F,3,0.04,Skagit_R,5016,0.04
Area123 (08) troll 215 836,,NF_Skokomish_F,5005,0.34,George_Adams_H,5005,0.22,Soos_H,5020,0.19,Hamma_Hamma_R,5005,0.12,Samish_H,5016,0.10
Area123 (08) troll 215 837,,Chilliwack_F,3,0.88,Chilliwac@Stav,3,0.07,Harrison,3,0.05,,,,,,
Area123 (08) troll 215 838,,Skagit_R,5016,0.91,L_Skagit_R_Fa,5016,0.02,Wenatchee_R_SF,5026,0.02,Lyons_Ferry_H,5021,0.01,ClearwaterRFa,5021,0.01
Area123 (08) troll 215 839,,Hanford_Reach,5026,0.48,Lyons_Ferry_H,5021,0.36,Umatilla_H_Fa,5026,0.14,Priest_Rapid_H,5026,0.01,Samish_H,5016,0.00
Area123 (08) troll 215 840,,Skagit_R,5016,0.35,Priest_Rapid_H,5026,0.34,Harrison,3,0.10,Wenatchee_R_SF,5026,0.08,Umatilla_H_Fa,5026,0.07
Area123 (08) troll 215 841,,George_Adams_H,5005,0.76,NF_Skokomish_F,5005,0.20,Clear_Cr_H,5020,0.03,Samish_H,5016,0.00,Soos_H,5020,0.00
Area123 (08) troll 215 842,,Harrison,3,0.99,Chilliwack_F,3,0.01,NanaimoSu_BackX,7,0.00,Westroad,2,0.00,Nazko,2,0.00
Area123 (08) troll 215 843,,Harrison,3,0.79,Chilliwack_F,3,0.21,Chilliwac@Stav,3,0.00,,,,,,
Area123 (08) troll 215 844,,George_Adams_H,5005,0.65,NF_Skokomish_F,5005,0.23,Samish_H,5016,0.05,Hamma_Hamma_R,5005,0.05,L_Skagit_R_Fa,5016,0.01
Area123 (08) troll 215 845,,Harrison,3,0.81,Chilliwac@Stav,3,0.08,ClearwaterRFa,5021,0.05,Chilliwack_F,3,0.02,Cheakamus_Su,9,0.01
Area123 (08) troll 215 846,,Harrison,3,0.56,Chilliwack_F,3,0.27,Chilliwac@Stav,3,0.17,Barriere,4,0.00,N_Thom@Main,4,0.00
Area123 (08) troll 215 847,,Chilliwack_F,3,0.77,Harrison,3,0.22,Chilliwac@Stav,3,0.01,,,,,,
Area123 (08) troll 216 763,,Chilliwack_F,3,0.98,Chilliwac@Stav,3,0.01,Cowlitz_H_fa,5008,0.00,Lewis_R_f,5008,0.00,Harrison,3,0.00
Area123 (08) troll 216 848,,Harrison,3,0.95,Chilliwack_F,3,0.05,Skagit_R,5016,0.00,,,,,,
Area123 (08) troll 216 849,,Harrison,3,0.88,Chilliwack_F,3,0.12,Chilliwac@Stav,3,0.00,Snoqualmie_R,5016,0.00,,,
Area123 (08) troll 216 850,,Harrison,3,0.89,Chilliwack_F,3,0.11,Chilliwac@Stav,3,0.00,,,,,,
Area123 (08) troll 216 851,,Hanford_Reach,5026,0.60,Priest_Rapid_H,5026,0.38,Wells_H,5026,0.01,Umatilla_H_Fa,5026,0.00,Priest_Rapids_H,5026,0.00
Area123 (08) troll 216 852,,Harrison,3,0.66,Chilliwack_F,3,0.34,Chilliwac@Stav,3,0.00,Gitnadoix,23,0.00,ClearwaterRFa,5021,0.00
Area123 (08) troll 216 853,,Priest_Rapid_H,5026,0.56,Nez_PerceT_H,5021,0.21,Hanford_Reach,5026,0.14,Umatilla_H_Fa,5026,0.06,ClearwaterRFa,5021,0.02
Area123 (08) troll 216 854,,Harrison,3,0.73,Chilliwack_F,3,0.24,Skagit_R,5016,0.02,U_Sauk_R_SpSu,5016,0.01,L_Skagit_R_Fa,5016,0.00
Area123 (08) troll 216 855,,Harrison,3,0.93,Chilliwack_F,3,0.06,Skagit_R,5016,0.00,Chilliwac@Stav,3,0.00,U_Sauk_R_SpSu,5016,0.00
Area123 (08) troll 216 856,,N_Santiam_H,5029,0.66,McKenzie_H,5029,0.33,Priest_Rapid_H,5026,0.00,South_Thom,5,0.00,L_Skagit_R_Fa,5016,0.00
Area123 (08) troll 216 857,,Lewis_R_LSu,5008,0.63,Washougal_R_Fa,5008,0.31,Green_R_Fa,5008,0.04,Lewis_R_Su,5008,0.01,Cowlitz_H_fa,5008,0.00
Area123 (08) troll 216 858,,NF_Skokomish_F,5005,0.87,Samish_H,5016,0.08,Soos_H,5020,0.02,S_Prairie_Cr,5020,0.01,George_Adams_H,5005,0.01
Area123 (08) troll 216 859,,Lyons_Ferry_H,5021,0.60,Hanford_Reach,5026,0.24,Nez_PerceT_H,5021,0.09,Priest_Rapid_H,5026,0.05,Wenatchee_R_SF,5026,0.01
Area123 (08) troll 216 860,Dupe with 433,Chilliwac@Stav,3,1.00,Harrison,3,0.00,,,,,,,,,
Area123 (08) troll 216 861,,Chilliwack_F,3,0.73,Harrison,3,0.27,Chilliwac@Stav,3,0.00,,,,,,
Area123 (08) troll 216 862,,Harrison,3,0.98,Chilliwack_F,3,0.02,Chilliwac@Stav,3,0.00,,,,,,
Area123 (08) troll 216 863,,Harrison,3,0.99,Chilliwack_F,3,0.01,Chilliwac@Stav,3,0.00,,,,,,
Area123 (08) troll 216 864,Dupe with 429,Chilliwac@Stav,3,1.00,Harrison,3,0.00,,,,,,,,,
Area123 (08) troll 216 865,,Washougal_R_Fa,5008,0.69,Cowlitz_H_fa,5008,0.18,Spring_Cr_col,5030,0.03,Elochoman_H,5030,0.03,Abernathy_NFH_F,5008,0.03
Area123 (08) troll 216 866,,ClearwaterRFa,5021,0.83,Washougal_R_Fa,5008,0.06,Lewis_R_f,5008,0.04,Hanford_Reach,5026,0.03,Lewis_R_Su,5008,0.02
Area123 (08) troll 216 867,,Chilliwack_F,3,0.98,Clear_Cr_H,5020,0.01,Chilliwac@Stav,3,0.01,Harrison,3,0.00,Capilano,9,0.00
Area123 (08) troll 216 868,,Abernathy_NFH_F,5008,0.58,Elochoman_H,5030,0.17,Abernathy_Cr_Fa,5008,0.16,Washougal_R_Fa,5008,0.05,Cowlitz_H_fa,5008,0.02
Area123 (08) troll 216 869,,Chilliwac@Stav,3,0.90,Harrison,3,0.10,,,,,,,,,
Area123 (08) troll 216 870,,Chilliwack_F,3,0.78,Harrison,3,0.22,Chilliwac@Stav,3,0.01,,,,,,
Area123 (08) troll 216 871,,S_Prairie_Cr,5020,0.34,Samish_H,5016,0.29,Soos_H,5020,0.26,George_Adams_H,5005,0.04,NF_Skokomish_F,5005,0.03
Area123 (08) troll 216 872,,Chilliwack_F,3,0.95,Harrison,3,0.05,,,,,,,,,
Area123 (08) troll 216 873,,South_Thom,5,0.57,Harrison,3,0.33,NF_Skokomish_F,5005,0.04,Chilliwac@Stav,3,0.02,George_Adams_H,5005,0.01
Area123 (08) troll 216 874,,Samish_H,5016,0.33,S_Prairie_Cr,5020,0.24,George_Adams_H,5005,0.23,Clear_Cr_H,5020,0.05,L_Skagit_R_Fa,5016,0.05
Area123 (08) troll 216 875,,Priest_Rapid_H,5026,0.47,Hanford_Reach,5026,0.15,Chilliwack_F,3,0.09,Wells_H,5026,0.07,Abernathy_Cr_Fa,5008,0.06
Area123 (08) troll 216 876,,Chilliwack_F,3,0.49,Harrison,3,0.48,Chilliwac@Stav,3,0.03,L_Skagit_R_Fa,5016,0.00,,,
Area123 (08) troll 216 877,,Harrison,3,0.68,Chilliwack_F,3,0.31,Chilliwac@Stav,3,0.01,Skagit_R,5016,0.00,U_Sauk_R_SpSu,5016,0.00
Area123 (08) troll 216 878,,Hanford_Reach,5026,0.30,Marion_Drain_Fa,5026,0.26,Wenatchee_R_SF,5026,0.21,Harrison,3,0.07,Wells_H,5026,0.06
Area123 (08) troll 216 879,Dupe with 452,Chilliwac@Stav,3,0.64,Harrison,3,0.35,Chilliwack_F,3,0.02,Lyons_Ferry_H,5021,0.00,Skykomish_R,5016,0.00
Area123 (08) troll 216 880,,Harrison,3,1.00,Chilliwack_F,3,0.00,Chilliwac@Stav,3,0.00,Skagit_R,5016,0.00,Lewis_R_Su,5008,0.00
Area123 (08) troll 216 881,,Harrison,3,0.90,Chilliwack_F,3,0.08,Chilliwac@Stav,3,0.02,N_Thom@Main,4,0.00,Lemieux_Cr,4,0.00
Area123 (08) troll 216 882,,Umpqua_H,5011,0.56,Wenatchee_R_SF,5026,0.17,Wells_H,5026,0.13,Harrison,3,0.04,Priest_Rapid_H,5026,0.04
Area123 (08) troll 216 883,Dupe with 448,Chilliwac@Stav,3,0.62,Harrison,3,0.36,Chilliwack_F,3,0.02,,,,,,
Area123 (08) troll 217 884,,Harrison,3,0.88,Chilliwac@Stav,3,0.11,Chilliwack_F,3,0.01,Hanford_Reach,5026,0.00,Umpqua_H,5011,0.00
Area123 (08) troll 217 885,,Clear_Cr_H,5020,0.61,George_Adams_H,5005,0.26,Soos_H,5020,0.05,NF_Skokomish_F,5005,0.04,Grovers_Cr_H,5020,0.01
Area123 (08) troll 217 886,,Harrison,3,0.99,Chilliwack_F,3,0.01,Chilliwac@Stav,3,0.00,,,,,,
Area123 (08) troll 217 887,,Harrison,3,0.69,Chilliwack_F,3,0.20,Chilliwac@Stav,3,0.09,U_Deschutes_R,5004,0.01,Skagit_R,5016,0.00
Area123 (08) troll 217 888,,Cowlitz_H_fa,5008,0.54,Washougal_R_Fa,5008,0.33,Lewis_R_Su,5008,0.09,Green_R_Fa,5008,0.03,Abernathy_Cr_Fa,5008,0.00
Area123 (08) troll 217 889,,Spring_Cr_col,5030,0.97,Abernathy_NFH_F,5008,0.02,Elochoman_H,5030,0.01,Big_Cr_H_Col,5030,0.00,Harrison,3,0.00
Area123 (08) troll 217 890,,Chilliwack_F,3,0.95,Harrison,3,0.04,Chilliwac@Stav,3,0.01,U_Sauk_R_SpSu,5016,0.00,,,
Area123 (08) troll 217 891,,Harrison,3,0.63,NF_Nooksack_H,5016,0.09,Clear_Cr_H,5020,0.08,Priest_Rapid_H,5026,0.07,Chilliwac@Stav,3,0.03
Area123 (08) troll 217 892,,South_Thom,5,0.98,L_Thompson,5,0.01,Little_R,5,0.00,L_Adams,5,0.00,Priest_Rapids_H,5026,0.00
Area123 (08) troll 217 893,,Harrison,3,0.88,L_Skagit_R_Fa,5016,0.05,Chilliwack_F,3,0.03,Capilano,9,0.02,Samish_H,5016,0.01
Area123 (08) troll 217 894,,Cowichan,7,0.99,Puntledge_F,7,0.01,Big_Qualicum,7,0.00,Nanaimo_F,7,0.00,L_Qualicum,7,0.00
Area123 (08) troll 217 895,,Coquille_R,5011,0.34,Lewis_R_LSu,5008,0.33,Humptulips_H,5028,0.18,Lewis_R_Su,5008,0.06,Queets_R,5028,0.05
Area123 (08) troll 217 896,,Harrison,3,0.97,Lyons_Ferry_H,5021,0.03,Chilliwack_F,3,0.00,Hanford_Reach,5026,0.00,Chilliwac@Stav,3,0.00
Area123 (08) troll 217 897,,Nez_PerceT_H,5021,0.54,Hanford_Reach,5026,0.26,Priest_Rapid_H,5026,0.12,Lyons_Ferry_H,5021,0.03,Marion_Drain_Fa,5026,0.03
Area123 (08) troll 217 898,,Harrison,3,0.97,South_Thom,5,0.03,Chilliwack_F,3,0.00,Nazko,2,0.00,L_Skagit_R_Fa,5016,0.00
Area123 (08) troll 217 899,,Harrison,3,0.98,Chilliwack_F,3,0.02,L_Skagit_R_Fa,5016,0.00,Priest_Rapid_H,5026,0.00,Hanford_Reach,5026,0.00
Area123 (08) troll 217 900,,Harrison,3,0.64,Chilliwac@Stav,3,0.29,Chilliwack_F,3,0.07,Skagit_R,5016,0.00,Capilano,9,0.00
Area123 (08) troll 217 901,,Samish_H,5016,0.66,Soos_H,5020,0.15,Clear_Cr_H,5020,0.09,S_Prairie_Cr,5020,0.04,George_Adams_H,5005,0.03
Area123 (08) troll 217 902,,Harrison,3,0.83,Chilliwac@Stav,3,0.17,Chilliwack_F,3,0.00,,,,,,
Area123 (08) troll 217 903,,Harrison,3,0.96,Chilliwac@Stav,3,0.02,Chilliwack_F,3,0.02,South_Thom,5,0.00,,,
Area123 (08) troll 217 904,,Washougal_R_Fa,5008,0.64,Abernathy_NFH_F,5008,0.14,Cowlitz_H_fa,5008,0.10,Abernathy_Cr_Fa,5008,0.07,Elochoman_H,5030,0.02
Area123 (08) troll 217 905,,Spring_Cr_col,5030,0.95,Big_Cr_H_Col,5030,0.04,Abernathy_NFH_F,5008,0.01,Abernathy_Cr_Fa,5008,0.00,,,
Area123 (08) troll 217 906,,Hanford_Reach,5026,0.34,Priest_Rapid_H,5026,0.33,Lyons_Ferry_H,5021,0.12,Umatilla_H_Fa,5026,0.08,Nez_PerceT_H,5021,0.07
Area123 (08) troll 217 907,,Spring_Cr_col,5030,0.85,Elochoman_H,5030,0.07,Big_Cr_H_Col,5030,0.07,Abernathy_NFH_F,5008,0.00,Cowlitz_H_fa,5008,0.00
Area123 (08) troll 217 908,,George_Adams_H,5005,0.79,S_Prairie_Cr,5020,0.13,Clear_Cr_H,5020,0.03,NF_Skokomish_F,5005,0.01,Samish_H,5016,0.01
Area123 (08) troll 217 909,,Harrison,3,0.66,Chilliwac@Stav,3,0.28,Chilliwack_F,3,0.06,George_Adams_H,5005,0.00,Soos_H,5020,0.00
Area123 (08) troll 217 910,,Lyons_Ferry_H,5021,0.50,ClearwaterRFa,5021,0.19,Hanford_Reach,5026,0.16,Nez_PerceT_H,5021,0.06,Priest_Rapid_H,5026,0.05
Area123 (08) troll 217 911,,Harrison,3,0.88,Chilliwac@Stav,3,0.10,Wenatchee_R_SF,5026,0.01,Chilliwack_F,3,0.01,Lyons_Ferry_H,5021,0.00
Area123 (08) troll 217 912,,Harrison,3,0.99,Chilliwac@Stav,3,0.01,Chilliwack_F,3,0.00,,,,,,
Area123 (08) troll 217 913,,Chilliwack_F,3,0.55,Harrison,3,0.29,Queets_R,5028,0.05,Chilliwac@Stav,3,0.02,Umpqua_H,5011,0.02
Area123 (08) troll 217 914,,Harrison,3,0.93,Chilliwack_F,3,0.06,Capilano,9,0.01,N_Thom@Main,4,0.00,Skagit_R,5016,0.00
Area123 (08) troll 217 915,,Abernathy_Cr_Fa,5008,0.33,Lewis_R_f,5008,0.24,Washougal_R_Fa,5008,0.17,Green_R_Fa,5008,0.12,Cowlitz_H_fa,5008,0.06
Area123 (08) troll 217 916,,Harrison,3,0.99,Chilliwac@Stav,3,0.00,Sol_Duc_H,5028,0.00,NF_Nooksack_H,5016,0.00,Chilliwack_F,3,0.00
Area123 (08) troll 217 917,,Samish_H,5016,0.51,Cowichan,7,0.15,Big_Qualicum,7,0.14,Puntledge_F,7,0.08,U_Sauk_R_SpSu,5016,0.03
Area123 (08) troll 217 918,,Harrison,3,0.99,NanaimoSu_BackX,7,0.00,Chilliwac@Stav,3,0.00,Chilliwack_F,3,0.00,,,
Area123 (08) troll 217 919,,George_Adams_H,5005,0.70,Hamma_Hamma_R,5005,0.12,NF_Skokomish_F,5005,0.10,S_Prairie_Cr,5020,0.06,Clear_Cr_H,5020,0.01
Area123 (08) troll 219 764,,Spring_Cr_col,5030,0.82,Abernathy_NFH_F,5008,0.10,Big_Cr_H_Col,5030,0.05,Abernathy_Cr_Fa,5008,0.02,Elochoman_H,5030,0.01
Area123 (08) troll 219 765,,ClearwaterRFa,5021,0.82,Hanford_Reach,5026,0.05,Lyons_Ferry_H,5021,0.04,Nez_PerceT_H,5021,0.04,Priest_Rapid_H,5026,0.02
Area123 (08) troll 219 766,,NF_Nooksack_H,5016,1.00,Skagit_R,5016,0.00,,,,,,,,,
Area123 (08) troll 219 767,,NF_Skokomish_F,5005,0.19,Soos_H,5020,0.18,Hamma_Hamma_R,5005,0.18,Samish_H,5016,0.16,S_Prairie_Cr,5020,0.13
Area123 (08) troll 219 768,,Samish_H,5016,0.57,George_Adams_H,5005,0.40,NF_Skokomish_F,5005,0.04,L_Skagit_R_Fa,5016,0.00,Hamma_Hamma_R,5005,0.00
Area123 (08) troll 219 769,,Clear_Cr_H,5020,0.66,Soos_H,5020,0.10,Samish_H,5016,0.07,George_Adams_H,5005,0.06,L_Skagit_R_Fa,5016,0.03
Area123 (08) troll 219 770,,George_Adams_H,5005,0.24,Clear_Cr_H,5020,0.23,Hamma_Hamma_R,5005,0.16,NF_Skokomish_F,5005,0.11,Soos_H,5020,0.10
Area123 (08) troll 219 771,,Wells_H,5026,0.32,Hanford_Reach,5026,0.28,Priest_Rapid_H,5026,0.16,Samish_H,5016,0.09,ClearwaterRFa,5021,0.06
Area123 (08) troll 219 772,,Spring_Cr_col,5030,0.92,Abernathy_NFH_F,5008,0.07,Big_Cr_H_Col,5030,0.01,Abernathy_Cr_Fa,5008,0.00,Elochoman_H,5030,0.00
Area123 (08) troll 219 773,,Abernathy_NFH_F,5008,0.63,Big_Cr_H_Col,5030,0.31,Spring_Cr_col,5030,0.06,Green_R_Fa,5008,0.00,Cowlitz_H_fa,5008,0.00
Area123 (08) troll 219 774,,Chilliwac@Stav,3,0.66,Harrison,3,0.20,Chilliwack_F,3,0.13,Clear_Cr_H,5020,0.00,NF_Skokomish_F,5005,0.00
Area123 (08) troll 219 775,,Lyons_Ferry_H,5021,0.62,Nez_PerceT_H,5021,0.13,Hanford_Reach,5026,0.13,Marion_Drain_Fa,5026,0.04,Washougal_R_Fa,5008,0.02
Area123 (08) troll 219 776,,Cowlitz_H_fa,5008,0.94,Cowlitz_H_sp,5009,0.02,Abernathy_NFH_F,5008,0.02,Lewis_R_LSu,5008,0.01,Lewis_R_Su,5008,0.01
Area123 (08) troll 219 777,,South_Thom,5,0.96,Harrison,3,0.02,Little_R,5,0.01,Priest_Rapid_H,5026,0.00,Wenatchee_R_SF,5026,0.00
Area123 (08) troll 219 778,,Forks_Cr_H,5028,0.70,Humptulips_H,5028,0.13,Queets_R,5028,0.11,Salmon_R_f,5015,0.04,Lewis_R_LSu,5008,0.01
Area123 (08) troll 219 779,Number of missing Loci exceeded,,,,,,,,,,,,,,,
Area123 (08) troll 219 780,,Chilliwack_F,3,0.69,Harrison,3,0.26,Chilliwac@Stav,3,0.05,NanaimoSu_BackX,7,0.00,,,
Area123 (08) troll 219 781,,Harrison,3,0.84,Skagit_R,5016,0.06,Chilliwac@Stav,3,0.04,L_Skagit_R_Fa,5016,0.03,Hamma_Hamma_R,5005,0.01
Area123 (08) troll 219 782,,Harrison,3,0.61,Chilliwack_F,3,0.39,,,,,,,,,
Area123 (08) troll 219 784,,Harrison,3,0.64,Chilliwac@Stav,3,0.17,Chilliwack_F,3,0.15,Lewis_R_f,5008,0.02,Priest_Rapid_H,5026,0.00
Area123 (08) troll 219 785,,Harrison,3,0.94,Chilliwack_F,3,0.05,Chilliwac@Stav,3,0.01,Skagit_R,5016,0.00,Lewis_R_LSu,5008,0.00
Area123 (08) troll 219 786,,Harrison,3,0.88,U_Deschutes_R,5004,0.09,Chilliwac@Stav,3,0.01,Chilliwack_F,3,0.01,L_Deschutes_R,5004,0.00
Area123 (08) troll 219 787,,Harrison,3,0.93,Chilliwack_F,3,0.05,Chilliwac@Stav,3,0.02,L_Skagit_R_Fa,5016,0.00,Samish_H,5016,0.00
Area123 (08) troll 219 788,,Chilliwack_F,3,0.91,Harrison,3,0.09,,,,,,,,,
Area123 (08) troll 219 790,,Harrison,3,0.91,N_Thom@Main,4,0.03,Chilliwac@Stav,3,0.02,Skagit_R,5016,0.01,Lemieux_Cr,4,0.01
Area123 (08) troll 219 791,,Harrison,3,0.91,Chilliwack_F,3,0.07,L_Skagit_R_Fa,5016,0.01,Chilliwac@Stav,3,0.01,Skykomish_R,5016,0.00
Area123 (08) troll 219 792,,Harrison,3,0.72,Chilliwack_F,3,0.22,Chilliwac@Stav,3,0.05,L_Skagit_R_Fa,5016,0.00,Samish_H,5016,0.00
Area123 (08) troll 219 793,,Harrison,3,1.00,Abernathy_NFH_F,5008,0.00,Chilliwac@Stav,3,0.00,Hanford_Reach,5026,0.00,ClearwaterRFa,5021,0.00
Area123 (08) troll 219 794,,Harrison,3,0.97,Chilliwack_F,3,0.02,Chilliwac@Stav,3,0.01,ClearwaterRFa,5021,0.00,Priest_Rapid_H,5026,0.00
Area123 (08) troll 219 795,,Harrison,3,0.99,Skagit_R,5016,0.00,L_Skagit_R_Fa,5016,0.00,Lyons_Ferry_H,5021,0.00,Umpqua_H,5011,0.00
Area123 (08) troll 219 796,,Harrison,3,0.71,Chilliwack_F,3,0.29,Chilliwac@Stav,3,0.01,,,,,,
Area123 (08) troll 219 797,,NF_Skokomish_F,5005,0.53,Clear_Cr_H,5020,0.21,George_Adams_H,5005,0.08,S_Prairie_Cr,5020,0.07,Soos_H,5020,0.04
Area123 (08) troll 219 798,,Slim_C,1,0.85,James,1,0.11,Bowron,1,0.01,Baker_Cr,2,0.01,Endako,2,0.01
Area123 (08) troll 219 799,Number of missing Loci exceeded,,,,,,,,,,,,,,,
Area123 (08) troll 219 800,,Harrison,3,0.57,Chilliwac@Stav,3,0.32,Chilliwack_F,3,0.09,Samish_H,5016,0.02,Skagit_R,5016,0.00
Area123 (08) troll 219 801,,Harrison,3,0.46,Chilliwack_F,3,0.36,Chilliwac@Stav,3,0.18,Lewis_R_LSu,5008,0.00,L_Skagit_R_Fa,5016,0.00
Area123 (08) troll 219 802,,Harrison,3,0.94,Chilliwac@Stav,3,0.04,Chilliwack_F,3,0.02,NanaimoSu_BackX,7,0.00,Snoqualmie_R,5016,0.00
Area123 (08) troll 219 803,,Hanford_Reach,5026,0.58,Priest_Rapid_H,5026,0.25,Nez_PerceT_H,5021,0.15,Lyons_Ferry_H,5021,0.01,Abernathy_Cr_Fa,5008,0.01
Area123 (08) troll 219 804,,Harrison,3,0.91,Chilliwack_F,3,0.09,Chilliwac@Stav,3,0.00,,,,,,
Area123 (08) troll 219 805,,Hanford_Reach,5026,0.46,Nez_PerceT_H,5021,0.18,ClearwaterRFa,5021,0.18,Priest_Rapid_H,5026,0.06,Lyons_Ferry_H,5021,0.03
Area123 (08) troll 219 806,,Harrison,3,0.99,Chilliwack_F,3,0.00,Chilliwac@Stav,3,0.00,L_Skagit_R_Fa,5016,0.00,U_Sauk_R_SpSu,5016,0.00
Area123 (08) troll 219 807,,Marblemount_Hsu,5016,0.74,Skagit_R,5016,0.17,NF_Nooksack_H,5016,0.08,U_Sauk_R_SpSu,5016,0.00,Harrison,3,0.00
Area123 (08) troll 219 808,,South_Thom,5,0.96,L_Thompson,5,0.02,L_Adams,5,0.01,Little_R,5,0.00,Lemieux_Cr,4,0.00
Area123 (08) troll 219 809,,South_Thom,5,0.95,L_Thompson,5,0.02,Harrison,3,0.01,Skagit_R,5016,0.01,N_Thom@Main,4,0.00
Area123 (08) troll 219 810,,Washougal_R_Fa,5008,0.79,Green_R_Fa,5008,0.13,Abernathy_Cr_Fa,5008,0.03,Abernathy_NFH_F,5008,0.01,Cowlitz_H_fa,5008,0.01
Area123 (08) troll 219 811,,Harrison,3,0.88,Hamma_Hamma_R,5005,0.02,Samish_H,5016,0.02,NF_Skokomish_F,5005,0.01,Lyons_Ferry_H,5021,0.01
Area123 (08) troll 23 135,,L_Skagit_R_Fa,5016,0.90,Hanford_Reach,5026,0.03,Snoqualmie_R,5016,0.02,S_Prairie_Cr,5020,0.01,Priest_Rapid_H,5026,0.01
Area123 (08) troll 23 136,,Samish_H,5016,0.47,Soos_H,5020,0.27,Harrison,3,0.07,George_Adams_H,5005,0.07,S_Prairie_Cr,5020,0.05
Area123 (08) troll 23 137,,S_Prairie_Cr,5020,0.68,Soos_H,5020,0.18,NF_Skokomish_F,5005,0.09,George_Adams_H,5005,0.04,Hamma_Hamma_R,5005,0.01
Area123 (08) troll 23 138,,S_Prairie_Cr,5020,0.33,Soos_H,5020,0.27,George_Adams_H,5005,0.14,Skagit_R,5016,0.13,Clear_Cr_H,5020,0.06
Area123 (08) troll 23 139,,Soos_H,5020,0.79,Hamma_Hamma_R,5005,0.10,L_Skagit_R_Fa,5016,0.08,Cedar_R_SuFa,5020,0.02,Clear_Cr_H,5020,0.01
Area123 (08) troll 23 140,,Marblemount_HSp,5016,0.98,Skagit_R,5016,0.02,Harrison,3,0.00,Marblemount_Hsu,5016,0.00,U_Sauk_R_SpSu,5016,0.00
Area123 (08) troll 23 141,,Skagit_R,5016,0.83,U_Sauk_R_SpSu,5016,0.12,L_Skagit_R_Fa,5016,0.04,Snoqualmie_R,5016,0.00,U_Sauk_R,5016,0.00
Area123 (08) troll 23 142,,Soos_H,5020,0.44,George_Adams_H,5005,0.15,Hamma_Hamma_R,5005,0.14,Samish_H,5016,0.11,NF_Skokomish_F,5005,0.07
Area123 (08) troll 23 143,,Skagit_R,5016,0.98,L_Skagit_R_Fa,5016,0.01,Marblemount_Hsu,5016,0.00,NF_Nooksack_H,5016,0.00,U_Sauk_R_SpSu,5016,0.00
Area123 (08) troll 246 1000,,NF_Nooksack_H,5016,1.00,,,,,,,,,,,,
Area123 (08) troll 246 1001,,George_Adams_H,5005,0.90,Samish_H,5016,0.05,Clear_Cr_H,5020,0.02,S_Prairie_Cr,5020,0.01,NF_Skokomish_F,5005,0.01
Area123 (08) troll 246 1002,,S_Prairie_Cr,5020,0.97,Samish_H,5016,0.01,Soos_H,5020,0.01,L_Skagit_R_Fa,5016,0.00,NF_Skokomish_F,5005,0.00
Area123 (08) troll 246 1003,,Spring_Cr_col,5030,0.47,Abernathy_NFH_F,5008,0.23,Big_Cr_H_Col,5030,0.11,Cowlitz_H_sp,5009,0.05,Chilliwack_F,3,0.04
Area123 (08) troll 246 1004,,Clear_Cr_H,5020,0.41,George_Adams_H,5005,0.34,NF_Skokomish_F,5005,0.15,Grovers_Cr_H,5020,0.08,Soos_H,5020,0.01
Area123 (08) troll 246 1005,,Marblemount_HSp,5016,0.99,Skagit_R,5016,0.01,L_Skagit_R_Fa,5016,0.00,,,,,,
Area123 (08) troll 246 1006,,Lewis_R_Su,5008,0.31,Harrison,3,0.15,Lewis_R_f,5008,0.13,Priest_Rapid_H,5026,0.10,Hanford_Reach,5026,0.08
Area123 (08) troll 246 1007,,Samish_H,5016,0.86,George_Adams_H,5005,0.10,Clear_Cr_H,5020,0.01,NF_Skokomish_F,5005,0.01,Hamma_Hamma_R,5005,0.00
Area123 (08) troll 246 1008,,Spring_Cr_col,5030,0.82,Elochoman_H,5030,0.07,Big_Cr_H_Col,5030,0.06,Abernathy_Cr_Fa,5008,0.03,Abernathy_NFH_F,5008,0.01
Area123 (08) troll 246 1009,,Spring_Cr_col,5030,0.75,Abernathy_NFH_F,5008,0.14,Big_Cr_H_Col,5030,0.10,Abernathy_Cr_Fa,5008,0.00,Elochoman_H,5030,0.00
Area123 (08) troll 246 1010,,N_Santiam_H,5029,0.72,Hanford_Reach,5026,0.07,Umatilla_H_Fa,5026,0.06,McKenzie_H,5029,0.03,Umpqua_H,5011,0.03
Area123 (08) troll 246 1011,,Samish_H,5016,0.93,George_Adams_H,5005,0.03,Hamma_Hamma_R,5005,0.03,S_Prairie_Cr,5020,0.01,Cedar_R_SuFa,5020,0.00
Area123 (08) troll 246 1012,,George_Adams_H,5005,0.39,Clear_Cr_H,5020,0.24,S_Prairie_Cr,5020,0.14,Soos_H,5020,0.11,Hamma_Hamma_R,5005,0.06
Area123 (08) troll 246 1013,,Hanford_Reach,5026,0.73,Priest_Rapid_H,5026,0.27,Nez_PerceT_H,5021,0.00,ClearwaterRFa,5021,0.00,Marion_Drain_Fa,5026,0.00
Area123 (08) troll 246 1014,,Hanford_Reach,5026,0.59,Wenatchee_R_SF,5026,0.21,Lyons_Ferry_H,5021,0.17,Nez_PerceT_H,5021,0.02,Priest_Rapid_H,5026,0.01
Area123 (08) troll 246 1015,Dupe with 950,Spring_Cr_col,5030,0.84,Abernathy_NFH_F,5008,0.14,Big_Cr_H_Col,5030,0.02,Green_R_Fa,5008,0.00,Elochoman_H,5030,0.00
Area123 (08) troll 246 1016,,Spring_Cr_col,5030,0.50,Washougal_R_Fa,5008,0.44,Lewis_R_LSu,5008,0.03,Big_Cr_H_Col,5030,0.01,Abernathy_Cr_Fa,5008,0.01
Area123 (08) troll 246 1017,,Washougal_R_Fa,5008,0.80,Cowlitz_H_fa,5008,0.15,Green_R_Fa,5008,0.01,Abernathy_NFH_F,5008,0.01,Big_Cr_H_Col,5030,0.01
Area123 (08) troll 246 1018,,Spring_Cr_col,5030,0.71,Abernathy_NFH_F,5008,0.28,Big_Cr_H_Col,5030,0.01,Elochoman_H,5030,0.00,Abernathy_Cr_Fa,5008,0.00
Area123 (08) troll 246 1019,,Soos_H,5020,0.20,Samish_H,5016,0.19,S_Prairie_Cr,5020,0.16,Clear_Cr_H,5020,0.16,George_Adams_H,5005,0.10
Area123 (08) troll 246 1020,,Lewis_R_f,5008,0.31,Lewis_R_LSu,5008,0.18,Washougal_R_Fa,5008,0.14,Cowlitz_H_fa,5008,0.13,Elochoman_H,5030,0.11
Area123 (08) troll 246 1021,,Harrison,3,0.99,Chilliwack_F,3,0.01,Chilliwac@Stav,3,0.00,S_Prairie_Cr,5020,0.00,,,
Area123 (08) troll 246 1022,,Skagit_R,5016,0.60,U_Sauk_R_SpSu,5016,0.34,Harrison,3,0.05,NF_Nooksack_H,5016,0.00,Snoqualmie_R,5016,0.00
Area123 (08) troll 246 1023,,ClearwaterRFa,5021,0.65,Priest_Rapid_H,5026,0.28,Hanford_Reach,5026,0.04,Nez_PerceT_H,5021,0.01,L_Wh_Sal_H_SF,5026,0.01
Area123 (08) troll 246 1024,Dupe with 941,Spring_Cr_col,5030,0.84,Abernathy_NFH_F,5008,0.14,Big_Cr_H_Col,5030,0.02,Green_R_Fa,5008,0.00,Elochoman_H,5030,0.00
Area123 (08) troll 246 1025,,Spring_Cr_col,5030,0.99,Abernathy_Cr_Fa,5008,0.01,,,,,,,,,
Area123 (08) troll 246 1026,,George_Adams_H,5005,0.52,NF_Skokomish_F,5005,0.35,L_Skagit_R_Fa,5016,0.06,Samish_H,5016,0.04,Soos_H,5020,0.02
Area123 (08) troll 246 1027,,Cowichan,7,0.51,Harrison,3,0.25,Chilliwack_F,3,0.18,Queets_R,5028,0.02,L_Skagit_R_Fa,5016,0.02
Area123 (08) troll 246 1028,,S_Prairie_Cr,5020,0.58,NF_Skokomish_F,5005,0.10,George_Adams_H,5005,0.09,Samish_H,5016,0.08,Hamma_Hamma_R,5005,0.06
Area123 (08) troll 246 1029,,S_Prairie_Cr,5020,0.31,Soos_H,5020,0.16,Clear_Cr_H,5020,0.14,George_Adams_H,5005,0.10,Hamma_Hamma_R,5005,0.09
Area123 (08) troll 246 1030,,Samish_H,5016,0.84,S_Prairie_Cr,5020,0.09,George_Adams_H,5005,0.02,Soos_H,5020,0.02,Clear_Cr_H,5020,0.02
Area123 (08) troll 246 1031,,Priest_Rapid_H,5026,0.55,Hanford_Reach,5026,0.16,Lyons_Ferry_H,5021,0.09,Umatilla_H_Fa,5026,0.05,Soos_H,5020,0.03
Area123 (08) troll 246 1032,,Samish_H,5016,0.69,NF_Skokomish_F,5005,0.16,S_Prairie_Cr,5020,0.08,George_Adams_H,5005,0.05,Soos_H,5020,0.01
Area123 (08) troll 246 1033,,NF_Skokomish_F,5005,0.78,George_Adams_H,5005,0.09,S_Prairie_Cr,5020,0.07,Hamma_Hamma_R,5005,0.04,Clear_Cr_H,5020,0.01
Area123 (08) troll 246 1034,,Samish_H,5016,0.29,Soos_H,5020,0.27,Clear_Cr_H,5020,0.15,S_Prairie_Cr,5020,0.14,George_Adams_H,5005,0.12
Area123 (08) troll 246 1035,,S_Prairie_Cr,5020,0.51,George_Adams_H,5005,0.20,Hamma_Hamma_R,5005,0.11,Soos_H,5020,0.06,Samish_H,5016,0.05
Area123 (08) troll 246 1036,,George_Adams_H,5005,0.79,NF_Skokomish_F,5005,0.08,Hamma_Hamma_R,5005,0.07,S_Prairie_Cr,5020,0.03,Soos_H,5020,0.01
Area123 (08) troll 246 1037,,Lewis_R_LSu,5008,0.52,Cowlitz_H_fa,5008,0.21,Lewis_R_Su,5008,0.11,Abernathy_Cr_Fa,5008,0.08,Lewis_R_f,5008,0.04
Area123 (08) troll 246 1038,,Washougal_R_Fa,5008,0.60,Abernathy_Cr_Fa,5008,0.26,Umpqua_H,5011,0.06,Hanford_Reach,5026,0.02,Lewis_R_Su,5008,0.02
Area123 (08) troll 246 1039,,Umpqua_H,5011,0.50,Sol_Duc_H,5028,0.25,Lewis_R_LSu,5008,0.12,Cowlitz_H_fa,5008,0.08,Lewis_R_Su,5008,0.02
Area123 (08) troll 246 1040,,Spring_Cr_col,5030,1.00,Abernathy_NFH_F,5008,0.00,,,,,,,,,
Area123 (08) troll 246 1041,,Spring_Cr_col,5030,0.80,Abernathy_NFH_F,5008,0.15,Abernathy_Cr_Fa,5008,0.03,Elochoman_H,5030,0.01,Big_Cr_H_Col,5030,0.00
Area123 (08) troll 246 1042,,U_Sauk_R_SpSu,5016,0.46,L_Skagit_R_Fa,5016,0.21,S_Prairie_Cr,5020,0.10,Skagit_R,5016,0.09,Soos_H,5020,0.05
Area123 (08) troll 246 1043,,Hanford_Reach,5026,0.40,Priest_Rapid_H,5026,0.39,Wenatchee_R_SF,5026,0.10,Wells_H,5026,0.06,Priest_Rapids_H,5026,0.03
Area123 (08) troll 246 1044,,Washougal_R_Fa,5008,0.96,Lewis_R_LSu,5008,0.01,Spring_Cr_col,5030,0.01,Abernathy_NFH_F,5008,0.01,Abernathy_Cr_Fa,5008,0.00
Area123 (08) troll 246 1045,,Harrison,3,1.00,Chilliwac@Stav,3,0.00,Chilliwack_F,3,0.00,,,,,,
Area123 (08) troll 246 1046,,N_Santiam_H,5029,0.82,McKenzie_H,5029,0.18,Priest_Rapid_H,5026,0.00,U_Deschutes_R,5004,0.00,,,
Area123 (08) troll 246 1047,,Samish_H,5016,0.49,Clear_Cr_H,5020,0.10,Soos_H,5020,0.08,L_Skagit_R_Fa,5016,0.07,George_Adams_H,5005,0.06
Area123 (08) troll 246 1048,,Washougal_R_Fa,5008,0.98,Green_R_Fa,5008,0.01,Abernathy_NFH_F,5008,0.00,Lewis_R_LSu,5008,0.00,Lewis_R_f,5008,0.00
Area123 (08) troll 246 1049,,Harrison,3,1.00,Chilliwac@Stav,3,0.00,Chilliwack_F,3,0.00,,,,,,
Area123 (08) troll 246 1050,,Harrison,3,0.90,Chilliwack_F,3,0.08,Chilliwac@Stav,3,0.01,Samish_H,5016,0.00,L_Skagit_R_Fa,5016,0.00
Area123 (08) troll 246 1051,,Harrison,3,0.75,Chilliwack_F,3,0.25,NanaimoSu_BackX,7,0.00,Chilliwac@Stav,3,0.00,L_Skagit_R_Fa,5016,0.00
Area123 (08) troll 246 1052,,Lewis_R_f,5008,0.34,Washougal_R_Fa,5008,0.27,Green_R_Fa,5008,0.18,Lewis_R_Su,5008,0.12,Cowlitz_H_fa,5008,0.04
Area123 (08) troll 246 1053,,Priest_Rapid_H,5026,0.40,Lyons_Ferry_H,5021,0.30,Hanford_Reach,5026,0.16,ClearwaterRFa,5021,0.04,Wenatchee_R_SF,5026,0.04
Area123 (08) troll 246 1054,,Harrison,3,0.83,Chilliwac@Stav,3,0.16,Chilliwack_F,3,0.01,George_Adams_H,5005,0.00,Hamma_Hamma_R,5005,0.00
Area123 (08) troll 246 1055,,Washougal_R_Fa,5008,0.62,Cowlitz_H_fa,5008,0.20,Green_R_Fa,5008,0.11,Abernathy_Cr_Fa,5008,0.03,Spring_Cr_col,5030,0.02
Area123 (08) troll 246 1056,,Hanford_Reach,5026,0.92,L_Wh_Sal_H_SF,5026,0.06,U_Deschutes_R,5004,0.02,Priest_Rapid_H,5026,0.00,Nez_PerceT_H,5021,0.00
Area123 (08) troll 246 1057,,Umpqua_H,5011,0.52,Washougal_R_Fa,5008,0.24,Green_R_Fa,5008,0.22,Cowlitz_H_fa,5008,0.01,Umatilla_H_Fa,5026,0.00
Area123 (08) troll 246 1058,,South_Thom,5,0.85,Capilano,9,0.04,George_Adams_H,5005,0.04,Harrison,3,0.02,L_Thompson,5,0.01
Area123 (08) troll 246 1059,,Skagit_R,5016,0.21,Cowlitz_H_fa,5008,0.16,Washougal_R_Fa,5008,0.12,Samish_H,5016,0.11,Lewis_R_f,5008,0.09
Area123 (08) troll 246 1060,,Harrison,3,0.99,Chilliwack_F,3,0.01,,,,,,,,,
Area123 (08) troll 246 1061,,Cowlitz_H_fa,5008,0.41,Lewis_R_Su,5008,0.38,Washougal_R_Fa,5008,0.12,Umpqua_H,5011,0.03,Chilliwac@Stav,3,0.02
Area123 (08) troll 246 1062,,Harrison,3,0.58,Chilliwack_F,3,0.40,Chilliwac@Stav,3,0.02,South_Thom,5,0.00,L_Skagit_R_Fa,5016,0.00
Area123 (08) troll 246 1063,,Harrison,3,0.58,Chilliwack_F,3,0.12,Chilliwac@Stav,3,0.12,Lewis_R_f,5008,0.03,L_Skagit_R_Fa,5016,0.03
Area123 (08) troll 246 1064,,Chilliwack_F,3,0.71,Harrison,3,0.29,Chilliwac@Stav,3,0.00,L_Skagit_R_Fa,5016,0.00,,,
Area123 (08) troll 246 1065,,Harrison,3,1.00,Nez_PerceT_H,5021,0.00,Priest_Rapid_H,5026,0.00,Hanford_Reach,5026,0.00,Hamma_Hamma_R,5005,0.00
Area123 (08) troll 246 1066,,Harrison,3,0.79,Chilliwack_F,3,0.17,Chilliwac@Stav,3,0.03,N_Thom@Main,4,0.00,,,
Area123 (08) troll 246 1067,,ClearwaterRFa,5021,0.52,Lyons_Ferry_H,5021,0.25,Hanford_Reach,5026,0.08,Priest_Rapid_H,5026,0.04,Wenatchee_R_SF,5026,0.03
Area123 (08) troll 246 1068,,Priest_Rapid_H,5026,0.33,Hanford_Reach,5026,0.25,Lyons_Ferry_H,5021,0.12,Wenatchee_R_SF,5026,0.09,Nez_PerceT_H,5021,0.08
Area123 (08) troll 246 1069,,Harrison,3,1.00,Chilliwac@Stav,3,0.00,Chilliwack_F,3,0.00,Hanford_Reach,5026,0.00,Priest_Rapid_H,5026,0.00
Area123 (08) troll 246 1070,,ClearwaterRFa,5021,0.60,Priest_Rapid_H,5026,0.15,Nez_PerceT_H,5021,0.13,Hanford_Reach,5026,0.09,Umatilla_H_Fa,5026,0.01
Area123 (08) troll 246 1071,,Harrison,3,0.58,Chilliwack_F,3,0.21,Chilliwac@Stav,3,0.20,Capilano,9,0.01,Sol_Duc_H,5028,0.00
Area123 (08) troll 246 1072,,Lewis_R_LSu,5008,0.52,Washougal_R_Fa,5008,0.18,Cowlitz_H_fa,5008,0.11,Green_R_Fa,5008,0.10,Lewis_R_Su,5008,0.06
Area123 (08) troll 246 1073,,Spring_Cr_col,5030,0.92,Abernathy_NFH_F,5008,0.03,Elochoman_H,5030,0.02,Big_Cr_H_Col,5030,0.02,Cowlitz_H_fa,5008,0.00
Area123 (08) troll 246 1074,,Harrison,3,0.75,Chilliwac@Stav,3,0.15,Chilliwack_F,3,0.10,NanaimoSu_BackX,7,0.00,Capilano,9,0.00
Area123 (08) troll 246 1075,,Chilliwack_F,3,0.42,Harrison,3,0.40,Chilliwac@Stav,3,0.09,Green_R_Fa,5008,0.04,Cowlitz_H_fa,5008,0.02
Area123 (08) troll 246 1076,,Harrison,3,0.86,Chilliwack_F,3,0.14,,,,,,,,,
Area123 (08) troll 246 1077,,Harrison,3,0.72,Chilliwack_F,3,0.16,Skagit_R,5016,0.10,Chilliwac@Stav,3,0.01,U_Sauk_R_SpSu,5016,0.01
Area123 (08) troll 246 1078,,Soos_H,5020,0.86,Clear_Cr_H,5020,0.08,S_Prairie_Cr,5020,0.02,Samish_H,5016,0.01,L_Skagit_R_Fa,5016,0.01
Area123 (08) troll 246 1079,,Priest_Rapid_H,5026,0.41,Hanford_Reach,5026,0.41,Harrison,3,0.04,Wenatchee_R_SF,5026,0.03,Lewis_R_Su,5008,0.02
Area123 (08) troll 246 1080,,Harrison,3,0.91,Chilliwac@Stav,3,0.08,Chilliwack_F,3,0.02,Capilano,9,0.00,Skagit_R,5016,0.00
Area123 (08) troll 246 1081,,Harrison,3,0.89,Chilliwack_F,3,0.06,Chilliwac@Stav,3,0.05,,,,,,
Area123 (08) troll 246 1082,,Clear_Cr_H,5020,0.30,Soos_H,5020,0.26,S_Prairie_Cr,5020,0.23,NF_Skokomish_F,5005,0.09,George_Adams_H,5005,0.03
Area123 (08) troll 246 1083,Dupe with 1016,ClearwaterRFa,5021,1.00,,,,,,,,,,,,
Area123 (08) troll 246 1084,,U_Deschutes_R,5004,1.00,Hanford_Reach,5026,0.00,Lyons_Ferry_H,5021,0.00,L_Deschutes_R,5004,0.00,Nez_PerceT_H,5021,0.00
Area123 (08) troll 246 1085,,U_Sauk_R_SpSu,5016,0.34,Skagit_R,5016,0.27,S_Prairie_Cr,5020,0.14,Marblemount_HSp,5016,0.10,L_Skagit_R_Fa,5016,0.06
Area123 (08) troll 246 1086,,Harrison,3,0.98,Chilliwack_F,3,0.02,Chilliwac@Stav,3,0.00,Skagit_R,5016,0.00,,,
Area123 (08) troll 246 1087,,Harrison,3,0.51,Chilliwack_F,3,0.46,Hanford_Reach,5026,0.01,Priest_Rapid_H,5026,0.00,Washougal_R_Fa,5008,0.00
Area123 (08) troll 246 1088,,Hanford_Reach,5026,0.57,Marion_Drain_Fa,5026,0.21,Priest_Rapid_H,5026,0.09,Nez_PerceT_H,5021,0.06,Priest_Rapids_H,5026,0.05
Area123 (08) troll 246 1089,,Chilliwack_F,3,0.68,Harrison,3,0.25,Chilliwac@Stav,3,0.07,South_Thom,5,0.00,,,
Area123 (08) troll 246 1090,Dupe with 1009,ClearwaterRFa,5021,1.00,,,,,,,,,,,,
Area123 (08) troll 246 1091,,ClearwaterRFa,5021,0.32,Hanford_Reach,5026,0.24,Lewis_R_LSu,5008,0.23,Lewis_R_Su,5008,0.08,Priest_Rapid_H,5026,0.04
Area123 (08) troll 246 1092,,George_Adams_H,5005,0.44,Clear_Cr_H,5020,0.14,Soos_H,5020,0.14,S_Prairie_Cr,5020,0.13,Big_Qualicum,7,0.04
Area123 (08) troll 246 1093,,Harrison,3,0.59,Chilliwack_F,3,0.41,Chilliwac@Stav,3,0.00,NanaimoSu_BackX,7,0.00,Wenatchee_R_SF,5026,0.00
Area123 (08) troll 246 1094,,Harrison,3,0.55,Chilliwack_F,3,0.38,ClearwaterRFa,5021,0.02,L_Skagit_R_Fa,5016,0.01,Chilliwac@Stav,3,0.01
Area123 (08) troll 246 1095,,Hanford_Reach,5026,0.75,Umatilla_H_Fa,5026,0.09,Priest_Rapids_H,5026,0.09,Lyons_Ferry_H,5021,0.06,Nez_PerceT_H,5021,0.01
Area123 (08) troll 246 1096,,NF_Nooksack_H,5016,0.97,Soos_H,5020,0.03,Skagit_R,5016,0.00,L_Skagit_R_Fa,5016,0.00,Hamma_Hamma_R,5005,0.00
Area123 (08) troll 246 1097,,Cowlitz_H_fa,5008,0.57,Washougal_R_Fa,5008,0.18,Big_Cr_H_Col,5030,0.08,Abernathy_NFH_F,5008,0.07,Elochoman_H,5030,0.04
Area123 (08) troll 246 1098,,Chilliwack_F,3,0.96,Harrison,3,0.04,Chilliwac@Stav,3,0.00,,,,,,
Area123 (08) troll 246 1099,,George_Adams_H,5005,0.36,NF_Skokomish_F,5005,0.19,Hamma_Hamma_R,5005,0.14,L_Skagit_R_Fa,5016,0.12,Soos_H,5020,0.09
Area123 (08) troll 246 1100,,Wenatchee_R_SF,5026,0.33,Priest_Rapid_H,5026,0.23,Hanford_Reach,5026,0.19,Umatilla_H_Fa,5026,0.15,Nez_PerceT_H,5021,0.05
Area123 (08) troll 246 1101,,Hanford_Reach,5026,0.36,Priest_Rapid_H,5026,0.34,Wenatchee_R_SF,5026,0.16,ClearwaterRFa,5021,0.05,Marion_Drain_Fa,5026,0.02
Area123 (08) troll 246 1102,,Priest_Rapid_H,5026,0.34,Hanford_Reach,5026,0.32,Marion_Drain_Fa,5026,0.16,ClearwaterRFa,5021,0.10,Nez_PerceT_H,5021,0.03
Area123 (08) troll 246 1103,,Hanford_Reach,5026,0.80,Nez_PerceT_H,5021,0.08,Umatilla_H_Fa,5026,0.04,Lyons_Ferry_H,5021,0.03,L_Wh_Sal_H_SF,5026,0.03
Area123 (08) troll 246 1104,,Cowlitz_H_fa,5008,0.27,Lewis_R_Su,5008,0.18,Abernathy_Cr_Fa,5008,0.17,Lewis_R_f,5008,0.15,Washougal_R_Fa,5008,0.15
Area123 (08) troll 246 1105,,S_Prairie_Cr,5020,0.47,Clear_Cr_H,5020,0.18,NF_Skokomish_F,5005,0.14,George_Adams_H,5005,0.08,Soos_H,5020,0.07
Area123 (08) troll 246 1106,,Spring_Cr_col,5030,0.97,Abernathy_NFH_F,5008,0.03,Washougal_R_Fa,5008,0.00,,,,,,
Area123 (08) troll 246 1107,,Hanford_Reach,5026,0.68,Priest_Rapid_H,5026,0.23,Umatilla_H_Fa,5026,0.06,Wenatchee_R_SF,5026,0.01,L_Wh_Sal_H_SF,5026,0.01
Area123 (08) troll 246 1108,,Cowlitz_H_fa,5008,0.39,Washougal_R_Fa,5008,0.32,Abernathy_NFH_F,5008,0.23,Spring_Cr_col,5030,0.03,Abernathy_Cr_Fa,5008,0.01
Area123 (08) troll 246 1109,,Chilliwack_F,3,0.65,Harrison,3,0.33,Chilliwac@Stav,3,0.02,Umpqua_H,5011,0.00,Wenatchee_R_SF,5026,0.00
Area123 (08) troll 246 1110,,Soos_H,5020,0.50,L_Skagit_R_Fa,5016,0.20,Hamma_Hamma_R,5005,0.11,S_Prairie_Cr,5020,0.07,George_Adams_H,5005,0.05
Area123 (08) troll 246 1111,,Harrison,3,0.99,Chilliwac@Stav,3,0.01,Chilliwack_F,3,0.00,Hanford_Reach,5026,0.00,Lyons_Ferry_H,5021,0.00
Area123 (08) troll 246 1112,,George_Adams_H,5005,0.59,Clear_Cr_H,5020,0.17,NF_Skokomish_F,5005,0.15,Soos_H,5020,0.03,Samish_H,5016,0.02
Area123 (08) troll 246 1113,,Harrison,3,0.42,Soos_H,5020,0.31,Samish_H,5016,0.10,S_Prairie_Cr,5020,0.09,Clear_Cr_H,5020,0.03
Area123 (08) troll 246 1114,,Cowlitz_H_fa,5008,0.34,Washougal_R_Fa,5008,0.20,Lewis_R_Su,5008,0.15,Green_R_Fa,5008,0.14,Cowlitz_H_sp,5009,0.11
Area123 (08) troll 246 1115,,Washougal_R_Fa,5008,0.31,Abernathy_Cr_Fa,5008,0.30,Cowlitz_H_fa,5008,0.15,Elochoman_H,5030,0.13,Abernathy_NFH_F,5008,0.05
Area123 (08) troll 246 1116,,Chilliwack_F,3,0.68,Harrison,3,0.32,Chilliwac@Stav,3,0.00,,,,,,
Area123 (08) troll 246 1117,,NF_Nooksack_H,5016,1.00,Skagit_R,5016,0.00,,,,,,,,,
Area123 (08) troll 246 1118,,George_Adams_H,5005,0.37,Samish_H,5016,0.34,NF_Skokomish_F,5005,0.26,Hamma_Hamma_R,5005,0.01,S_Prairie_Cr,5020,0.01
Area123 (08) troll 246 1119,,NF_Nooksack_H,5016,0.69,Hamma_Hamma_R,5005,0.16,Klamath_R_fa,5007,0.06,George_Adams_H,5005,0.02,Soos_H,5020,0.02
Area123 (08) troll 246 1120,,Chilliwack_F,3,0.55,Harrison,3,0.45,Chilliwac@Stav,3,0.01,ClearwaterRFa,5021,0.00,Hanford_Reach,5026,0.00
Area123 (08) troll 246 1121,,Spring_Cr_col,5030,0.90,Abernathy_NFH_F,5008,0.08,Big_Cr_H_Col,5030,0.01,Abernathy_Cr_Fa,5008,0.01,Elochoman_H,5030,0.00
Area123 (08) troll 246 1122,,Chilliwack_F,3,0.83,Harrison,3,0.15,Chilliwac@Stav,3,0.02,Umpqua_H,5011,0.00,George_Adams_H,5005,0.00
Area123 (08) troll 246 1123,,Harrison,3,1.00,Chilliwack_F,3,0.00,Chilliwac@Stav,3,0.00,Skagit_R,5016,0.00,L_Skagit_R_Fa,5016,0.00
Area123 (08) troll 246 1124,,Harrison,3,0.73,Chilliwack_F,3,0.09,Chilliwac@Stav,3,0.09,L_Skagit_R_Fa,5016,0.03,Millicoma_R,5011,0.03
Area123 (08) troll 246 1125,,Sol_Duc_H,5028,0.72,Abernathy_NFH_F,5008,0.22,Washougal_R_Fa,5008,0.05,Cowlitz_H_fa,5008,0.01,Spring_Cr_col,5030,0.00
Area123 (08) troll 246 1126,,Harrison,3,0.61,Hanford_Reach,5026,0.24,Chilliwac@Stav,3,0.14,Lyons_Ferry_H,5021,0.01,Abernathy_Cr_Fa,5008,0.00
Area123 (08) troll 246 1127,,Hanford_Reach,5026,0.58,Priest_Rapid_H,5026,0.23,Nez_PerceT_H,5021,0.13,ClearwaterRFa,5021,0.02,Lyons_Ferry_H,5021,0.01
Area123 (08) troll 246 1128,,George_Adams_H,5005,0.32,S_Prairie_Cr,5020,0.32,Clear_Cr_H,5020,0.18,NF_Skokomish_F,5005,0.05,Soos_H,5020,0.05
Area123 (08) troll 246 1129,,Lyons_Ferry_H,5021,0.79,Hanford_Reach,5026,0.10,Umatilla_H_Fa,5026,0.08,L_Wh_Sal_H_SF,5026,0.03,U_Deschutes_R,5004,0.01
Area123 (08) troll 246 1130,,Abernathy_NFH_F,5008,0.47,Spring_Cr_col,5030,0.44,Lewis_R_f,5008,0.04,Elochoman_H,5030,0.02,Big_Cr_H_Col,5030,0.01
Area123 (08) troll 246 1131,,Hanford_Reach,5026,0.59,Lyons_Ferry_H,5021,0.10,ClearwaterRFa,5021,0.09,Priest_Rapid_H,5026,0.09,Nez_PerceT_H,5021,0.07
Area123 (08) troll 246 1132,,Hanford_Reach,5026,0.44,Priest_Rapid_H,5026,0.37,L_Wh_Sal_H_SF,5026,0.09,N_Santiam_H,5029,0.02,McKenzie_H,5029,0.02
Area123 (08) troll 246 1133,,Harrison,3,1.00,Chilliwack_F,3,0.00,,,,,,,,,
Area123 (08) troll 246 1134,,Clear_Cr_H,5020,0.39,Samish_H,5016,0.25,George_Adams_H,5005,0.17,S_Prairie_Cr,5020,0.13,Soos_H,5020,0.04
Area123 (08) troll 246 1135,,Harrison,3,0.87,Chilliwack_F,3,0.13,Chilliwac@Stav,3,0.00,,,,,,
Area123 (08) troll 246 1136,,Chilliwack_F,3,0.66,Harrison,3,0.25,Chilliwac@Stav,3,0.09,L_Skagit_R_Fa,5016,0.00,Abernathy_NFH_F,5008,0.00
Area123 (08) troll 246 1137,,Samish_H,5016,0.52,S_Prairie_Cr,5020,0.27,Soos_H,5020,0.10,George_Adams_H,5005,0.03,Clear_Cr_H,5020,0.02
Area123 (08) troll 246 1138,,Soos_H,5020,0.37,S_Prairie_Cr,5020,0.35,George_Adams_H,5005,0.23,Hamma_Hamma_R,5005,0.01,Bear_Cr_SuFa,5020,0.01
Area123 (08) troll 246 1139,,Harrison,3,1.00,Chilliwack_F,3,0.00,U_Sauk_R_SpSu,5016,0.00,,,,,,
Area123 (08) troll 246 1140,,Lyons_Ferry_H,5021,0.58,ClearwaterRFa,5021,0.20,Priest_Rapid_H,5026,0.08,Hanford_Reach,5026,0.07,Marion_Drain_Fa,5026,0.05
Area123 (08) troll 246 1141,,Harrison,3,0.98,Chilliwack_F,3,0.02,,,,,,,,,
Area123 (08) troll 246 1142,,ClearwaterRFa,5021,0.48,Nez_PerceT_H,5021,0.34,Lyons_Ferry_H,5021,0.06,L_Deschutes_R,5004,0.04,U_Deschutes_R,5004,0.03
Area123 (08) troll 246 1143,,Harrison,3,0.73,Chilliwack_F,3,0.27,Chilliwac@Stav,3,0.00,U_Nahlin_R,5025,0.00,L_Skagit_R_Fa,5016,0.00
Area123 (08) troll 246 1144,,Clear_Cr_H,5020,0.91,George_Adams_H,5005,0.04,Soos_H,5020,0.03,NF_Skokomish_F,5005,0.01,Samish_H,5016,0.01
Area123 (08) troll 246 1145,,Abernathy_NFH_F,5008,0.64,Spring_Cr_col,5030,0.18,Big_Cr_H_Col,5030,0.14,Elochoman_H,5030,0.03,Cowlitz_H_fa,5008,0.00
Area123 (08) troll 246 1146,,Lyons_Ferry_H,5021,0.48,ClearwaterRFa,5021,0.25,Nez_PerceT_H,5021,0.13,Marion_Drain_Fa,5026,0.07,Hanford_Reach,5026,0.05
Area123 (08) troll 246 1147,,Queets_R,5028,0.97,Humptulips_H,5028,0.03,Salmon_R_f,5015,0.00,Marblemount_Hsu,5016,0.00,Priest_Rapid_H,5026,0.00
Area123 (08) troll 246 1148,,Spring_Cr_col,5030,0.87,Abernathy_NFH_F,5008,0.08,Elochoman_H,5030,0.03,Big_Cr_H_Col,5030,0.01,Abernathy_Cr_Fa,5008,0.01
Area123 (08) troll 246 1149,,Washougal_R_Fa,5008,0.71,Lewis_R_f,5008,0.21,Green_R_Fa,5008,0.06,Lewis_R_Su,5008,0.01,Lewis_R_LSu,5008,0.00
Area123 (08) troll 246 1150,,NF_Skokomish_F,5005,0.44,S_Prairie_Cr,5020,0.23,Soos_H,5020,0.13,Skagit_R,5016,0.05,L_Skagit_R_Fa,5016,0.03
Area123 (08) troll 246 1151,,U_Deschutes_R,5004,0.34,Hanford_Reach,5026,0.13,Lyons_Ferry_H,5021,0.09,Humptulips_H,5028,0.07,Forks_Cr_H,5028,0.06
Area123 (08) troll 246 1152,,Harrison,3,0.58,Chilliwack_F,3,0.38,Chilliwac@Stav,3,0.03,Lewis_R_LSu,5008,0.00,Washougal_R_Fa,5008,0.00
Area123 (08) troll 246 1153,,Skagit_R,5016,0.93,U_Sauk_R_SpSu,5016,0.02,Marion_Drain_Fa,5026,0.02,Hanford_Reach,5026,0.01,Lyons_Ferry_H,5021,0.01
Area123 (08) troll 246 1154,,Wenatchee_R_SF,5026,0.13,Priest_Rapid_H,5026,0.12,Nez_PerceT_H,5021,0.09,Hanford_Reach,5026,0.09,Skagit_R,5016,0.08
Area123 (08) troll 246 1155,,Hanford_Reach,5026,0.57,Marion_Drain_Fa,5026,0.23,Priest_Rapid_H,5026,0.08,Priest_Rapids_H,5026,0.04,Wenatchee_R_SF,5026,0.04
Area123 (08) troll 246 1156,,Harrison,3,0.77,Chilliwac@Stav,3,0.16,Chilliwack_F,3,0.06,South_Thom,5,0.01,L_Skagit_R_Fa,5016,0.00
Area123 (08) troll 246 1157,,Hanford_Reach,5026,0.84,Lyons_Ferry_H,5021,0.06,ClearwaterRFa,5021,0.03,Priest_Rapid_H,5026,0.02,Wenatchee_R_SF,5026,0.01
Area123 (08) troll 246 1158,,George_Adams_H,5005,0.85,Clear_Cr_H,5020,0.06,S_Prairie_Cr,5020,0.04,NF_Skokomish_F,5005,0.03,Samish_H,5016,0.01
Area123 (08) troll 246 1159,,Chilliwack_F,3,0.49,Harrison,3,0.46,Chilliwac@Stav,3,0.05,L_Skagit_R_Fa,5016,0.00,,,
Area123 (08) troll 246 1160,,Umpqua_H,5011,0.99,Skagit_R,5016,0.00,Forks_Cr_H,5028,0.00,Columbia_Rogue,5019,0.00,L_Skagit_R_Fa,5016,0.00
Area123 (08) troll 246 1161,,U_Deschutes_R,5004,1.00,,,,,,,,,,,,
Area123 (08) troll 246 1162,,Samish_H,5016,0.93,S_Prairie_Cr,5020,0.05,Clear_Cr_H,5020,0.01,NF_Skokomish_F,5005,0.00,L_Skagit_R_Fa,5016,0.00
Area123 (08) troll 246 1163,,Harrison,3,0.50,Chilliwack_F,3,0.36,Chilliwac@Stav,3,0.13,Skagit_R,5016,0.00,Nahlin_R_U,5025,0.00
Area123 (08) troll 246 1164,,Harrison,3,0.96,Chilliwack_F,3,0.02,Skagit_R,5016,0.01,Chilliwac@Stav,3,0.00,Marblemount_HSp,5016,0.00
Area123 (08) troll 246 1165,,Harrison,3,1.00,Chilliwac@Stav,3,0.00,,,,,,,,,
Area123 (08) troll 246 1166,,Harrison,3,0.96,Chilliwack_F,3,0.04,Wenatchee_R_SF,5026,0.00,Chilliwac@Stav,3,0.00,,,
Area123 (08) troll 246 1167,,Lewis_R_Su,5008,0.30,Washougal_R_Fa,5008,0.29,Green_R_Fa,5008,0.14,Lewis_R_f,5008,0.14,Elochoman_H,5030,0.08
Area123 (08) troll 246 1168,,Cowlitz_H_fa,5008,0.90,Cowlitz_H_sp,5009,0.05,Abernathy_Cr_Fa,5008,0.02,Abernathy_NFH_F,5008,0.01,Lewis_R_Su,5008,0.01
Area123 (08) troll 246 1169,,Hamma_Hamma_R,5005,0.36,George_Adams_H,5005,0.24,Soos_H,5020,0.09,NF_Nooksack_H,5016,0.07,Skagit_R,5016,0.06
Area123 (08) troll 246 1170,,Lewis_R_Su,5008,0.42,Lewis_R_LSu,5008,0.24,Cowlitz_H_fa,5008,0.21,Lewis_R_f,5008,0.11,Washougal_R_Fa,5008,0.01
Area123 (08) troll 246 1171,,Harrison,3,0.98,Chilliwack_F,3,0.02,Chilliwac@Stav,3,0.00,,,,,,
Area123 (08) troll 246 1172,,Washougal_R_Fa,5008,0.96,Cowlitz_H_fa,5008,0.01,Lewis_R_f,5008,0.01,Coweeman_R_Fa,5008,0.01,Green_R_Fa,5008,0.00
Area123 (08) troll 246 1173,,Harrison,3,0.59,Chilliwack_F,3,0.41,Chilliwac@Stav,3,0.00,,,,,,
Area123 (08) troll 246 1174,,George_Adams_H,5005,0.67,S_Prairie_Cr,5020,0.18,NF_Skokomish_F,5005,0.07,Clear_Cr_H,5020,0.05,Soos_H,5020,0.02
Area123 (08) troll 246 1175,,Soos_H,5020,0.90,Clear_Cr_H,5020,0.05,S_Prairie_Cr,5020,0.04,Hamma_Hamma_R,5005,0.01,Samish_H,5016,0.00
Area123 (08) troll 246 1176,,Hanford_Reach,5026,0.47,Priest_Rapid_H,5026,0.31,Nez_PerceT_H,5021,0.09,Lyons_Ferry_H,5021,0.09,Umatilla_H_Fa,5026,0.03
Area123 (08) troll 246 1177,,Harrison,3,0.73,Chilliwack_F,3,0.15,Skagit_R,5016,0.05,Chilliwac@Stav,3,0.04,U_Sauk_R_SpSu,5016,0.01
Area123 (08) troll 246 1178,,Lyons_Ferry_H,5021,0.32,Hanford_Reach,5026,0.24,Priest_Rapid_H,5026,0.22,Umatilla_H_Fa,5026,0.05,ClearwaterRFa,5021,0.04
Area123 (08) troll 246 1238,,U_Deschutes_R,5004,1.00,L_Deschutes_R,5004,0.00,,,,,,,,,
Area123 (08) troll 246 1239,,George_Adams_H,5005,0.64,NF_Skokomish_F,5005,0.09,S_Prairie_Cr,5020,0.09,Hamma_Hamma_R,5005,0.09,Clear_Cr_H,5020,0.05
Area123 (08) troll 246 1240,,Priest_Rapid_H,5026,0.20,Washougal_R_Fa,5008,0.15,Hanford_Reach,5026,0.13,Lyons_Ferry_H,5021,0.10,ClearwaterRFa,5021,0.08
Area123 (08) troll 246 1241,,Hanford_Reach,5026,0.40,Nez_PerceT_H,5021,0.27,Priest_Rapid_H,5026,0.17,L_Deschutes_R,5004,0.04,Priest_Rapids_H,5026,0.03
Area123 (08) troll 246 1242,,Cowlitz_H_fa,5008,0.57,Lewis_R_Su,5008,0.39,Cowlitz_H_sp,5009,0.03,Lewis_R_f,5008,0.01,Lewis_R_LSu,5008,0.00
Area123 (08) troll 246 1243,,Harrison,3,0.98,Chilliwac@Stav,3,0.01,Chilliwack_F,3,0.00,NanaimoSu_BackX,7,0.00,L_Skagit_R_Fa,5016,0.00
Area123 (08) troll 246 1244,,Harrison,3,0.63,Chilliwack_F,3,0.36,Chilliwac@Stav,3,0.01,Capilano,9,0.00,,,
Area123 (08) troll 246 1245,,Washougal_R_Fa,5008,0.47,Spring_Cr_col,5030,0.24,Lewis_R_LSu,5008,0.11,Cowlitz_H_fa,5008,0.07,Abernathy_NFH_F,5008,0.05
Area123 (08) troll 246 1246,,Harrison,3,0.95,Chilliwack_F,3,0.04,Chilliwac@Stav,3,0.01,,,,,,
Area123 (08) troll 246 1247,,Lyons_Ferry_H,5021,0.28,Priest_Rapid_H,5026,0.19,Hanford_Reach,5026,0.15,Umatilla_H_Fa,5026,0.09,Nez_PerceT_H,5021,0.09
Area123 (08) troll 246 1248,,George_Adams_H,5005,0.75,NF_Skokomish_F,5005,0.16,Hamma_Hamma_R,5005,0.06,Clear_Cr_H,5020,0.01,Grovers_Cr_H,5020,0.01
Area123 (08) troll 246 1249,,Hanford_Reach,5026,0.50,Priest_Rapid_H,5026,0.24,Nez_PerceT_H,5021,0.13,ClearwaterRFa,5021,0.09,Lyons_Ferry_H,5021,0.02
Area123 (08) troll 246 1250,,Samish_H,5016,0.57,L_Skagit_R_Fa,5016,0.28,S_Prairie_Cr,5020,0.08,Skagit_R,5016,0.03,Harrison,3,0.01
Area123 (08) troll 246 1251,,Harrison,3,0.95,Chilliwac@Stav,3,0.03,Chilliwack_F,3,0.01,Skagit_R,5016,0.01,L_Skagit_R_Fa,5016,0.00
Area123 (08) troll 246 1252,,Hanford_Reach,5026,0.66,Priest_Rapid_H,5026,0.32,Umatilla_H_Fa,5026,0.01,Wells_H,5026,0.01,Lyons_Ferry_H,5021,0.00
Area123 (08) troll 246 1253,,L_Skagit_R_Fa,5016,0.57,U_Sauk_R_SpSu,5016,0.24,Skagit_R,5016,0.10,NF_Skokomish_F,5005,0.05,Snoqualmie_R,5016,0.02
Area123 (08) troll 246 1254,,Chilliwack_F,3,0.78,Harrison,3,0.22,Chilliwac@Stav,3,0.00,,,,,,
Area123 (08) troll 246 1255,,ClearwaterRFa,5021,0.42,Umpqua_H,5011,0.24,U_Deschutes_R,5004,0.10,L_Deschutes_R,5004,0.06,Wenatchee_R_SF,5026,0.04
Area123 (08) troll 246 1256,,Harrison,3,0.81,Hanford_Reach,5026,0.07,Big_Qualicum,7,0.03,Samish_H,5016,0.02,Capilano,9,0.02
Area123 (08) troll 246 1257,,Chilliwac@Stav,3,0.61,Harrison,3,0.30,Chilliwack_F,3,0.09,Nez_PerceT_H,5021,0.00,ClearwaterRFa,5021,0.00
Area123 (08) troll 246 1258,,Chilliwack_F,3,0.95,Harrison,3,0.05,Chilliwac@Stav,3,0.00,,,,,,
Area123 (08) troll 246 1259,,U_Deschutes_R,5004,1.00,L_Deschutes_R,5004,0.00,,,,,,,,,
Area123 (08) troll 246 1260,,Harrison,3,0.78,Chilliwack_F,3,0.13,Chilliwac@Stav,3,0.03,Abernathy_Cr_Fa,5008,0.02,South_Thom,5,0.02
Area123 (08) troll 246 1551,,South_Thom,5,0.99,L_Thompson,5,0.00,Little_R,5,0.00,,,,,,
Area123 (08) troll 246 1552,,Chilliwack_F,3,0.81,Harrison,3,0.19,ClearwaterRFa,5021,0.00,Skagit_R,5016,0.00,Priest_Rapid_H,5026,0.00
Area123 (08) troll 246 1553,,Harrison,3,0.98,Chilliwack_F,3,0.02,Chilliwac@Stav,3,0.00,S_Prairie_Cr,5020,0.00,,,
Area123 (08) troll 246 1554,,Harrison,3,0.95,Chilliwack_F,3,0.05,Neechanze,10,0.00,Skagit_R,5016,0.00,Chilliwac@Stav,3,0.00
Area123 (08) troll 246 1555,,Washougal_R_Fa,5008,0.73,Lewis_R_f,5008,0.20,Green_R_Fa,5008,0.06,Lewis_R_Su,5008,0.01,Abernathy_Cr_Fa,5008,0.00
Area123 (08) troll 246 1556,,Harrison,3,0.71,Chilliwack_F,3,0.29,,,,,,,,,
Area123 (08) troll 246 1557,,Chilliwack_F,3,0.77,Harrison,3,0.22,Chilliwac@Stav,3,0.00,Samish_H,5016,0.00,Washougal_R_Fa,5008,0.00
Area123 (08) troll 246 156,Dupe with 1256,George_Adams_H,5005,0.23,Harrison,3,0.21,Soos_H,5020,0.17,Clear_Cr_H,5020,0.10,Chilliwack_F,3,0.09
Area123 (08) troll 246 1563,,Nahlin_R_U,5025,0.42,U_Nahlin_R,5025,0.30,Nahlin,17,0.13,Harrison,3,0.08,Chilliwack_F,3,0.01
Area123 (08) troll 246 1564,,Harrison,3,0.95,Chilliwack_F,3,0.05,Chilliwac@Stav,3,0.00,,,,,,
Area123 (08) troll 246 157,Dupe with 1249,Harrison,3,0.94,Chilliwack_F,3,0.06,South_Thom,5,0.00,L_Thompson,5,0.00,,,
Area123 (08) troll 246 158,,Coquille_R,5011,0.73,Queets_R,5028,0.16,Millicoma_R,5011,0.06,Abernathy_Cr_Fa,5008,0.02,Sol_Duc_H,5028,0.01
Area123 (08) troll 246 159,,Coquille_R,5011,0.77,Skagit_R,5016,0.10,Lewis_R_LSu,5008,0.05,Millicoma_R,5011,0.03,Washougal_R_Fa,5008,0.02
Area123 (08) troll 246 160,,Hanford_Reach,5026,0.54,Priest_Rapid_H,5026,0.28,Lyons_Ferry_H,5021,0.08,Nez_PerceT_H,5021,0.04,L_Wh_Sal_H_SF,5026,0.02
Area123 (08) troll 246 161,Dupe with 540 1260,Harrison,3,0.94,Chilliwack_F,3,0.06,Chilliwac@Stav,3,0.00,,,,,,
Area123 (08) troll 246 162,,Harrison,3,1.00,Chilliwack_F,3,0.00,,,,,,,,,
Area123 (08) troll 246 163,Dupe with 538,Harrison,3,0.92,Chilliwack_F,3,0.08,Chilliwac@Stav,3,0.00,,,,,,
Area123 (08) troll 246 164,,Priest_Rapid_H,5026,0.75,Hanford_Reach,5026,0.17,Lyons_Ferry_H,5021,0.03,Wenatchee_R_SF,5026,0.02,Nez_PerceT_H,5021,0.01
Area123 (08) troll 246 165,,ClearwaterRFa,5021,0.83,Hanford_Reach,5026,0.08,Priest_Rapid_H,5026,0.04,Lyons_Ferry_H,5021,0.04,Nez_PerceT_H,5021,0.01
Area123 (08) troll 246 166,Dupe with 1252,Washougal_R_Fa,5008,0.40,Green_R_Fa,5008,0.22,Elochoman_H,5030,0.18,Abernathy_NFH_F,5008,0.13,Abernathy_Cr_Fa,5008,0.05
Area123 (08) troll 246 167,Dupe with 1250,Harrison,3,0.78,Chilliwack_F,3,0.12,NanaimoSu_BackX,7,0.10,Chilliwac@Stav,3,0.01,Priest_Rapid_H,5026,0.00
Area123 (08) troll 246 168,,Lewis_R_Su,5008,0.22,Lewis_R_f,5008,0.21,Queets_R,5028,0.17,Washougal_R_Fa,5008,0.15,Abernathy_Cr_Fa,5008,0.06
Area123 (08) troll 246 169,,Coquille_R,5011,0.95,Sixes_R,5011,0.02,Millicoma_R,5011,0.02,Trask_R,5015,0.00,Elk_H,5011,0.00
Area123 (08) troll 246 170,,Abernathy_NFH_F,5008,0.39,Washougal_R_Fa,5008,0.23,Abernathy_Cr_Fa,5008,0.17,Spring_Cr_col,5030,0.10,Elochoman_H,5030,0.08
Area123 (08) troll 246 171,,Spring_Cr_col,5030,0.98,Abernathy_NFH_F,5008,0.01,Big_Cr_H_Col,5030,0.00,Elochoman_H,5030,0.00,Abernathy_Cr_Fa,5008,0.00
Area123 (08) troll 246 172,Dupe with 559 557,Lewis_R_LSu,5008,0.90,Nez_PerceT_H,5021,0.10,,,,,,,,,
Area123 (08) troll 246 174,Dupe with 1280,Samish_H,5016,0.59,George_Adams_H,5005,0.31,S_Prairie_Cr,5020,0.05,NF_Skokomish_F,5005,0.04,Hamma_Hamma_R,5005,0.00
Area123 (08) troll 246 175,Dupe with 560,Lewis_R_LSu,5008,0.90,Nez_PerceT_H,5021,0.10,Lyons_Ferry_H,5021,0.00,,,,,,
Area123 (08) troll 246 176,Dupe with 561,Lewis_R_LSu,5008,0.90,Nez_PerceT_H,5021,0.10,Lyons_Ferry_H,5021,0.00,,,,,,
Area123 (08) troll 246 177,Dupe with 558,Wenatchee_R_SF,5026,0.89,Priest_Rapid_H,5026,0.07,Umatilla_H_Fa,5026,0.02,Hanford_Reach,5026,0.01,Wells_H,5026,0.00
Area123 (08) troll 246 178,Dupe with 560 559,Lewis_R_LSu,5008,0.90,Nez_PerceT_H,5021,0.10,,,,,,,,,
Area123 (08) troll 246 179,,U_Deschutes_R,5004,0.42,Hanford_Reach,5026,0.24,ClearwaterRFa,5021,0.11,Wenatchee_R_SF,5026,0.10,Marion_Drain_Fa,5026,0.06
Area123 (08) troll 246 180,Dupe with 558,Wenatchee_R_SF,5026,0.90,Priest_Rapid_H,5026,0.07,Umatilla_H_Fa,5026,0.02,Hanford_Reach,5026,0.01,Wells_H,5026,0.00
Area123 (08) troll 246 181,Dupe with 549 561,Lewis_R_LSu,5008,0.90,Nez_PerceT_H,5021,0.10,,,,,,,,,
Area123 (08) troll 246 182,Dupe with 556 553,Wenatchee_R_SF,5026,0.89,Priest_Rapid_H,5026,0.07,Umatilla_H_Fa,5026,0.02,Hanford_Reach,5026,0.01,Wells_H,5026,0.00
Area123 (08) troll 246 183,Dupe with 554 549,Lewis_R_LSu,5008,0.90,Nez_PerceT_H,5021,0.10,Lyons_Ferry_H,5021,0.00,,,,,,
Area123 (08) troll 246 184,Dupe with 551 554,Lewis_R_LSu,5008,0.90,Nez_PerceT_H,5021,0.10,,,,,,,,,
Area123 (08) troll 246 185,Dupe with 557 552,Lewis_R_LSu,5008,0.90,Nez_PerceT_H,5021,0.10,,,,,,,,,
Area123 (08) troll 246 186,,Spring_Cr_col,5030,0.79,Big_Cr_H_Col,5030,0.19,Elochoman_H,5030,0.02,Abernathy_NFH_F,5008,0.01,Washougal_R_Fa,5008,0.00
Area123 (08) troll 246 187,Dupe with 1257,Harrison,3,0.56,Chilliwack_F,3,0.37,Chilliwac@Stav,3,0.07,L_Skagit_R_Fa,5016,0.00,Snoqualmie_R,5016,0.00
Area123 (08) troll 246 188,,Harrison,3,0.39,U_Deschutes_R,5004,0.25,NF_Nooksack_H,5016,0.17,Chilliwac@Stav,3,0.07,Skagit_R,5016,0.06
Area123 (08) troll 246 189,,Cowlitz_H_fa,5008,0.64,Lewis_R_Su,5008,0.18,Washougal_R_Fa,5008,0.11,Lewis_R_LSu,5008,0.04,Lewis_R_f,5008,0.02
Area123 (08) troll 246 190,,Hanford_Reach,5026,0.51,ClearwaterRFa,5021,0.45,Lyons_Ferry_H,5021,0.01,Abernathy_Cr_Fa,5008,0.00,L_Wh_Sal_H_SF,5026,0.00
Area123 (08) troll 246 191,,Umpqua_H,5011,0.96,Klamath_R_fa,5007,0.02,Columbia_Rogue,5019,0.01,Priest_Rapid_H,5026,0.00,Wenatchee_R_SF,5026,0.00
Area123 (08) troll 246 192,,Harrison,3,0.52,Chilliwac@Stav,3,0.37,Chilliwack_F,3,0.08,Skagit_R,5016,0.02,U_Sauk_R_SpSu,5016,0.00
Area123 (08) troll 246 193,,Harrison,3,0.65,Chilliwack_F,3,0.22,Chilliwac@Stav,3,0.13,,,,,,
Area123 (08) troll 246 194,,Chilliwack_F,3,0.96,Harrison,3,0.03,Chilliwac@Stav,3,0.01,ClearwaterRFa,5021,0.00,,,
Area123 (08) troll 246 195,,Chilliwack_F,3,0.84,Harrison,3,0.16,Chilliwac@Stav,3,0.00,,,,,,
Area123 (08) troll 246 196,,Priest_Rapid_H,5026,0.38,Hanford_Reach,5026,0.25,Chilliwack_F,3,0.16,ClearwaterRFa,5021,0.12,Umatilla_H_Fa,5026,0.01
Area123 (08) troll 246 197,,Skagit_R,5016,0.85,L_Skagit_R_Fa,5016,0.13,Marblemount_Hsu,5016,0.01,U_Sauk_R_SpSu,5016,0.00,Hamma_Hamma_R,5005,0.00
Area123 (08) troll 246 198,,Cowlitz_H_fa,5008,0.96,Lewis_R_f,5008,0.02,Lewis_R_Su,5008,0.01,Washougal_R_Fa,5008,0.00,Cowlitz_H_sp,5009,0.00
Area123 (08) troll 246 199,,George_Adams_H,5005,0.40,Soos_H,5020,0.28,S_Prairie_Cr,5020,0.12,Hamma_Hamma_R,5005,0.06,Clear_Cr_H,5020,0.06
Area123 (08) troll 246 200,,Harrison,3,0.55,Chilliwack_F,3,0.45,Chilliwac@Stav,3,0.00,Hanford_Reach,5026,0.00,Priest_Rapid_H,5026,0.00
Area123 (08) troll 246 201,,Queets_R,5028,0.77,Nehalem_R,5015,0.19,Coquille_R,5011,0.02,Humptulips_H,5028,0.02,Forks_Cr_H,5028,0.00
Area123 (08) troll 246 202,,Hanford_Reach,5026,0.71,Lyons_Ferry_H,5021,0.16,Priest_Rapid_H,5026,0.06,ClearwaterRFa,5021,0.03,Nez_PerceT_H,5021,0.02
Area123 (08) troll 246 203,,Priest_Rapid_H,5026,0.58,Hanford_Reach,5026,0.35,Umatilla_H_Fa,5026,0.05,Priest_Rapids_H,5026,0.01,Methow_R,5026,0.00
Area123 (08) troll 246 204,,Harrison,3,0.55,Abernathy_Cr_Fa,5008,0.14,L_Skagit_R_Fa,5016,0.06,George_Adams_H,5005,0.04,Lewis_R_f,5008,0.04
Area123 (08) troll 246 205,,Harrison,3,0.87,Chilliwack_F,3,0.13,L_Skagit_R_Fa,5016,0.00,Chilliwac@Stav,3,0.00,Samish_H,5016,0.00
Area123 (08) troll 246 206,,Harrison,3,0.53,Skagit_R,5016,0.18,Chilliwac@Stav,3,0.14,George_Adams_H,5005,0.06,L_Skagit_R_Fa,5016,0.03
Area123 (08) troll 246 207,,Chilliwack_F,3,1.00,,,,,,,,,,,,
Area123 (08) troll 246 208,,Harrison,3,0.89,Chilliwack_F,3,0.09,Skagit_R,5016,0.01,Chilliwac@Stav,3,0.01,Samish_H,5016,0.00
Area123 (08) troll 246 209,,Harrison,3,0.95,Chilliwack_F,3,0.05,Chilliwac@Stav,3,0.00,,,,,,
Area123 (08) troll 246 210,,Washougal_R_Fa,5008,0.83,Abernathy_Cr_Fa,5008,0.06,Lewis_R_f,5008,0.03,Abernathy_NFH_F,5008,0.03,Cowlitz_H_fa,5008,0.02
Area123 (08) troll 246 211,,Hanford_Reach,5026,0.62,Priest_Rapid_H,5026,0.28,Umatilla_H_Fa,5026,0.08,Nez_PerceT_H,5021,0.01,Priest_Rapids_H,5026,0.00
Area123 (08) troll 246 212,,Nanaimo_SU,7,0.94,Nanaimo_SP,7,0.06,Nanaimo_F,7,0.00,,,,,,
Area123 (08) troll 246 213,,Chilliwac@Stav,3,0.37,Harrison,3,0.32,Chilliwack_F,3,0.30,Skagit_R,5016,0.00,L_Skagit_R_Fa,5016,0.00
Area123 (08) troll 246 214,,Samish_H,5016,0.61,NF_Skokomish_F,5005,0.14,Hamma_Hamma_R,5005,0.13,George_Adams_H,5005,0.06,Soos_H,5020,0.02
Area123 (08) troll 246 215,,Harrison,3,0.82,Chilliwack_F,3,0.18,Chilliwac@Stav,3,0.00,,,,,,
Area123 (08) troll 246 216,,Harrison,3,0.93,Chilliwack_F,3,0.06,Chilliwac@Stav,3,0.00,,,,,,
Area123 (08) troll 246 217,,Harrison,3,0.99,Chilliwack_F,3,0.01,Samish_H,5016,0.00,Chilliwac@Stav,3,0.00,L_Skagit_R_Fa,5016,0.00
Area123 (08) troll 246 218,,Harrison,3,0.75,Chilliwac@Stav,3,0.12,Chilliwack_F,3,0.10,Snoqualmie_R,5016,0.01,L_Skagit_R_Fa,5016,0.01
Area123 (08) troll 246 219,,Chilliwack_F,3,0.69,Harrison,3,0.31,Chilliwac@Stav,3,0.00,,,,,,
Area123 (08) troll 246 220,,Harrison,3,0.87,Chilliwack_F,3,0.12,L_Skagit_R_Fa,5016,0.00,U_Sauk_R_SpSu,5016,0.00,Chilliwac@Stav,3,0.00
Area123 (08) troll 246 221,,Harrison,3,0.80,Chilliwack_F,3,0.18,Chilliwac@Stav,3,0.01,Marblemount_HSp,5016,0.00,U_Sauk_R_SpSu,5016,0.00
Area123 (08) troll 246 222,,Harrison,3,0.84,Chilliwack_F,3,0.14,Chilliwac@Stav,3,0.01,,,,,,
Area123 (08) troll 246 223,,Hanford_Reach,5026,0.79,Umatilla_H_Fa,5026,0.16,Priest_Rapid_H,5026,0.04,Lyons_Ferry_H,5021,0.01,Nez_PerceT_H,5021,0.00
Area123 (08) troll 246 224,,Washougal_R_Fa,5008,0.40,Lewis_R_f,5008,0.28,Lewis_R_LSu,5008,0.19,Lewis_R_Su,5008,0.08,Green_R_Fa,5008,0.04
Area123 (08) troll 246 225,,Spring_Cr_col,5030,0.64,Abernathy_NFH_F,5008,0.33,Big_Cr_H_Col,5030,0.04,Elochoman_H,5030,0.00,Cowlitz_H_fa,5008,0.00
Area123 (08) troll 246 226,,Harrison,3,0.53,Chilliwac@Stav,3,0.31,Chilliwack_F,3,0.11,Skagit_R,5016,0.01,L_Skagit_R_Fa,5016,0.01
Area123 (08) troll 246 227,,Harrison,3,0.91,Chilliwack_F,3,0.08,Chilliwac@Stav,3,0.02,,,,,,
Area123 (08) troll 246 228,,Harrison,3,1.00,Chilliwack_F,3,0.00,Chilliwac@Stav,3,0.00,,,,,,
Area123 (08) troll 246 229,,Harrison,3,0.75,Chilliwack_F,3,0.21,Chilliwac@Stav,3,0.04,,,,,,
Area123 (08) troll 246 230,,Priest_Rapid_H,5026,0.62,Hanford_Reach,5026,0.18,Priest_Rapids_H,5026,0.07,Nez_PerceT_H,5021,0.03,ClearwaterRFa,5021,0.03
Area123 (08) troll 246 231,,Harrison,3,1.00,Chilliwac@Stav,3,0.00,Chilliwack_F,3,0.00,Lyons_Ferry_H,5021,0.00,Hanford_Reach,5026,0.00
Area123 (08) troll 246 232,,Harrison,3,0.91,Chilliwack_F,3,0.09,Chilliwac@Stav,3,0.00,,,,,,
Area123 (08) troll 246 233,,Harrison,3,0.95,Spring_Cr_col,5030,0.03,Chilliwac@Stav,3,0.01,Chilliwack_F,3,0.01,Skagit_R,5016,0.00
Area123 (08) troll 246 234,,Lyons_Ferry_H,5021,0.71,ClearwaterRFa,5021,0.10,Nez_PerceT_H,5021,0.09,Hanford_Reach,5026,0.03,Wenatchee_R_SF,5026,0.01
Area123 (08) troll 246 235,,Harrison,3,0.78,Chilliwack_F,3,0.11,Chilliwac@Stav,3,0.08,NanaimoSu_BackX,7,0.03,Clear_Cr_H,5020,0.00
Area123 (08) troll 246 236,,Harrison,3,0.66,Chilliwack_F,3,0.33,Chilliwac@Stav,3,0.00,L_Skagit_R_Fa,5016,0.00,,,
Area123 (08) troll 246 237,,Harrison,3,1.00,Chilliwack_F,3,0.00,,,,,,,,,
Area123 (08) troll 246 238,,Harrison,3,0.68,Chilliwack_F,3,0.32,Chilliwac@Stav,3,0.00,,,,,,
Area123 (08) troll 246 239,,Harrison,3,0.74,Chilliwac@Stav,3,0.19,Chilliwack_F,3,0.07,,,,,,
Area123 (08) troll 246 240,,Hanford_Reach,5026,0.58,Nez_PerceT_H,5021,0.13,Priest_Rapid_H,5026,0.11,Umatilla_H_Fa,5026,0.09,ClearwaterRFa,5021,0.04
Area123 (08) troll 246 241,,Hanford_Reach,5026,0.61,Queets_R,5028,0.11,Humptulips_H,5028,0.10,Priest_Rapid_H,5026,0.05,Umpqua_H,5011,0.03
Area123 (08) troll 246 242,,Harrison,3,0.94,Chilliwack_F,3,0.05,Chilliwac@Stav,3,0.00,L_Skagit_R_Fa,5016,0.00,Skagit_R,5016,0.00
Area123 (08) troll 246 243,,Harrison,3,0.47,Chilliwack_F,3,0.31,Chilliwac@Stav,3,0.21,L_Skagit_R_Fa,5016,0.00,S_Prairie_Cr,5020,0.00
Area123 (08) troll 246 244,,Harrison,3,0.84,Chilliwack_F,3,0.12,Chilliwac@Stav,3,0.04,ClearwaterRFa,5021,0.00,Umatilla_H_Fa,5026,0.00
Area123 (08) troll 246 245,,Harrison,3,0.87,Chilliwack_F,3,0.08,Chilliwac@Stav,3,0.04,Barriere,4,0.01,Capilano,9,0.00
Area123 (08) troll 246 246,,Chilliwack_F,3,0.64,Harrison,3,0.32,Chilliwac@Stav,3,0.04,L_Skagit_R_Fa,5016,0.00,,,
Area123 (08) troll 246 247,,Hanford_Reach,5026,0.48,Lyons_Ferry_H,5021,0.41,ClearwaterRFa,5021,0.04,Umatilla_H_Fa,5026,0.03,Marion_Drain_Fa,5026,0.01
Area123 (08) troll 246 248,,Hamma_Hamma_R,5005,0.48,George_Adams_H,5005,0.26,Soos_H,5020,0.17,S_Prairie_Cr,5020,0.03,Samish_H,5016,0.02
Area123 (08) troll 246 249,,Lewis_R_LSu,5008,0.39,Lewis_R_f,5008,0.32,Lewis_R_Su,5008,0.19,Cowlitz_H_fa,5008,0.08,Washougal_R_Fa,5008,0.01
Area123 (08) troll 246 250,,Harrison,3,0.54,Chilliwac@Stav,3,0.40,Chilliwack_F,3,0.06,L_Thompson,5,0.00,Capilano,9,0.00
Area123 (08) troll 246 251,,Harrison,3,0.89,Chilliwack_F,3,0.09,Chilliwac@Stav,3,0.01,S_Prairie_Cr,5020,0.00,L_Skagit_R_Fa,5016,0.00
Area123 (08) troll 246 252,,Harrison,3,0.99,Chilliwac@Stav,3,0.01,Chilliwack_F,3,0.00,Skagit_R,5016,0.00,U_Sauk_R_SpSu,5016,0.00
Area123 (08) troll 246 253,,Harrison,3,0.96,Abernathy_Cr_Fa,5008,0.01,Cowlitz_H_fa,5008,0.01,Chilliwack_F,3,0.01,Lewis_R_Su,5008,0.00
Area123 (08) troll 246 254,,Harrison,3,0.65,Chilliwack_F,3,0.30,Chilliwac@Stav,3,0.04,Lewis_R_LSu,5008,0.01,Queets_R,5028,0.01
Area123 (08) troll 246 255,,Lewis_R_LSu,5008,0.43,Lewis_R_Su,5008,0.32,Cowlitz_H_fa,5008,0.11,Lewis_R_f,5008,0.11,Washougal_R_Fa,5008,0.03
Area123 (08) troll 246 256,,Chilliwac@Stav,3,0.69,Harrison,3,0.31,Chilliwack_F,3,0.00,,,,,,
Area123 (08) troll 246 257,,Spring_Cr_col,5030,0.87,Washougal_R_Fa,5008,0.07,Big_Cr_H_Col,5030,0.03,Abernathy_NFH_F,5008,0.01,Abernathy_Cr_Fa,5008,0.01
Area123 (08) troll 246 258,,Harrison,3,0.77,Chilliwack_F,3,0.22,Chilliwac@Stav,3,0.00,,,,,,
Area123 (08) troll 246 259,,Cowlitz_H_fa,5008,0.81,Big_Cr_H_Col,5030,0.03,Abernathy_NFH_F,5008,0.02,Cowlitz_H_sp,5009,0.02,Nez_PerceT_H,5021,0.02
Area123 (08) troll 246 260,Number of missing Loci exceeded,,,,,,,,,,,,,,,
Area123 (08) troll 246 261,,Harrison,3,0.98,Chilliwack_F,3,0.01,Chilliwac@Stav,3,0.00,N_Thom@Main,4,0.00,,,
Area123 (08) troll 246 262,,Harrison,3,0.96,Chilliwack_F,3,0.04,Chilliwac@Stav,3,0.00,Nahlin,17,0.00,,,
Area123 (08) troll 246 263,,Harrison,3,0.82,Chilliwack_F,3,0.18,Chilliwac@Stav,3,0.00,,,,,,
Area123 (08) troll 246 264,,Spring_Cr_col,5030,0.99,Abernathy_NFH_F,5008,0.00,Big_Cr_H_Col,5030,0.00,Elochoman_H,5030,0.00,L_Skagit_R_Fa,5016,0.00
Area123 (08) troll 246 265,,Harrison,3,0.93,Chilliwac@Stav,3,0.06,Chilliwack_F,3,0.02,,,,,,
Area123 (08) troll 246 266,,Spring_Cr_col,5030,1.00,Big_Cr_H_Col,5030,0.00,Elochoman_H,5030,0.00,Green_R_Fa,5008,0.00,,,
Area123 (08) troll 246 267,,Hanford_Reach,5026,0.84,Nez_PerceT_H,5021,0.10,Priest_Rapid_H,5026,0.02,L_Deschutes_R,5004,0.02,Lyons_Ferry_H,5021,0.01
Area123 (08) troll 246 268,,Chilliwack_F,3,1.00,Chilliwac@Stav,3,0.00,,,,,,,,,
Area123 (08) troll 246 269,,Hanford_Reach,5026,0.56,Priest_Rapid_H,5026,0.33,ClearwaterRFa,5021,0.02,Wenatchee_R_SF,5026,0.02,Umatilla_H_Fa,5026,0.02
Area123 (08) troll 246 270,,George_Adams_H,5005,0.73,L_Skagit_R_Fa,5016,0.08,NF_Skokomish_F,5005,0.06,Clear_Cr_H,5020,0.06,Hamma_Hamma_R,5005,0.04
Area123 (08) troll 246 271,,Chilliwack_F,3,0.90,Harrison,3,0.10,Chilliwac@Stav,3,0.00,,,,,,
Area123 (08) troll 246 272,,Soos_H,5020,0.45,S_Prairie_Cr,5020,0.40,George_Adams_H,5005,0.06,NF_Skokomish_F,5005,0.03,Hamma_Hamma_R,5005,0.01
Area123 (08) troll 246 273,,Chilliwack_F,3,0.96,Harrison,3,0.04,Chilliwac@Stav,3,0.00,Elochoman_H,5030,0.00,Lewis_R_f,5008,0.00
Area123 (08) troll 246 274,,Wenatchee_R_SF,5026,0.74,Wells_H,5026,0.11,Hanford_Reach,5026,0.10,Priest_Rapid_H,5026,0.03,Umatilla_H_Fa,5026,0.02
Area123 (08) troll 246 275,,George_Adams_H,5005,0.54,Clear_Cr_H,5020,0.20,Soos_H,5020,0.06,S_Prairie_Cr,5020,0.05,Big_Qualicum,7,0.04
Area123 (08) troll 246 276,,Harrison,3,0.99,Chilliwack_F,3,0.00,Chilliwac@Stav,3,0.00,George_Adams_H,5005,0.00,,,
Area123 (08) troll 246 277,,Harrison,3,0.86,Chilliwac@Stav,3,0.13,South_Thom,5,0.00,Cheakamus_Su,9,0.00,Cheakamus,9,0.00
Area123 (08) troll 246 278,,Harrison,3,0.97,Chilliwack_F,3,0.02,Chilliwac@Stav,3,0.01,,,,,,
Area123 (08) troll 246 279,,Harrison,3,0.56,Chilliwack_F,3,0.44,Chilliwac@Stav,3,0.00,,,,,,
Area123 (08) troll 246 280,,S_Prairie_Cr,5020,0.43,Clear_Cr_H,5020,0.26,Soos_H,5020,0.21,Samish_H,5016,0.03,Skagit_R,5016,0.03
Area123 (08) troll 246 562,,Spring_Cr_col,5030,0.96,Abernathy_NFH_F,5008,0.02,Big_Cr_H_Col,5030,0.01,Elochoman_H,5030,0.00,,,
Area123 (08) troll 246 563,,Chilliwack_F,3,0.65,Harrison,3,0.26,Chilliwac@Stav,3,0.09,,,,,,
Area123 (08) troll 246 564,,Harrison,3,0.93,Cowlitz_H_fa,5008,0.02,Chilliwac@Stav,3,0.02,Chilliwack_F,3,0.01,ClearwaterRFa,5021,0.00
Area123 (08) troll 246 565,,Clear_Cr_H,5020,0.65,Samish_H,5016,0.22,Soos_H,5020,0.09,NF_Skokomish_F,5005,0.02,George_Adams_H,5005,0.02
Area123 (08) troll 246 566,,ClearwaterRFa,5021,0.19,Soos_H,5020,0.16,Hanford_Reach,5026,0.13,Hamma_Hamma_R,5005,0.11,Umpqua_H,5011,0.10
Area123 (08) troll 246 567,,Cowichan,7,0.99,Big_Qualicum,7,0.00,Puntledge_F,7,0.00,,,,,,
Area123 (08) troll 246 568,,Chilliwack_F,3,0.97,Harrison,3,0.03,Chilliwac@Stav,3,0.00,,,,,,
Area123 (08) troll 246 569,,Nahlin_R_U,5025,0.49,U_Nahlin_R,5025,0.33,Nahlin,17,0.14,Harrison,3,0.02,Washougal_R_Fa,5008,0.01
Area123 (08) troll 246 570,,Cowlitz_H_fa,5008,0.30,Lewis_R_f,5008,0.27,Washougal_R_Fa,5008,0.18,Abernathy_NFH_F,5008,0.16,Lewis_R_Su,5008,0.05
Area123 (08) troll 246 571,,Hanford_Reach,5026,0.76,ClearwaterRFa,5021,0.11,Marion_Drain_Fa,5026,0.05,Priest_Rapid_H,5026,0.03,Priest_Rapids_H,5026,0.02
Area123 (08) troll 246 572,,Chilliwack_F,3,0.81,Harrison,3,0.15,Chilliwac@Stav,3,0.04,,,,,,
Area123 (08) troll 246 573,,Chilliwack_F,3,0.58,Harrison,3,0.40,Chilliwac@Stav,3,0.02,,,,,,
Area123 (08) troll 246 574,,Skagit_R,5016,0.72,Hanford_Reach,5026,0.27,Priest_Rapids_H,5026,0.01,Priest_Rapid_H,5026,0.00,Lyons_Ferry_H,5021,0.00
Area123 (08) troll 246 575,,Priest_Rapid_H,5026,0.50,Hanford_Reach,5026,0.42,Umatilla_H_Fa,5026,0.04,Priest_Rapids_H,5026,0.01,Nez_PerceT_H,5021,0.01
Area123 (08) troll 246 576,,Chilliwack_F,3,0.77,Chilliwac@Stav,3,0.18,Harrison,3,0.04,,,,,,
Area123 (08) troll 246 577,,Cowlitz_H_fa,5008,0.62,Washougal_R_Fa,5008,0.22,Abernathy_Cr_Fa,5008,0.13,Abernathy_NFH_F,5008,0.02,Lewis_R_f,5008,0.01
Area123 (08) troll 246 578,,Chilliwac@Stav,3,0.98,Harrison,3,0.02,Chilliwack_F,3,0.00,,,,,,
Area123 (08) troll 246 579,,Spring_Cr_col,5030,0.97,Abernathy_NFH_F,5008,0.03,Elochoman_H,5030,0.00,Big_Cr_H_Col,5030,0.00,,,
Area123 (08) troll 246 580,,Chilliwack_F,3,0.88,Harrison,3,0.12,Chilliwac@Stav,3,0.01,,,,,,
Area123 (08) troll 246 581,,Harrison,3,0.98,Chilliwack_F,3,0.02,Chilliwac@Stav,3,0.01,South_Thom,5,0.00,,,
Area123 (08) troll 246 582,,Lewis_R_Su,5008,0.41,Lewis_R_LSu,5008,0.38,Washougal_R_Fa,5008,0.13,Lewis_R_f,5008,0.04,Cowlitz_H_fa,5008,0.03
Area123 (08) troll 246 583,,Harrison,3,0.99,Samish_H,5016,0.00,Skagit_R,5016,0.00,L_Skagit_R_Fa,5016,0.00,U_Sauk_R_SpSu,5016,0.00
Area123 (08) troll 246 584,,Chilliwack_F,3,0.74,Harrison,3,0.26,Chilliwac@Stav,3,0.00,Skagit_R,5016,0.00,NF_Skokomish_F,5005,0.00
Area123 (08) troll 246 585,,Chilliwack_F,3,0.77,Harrison,3,0.14,Chilliwac@Stav,3,0.09,,,,,,
Area123 (08) troll 246 586,,Clear_Cr_H,5020,0.41,Soos_H,5020,0.18,George_Adams_H,5005,0.14,S_Prairie_Cr,5020,0.07,Puntledge_F,7,0.06
Area123 (08) troll 246 587,,Chilliwack_F,3,0.98,Harrison,3,0.02,Chilliwac@Stav,3,0.00,,,,,,
Area123 (08) troll 246 588,,Harrison,3,0.91,Chilliwack_F,3,0.09,Chilliwac@Stav,3,0.00,NanaimoSu_BackX,7,0.00,Skagit_R,5016,0.00
Area123 (08) troll 246 589,,Harrison,3,1.00,Chilliwack_F,3,0.00,Hanford_Reach,5026,0.00,Chilliwac@Stav,3,0.00,Priest_Rapid_H,5026,0.00
Area123 (08) troll 246 590,,Harrison,3,0.95,Chilliwack_F,3,0.05,Chilliwac@Stav,3,0.00,,,,,,
Area123 (08) troll 246 591,,ClearwaterRFa,5021,0.52,Hanford_Reach,5026,0.17,U_Deschutes_R,5004,0.06,Umatilla_H_Fa,5026,0.06,Lewis_R_LSu,5008,0.05
Area123 (08) troll 246 592,,Harrison,3,0.53,Chilliwack_F,3,0.46,L_Skagit_R_Fa,5016,0.00,Chilliwac@Stav,3,0.00,Marblemount_Hsu,5016,0.00
Area123 (08) troll 246 593,,Harrison,3,0.97,Chilliwack_F,3,0.03,Chilliwac@Stav,3,0.00,Skagit_R,5016,0.00,,,
Area123 (08) troll 246 594,,Harrison,3,0.97,Soos_H,5020,0.01,Chilliwac@Stav,3,0.01,Chilliwack_F,3,0.00,Samish_H,5016,0.00
Area123 (08) troll 246 595,Dupe with 1328,Harrison,3,0.88,NanaimoSu_BackX,7,0.10,Chilliwack_F,3,0.01,Chilliwac@Stav,3,0.01,Queets_R,5028,0.00
Area123 (08) troll 246 596,,Harrison,3,1.00,Chilliwack_F,3,0.00,Chilliwac@Stav,3,0.00,L_Skagit_R_Fa,5016,0.00,Lewis_R_LSu,5008,0.00
Area123 (08) troll 246 597,,Harrison,3,0.85,Chilliwack_F,3,0.14,NanaimoSu_BackX,7,0.00,Umpqua_H,5011,0.00,Chilliwac@Stav,3,0.00
Area123 (08) troll 246 598,,Hanford_Reach,5026,0.80,Priest_Rapid_H,5026,0.14,Lyons_Ferry_H,5021,0.02,Marion_Drain_Fa,5026,0.02,Umatilla_H_Fa,5026,0.01
Area123 (08) troll 246 599,,Harrison,3,0.98,Chilliwack_F,3,0.01,Chilliwac@Stav,3,0.00,U_Sauk_R_SpSu,5016,0.00,Marblemount_Hsu,5016,0.00
Area123 (08) troll 246 600,,Harrison,3,0.98,Chilliwac@Stav,3,0.02,Chilliwack_F,3,0.00,Westroad,2,0.00,,,
Area123 (08) troll 246 601,,Washougal_R_Fa,5008,0.79,Green_R_Fa,5008,0.08,Lewis_R_Su,5008,0.04,Lewis_R_LSu,5008,0.03,Queets_R,5028,0.02
Area123 (08) troll 246 602,,Harrison,3,0.92,Skagit_R,5016,0.05,L_Skagit_R_Fa,5016,0.02,Chilliwack_F,3,0.01,U_Sauk_R_SpSu,5016,0.00
Area123 (08) troll 246 603,,Clear_Cr_H,5020,0.47,S_Prairie_Cr,5020,0.14,Soos_H,5020,0.14,George_Adams_H,5005,0.10,Hamma_Hamma_R,5005,0.07
Area123 (08) troll 246 604,,Harrison,3,0.98,Chilliwack_F,3,0.01,Capilano,9,0.01,Chilliwac@Stav,3,0.00,Abernathy_Cr_Fa,5008,0.00
Area123 (08) troll 246 605,,ClearwaterRFa,5021,0.43,Nez_PerceT_H,5021,0.21,Priest_Rapid_H,5026,0.11,Hanford_Reach,5026,0.07,Wenatchee_R_SF,5026,0.05
Area123 (08) troll 246 606,,Lewis_R_f,5008,0.44,Lewis_R_Su,5008,0.32,Lewis_R_LSu,5008,0.24,Cowlitz_H_fa,5008,0.01,Washougal_R_Fa,5008,0.00
Area123 (08) troll 246 607,,Harrison,3,0.83,Chilliwack_F,3,0.05,Priest_Rapid_H,5026,0.04,Hanford_Reach,5026,0.03,Chilliwac@Stav,3,0.02
Area123 (08) troll 246 608,,Lewis_R_f,5008,0.62,Lewis_R_Su,5008,0.29,Cowlitz_H_fa,5008,0.07,Lewis_R_LSu,5008,0.01,Washougal_R_Fa,5008,0.01
Area123 (08) troll 246 609,,George_Adams_H,5005,0.62,Soos_H,5020,0.10,Samish_H,5016,0.07,NF_Skokomish_F,5005,0.05,Clear_Cr_H,5020,0.05
Area123 (08) troll 246 610,,Harrison,3,0.53,Chilliwack_F,3,0.47,Chilliwac@Stav,3,0.00,Marblemount_Hsu,5016,0.00,Skagit_R,5016,0.00
Area123 (08) troll 246 611,,Harrison,3,0.51,Chilliwack_F,3,0.49,Chilliwac@Stav,3,0.00,,,,,,
Area123 (08) troll 246 612,,U_Deschutes_R,5004,0.51,Lyons_Ferry_H,5021,0.32,Priest_Rapid_H,5026,0.06,Umatilla_H_Fa,5026,0.04,Nez_PerceT_H,5021,0.03
Area123 (08) troll 246 613,,Harrison,3,0.79,Chilliwack_F,3,0.17,Chilliwac@Stav,3,0.04,,,,,,
Area123 (08) troll 246 614,,Cowlitz_H_fa,5008,0.78,Washougal_R_Fa,5008,0.10,Lewis_R_f,5008,0.04,Cowlitz_H_sp,5009,0.04,Abernathy_NFH_F,5008,0.03
Area123 (08) troll 246 615,,U_Deschutes_R,5004,0.50,Priest_Rapid_H,5026,0.30,Lyons_Ferry_H,5021,0.12,L_Deschutes_R,5004,0.05,ClearwaterRFa,5021,0.03
Area123 (08) troll 246 616,,Harrison,3,0.75,Samish_H,5016,0.19,S_Prairie_Cr,5020,0.02,L_Skagit_R_Fa,5016,0.01,U_Sauk_R_SpSu,5016,0.01
Area123 (08) troll 246 617,,Harrison,3,0.49,Chilliwack_F,3,0.30,Chilliwac@Stav,3,0.08,Slim_C,1,0.03,S_Prairie_Cr,5020,0.02
Area123 (08) troll 246 618,,Priest_Rapid_H,5026,0.61,Hanford_Reach,5026,0.20,Wenatchee_R_SF,5026,0.05,Wells_H,5026,0.04,Lyons_Ferry_H,5021,0.02
Area123 (08) troll 246 619,,Chilliwack_F,3,0.43,Harrison,3,0.37,NF_Nooksack_H,5016,0.15,Chilliwac@Stav,3,0.04,Skagit_R,5016,0.00
Area123 (08) troll 246 620,,Priest_Rapid_H,5026,0.70,Hanford_Reach,5026,0.17,Umatilla_H_Fa,5026,0.05,Wenatchee_R_SF,5026,0.02,Nez_PerceT_H,5021,0.02
Area123 (08) troll 246 621,,Wenatchee_R_SF,5026,0.45,Wells_H,5026,0.19,Priest_Rapid_H,5026,0.17,Hanford_Reach,5026,0.14,Methow_R,5026,0.01
Area123 (08) troll 246 622,,Harrison,3,0.98,Chilliwack_F,3,0.02,,,,,,,,,
Area123 (08) troll 246 623,,Chilliwack_F,3,0.49,Harrison,3,0.46,Chilliwac@Stav,3,0.06,,,,,,
Area123 (08) troll 246 624,,Harrison,3,0.71,Chilliwack_F,3,0.28,Chilliwac@Stav,3,0.01,,,,,,
Area123 (08) troll 246 625,,Harrison,3,1.00,Chilliwack_F,3,0.00,Chilliwac@Stav,3,0.00,,,,,,
Area123 (08) troll 246 626,,Chilliwac@Stav,3,0.61,Harrison,3,0.31,Chilliwack_F,3,0.09,,,,,,
Area123 (08) troll 246 627,,Chilliwack_F,3,0.74,Harrison,3,0.17,Chilliwac@Stav,3,0.09,NanaimoSu_BackX,7,0.01,Capilano,9,0.00
Area123 (08) troll 246 628,,Soos_H,5020,0.40,L_Skagit_R_Fa,5016,0.25,NF_Skokomish_F,5005,0.13,S_Prairie_Cr,5020,0.08,Clear_Cr_H,5020,0.08
Area123 (08) troll 246 629,,S_Prairie_Cr,5020,0.40,NF_Skokomish_F,5005,0.22,George_Adams_H,5005,0.13,Samish_H,5016,0.10,Soos_H,5020,0.07
Area123 (08) troll 246 630,,Hanford_Reach,5026,0.45,Priest_Rapid_H,5026,0.27,Umatilla_H_Fa,5026,0.18,Wenatchee_R_SF,5026,0.07,Harrison,3,0.01
Area123 (08) troll 246 631,,Cowlitz_H_sp,5009,0.48,Lewis_R_Su,5008,0.23,Lewis_R_f,5008,0.20,Abernathy_Cr_Fa,5008,0.09,Washougal_R_Fa,5008,0.00
Area123 (08) troll 246 632,,Clear_Cr_H,5020,0.53,S_Prairie_Cr,5020,0.19,Soos_H,5020,0.17,George_Adams_H,5005,0.08,Grovers_Cr_H,5020,0.01
Area123 (08) troll 246 633,,Harrison,3,0.96,Chilliwack_F,3,0.03,Chilliwac@Stav,3,0.00,L_Skagit_R_Fa,5016,0.00,Snoqualmie_R,5016,0.00
Area123 (08) troll 246 634,,Spring_Cr_col,5030,1.00,Abernathy_NFH_F,5008,0.00,Abernathy_Cr_Fa,5008,0.00,Big_Cr_H_Col,5030,0.00,,,
Area123 (08) troll 246 635,,Abernathy_Cr_Fa,5008,0.63,Spring_Cr_col,5030,0.29,Cowlitz_H_fa,5008,0.06,Abernathy_NFH_F,5008,0.01,Washougal_R_Fa,5008,0.01
Area123 (08) troll 246 636,,Harrison,3,0.60,Clear_Cr_H,5020,0.12,U_Sauk_R_SpSu,5016,0.09,S_Prairie_Cr,5020,0.08,Grovers_Cr_H,5020,0.04
Area123 (08) troll 246 637,,Soos_H,5020,0.85,Clear_Cr_H,5020,0.12,S_Prairie_Cr,5020,0.02,Samish_H,5016,0.01,George_Adams_H,5005,0.00
Area123 (08) troll 246 638,,Chilliwack_F,3,0.34,Harrison,3,0.21,Abernathy_NFH_F,5008,0.12,Lewis_R_Su,5008,0.11,Chilliwac@Stav,3,0.05
Area123 (08) troll 246 639,,Spring_Cr_col,5030,0.97,Big_Cr_H_Col,5030,0.02,Abernathy_NFH_F,5008,0.02,Elochoman_H,5030,0.00,,,
Area123 (08) troll 246 640,,Cowlitz_H_fa,5008,0.89,Lewis_R_f,5008,0.03,Lewis_R_Su,5008,0.02,Abernathy_NFH_F,5008,0.02,Abernathy_Cr_Fa,5008,0.01
Area123 (08) troll 246 641,,L_Skagit_R_Fa,5016,0.31,Cowichan,7,0.17,Skagit_R,5016,0.15,Harrison,3,0.08,NF_Skokomish_F,5005,0.05
Area123 (08) troll 246 642,,Samish_H,5016,0.54,George_Adams_H,5005,0.17,Clear_Cr_H,5020,0.15,Soos_H,5020,0.06,NF_Skokomish_F,5005,0.04
Area123 (08) troll 246 643,,NF_Skokomish_F,5005,0.67,George_Adams_H,5005,0.19,Clear_Cr_H,5020,0.05,Soos_H,5020,0.03,S_Prairie_Cr,5020,0.03
Area123 (08) troll 246 644,,Harrison,3,0.99,Hanford_Reach,5026,0.00,Wells_H,5026,0.00,Priest_Rapid_H,5026,0.00,Chilliwac@Stav,3,0.00
Area123 (08) troll 246 645,,Skagit_R,5016,0.81,U_Deschutes_R,5004,0.07,Harrison,3,0.04,Marblemount_Hsu,5016,0.04,U_Sauk_R_SpSu,5016,0.01
Area123 (08) troll 246 646,,Spring_Cr_col,5030,0.95,Abernathy_NFH_F,5008,0.02,Big_Cr_H_Col,5030,0.02,Elochoman_H,5030,0.00,,,
Area123 (08) troll 246 647,,Harrison,3,0.95,Chilliwack_F,3,0.05,Chilliwac@Stav,3,0.00,,,,,,
Area123 (08) troll 246 648,,Wenatchee_R_SF,5026,0.74,ClearwaterRFa,5021,0.12,Priest_Rapid_H,5026,0.09,Wells_H,5026,0.02,Harrison,3,0.01
Area123 (08) troll 246 649,,Harrison,3,0.92,Chilliwack_F,3,0.07,Chilliwac@Stav,3,0.00,,,,,,
Area123 (08) troll 246 650,,Harrison,3,0.96,Chilliwack_F,3,0.02,Chilliwac@Stav,3,0.01,Skagit_R,5016,0.00,NF_Skokomish_F,5005,0.00
Area123 (08) troll 246 651,,Washougal_R_Fa,5008,0.30,Abernathy_NFH_F,5008,0.25,Green_R_Fa,5008,0.19,McKenzie_H,5029,0.15,Spring_Cr_col,5030,0.05
Area123 (08) troll 246 652,,George_Adams_H,5005,0.64,Hamma_Hamma_R,5005,0.32,Samish_H,5016,0.01,NF_Skokomish_F,5005,0.01,Soos_H,5020,0.01
Area123 (08) troll 246 653,,Washougal_R_Fa,5008,0.65,Cowlitz_H_fa,5008,0.17,Lewis_R_f,5008,0.11,Lewis_R_LSu,5008,0.03,Lewis_R_Su,5008,0.03
Area123 (08) troll 246 654,,Priest_Rapid_H,5026,0.40,Hanford_Reach,5026,0.34,Wenatchee_R_SF,5026,0.20,Umatilla_H_Fa,5026,0.05,Priest_Rapids_H,5026,0.01
Area123 (08) troll 246 655,,Chilliwac@Stav,3,0.79,Harrison,3,0.19,Chilliwack_F,3,0.02,,,,,,
Area123 (08) troll 246 656,,Harrison,3,0.91,Chilliwack_F,3,0.07,Chilliwac@Stav,3,0.01,,,,,,
Area123 (08) troll 246 657,,Chilliwack_F,3,1.00,Chilliwac@Stav,3,0.00,Harrison,3,0.00,,,,,,
Area123 (08) troll 246 658,,Priest_Rapid_H,5026,0.46,Marion_Drain_Fa,5026,0.21,Hanford_Reach,5026,0.15,ClearwaterRFa,5021,0.09,Priest_Rapids_H,5026,0.07
Area123 (08) troll 246 659,,Harrison,3,0.83,Lewis_R_f,5008,0.06,Lewis_R_Su,5008,0.04,Chilliwac@Stav,3,0.01,Capilano,9,0.01
Area123 (08) troll 246 660,,Harrison,3,0.92,Chilliwack_F,3,0.08,Chilliwac@Stav,3,0.01,NanaimoSu_BackX,7,0.00,,,
Area123 (08) troll 246 661,,Harrison,3,0.52,Chilliwac@Stav,3,0.14,Chilliwack_F,3,0.07,N_Thom@Main,4,0.06,NanaimoSu_BackX,7,0.05
Area123 (08) troll 246 662,,Spring_Cr_col,5030,0.94,Abernathy_NFH_F,5008,0.03,Big_Cr_H_Col,5030,0.03,Elochoman_H,5030,0.00,L_Skagit_R_Fa,5016,0.00
Area123 (08) troll 246 663,,Spring_Cr_col,5030,0.88,Abernathy_NFH_F,5008,0.10,Big_Cr_H_Col,5030,0.02,Elochoman_H,5030,0.01,Abernathy_Cr_Fa,5008,0.00
Area123 (08) troll 246 664,,Priest_Rapid_H,5026,0.67,Wenatchee_R_SF,5026,0.15,Hanford_Reach,5026,0.11,Wells_H,5026,0.03,Umatilla_H_Fa,5026,0.02
Area123 (08) troll 246 665,Dupe with 1315,NF_Skokomish_F,5005,0.77,George_Adams_H,5005,0.15,Clear_Cr_H,5020,0.03,Hamma_Hamma_R,5005,0.03,Snoqualmie_R,5016,0.01
Area123 (08) troll 246 666,,Hanford_Reach,5026,0.56,Marion_Drain_Fa,5026,0.17,Nez_PerceT_H,5021,0.12,Priest_Rapid_H,5026,0.09,Priest_Rapids_H,5026,0.05
Area123 (08) troll 246 667,,Harrison,3,0.69,Chilliwac@Stav,3,0.28,Chilliwack_F,3,0.03,,,,,,
Area123 (08) troll 246 668,,Chilliwack_F,3,0.41,Chilliwac@Stav,3,0.41,Harrison,3,0.17,Cowlitz_H_fa,5008,0.00,,,
Area123 (08) troll 246 669,,Chilliwack_F,3,0.59,Harrison,3,0.32,Samish_H,5016,0.05,Chilliwac@Stav,3,0.04,Skagit_R,5016,0.00
Area123 (08) troll 246 670,,Wenatchee_R_SF,5026,0.94,Lyons_Ferry_H,5021,0.03,Hanford_Reach,5026,0.02,Wells_H,5026,0.01,Priest_Rapid_H,5026,0.00
Area123 (08) troll 246 671,,Harrison,3,0.73,Lemieux_Cr,4,0.16,Hanford_Reach,5026,0.01,Lyons_Ferry_H,5021,0.01,Chilliwack_F,3,0.01
Area123 (08) troll 246 672,,Harrison,3,0.57,Chilliwac@Stav,3,0.35,Chilliwack_F,3,0.09,,,,,,
Area123 (08) troll 246 673,,Harrison,3,0.61,Chilliwack_F,3,0.26,Chilliwac@Stav,3,0.13,L_Skagit_R_Fa,5016,0.00,Snoqualmie_R,5016,0.00
Area123 (08) troll 246 674,Dupe with 1351,S_Prairie_Cr,5020,0.24,Clear_Cr_H,5020,0.22,NF_Skokomish_F,5005,0.14,Soos_H,5020,0.13,Hamma_Hamma_R,5005,0.12
Area123 (08) troll 246 675,,Abernathy_Cr_Fa,5008,0.34,Washougal_R_Fa,5008,0.19,U_Sauk_R_SpSu,5016,0.18,Samish_H,5016,0.07,Abernathy_NFH_F,5008,0.06
Area123 (08) troll 246 676,,George_Adams_H,5005,0.28,Soos_H,5020,0.20,Samish_H,5016,0.15,S_Prairie_Cr,5020,0.14,Clear_Cr_H,5020,0.12
Area123 (08) troll 246 677,,Spring_Cr_col,5030,0.46,Abernathy_NFH_F,5008,0.38,Elochoman_H,5030,0.08,Washougal_R_Fa,5008,0.05,Cowlitz_H_fa,5008,0.01
Area123 (08) troll 246 678,,Samish_H,5016,0.55,Hamma_Hamma_R,5005,0.21,Clear_Cr_H,5020,0.07,George_Adams_H,5005,0.07,Soos_H,5020,0.03
Area123 (08) troll 246 679,,Spring_Cr_col,5030,0.99,Big_Cr_H_Col,5030,0.00,Cowlitz_H_fa,5008,0.00,Elochoman_H,5030,0.00,Abernathy_Cr_Fa,5008,0.00
Area123 (08) troll 246 680,Dupe with 778,Cowlitz_H_sp,5009,0.99,Cowlitz_H_fa,5008,0.01,Washougal_R_Fa,5008,0.00,Lewis_R_Su,5008,0.00,Sandy_R,5008,0.00
Area123 (08) troll 246 681,,S_Prairie_Cr,5020,0.55,Soos_H,5020,0.41,Samish_H,5016,0.02,Clear_Cr_H,5020,0.01,George_Adams_H,5005,0.01
Area123 (08) troll 246 682,,L_Skagit_R_Fa,5016,0.27,Marblemount_Hsu,5016,0.17,Samish_H,5016,0.16,Soos_H,5020,0.09,S_Prairie_Cr,5020,0.07
Area123 (08) troll 246 683,,NF_Skokomish_F,5005,0.51,Hamma_Hamma_R,5005,0.13,Washougal_R_Fa,5008,0.09,Cowlitz_H_fa,5008,0.09,Green_R_Fa,5008,0.03
Area123 (08) troll 246 684,Dupe with 774,Cowlitz_H_sp,5009,0.99,Cowlitz_H_fa,5008,0.00,Washougal_R_Fa,5008,0.00,Lewis_R_Su,5008,0.00,Elochoman_H,5030,0.00
Area123 (08) troll 246 685,,Samish_H,5016,0.68,L_Skagit_R_Fa,5016,0.11,Harrison,3,0.08,S_Prairie_Cr,5020,0.05,U_Sauk_R_SpSu,5016,0.02
Area123 (08) troll 246 686,,Spring_Cr_col,5030,0.98,Washougal_R_Fa,5008,0.01,Elochoman_H,5030,0.01,Big_Cr_H_Col,5030,0.00,Abernathy_NFH_F,5008,0.00
Area123 (08) troll 246 687,,Spring_Cr_col,5030,0.81,Big_Cr_H_Col,5030,0.10,Abernathy_NFH_F,5008,0.08,Abernathy_Cr_Fa,5008,0.01,Elochoman_H,5030,0.00
Area123 (08) troll 246 688,,N_Santiam_H,5029,0.81,McKenzie_H,5029,0.19,Umpqua_H,5011,0.00,,,,,,
Area123 (08) troll 246 689,,Spring_Cr_col,5030,0.99,Big_Cr_H_Col,5030,0.01,,,,,,,,,
Area123 (08) troll 246 690,,Spring_Cr_col,5030,0.65,Big_Cr_H_Col,5030,0.19,Abernathy_NFH_F,5008,0.16,Abernathy_Cr_Fa,5008,0.00,Elochoman_H,5030,0.00
Area123 (08) troll 246 691,,George_Adams_H,5005,0.38,Clear_Cr_H,5020,0.16,Samish_H,5016,0.13,S_Prairie_Cr,5020,0.10,NF_Skokomish_F,5005,0.08
Area123 (08) troll 246 692,,Queets_R,5028,0.32,Salmon_R_f,5015,0.13,Cowlitz_H_fa,5008,0.12,Lewis_R_Su,5008,0.11,Forks_Cr_H,5028,0.11
Area123 (08) troll 246 693,,Lyons_Ferry_H,5021,0.32,Hanford_Reach,5026,0.19,L_Wh_Sal_H_SF,5026,0.16,Umatilla_H_Fa,5026,0.09,L_Skagit_R_Fa,5016,0.07
Area123 (08) troll 246 694,,NF_Skokomish_F,5005,0.46,George_Adams_H,5005,0.37,Hamma_Hamma_R,5005,0.10,Clear_Cr_H,5020,0.04,Samish_H,5016,0.03
Area123 (08) troll 246 695,,U_Sauk_R_SpSu,5016,0.44,S_Prairie_Cr,5020,0.21,Skagit_R,5016,0.19,Soos_H,5020,0.03,Marblemount_Hsu,5016,0.03
Area123 (08) troll 246 696,,George_Adams_H,5005,0.37,Samish_H,5016,0.27,Clear_Cr_H,5020,0.12,NF_Skokomish_F,5005,0.11,L_Skagit_R_Fa,5016,0.07
Area123 (08) troll 246 697,,Samish_H,5016,0.58,S_Prairie_Cr,5020,0.12,Hamma_Hamma_R,5005,0.10,George_Adams_H,5005,0.07,NF_Skokomish_F,5005,0.06
Area123 (08) troll 246 698,,George_Adams_H,5005,0.32,Clear_Cr_H,5020,0.23,NF_Skokomish_F,5005,0.20,Soos_H,5020,0.10,Samish_H,5016,0.05
Area123 (08) troll 246 699,,NF_Skokomish_F,5005,0.55,Clear_Cr_H,5020,0.16,Soos_H,5020,0.15,George_Adams_H,5005,0.08,Samish_H,5016,0.03
Area123 (08) troll 246 700,,George_Adams_H,5005,0.51,Clear_Cr_H,5020,0.22,Grovers_Cr_H,5020,0.09,Samish_H,5016,0.07,S_Prairie_Cr,5020,0.04
Area123 (08) troll 246 701,,Cowlitz_H_fa,5008,0.85,Washougal_R_Fa,5008,0.04,Elochoman_H,5030,0.03,Spring_Cr_col,5030,0.01,Abernathy_Cr_Fa,5008,0.01
Area123 (08) troll 246 702,,Abernathy_Cr_Fa,5008,0.53,Washougal_R_Fa,5008,0.31,Elochoman_H,5030,0.07,Green_R_Fa,5008,0.04,Cowlitz_H_fa,5008,0.03
Area123 (08) troll 246 703,,Spring_Cr_col,5030,0.99,Abernathy_NFH_F,5008,0.00,Elochoman_H,5030,0.00,Cowlitz_H_sp,5009,0.00,Washougal_R_Fa,5008,0.00
Area123 (08) troll 246 704,,Lyons_Ferry_H,5021,0.45,Nez_PerceT_H,5021,0.18,Hanford_Reach,5026,0.15,Harrison,3,0.13,Marion_Drain_Fa,5026,0.05
Area123 (08) troll 246 705,,Harrison,3,0.89,Chilliwack_F,3,0.11,Chilliwac@Stav,3,0.01,N_Thom@Main,4,0.00,,,
Area123 (08) troll 246 706,,Samish_H,5016,0.67,Soos_H,5020,0.15,Hamma_Hamma_R,5005,0.06,George_Adams_H,5005,0.05,L_Skagit_R_Fa,5016,0.02
Area123 (08) troll 246 707,,Lewis_R_f,5008,0.53,Lewis_R_Su,5008,0.30,Lewis_R_LSu,5008,0.13,Cowlitz_H_fa,5008,0.03,Abernathy_Cr_Fa,5008,0.01
Area123 (08) troll 246 708,,NF_Skokomish_F,5005,0.54,George_Adams_H,5005,0.33,Hamma_Hamma_R,5005,0.09,S_Prairie_Cr,5020,0.01,Soos_H,5020,0.01
Area123 (08) troll 246 709,,Lewis_R_f,5008,0.55,Washougal_R_Fa,5008,0.15,Lewis_R_Su,5008,0.15,Abernathy_Cr_Fa,5008,0.13,Lewis_R_LSu,5008,0.01
Area123 (08) troll 246 710,,Hanford_Reach,5026,0.34,Cowlitz_H_fa,5008,0.33,Spring_Cr_col,5030,0.08,Abernathy_Cr_Fa,5008,0.08,Washougal_R_Fa,5008,0.05
Area123 (08) troll 246 711,,Spring_Cr_col,5030,0.75,Abernathy_NFH_F,5008,0.16,Big_Cr_H_Col,5030,0.07,Elochoman_H,5030,0.02,Washougal_R_Fa,5008,0.00
Area123 (08) troll 246 712,,George_Adams_H,5005,0.80,Hamma_Hamma_R,5005,0.08,Clear_Cr_H,5020,0.05,Soos_H,5020,0.02,S_Prairie_Cr,5020,0.02
Area123 (08) troll 246 713,,S_Prairie_Cr,5020,0.56,Samish_H,5016,0.15,George_Adams_H,5005,0.12,Soos_H,5020,0.08,NF_Skokomish_F,5005,0.04
Area123 (08) troll 246 714,,Spring_Cr_col,5030,0.97,Abernathy_NFH_F,5008,0.01,Elochoman_H,5030,0.01,Cowlitz_H_fa,5008,0.00,Big_Cr_H_Col,5030,0.00
Area123 (08) troll 246 715,,George_Adams_H,5005,0.28,Hamma_Hamma_R,5005,0.21,Samish_H,5016,0.19,Clear_Cr_H,5020,0.16,Soos_H,5020,0.15
Area123 (08) troll 246 716,,S_Prairie_Cr,5020,0.38,George_Adams_H,5005,0.18,Hamma_Hamma_R,5005,0.15,NF_Skokomish_F,5005,0.14,L_Skagit_R_Fa,5016,0.06
Area123 (08) troll 246 717,,Samish_H,5016,0.86,S_Prairie_Cr,5020,0.06,Clear_Cr_H,5020,0.03,L_Skagit_R_Fa,5016,0.02,Soos_H,5020,0.01
Area123 (08) troll 246 718,,NF_Skokomish_F,5005,0.38,L_Skagit_R_Fa,5016,0.16,Samish_H,5016,0.14,George_Adams_H,5005,0.12,Hamma_Hamma_R,5005,0.07
Area123 (08) troll 246 719,,NF_Skokomish_F,5005,0.64,George_Adams_H,5005,0.17,Clear_Cr_H,5020,0.14,S_Prairie_Cr,5020,0.02,Hamma_Hamma_R,5005,0.01
Area123 (08) troll 246 720,,Spring_Cr_col,5030,0.80,Abernathy_NFH_F,5008,0.10,Big_Cr_H_Col,5030,0.03,Cowlitz_H_fa,5008,0.03,Elochoman_H,5030,0.03
Area123 (08) troll 246 721,,Washougal_R_Fa,5008,0.41,Umatilla_H_Fa,5026,0.11,Wenatchee_R_SF,5026,0.09,Sol_Duc_H,5028,0.08,Priest_Rapid_H,5026,0.08
Area123 (08) troll 246 722,,Washougal_R_Fa,5008,0.81,Cowlitz_H_fa,5008,0.05,Spring_Cr_col,5030,0.04,Green_R_Fa,5008,0.03,Abernathy_Cr_Fa,5008,0.02
Area123 (08) troll 246 723,,Samish_H,5016,0.67,George_Adams_H,5005,0.13,NF_Skokomish_F,5005,0.10,Grovers_Cr_H,5020,0.08,Hamma_Hamma_R,5005,0.02
Area123 (08) troll 246 724,,Lewis_R_Su,5008,0.47,Washougal_R_Fa,5008,0.35,Cowlitz_H_fa,5008,0.17,Lewis_R_f,5008,0.01,Green_R_Fa,5008,0.00
Area123 (08) troll 246 725,,L_Skagit_R_Fa,5016,0.69,Samish_H,5016,0.16,S_Prairie_Cr,5020,0.07,Snoqualmie_R,5016,0.02,Skagit_R,5016,0.01
Area123 (08) troll 246 726,,Washougal_R_Fa,5008,0.72,Lewis_R_f,5008,0.12,Green_R_Fa,5008,0.10,Cowlitz_H_fa,5008,0.06,L_Skagit_R_Fa,5016,0.00
Area123 (08) troll 246 727,,Priest_Rapid_H,5026,0.30,Hanford_Reach,5026,0.26,Lyons_Ferry_H,5021,0.15,U_Deschutes_R,5004,0.13,Umpqua_H,5011,0.05
Area123 (08) troll 246 728,,Samish_H,5016,0.85,George_Adams_H,5005,0.12,Soos_H,5020,0.03,Clear_Cr_H,5020,0.00,NF_Skokomish_F,5005,0.00
Area123 (08) troll 246 729,,Washougal_R_Fa,5008,0.48,Abernathy_Cr_Fa,5008,0.23,Cowlitz_H_fa,5008,0.15,Lewis_R_Su,5008,0.12,Lewis_R_f,5008,0.01
Area123 (08) troll 246 730,,Cowlitz_H_fa,5008,0.68,Lewis_R_LSu,5008,0.24,Abernathy_Cr_Fa,5008,0.03,Lewis_R_Su,5008,0.03,Washougal_R_Fa,5008,0.02
Area123 (08) troll 246 731,,Washougal_R_Fa,5008,0.75,Lewis_R_f,5008,0.15,Lewis_R_LSu,5008,0.08,Elochoman_H,5030,0.01,Lewis_R_Su,5008,0.01
Area123 (08) troll 246 732,,Washougal_R_Fa,5008,0.47,Cowlitz_H_fa,5008,0.28,Green_R_Fa,5008,0.08,Lewis_R_Su,5008,0.07,Cowlitz_H_sp,5009,0.06
Area123 (08) troll 246 733,,Washougal_R_Fa,5008,0.55,Lewis_R_f,5008,0.27,Elochoman_H,5030,0.06,Abernathy_Cr_Fa,5008,0.04,Lewis_R_Su,5008,0.03
Area123 (08) troll 246 734,,Soos_H,5020,0.61,George_Adams_H,5005,0.18,Clear_Cr_H,5020,0.10,Grovers_Cr_H,5020,0.03,L_Skagit_R_Fa,5016,0.02
Area123 (08) troll 246 735,,George_Adams_H,5005,0.74,NF_Skokomish_F,5005,0.18,Clear_Cr_H,5020,0.06,Samish_H,5016,0.01,S_Prairie_Cr,5020,0.01
Area123 (08) troll 246 736,,Clear_Cr_H,5020,0.40,Soos_H,5020,0.33,George_Adams_H,5005,0.23,Samish_H,5016,0.02,Hamma_Hamma_R,5005,0.01
Area123 (08) troll 246 737,,Spring_Cr_col,5030,0.96,Big_Cr_H_Col,5030,0.04,Abernathy_NFH_F,5008,0.00,Abernathy_Cr_Fa,5008,0.00,,,
Area123 (08) troll 246 738,,Cowlitz_H_fa,5008,0.90,Lewis_R_Su,5008,0.08,Cowlitz_H_sp,5009,0.01,Washougal_R_Fa,5008,0.00,Lewis_R_f,5008,0.00
Area123 (08) troll 246 739,,S_Prairie_Cr,5020,0.38,George_Adams_H,5005,0.25,Clear_Cr_H,5020,0.22,Grovers_Cr_H,5020,0.09,Soos_H,5020,0.03
Area123 (08) troll 246 740,,George_Adams_H,5005,0.54,Clear_Cr_H,5020,0.28,NF_Skokomish_F,5005,0.13,Hamma_Hamma_R,5005,0.03,Soos_H,5020,0.01
Area123 (08) troll 246 741,Dupe with 1347,Abernathy_NFH_F,5008,0.79,Big_Cr_H_Col,5030,0.12,Elochoman_H,5030,0.09,Spring_Cr_col,5030,0.00,Cowlitz_H_fa,5008,0.00
Area123 (08) troll 246 742,,Harrison,3,0.67,Chilliwack_F,3,0.33,Chilliwac@Stav,3,0.00,U_Sauk_R_SpSu,5016,0.00,South_Thom,5,0.00
Area123 (08) troll 246 743,,Samish_H,5016,0.45,U_Sauk_R_SpSu,5016,0.29,Spring_Cr_col,5030,0.08,L_Skagit_R_Fa,5016,0.04,Marblemount_Hsu,5016,0.03
Area123 (08) troll 246 744,,Lyons_Ferry_H,5021,0.49,Nez_PerceT_H,5021,0.30,ClearwaterRFa,5021,0.12,Hanford_Reach,5026,0.07,Marion_Drain_Fa,5026,0.01
Area123 (08) troll 246 745,,L_Skagit_R_Fa,5016,0.59,George_Adams_H,5005,0.10,U_Sauk_R_SpSu,5016,0.07,Snoqualmie_R,5016,0.06,NF_Skokomish_F,5005,0.06
Area123 (08) troll 246 746,,George_Adams_H,5005,0.47,Soos_H,5020,0.21,Samish_H,5016,0.19,Hamma_Hamma_R,5005,0.04,S_Prairie_Cr,5020,0.04
Area123 (08) troll 246 747,,Soos_H,5020,0.72,Samish_H,5016,0.12,George_Adams_H,5005,0.08,S_Prairie_Cr,5020,0.04,Clear_Cr_H,5020,0.01
Area123 (08) troll 246 748,,Harrison,3,0.98,Chilliwac@Stav,3,0.02,,,,,,,,,
Area123 (08) troll 246 749,,Spring_Cr_col,5030,0.97,Abernathy_NFH_F,5008,0.03,Big_Cr_H_Col,5030,0.00,Elochoman_H,5030,0.00,,,
Area123 (08) troll 246 750,,Spring_Cr_col,5030,0.97,Abernathy_NFH_F,5008,0.03,Abernathy_Cr_Fa,5008,0.00,Green_R_Fa,5008,0.00,,,
Area123 (08) troll 246 751,,Spring_Cr_col,5030,0.96,Abernathy_NFH_F,5008,0.02,Abernathy_Cr_Fa,5008,0.01,Big_Cr_H_Col,5030,0.01,Washougal_R_Fa,5008,0.00
Area123 (08) troll 246 920,,Abernathy_NFH_F,5008,0.79,Big_Cr_H_Col,5030,0.12,Elochoman_H,5030,0.09,Spring_Cr_col,5030,0.00,Cowlitz_H_fa,5008,0.00
Area123 (08) troll 246 921,,Samish_H,5016,0.53,S_Prairie_Cr,5020,0.31,Soos_H,5020,0.06,Hamma_Hamma_R,5005,0.05,Clear_Cr_H,5020,0.02
Area123 (08) troll 246 922,,Wenatchee_R_SF,5026,0.93,Priest_Rapid_H,5026,0.03,Wells_H,5026,0.02,Hanford_Reach,5026,0.00,Lyons_Ferry_H,5021,0.00
Area123 (08) troll 246 923,,Harrison,3,0.86,Chilliwac@Stav,3,0.07,Chilliwack_F,3,0.05,Skagit_R,5016,0.01,Clear_Cr_H,5020,0.01
Area123 (08) troll 246 924,,Harrison,3,0.98,N_Thom@Main,4,0.01,Lemieux_Cr,4,0.01,Chilliwac@Stav,3,0.00,South_Thom,5,0.00
Area123 (08) troll 246 925,,Hanford_Reach,5026,0.51,Umatilla_H_Fa,5026,0.15,Nez_PerceT_H,5021,0.09,Lyons_Ferry_H,5021,0.08,Wells_H,5026,0.04
Area123 (08) troll 246 926,Dupe with 923,Harrison,3,0.79,Chilliwack_F,3,0.15,Chilliwac@Stav,3,0.06,Skagit_R,5016,0.00,,,
Area123 (08) troll 246 927,,S_Prairie_Cr,5020,0.42,George_Adams_H,5005,0.18,Hamma_Hamma_R,5005,0.15,NF_Skokomish_F,5005,0.12,Soos_H,5020,0.11
Area123 (08) troll 246 928,,George_Adams_H,5005,0.82,NF_Skokomish_F,5005,0.05,Clear_Cr_H,5020,0.05,Soos_H,5020,0.04,Hamma_Hamma_R,5005,0.03
Area123 (08) troll 246 929,,Spring_Cr_col,5030,0.54,Abernathy_NFH_F,5008,0.30,Elochoman_H,5030,0.11,Big_Cr_H_Col,5030,0.03,Abernathy_Cr_Fa,5008,0.01
Area123 (08) troll 246 930,,Chilliwack_F,3,0.96,Harrison,3,0.04,Chilliwac@Stav,3,0.00,,,,,,
Area123 (08) troll 246 931,,Harrison,3,0.93,Chilliwack_F,3,0.05,Chilliwac@Stav,3,0.02,,,,,,
Area123 (08) troll 246 932,,Harrison,3,0.50,Chilliwac@Stav,3,0.44,Chilliwack_F,3,0.06,Skagit_R,5016,0.00,N_Thom@Main,4,0.00
Area123 (08) troll 246 933,,Cowichan,7,0.90,Puntledge_F,7,0.05,L_Qualicum,7,0.03,Skagit_R,5016,0.01,L_Skagit_R_Fa,5016,0.01
Area123 (08) troll 246 934,,NF_Nooksack_H,5016,1.00,,,,,,,,,,,,
Area123 (08) troll 246 935,,Soos_H,5020,0.81,Clear_Cr_H,5020,0.08,Samish_H,5016,0.04,NF_Skokomish_F,5005,0.04,S_Prairie_Cr,5020,0.02
Area123 (08) troll 246 936,,Harrison,3,0.79,Skagit_R,5016,0.12,NF_Nooksack_H,5016,0.04,Wells_H,5026,0.02,Marblemount_Hsu,5016,0.01
Area123 (08) troll 246 937,,ClearwaterRFa,5021,0.45,Lyons_Ferry_H,5021,0.20,L_Wh_Sal_H_SF,5026,0.17,Hanford_Reach,5026,0.14,Umatilla_H_Fa,5026,0.02
Area123 (08) troll 246 938,,Harrison,3,0.81,Chilliwack_F,3,0.18,Chilliwac@Stav,3,0.01,Umpqua_H,5011,0.00,Klamath_R_fa,5007,0.00
Area123 (08) troll 246 939,,Harrison,3,0.93,Chilliwack_F,3,0.07,Chilliwac@Stav,3,0.00,,,,,,
Area123 (08) troll 246 940,,Washougal_R_Fa,5008,0.74,Lewis_R_Su,5008,0.20,Green_R_Fa,5008,0.02,Lewis_R_f,5008,0.02,Lewis_R_LSu,5008,0.02
Area123 (08) troll 246 941,,Harrison,3,0.92,Chilliwack_F,3,0.07,Chilliwac@Stav,3,0.01,Washougal_R_Fa,5008,0.00,Skagit_R,5016,0.00
Area123 (08) troll 246 942,,Abernathy_Cr_Fa,5008,0.37,Washougal_R_Fa,5008,0.31,Lewis_R_Su,5008,0.16,Lewis_R_f,5008,0.10,Lewis_R_LSu,5008,0.03
Area123 (08) troll 246 943,,Wenatchee_R_SF,5026,0.37,Hanford_Reach,5026,0.29,Priest_Rapid_H,5026,0.15,Samish_H,5016,0.11,Umatilla_H_Fa,5026,0.03
Area123 (08) troll 246 944,,Spring_Cr_col,5030,0.78,Abernathy_NFH_F,5008,0.18,Abernathy_Cr_Fa,5008,0.02,Big_Cr_H_Col,5030,0.01,Elochoman_H,5030,0.01
Area123 (08) troll 246 945,,Harrison,3,0.84,Chilliwack_F,3,0.08,Skagit_R,5016,0.06,Marblemount_HSp,5016,0.01,U_Sauk_R_SpSu,5016,0.00
Area123 (08) troll 246 946,,Priest_Rapid_H,5026,0.18,Hanford_Reach,5026,0.17,Lyons_Ferry_H,5021,0.13,ClearwaterRFa,5021,0.10,Nez_PerceT_H,5021,0.09
Area123 (08) troll 246 947,,Chilliwack_F,3,0.63,Harrison,3,0.36,Chilliwac@Stav,3,0.02,ClearwaterRFa,5021,0.00,Marion_Drain_Fa,5026,0.00
Area123 (08) troll 246 948,,Chilliwack_F,3,0.83,Harrison,3,0.17,Chilliwac@Stav,3,0.00,Skagit_R,5016,0.00,L_Skagit_R_Fa,5016,0.00
Area123 (08) troll 246 949,,Harrison,3,0.97,Hanford_Reach,5026,0.02,Chilliwac@Stav,3,0.00,Wells_H,5026,0.00,Snoqualmie_R,5016,0.00
Area123 (08) troll 246 950,,Harrison,3,0.79,Chilliwack_F,3,0.17,Chilliwac@Stav,3,0.04,Takia,10,0.00,,,
Area123 (08) troll 246 951,,Samish_H,5016,0.26,S_Prairie_Cr,5020,0.25,George_Adams_H,5005,0.15,Soos_H,5020,0.13,NF_Skokomish_F,5005,0.10
Area123 (08) troll 246 952,,George_Adams_H,5005,0.37,NF_Skokomish_F,5005,0.23,S_Prairie_Cr,5020,0.14,Hamma_Hamma_R,5005,0.11,Clear_Cr_H,5020,0.07
Area123 (08) troll 246 953,,Harrison,3,0.52,Chilliwac@Stav,3,0.31,Chilliwack_F,3,0.17,,,,,,
Area123 (08) troll 246 954,,Harrison,3,0.98,George_Adams_H,5005,0.01,NF_Skokomish_F,5005,0.00,Abernathy_Cr_Fa,5008,0.00,Chilliwac@Stav,3,0.00
Area123 (08) troll 246 955,,Harrison,3,0.91,Chilliwack_F,3,0.05,Chilliwac@Stav,3,0.03,Skagit_R,5016,0.00,South_Thom,5,0.00
Area123 (08) troll 246 956,,Chilliwac@Stav,3,0.34,Chilliwack_F,3,0.33,Skagit_R,5016,0.15,Harrison,3,0.06,U_Sauk_R_SpSu,5016,0.04
Area123 (08) troll 246 957,,Chilliwack_F,3,0.98,Harrison,3,0.01,Skagit_R,5016,0.00,NF_Nooksack_H,5016,0.00,Chilliwac@Stav,3,0.00
Area123 (08) troll 246 958,,Hanford_Reach,5026,0.88,Priest_Rapid_H,5026,0.08,Umatilla_H_Fa,5026,0.04,Wenatchee_R_SF,5026,0.00,Methow_R,5026,0.00
Area123 (08) troll 246 959,Dupe with 895,Hanford_Reach,5026,0.55,Priest_Rapid_H,5026,0.20,Umatilla_H_Fa,5026,0.14,Lyons_Ferry_H,5021,0.06,Nez_PerceT_H,5021,0.04
Area123 (08) troll 246 960,,Harrison,3,1.00,Chilliwack_F,3,0.00,,,,,,,,,
Area123 (08) troll 246 961,,Chilliwack_F,3,0.79,Harrison,3,0.20,Chilliwac@Stav,3,0.00,Kitsumkalum_R,23,0.00,Samish_H,5016,0.00
Area123 (08) troll 246 962,,Harrison,3,0.82,Chilliwac@Stav,3,0.14,Chilliwack_F,3,0.04,Umpqua_H,5011,0.00,Wenatchee_R_SF,5026,0.00
Area123 (08) troll 246 963,Dupe with 1340,Harrison,3,0.56,Chilliwac@Stav,3,0.33,Chilliwack_F,3,0.11,,,,,,
Area123 (08) troll 246 964,,Harrison,3,0.39,Queets_R,5028,0.18,Toquart,8,0.10,NanaimoSu_BackX,7,0.08,Skagit_R,5016,0.06
Area123 (08) troll 246 965,,Chilliwack_F,3,0.95,Harrison,3,0.04,Chilliwac@Stav,3,0.01,,,,,,
Area123 (08) troll 246 966,,ClearwaterRFa,5021,0.43,Abernathy_Cr_Fa,5008,0.34,Lyons_Ferry_H,5021,0.04,Washougal_R_Fa,5008,0.04,Hanford_Reach,5026,0.03
Area123 (08) troll 246 967,,Chilliwac@Stav,3,0.55,Harrison,3,0.40,Chilliwack_F,3,0.05,ClearwaterRFa,5021,0.00,,,
Area123 (08) troll 246 968,,Chilliwack_F,3,1.00,Chilliwac@Stav,3,0.00,Harrison,3,0.00,,,,,,
Area123 (08) troll 246 969,Dupe with 885,Hanford_Reach,5026,0.55,Priest_Rapid_H,5026,0.20,Umatilla_H_Fa,5026,0.14,Lyons_Ferry_H,5021,0.06,Nez_PerceT_H,5021,0.04
Area123 (08) troll 246 970,,Hanford_Reach,5026,0.66,Abernathy_Cr_Fa,5008,0.09,Nez_PerceT_H,5021,0.06,Washougal_R_Fa,5008,0.05,Lewis_R_f,5008,0.03
Area123 (08) troll 246 971,,Chilliwack_F,3,0.93,Harrison,3,0.07,Chilliwac@Stav,3,0.00,Clear_Cr_H,5020,0.00,Capilano,9,0.00
Area123 (08) troll 246 972,,Harrison,3,0.64,Chilliwack_F,3,0.36,L_Skagit_R_Fa,5016,0.00,,,,,,
Area123 (08) troll 246 973,,S_Prairie_Cr,5020,0.81,Clear_Cr_H,5020,0.09,L_Skagit_R_Fa,5016,0.05,Soos_H,5020,0.02,George_Adams_H,5005,0.01
Area123 (08) troll 246 974,,Harrison,3,0.84,Chilliwack_F,3,0.15,Chilliwac@Stav,3,0.01,,,,,,
Area123 (08) troll 246 975,,Harrison,3,1.00,U_Deschutes_R,5004,0.00,George_Adams_H,5005,0.00,Chilliwac@Stav,3,0.00,Hamma_Hamma_R,5005,0.00
Area123 (08) troll 246 976,,Hanford_Reach,5026,0.96,Priest_Rapids_H,5026,0.03,Harrison,3,0.00,L_Wh_Sal_H_SF,5026,0.00,Marion_Drain_Fa,5026,0.00
Area123 (08) troll 246 977,,Priest_Rapid_H,5026,0.95,Umatilla_H_Fa,5026,0.05,Hanford_Reach,5026,0.00,L_Wh_Sal_H_SF,5026,0.00,Marion_Drain_Fa,5026,0.00
Area123 (08) troll 246 978,,Hamma_Hamma_R,5005,0.24,Samish_H,5016,0.17,Soos_H,5020,0.13,NF_Skokomish_F,5005,0.12,Harrison,3,0.10
Area123 (08) troll 246 979,,Chilliwac@Stav,3,0.59,Harrison,3,0.33,Chilliwack_F,3,0.07,L_Skagit_R_Fa,5016,0.01,Hamma_Hamma_R,5005,0.00
Area123 (08) troll 246 980,,Abernathy_NFH_F,5008,0.54,Spring_Cr_col,5030,0.26,Big_Cr_H_Col,5030,0.20,Abernathy_Cr_Fa,5008,0.00,Cowlitz_H_fa,5008,0.00
Area123 (08) troll 246 981,,Spring_Cr_col,5030,0.76,Abernathy_Cr_Fa,5008,0.12,Abernathy_NFH_F,5008,0.09,Big_Cr_H_Col,5030,0.01,Elochoman_H,5030,0.01
Area123 (08) troll 246 982,,Spring_Cr_col,5030,0.92,Lewis_R_LSu,5008,0.04,Big_Cr_H_Col,5030,0.03,Elochoman_H,5030,0.00,Abernathy_Cr_Fa,5008,0.00
Area123 (08) troll 246 983,,Harrison,3,0.92,Skagit_R,5016,0.04,Chilliwack_F,3,0.01,L_Skagit_R_Fa,5016,0.01,N_Thom@Main,4,0.01
Area123 (08) troll 246 984,,Harrison,3,0.98,Chilliwack_F,3,0.01,Abernathy_Cr_Fa,5008,0.00,Cowlitz_H_fa,5008,0.00,,,
Area123 (08) troll 246 985,,Clear_Cr_H,5020,0.33,NF_Skokomish_F,5005,0.24,S_Prairie_Cr,5020,0.12,Hamma_Hamma_R,5005,0.12,Grovers_Cr_H,5020,0.09
Area123 (08) troll 246 986,,Hanford_Reach,5026,0.62,Wenatchee_R_SF,5026,0.16,Priest_Rapid_H,5026,0.14,Nez_PerceT_H,5021,0.04,Lyons_Ferry_H,5021,0.01
Area123 (08) troll 246 987,,George_Adams_H,5005,0.71,S_Prairie_Cr,5020,0.25,Soos_H,5020,0.02,Samish_H,5016,0.01,NF_Skokomish_F,5005,0.01
Area123 (08) troll 246 988,,Washougal_R_Fa,5008,0.53,Cowlitz_H_fa,5008,0.22,Abernathy_Cr_Fa,5008,0.11,Lewis_R_Su,5008,0.04,Lewis_R_f,5008,0.03
Area123 (08) troll 246 989,,Chilliwack_F,3,0.65,Harrison,3,0.30,Chilliwac@Stav,3,0.05,Snoqualmie_R,5016,0.00,L_Skagit_R_Fa,5016,0.00
Area123 (08) troll 246 990,,Clear_Cr_H,5020,0.49,George_Adams_H,5005,0.32,NF_Skokomish_F,5005,0.08,Hamma_Hamma_R,5005,0.07,Soos_H,5020,0.02
Area123 (08) troll 246 991,,Soos_H,5020,0.51,L_Skagit_R_Fa,5016,0.14,U_Sauk_R_SpSu,5016,0.13,S_Prairie_Cr,5020,0.10,George_Adams_H,5005,0.06
Area123 (08) troll 246 992,,Harrison,3,0.82,Chilliwac@Stav,3,0.18,Chilliwack_F,3,0.00,Dungeness_R,5006,0.00,Skagit_R,5016,0.00
Area123 (08) troll 246 993,,Abernathy_NFH_F,5008,0.45,Elochoman_H,5030,0.18,Cowlitz_H_fa,5008,0.17,Big_Cr_H_Col,5030,0.09,Abernathy_Cr_Fa,5008,0.08
Area123 (08) troll 246 994,,Lewis_R_LSu,5008,0.49,Lewis_R_f,5008,0.38,Lewis_R_Su,5008,0.12,Abernathy_Cr_Fa,5008,0.00,Cowlitz_H_fa,5008,0.00
Area123 (08) troll 246 995,,Samish_H,5016,0.61,Clear_Cr_H,5020,0.09,Soos_H,5020,0.08,S_Prairie_Cr,5020,0.07,George_Adams_H,5005,0.04
Area123 (08) troll 246 996,,NF_Nooksack_H,5016,0.99,George_Adams_H,5005,0.01,S_Prairie_Cr,5020,0.00,Soos_H,5020,0.00,Clear_Cr_H,5020,0.00
Area123 (08) troll 246 997,Dupe with 852,Harrison,3,0.79,Chilliwack_F,3,0.15,Chilliwac@Stav,3,0.06,,,,,,
Area123 (08) troll 246 998,,Samish_H,5016,0.60,NF_Skokomish_F,5005,0.15,George_Adams_H,5005,0.13,L_Skagit_R_Fa,5016,0.05,Clear_Cr_H,5020,0.03
Area123 (08) troll 246 999,,Clear_Cr_H,5020,0.33,Samish_H,5016,0.26,Soos_H,5020,0.10,George_Adams_H,5005,0.10,S_Prairie_Cr,5020,0.08
Area123 (08) troll 247 1179,,Washougal_R_Fa,5008,0.41,Lewis_R_f,5008,0.24,Cowlitz_H_fa,5008,0.18,Cowlitz_H_sp,5009,0.07,Lewis_R_Su,5008,0.06
Area123 (08) troll 247 1180,,Chilliwac@Stav,3,0.53,Harrison,3,0.43,Chilliwack_F,3,0.03,Samish_H,5016,0.00,South_Thom,5,0.00
Area123 (08) troll 247 1181,,Harrison,3,0.99,Chilliwack_F,3,0.01,Chilliwac@Stav,3,0.01,,,,,,
Area123 (08) troll 247 1182,,Lewis_R_f,5008,0.35,Lewis_R_LSu,5008,0.35,Lewis_R_Su,5008,0.18,Cowlitz_H_fa,5008,0.08,Abernathy_Cr_Fa,5008,0.05
Area123 (08) troll 247 1183,,Chilliwack_F,3,0.96,Harrison,3,0.04,Chilliwac@Stav,3,0.00,,,,,,
Area123 (08) troll 247 1184,,Hanford_Reach,5026,0.29,Lyons_Ferry_H,5021,0.23,Wenatchee_R_SF,5026,0.21,Nez_PerceT_H,5021,0.13,Priest_Rapid_H,5026,0.06
Area123 (08) troll 247 1185,,Abernathy_Cr_Fa,5008,0.48,Lewis_R_f,5008,0.13,Lewis_R_LSu,5008,0.12,Chilliwack_F,3,0.12,Cowlitz_H_fa,5008,0.06
Area123 (08) troll 247 1186,,Spring_Cr_col,5030,0.88,Abernathy_NFH_F,5008,0.09,Big_Cr_H_Col,5030,0.03,Abernathy_Cr_Fa,5008,0.01,Elochoman_H,5030,0.00
Area123 (08) troll 247 1188,,Harrison,3,0.99,L_Skagit_R_Fa,5016,0.01,Chilliwac@Stav,3,0.00,Hanford_Reach,5026,0.00,U_Sauk_R_SpSu,5016,0.00
Area123 (08) troll 247 1189,,Washougal_R_Fa,5008,0.31,Cowlitz_H_fa,5008,0.30,Lewis_R_LSu,5008,0.18,Cowlitz_H_sp,5009,0.12,Lewis_R_Su,5008,0.04
Area123 (08) troll 247 1190,,Hanford_Reach,5026,0.71,Priest_Rapid_H,5026,0.27,Marion_Drain_Fa,5026,0.01,Wenatchee_R_SF,5026,0.01,Nez_PerceT_H,5021,0.00
Area123 (08) troll 247 1191,,S_Prairie_Cr,5020,0.89,Soos_H,5020,0.07,Samish_H,5016,0.04,Clear_Cr_H,5020,0.00,L_Skagit_R_Fa,5016,0.00
Area123 (08) troll 247 1192,,Priest_Rapid_H,5026,0.73,Hanford_Reach,5026,0.22,Nez_PerceT_H,5021,0.01,Lyons_Ferry_H,5021,0.01,L_Wh_Sal_H_SF,5026,0.01
Area123 (08) troll 247 1193,,S_Prairie_Cr,5020,0.36,Clear_Cr_H,5020,0.32,Soos_H,5020,0.31,NF_Skokomish_F,5005,0.01,Samish_H,5016,0.00
Area123 (08) troll 247 1194,,Harrison,3,0.95,Chilliwac@Stav,3,0.03,Skagit_R,5016,0.02,Chilliwack_F,3,0.00,Lewis_R_LSu,5008,0.00
Area123 (08) troll 247 1195,,Harrison,3,0.88,Chilliwack_F,3,0.12,Chilliwac@Stav,3,0.00,,,,,,
Area123 (08) troll 247 1196,,Chilliwack_F,3,0.55,Harrison,3,0.45,Chilliwac@Stav,3,0.00,L_Skagit_R_Fa,5016,0.00,,,
Area123 (08) troll 247 1197,,Hanford_Reach,5026,0.62,Wenatchee_R_SF,5026,0.14,Wells_H,5026,0.14,Priest_Rapid_H,5026,0.05,Umatilla_H_Fa,5026,0.02
Area123 (08) troll 247 1198,,Harrison,3,0.97,Chilliwack_F,3,0.01,Snoqualmie_R,5016,0.01,Hanford_Reach,5026,0.00,NF_Skokomish_F,5005,0.00
Area123 (08) troll 247 1199,,Spring_Cr_col,5030,0.97,Big_Cr_H_Col,5030,0.02,Abernathy_NFH_F,5008,0.01,Abernathy_Cr_Fa,5008,0.00,Cowlitz_H_fa,5008,0.00
Area123 (08) troll 247 1200,,Chilliwack_F,3,0.99,Harrison,3,0.01,Chilliwac@Stav,3,0.00,,,,,,
Area123 (08) troll 247 1201,,NF_Skokomish_F,5005,0.44,Clear_Cr_H,5020,0.34,George_Adams_H,5005,0.10,Soos_H,5020,0.06,Grovers_Cr_H,5020,0.03
Area123 (08) troll 247 1261,,Harrison,3,0.98,Chilliwac@Stav,3,0.02,Chilliwack_F,3,0.00,,,,,,
Area123 (08) troll 247 1262,,Chilliwack_F,3,0.48,Harrison,3,0.34,Chilliwac@Stav,3,0.18,,,,,,
Area123 (08) troll 247 1263,,Harrison,3,0.58,Chilliwack_F,3,0.33,Chilliwac@Stav,3,0.09,,,,,,
Area123 (08) troll 247 1264,,Washougal_R_Fa,5008,0.71,Cowlitz_H_fa,5008,0.13,Green_R_Fa,5008,0.12,Abernathy_Cr_Fa,5008,0.02,Lewis_R_Su,5008,0.02
Area123 (08) troll 247 1265,,Washougal_R_Fa,5008,0.87,Green_R_Fa,5008,0.10,Lewis_R_Su,5008,0.01,Cowlitz_H_fa,5008,0.01,Abernathy_Cr_Fa,5008,0.00
Area123 (08) troll 247 1266,,Harrison,3,1.00,Chilliwack_F,3,0.00,Chilliwac@Stav,3,0.00,,,,,,
Area123 (08) troll 247 1267,,Chilliwack_F,3,0.80,Harrison,3,0.19,L_Skagit_R_Fa,5016,0.00,Skagit_R,5016,0.00,Chilliwac@Stav,3,0.00
Area123 (08) troll 247 1268,,Harrison,3,0.93,Chilliwack_F,3,0.06,Chilliwac@Stav,3,0.00,,,,,,
Area123 (08) troll 247 1269,,Chilliwack_F,3,0.97,Harrison,3,0.03,Chilliwac@Stav,3,0.00,Green_R_Fa,5008,0.00,Spring_Cr_col,5030,0.00
Area123 (08) troll 247 1270,,Abernathy_Cr_Fa,5008,0.33,Spring_Cr_col,5030,0.23,Cowlitz_H_fa,5008,0.14,Washougal_R_Fa,5008,0.09,Lewis_R_Su,5008,0.07
Area123 (08) troll 247 1271,,Harrison,3,0.65,Chilliwack_F,3,0.22,Skagit_R,5016,0.06,Chilliwac@Stav,3,0.02,L_Skagit_R_Fa,5016,0.01
Area123 (08) troll 247 1272,,Harrison,3,0.82,Chilliwac@Stav,3,0.12,Chilliwack_F,3,0.06,,,,,,
Area123 (08) troll 247 1273,,Harrison,3,0.77,Chilliwack_F,3,0.19,Chilliwac@Stav,3,0.04,,,,,,
Area123 (08) troll 247 1274,,Harrison,3,0.64,Chilliwac@Stav,3,0.13,Chilliwack_F,3,0.11,Priest_Rapid_H,5026,0.06,Hanford_Reach,5026,0.02
Area123 (08) troll 247 1275,,N_Santiam_H,5029,1.00,McKenzie_H,5029,0.00,,,,,,,,,
Area123 (08) troll 247 1276,,Harrison,3,0.72,Chilliwac@Stav,3,0.27,Chilliwack_F,3,0.01,,,,,,
Area123 (08) troll 247 1277,,Harrison,3,0.82,Skagit_R,5016,0.10,Chilliwack_F,3,0.03,Hanford_Reach,5026,0.01,Chilliwac@Stav,3,0.01
Area123 (08) troll 247 1278,,Spring_Cr_col,5030,1.00,Abernathy_NFH_F,5008,0.00,,,,,,,,,
Area123 (08) troll 247 1279,,Chilliwac@Stav,3,0.55,Harrison,3,0.45,Chilliwack_F,3,0.00,Skagit_R,5016,0.00,U_Dean,10,0.00
Area123 (08) troll 247 1280,,Harrison,3,0.60,Chilliwack_F,3,0.29,Chilliwac@Stav,3,0.11,Skagit_R,5016,0.00,,,
Area123 (08) troll 247 1281,,Harrison,3,0.73,Chilliwack_F,3,0.22,Chilliwac@Stav,3,0.03,N_Thom@Main,4,0.00,Tete_Jaune,1,0.00
Area123 (08) troll 247 1282,,Clear_Cr_H,5020,0.41,NF_Skokomish_F,5005,0.16,Samish_H,5016,0.08,S_Prairie_Cr,5020,0.08,George_Adams_H,5005,0.06
Area123 (08) troll 247 1283,,Wenatchee_R_SF,5026,0.93,Priest_Rapid_H,5026,0.04,Hanford_Reach,5026,0.01,Umatilla_H,5026,0.00,Wells_H,5026,0.00
Area123 (08) troll 247 1558,,Skagit_R,5016,0.49,U_Sauk_R_SpSu,5016,0.44,Marblemount_HSp,5016,0.06,S_Prairie_Cr,5020,0.00,L_Skagit_R_Fa,5016,0.00
Area123 (08) troll 247 1559,,Priest_Rapid_H,5026,0.68,Wells_H,5026,0.17,Hanford_Reach,5026,0.06,Umatilla_H_Fa,5026,0.02,Wenatchee_R_SF,5026,0.02
Area123 (08) troll 247 1565,,Chilliwack_F,3,0.67,Harrison,3,0.33,Chilliwac@Stav,3,0.00,,,,,,
Area123 (08) troll 247 1566,,Harrison,3,0.76,Chilliwac@Stav,3,0.07,Chilliwack_F,3,0.04,Soos_H,5020,0.03,Cowichan,7,0.03
Area123 (08) troll 248 1202,,U_Deschutes_R,5004,1.00,L_Deschutes_R,5004,0.00,,,,,,,,,
Area123 (08) troll 248 1203,,Harrison,3,0.95,Chilliwack_F,3,0.04,Chilliwac@Stav,3,0.01,U_Sauk_R_SpSu,5016,0.00,,,
Area123 (08) troll 248 1204,,Hanford_Reach,5026,0.41,Priest_Rapid_H,5026,0.27,Lyons_Ferry_H,5021,0.25,Priest_Rapids_H,5026,0.02,Wells_H,5026,0.02
Area123 (08) troll 248 1205,,Lewis_R_LSu,5008,0.45,Washougal_R_Fa,5008,0.24,Cowlitz_H_fa,5008,0.10,Green_R_Fa,5008,0.05,Spring_Cr_col,5030,0.05
Area123 (08) troll 248 1206,,Harrison,3,0.94,Chilliwack_F,3,0.04,Chilliwac@Stav,3,0.02,,,,,,
Area123 (08) troll 248 1207,,Chilliwack_F,3,0.56,Harrison,3,0.38,Chilliwac@Stav,3,0.06,Lewis_R_f,5008,0.00,Cowlitz_H_fa,5008,0.00
Area123 (08) troll 248 1208,,Washougal_R_Fa,5008,0.80,Green_R_Fa,5008,0.13,Lewis_R_Su,5008,0.03,Lewis_R_f,5008,0.03,Elochoman_H,5030,0.01
Area123 (08) troll 248 1209,,South_Thom,5,0.41,Harrison,3,0.22,Chilliwack_F,3,0.16,Umpqua_H,5011,0.10,Chilliwac@Stav,3,0.05
Area123 (08) troll 248 1210,,Hanford_Reach,5026,0.60,Lyons_Ferry_H,5021,0.27,Nez_PerceT_H,5021,0.06,Priest_Rapid_H,5026,0.04,Umatilla_H_Fa,5026,0.03
Area123 (08) troll 248 1211,,Harrison,3,0.76,N_Thom@Main,4,0.16,NanaimoSu_BackX,7,0.08,Skagit_R,5016,0.00,L_Thompson,5,0.00
Area123 (08) troll 248 1212,,Harrison,3,0.99,Chilliwack_F,3,0.01,Chilliwac@Stav,3,0.00,,,,,,
Area123 (08) troll 248 1213,,Priest_Rapid_H,5026,0.16,Wenatchee_R_SF,5026,0.14,ClearwaterRFa,5021,0.14,Lyons_Ferry_H,5021,0.10,Hanford_Reach,5026,0.09
Area123 (08) troll 248 1214,,Cowlitz_H_fa,5008,0.55,Abernathy_Cr_Fa,5008,0.24,Washougal_R_Fa,5008,0.13,Elochoman_H,5030,0.02,Abernathy_NFH_F,5008,0.02
Area123 (08) troll 248 1215,,George_Adams_H,5005,0.84,Samish_H,5016,0.08,Hamma_Hamma_R,5005,0.04,NF_Skokomish_F,5005,0.02,Clear_Cr_H,5020,0.01
Area123 (08) troll 248 1216,,Harrison,3,0.69,Chilliwack_F,3,0.31,Chilliwac@Stav,3,0.00,,,,,,
Area123 (08) troll 248 1217,,Chilliwack_F,3,0.67,Harrison,3,0.23,Chilliwac@Stav,3,0.07,Skagit_R,5016,0.02,NF_Nooksack_H,5016,0.01
Area123 (08) troll 248 1218,,George_Adams_H,5005,0.41,Clear_Cr_H,5020,0.33,NF_Skokomish_F,5005,0.13,Hamma_Hamma_R,5005,0.06,Samish_H,5016,0.05
Area123 (08) troll 248 1219,,Harrison,3,0.91,Chilliwack_F,3,0.08,Chilliwac@Stav,3,0.00,Hamma_Hamma_R,5005,0.00,George_Adams_H,5005,0.00
Area123 (08) troll 248 1220,,Harrison,3,0.62,Chilliwack_F,3,0.38,Samish_H,5016,0.00,NF_Skokomish_F,5005,0.00,NF_Nooksack_H,5016,0.00
Area123 (08) troll 248 1221,,Chilliwack_F,3,1.00,Harrison,3,0.00,Chilliwac@Stav,3,0.00,U_Deschutes_R,5004,0.00,,,
Area123 (08) troll 248 1222,,Harrison,3,0.78,Chilliwac@Stav,3,0.12,Chilliwack_F,3,0.07,Queets_R,5028,0.03,Skagit_R,5016,0.00
Area123 (08) troll 248 1223,,Harrison,3,0.89,Chilliwack_F,3,0.07,Chilliwac@Stav,3,0.04,Hamma_Hamma_R,5005,0.00,Cowichan,7,0.00
Area123 (08) troll 248 1224,,Lyons_Ferry_H,5021,0.85,Nez_PerceT_H,5021,0.14,Marion_Drain_Fa,5026,0.00,ClearwaterRFa,5021,0.00,Umatilla_H_Fa,5026,0.00
Area123 (08) troll 248 1225,,Cowlitz_H_sp,5009,0.98,Cowlitz_H_fa,5008,0.02,Abernathy_Cr_Fa,5008,0.00,Lewis_R_Su,5008,0.00,Spring_Cr_col,5030,0.00
Area123 (08) troll 248 1226,,Hanford_Reach,5026,0.96,Priest_Rapids_H,5026,0.03,U_Deschutes_R,5004,0.01,Priest_Rapid_H,5026,0.00,L_Wh_Sal_H_SF,5026,0.00
Area123 (08) troll 248 1227,,Harrison,3,0.95,Skagit_R,5016,0.04,U_Sauk_R_SpSu,5016,0.01,Chilliwack_F,3,0.01,Chilliwac@Stav,3,0.00
Area123 (08) troll 248 1228,,Umpqua_H,5011,0.98,Klamath_R_fa,5007,0.00,Hanford_Reach,5026,0.00,Lyons_Ferry_H,5021,0.00,ClearwaterRFa,5021,0.00
Area123 (08) troll 248 1229,,Samish_H,5016,0.63,George_Adams_H,5005,0.15,S_Prairie_Cr,5020,0.07,NF_Skokomish_F,5005,0.07,Clear_Cr_H,5020,0.05
Area123 (08) troll 248 1230,,Wenatchee_R_SF,5026,0.89,Hanford_Reach,5026,0.07,ClearwaterRFa,5021,0.02,Priest_Rapid_H,5026,0.01,Nez_PerceT_H,5021,0.00
Area123 (08) troll 248 1231,,Priest_Rapid_H,5026,0.60,Harrison,3,0.21,Umatilla_H_Fa,5026,0.06,Nez_PerceT_H,5021,0.05,Hanford_Reach,5026,0.04
Area123 (08) troll 248 1232,Dupe with 1218,Priest_Rapid_H,5026,0.44,Lewis_R_LSu,5008,0.29,Lewis_R_f,5008,0.11,Umatilla_H_Fa,5026,0.06,Hanford_Reach,5026,0.05
Area123 (08) troll 248 1233,,Spring_Cr_col,5030,0.99,Abernathy_NFH_F,5008,0.01,Elochoman_H,5030,0.00,Big_Cr_H_Col,5030,0.00,Abernathy_Cr_Fa,5008,0.00
Area123 (08) troll 248 1234,Dupe with 1216,Priest_Rapid_H,5026,0.44,Lewis_R_LSu,5008,0.29,Lewis_R_f,5008,0.11,Umatilla_H_Fa,5026,0.06,Hanford_Reach,5026,0.05
Area123 (08) troll 248 1235,,Clear_Cr_H,5020,0.66,Soos_H,5020,0.18,George_Adams_H,5005,0.08,S_Prairie_Cr,5020,0.03,NF_Skokomish_F,5005,0.01
Area123 (08) troll 248 1236,,Harrison,3,0.78,Chilliwac@Stav,3,0.22,Chilliwack_F,3,0.01,,,,,,
Area123 (08) troll 248 1237,,George_Adams_H,5005,0.77,Clear_Cr_H,5020,0.12,Hamma_Hamma_R,5005,0.05,NF_Skokomish_F,5005,0.04,Soos_H,5020,0.00
Area123 (08) troll 248 1284,,George_Adams_H,5005,0.94,NF_Skokomish_F,5005,0.03,Samish_H,5016,0.02,S_Prairie_Cr,5020,0.00,Soos_H,5020,0.00
Area123 (08) troll 248 1285,,Chilliwack_F,3,0.82,Harrison,3,0.08,U_Sauk_R_SpSu,5016,0.04,L_Skagit_R_Fa,5016,0.01,Hanford_Reach,5026,0.01
Area123 (08) troll 248 1286,,Harrison,3,0.65,Chilliwack_F,3,0.35,Chilliwac@Stav,3,0.00,Umpqua_H,5011,0.00,Abernathy_Cr_Fa,5008,0.00
Area123 (08) troll 248 1287,,Harrison,3,0.99,Chilliwack_F,3,0.01,Chilliwac@Stav,3,0.00,L_Skagit_R_Fa,5016,0.00,,,
Area123 (08) troll 248 1288,,Harrison,3,0.83,Chilliwack_F,3,0.15,Chilliwac@Stav,3,0.01,L_Skagit_R_Fa,5016,0.00,Skagit_R,5016,0.00
Area123 (08) troll 248 1289,,Harrison,3,0.99,Chilliwac@Stav,3,0.01,South_Thom,5,0.00,,,,,,
Area123 (08) troll 248 1290,,Clear_Cr_H,5020,0.29,George_Adams_H,5005,0.26,S_Prairie_Cr,5020,0.25,Soos_H,5020,0.16,Skagit_R,5016,0.01
Area123 (08) troll 248 1291,,Harrison,3,0.93,Chilliwack_F,3,0.07,Chilliwac@Stav,3,0.00,,,,,,
Area123 (08) troll 248 1292,,Harrison,3,0.99,Chilliwack_F,3,0.01,Chilliwac@Stav,3,0.00,Hanford_Reach,5026,0.00,,,
Area123 (08) troll 248 1293,,Cowichan,7,1.00,Puntledge_F,7,0.00,L_Qualicum,7,0.00,Nanaimo_F,7,0.00,,,
Area123 (08) troll 248 1294,,Queets_R,5028,0.97,Humptulips_H,5028,0.03,Hoh_R,5028,0.00,Salmon_R_f,5015,0.00,Makah_H,5028,0.00
Area123 (08) troll 248 1295,,Hanford_Reach,5026,0.79,Priest_Rapid_H,5026,0.12,Nez_PerceT_H,5021,0.02,Priest_Rapids_H,5026,0.01,Umatilla_H_Fa,5026,0.01
Area123 (08) troll 248 1296,,Hanford_Reach,5026,0.49,Priest_Rapid_H,5026,0.31,Lyons_Ferry_H,5021,0.06,Priest_Rapids_H,5026,0.05,Marion_Drain_Fa,5026,0.03
Area123 (08) troll 248 1297,,Skagit_R,5016,0.78,Marblemount_HSp,5016,0.11,L_Skagit_R_Fa,5016,0.03,Clear_Cr_H,5020,0.03,Harrison,3,0.02
Area123 (08) troll 248 1298,,Priest_Rapid_H,5026,0.19,Washougal_R_Fa,5008,0.19,ClearwaterRFa,5021,0.18,Hanford_Reach,5026,0.13,Marion_Drain_Fa,5026,0.07
Area123 (08) troll 248 1300,,Harrison,3,0.90,Chilliwac@Stav,3,0.07,Chilliwack_F,3,0.01,L_Skagit_R_Fa,5016,0.01,Umpqua_H,5011,0.00
Area123 (08) troll 248 1301,,Chilliwack_F,3,0.70,Harrison,3,0.30,Chilliwac@Stav,3,0.00,,,,,,
Area123 (08) troll 248 1302,,Harrison,3,0.99,Chilliwac@Stav,3,0.00,Chilliwack_F,3,0.00,L_Skagit_R_Fa,5016,0.00,Snoqualmie_R,5016,0.00
Area123 (08) troll 248 1303,,ClearwaterRFa,5021,0.89,Priest_Rapid_H,5026,0.05,Hanford_Reach,5026,0.04,Wenatchee_R_SF,5026,0.01,Nez_PerceT_H,5021,0.00
Area123 (08) troll 248 1304,,Abernathy_NFH_F,5008,0.72,Big_Cr_H_Col,5030,0.21,Spring_Cr_col,5030,0.06,Elochoman_H,5030,0.00,Cowlitz_H_fa,5008,0.00
Area123 (08) troll 248 1305,,Harrison,3,0.98,Chilliwack_F,3,0.01,Chilliwac@Stav,3,0.01,Samish_H,5016,0.00,Hanford_Reach,5026,0.00
Area123 (08) troll 248 1560,,Harrison,3,0.62,Chilliwac@Stav,3,0.25,Clear_Cr_H,5020,0.02,Hamma_Hamma_R,5005,0.02,U_Sauk_R_SpSu,5016,0.02
Area123 (08) troll 248 1561,,Lyons_Ferry_H,5021,0.93,Skagit_R,5016,0.05,Hanford_Reach,5026,0.01,Priest_Rapid_H,5026,0.00,Nez_PerceT_H,5021,0.00
Area123 (08) troll 248 1562,,Soos_H,5020,0.34,Clear_Cr_H,5020,0.20,S_Prairie_Cr,5020,0.17,Samish_H,5016,0.08,L_Skagit_R_Fa,5016,0.08
Area123 (08) troll 248 1567,,Harrison,3,0.97,Chilliwac@Stav,3,0.01,Chilliwack_F,3,0.01,,,,,,
Area123 (08) troll 248 1568,,Harrison,3,0.59,Chilliwack_F,3,0.29,Chilliwac@Stav,3,0.12,,,,,,
Area123 (08) troll 249 1306,,Chilliwack_F,3,0.90,Harrison,3,0.10,Chilliwac@Stav,3,0.00,L_Skagit_R_Fa,5016,0.00,Skagit_R,5016,0.00
Area123 (08) troll 249 1307,Dupe with 534,Harrison,3,0.93,Chilliwack_F,3,0.07,South_Thom,5,0.00,Phillips,9,0.00,,,
Area123 (08) troll 249 1308,Dupe with 544,Harrison,3,0.78,Chilliwack_F,3,0.11,NanaimoSu_BackX,7,0.10,Chilliwac@Stav,3,0.01,Priest_Rapid_H,5026,0.00
Area123 (08) troll 249 1309,,NF_Nooksack_H,5016,0.75,L_Skagit_R_Fa,5016,0.15,Skagit_R,5016,0.05,Soos_H,5020,0.02,Clear_Cr_H,5020,0.02
Area123 (08) troll 249 1310,Dupe with 543,Washougal_R_Fa,5008,0.40,Green_R_Fa,5008,0.22,Elochoman_H,5030,0.18,Abernathy_NFH_F,5008,0.13,Abernathy_Cr_Fa,5008,0.05
Area123 (08) troll 249 1311,,Chilliwack_F,3,0.88,Harrison,3,0.12,,,,,,,,,
Area123 (08) troll 249 1312,,NF_Nooksack_H,5016,1.00,Skagit_R,5016,0.00,,,,,,,,,
Area123 (08) troll 249 1313,,George_Adams_H,5005,0.87,NF_Skokomish_F,5005,0.11,Clear_Cr_H,5020,0.01,Hamma_Hamma_R,5005,0.00,Snoqualmie_R,5016,0.00
Area123 (08) troll 249 1314,Dupe with 533,George_Adams_H,5005,0.25,Harrison,3,0.21,Soos_H,5020,0.16,Clear_Cr_H,5020,0.10,Chilliwack_F,3,0.09
Area123 (08) troll 249 1315,Dupe with 563,Harrison,3,0.54,Chilliwack_F,3,0.38,Chilliwac@Stav,3,0.08,L_Skagit_R_Fa,5016,0.00,,,
Area123 (08) troll 249 1316,,Skagit_R,5016,0.94,U_Sauk_R_SpSu,5016,0.06,L_Skagit_R_Fa,5016,0.00,Umpqua_H,5011,0.00,Marblemount_HSp,5016,0.00
Area123 (08) troll 249 1317,,Washougal_R_Fa,5008,0.43,Spring_Cr_col,5030,0.21,Big_Cr_H_Col,5030,0.09,Abernathy_NFH_F,5008,0.08,Elochoman_H,5030,0.07
Area123 (08) troll 249 1318,Dupe with 538,Harrison,3,0.92,Chilliwack_F,3,0.08,L_Skagit_R_Fa,5016,0.00,Chilliwac@Stav,3,0.00,,,
Area123 (08) troll 249 1319,,NF_Nooksack_H,5016,1.00,Skagit_R,5016,0.00,,,,,,,,,
Area123 (08) troll 249 1320,,George_Adams_H,5005,0.32,S_Prairie_Cr,5020,0.24,Clear_Cr_H,5020,0.23,NF_Skokomish_F,5005,0.10,Grovers_Cr_H,5020,0.06
Area123 (08) troll 249 1321,,Chilliwack_F,3,0.48,Harrison,3,0.42,Lewis_R_Su,5008,0.03,Cowlitz_H_fa,5008,0.01,Umpqua_H,5011,0.01
Area123 (08) troll 249 1322,,Lyons_Ferry_H,5021,0.38,Nez_PerceT_H,5021,0.37,Priest_Rapid_H,5026,0.15,Hanford_Reach,5026,0.06,Wenatchee_R_SF,5026,0.01
Area123 (08) troll 249 1323,,Cowichan,7,0.25,Samish_H,5016,0.22,George_Adams_H,5005,0.16,Big_Qualicum,7,0.13,Puntledge_F,7,0.08
Area123 (08) troll 249 1324,,Harrison,3,0.46,Chilliwac@Stav,3,0.28,Lemieux_Cr,4,0.19,ClearwaterRFa,5021,0.03,Samish_H,5016,0.02
Area123 (08) troll 249 1325,,Cowlitz_H_fa,5008,0.80,Washougal_R_Fa,5008,0.11,Lewis_R_Su,5008,0.05,Lewis_R_f,5008,0.03,Green_R_Fa,5008,0.00
Area123 (08) troll 249 1569,,Chilliwack_F,3,0.92,Harrison,3,0.05,Chilliwac@Stav,3,0.04,,,,,,
Area123 (08) troll 249 1570,,Wenatchee_R_SF,5026,0.67,Washougal_R_Fa,5008,0.14,Lyons_Ferry_H,5021,0.07,Hanford_Reach,5026,0.03,Priest_Rapid_H,5026,0.03
Area123 (08) troll 251 1326,,Chilliwack_F,3,0.80,Harrison,3,0.19,Chilliwac@Stav,3,0.01,Abernathy_Cr_Fa,5008,0.00,,,
Area123 (08) troll 251 1327,,Spring_Cr_col,5030,0.73,Big_Cr_H_Col,5030,0.14,Washougal_R_Fa,5008,0.06,Abernathy_NFH_F,5008,0.04,Abernathy_Cr_Fa,5008,0.01
Area123 (08) troll 251 1328,,Harrison,3,0.97,South_Thom,5,0.02,Chilliwac@Stav,3,0.01,Chilliwack_F,3,0.00,NanaimoSu_BackX,7,0.00
Area123 (08) troll 251 1329,,Spring_Cr_col,5030,0.98,Abernathy_NFH_F,5008,0.02,Big_Cr_H_Col,5030,0.00,Abernathy_Cr_Fa,5008,0.00,,,
Area123 (08) troll 251 1330,,Chilliwack_F,3,0.90,Harrison,3,0.10,,,,,,,,,
Area123 (08) troll 251 1331,Dupe with 1276,Chilliwack_F,3,0.95,Harrison,3,0.05,Chilliwac@Stav,3,0.00,Cowlitz_H_fa,5008,0.00,L_Skagit_R_Fa,5016,0.00
Area123 (08) troll 251 1332,Dupe with 1275,Chilliwack_F,3,0.95,Harrison,3,0.04,Chilliwac@Stav,3,0.00,,,,,,
Area123 (08) troll 251 1333,,Skagit_R,5016,0.33,Samish_H,5016,0.25,L_Skagit_R_Fa,5016,0.14,S_Prairie_Cr,5020,0.10,Hamma_Hamma_R,5005,0.08
Area123 (08) troll 251 1334,,Harrison,3,0.82,Chilliwac@Stav,3,0.14,Chilliwack_F,3,0.04,,,,,,
Area123 (08) troll 251 1335,,Chilliwack_F,3,0.60,Harrison,3,0.39,Chilliwac@Stav,3,0.01,,,,,,
Area123 (08) troll 251 1336,Dupe with 550,Samish_H,5016,0.58,George_Adams_H,5005,0.32,S_Prairie_Cr,5020,0.05,NF_Skokomish_F,5005,0.05,Hamma_Hamma_R,5005,0.01
Area123 (08) troll 251 1337,,Harrison,3,1.00,Chilliwac@Stav,3,0.00,Chilliwack_F,3,0.00,L_Skagit_R_Fa,5016,0.00,,,
Area123 (08) troll 251 1338,,Hanford_Reach,5026,0.40,Lyons_Ferry_H,5021,0.38,Wenatchee_R_SF,5026,0.07,Priest_Rapid_H,5026,0.04,ClearwaterRFa,5021,0.02
Area123 (08) troll 251 1339,,George_Adams_H,5005,0.54,Clear_Cr_H,5020,0.25,Hamma_Hamma_R,5005,0.08,Grovers_Cr_H,5020,0.06,Soos_H,5020,0.05
Area123 (08) troll 251 1340,,Spring_Cr_col,5030,0.95,Big_Cr_H_Col,5030,0.04,Abernathy_NFH_F,5008,0.00,Elochoman_H,5030,0.00,Washougal_R_Fa,5008,0.00
Area123 (08) troll 251 1341,,Spring_Cr_col,5030,0.98,Abernathy_Cr_Fa,5008,0.01,Elochoman_H,5030,0.01,Abernathy_NFH_F,5008,0.00,L_Skagit_R_Fa,5016,0.00
Area123 (08) troll 251 1342,,NF_Skokomish_F,5005,0.31,Hamma_Hamma_R,5005,0.31,George_Adams_H,5005,0.25,Samish_H,5016,0.06,Soos_H,5020,0.04
Area123 (08) troll 251 1343,,Harrison,3,0.79,Chilliwack_F,3,0.16,Chilliwac@Stav,3,0.05,,,,,,
Area123 (08) troll 251 1344,,Harrison,3,0.97,S_Prairie_Cr,5020,0.01,Chilliwack_F,3,0.01,L_Skagit_R_Fa,5016,0.00,George_Adams_H,5005,0.00
Area123 (08) troll 251 1345,,Washougal_R_Fa,5008,0.70,Abernathy_Cr_Fa,5008,0.21,Green_R_Fa,5008,0.03,Abernathy_NFH_F,5008,0.02,Cowlitz_H_fa,5008,0.01
Area123 (08) troll 251 1346,,Harrison,3,0.99,Chilliwack_F,3,0.00,Chilliwac@Stav,3,0.00,Snoqualmie_R,5016,0.00,L_Skagit_R_Fa,5016,0.00
Area123 (08) troll 251 1347,,Clear_Cr_H,5020,0.60,Soos_H,5020,0.13,Samish_H,5016,0.11,George_Adams_H,5005,0.09,S_Prairie_Cr,5020,0.02
Area123 (08) troll 251 1348,,Lewis_R_Su,5008,0.32,Cowlitz_H_sp,5009,0.24,Cowlitz_H_fa,5008,0.23,Washougal_R_Fa,5008,0.12,Lewis_R_LSu,5008,0.06
Area123 (08) troll 251 1571,,Lyons_Ferry_H,5021,0.63,ClearwaterRFa,5021,0.19,Hanford_Reach,5026,0.10,Priest_Rapid_H,5026,0.05,Nez_PerceT_H,5021,0.01
Area123 (08) troll 251 1572,,Cowlitz_H_sp,5009,0.92,Lewis_R_f,5008,0.07,Cowlitz_H_fa,5008,0.00,Abernathy_Cr_Fa,5008,0.00,Hanford_Reach,5026,0.00
Area123 (08) troll 252 1349,,Harrison,3,0.75,Chilliwack_F,3,0.25,Chilliwac@Stav,3,0.00,,,,,,
Area123 (08) troll 252 1350,,Cowlitz_H_fa,5008,0.44,Washougal_R_Fa,5008,0.24,Green_R_Fa,5008,0.15,Lewis_R_f,5008,0.06,Abernathy_NFH_F,5008,0.05
Area123 (08) troll 252 1351,,Spring_Cr_col,5030,0.83,Abernathy_Cr_Fa,5008,0.10,Elochoman_H,5030,0.05,Washougal_R_Fa,5008,0.02,Abernathy_NFH_F,5008,0.00
Area123 (08) troll 252 1352,,Harrison,3,0.55,Chilliwack_F,3,0.45,Chilliwac@Stav,3,0.00,,,,,,
Area123 (08) troll 252 1353,,Wenatchee_R_SF,5026,0.77,Hanford_Reach,5026,0.10,Nez_PerceT_H,5021,0.02,L_Wh_Sal_H_SF,5026,0.02,Skagit_R,5016,0.02
Area123 (08) troll 252 1354,,Queets_R,5028,0.97,Nahlin_R_U,5025,0.02,L_Skagit_R_Fa,5016,0.01,Tseta,17,0.00,Hanford_Reach,5026,0.00
Area123 (08) troll 252 1355,,Spring_Cr_col,5030,0.66,Abernathy_NFH_F,5008,0.31,Big_Cr_H_Col,5030,0.02,Elochoman_H,5030,0.01,Abernathy_Cr_Fa,5008,0.01
Area123 (08) troll 252 1356,,Cowichan,7,0.60,Harrison,3,0.27,Big_Qualicum,7,0.10,Puntledge_F,7,0.01,L_Skagit_R_Fa,5016,0.01
Area123 (08) troll 252 1357,,Harrison,3,0.94,Chilliwack_F,3,0.06,Chilliwac@Stav,3,0.00,,,,,,
Area123 (08) troll 252 1358,,Hanford_Reach,5026,0.43,Marion_Drain_Fa,5026,0.21,Nez_PerceT_H,5021,0.15,Priest_Rapids_H,5026,0.09,Umatilla_H_Fa,5026,0.06
Area123 (08) troll 252 1359,,Harrison,3,0.91,Chilliwac@Stav,3,0.08,Chilliwack_F,3,0.00,Hamma_Hamma_R,5005,0.00,Capilano,9,0.00
Area123 (08) troll 252 1360,,Spring_Cr_col,5030,0.79,Abernathy_NFH_F,5008,0.12,Elochoman_H,5030,0.07,Cowlitz_H_fa,5008,0.01,Washougal_R_Fa,5008,0.01
Area123 (08) troll 252 1361,,S_Prairie_Cr,5020,0.60,Samish_H,5016,0.19,Soos_H,5020,0.07,George_Adams_H,5005,0.06,Clear_Cr_H,5020,0.03
Area123 (08) troll 252 1362,,Spring_Cr_col,5030,0.88,Big_Cr_H_Col,5030,0.07,Abernathy_NFH_F,5008,0.05,Abernathy_Cr_Fa,5008,0.00,Elochoman_H,5030,0.00
Area123 (08) troll 252 1363,,Hanford_Reach,5026,0.87,Umpqua_H,5011,0.04,Nez_PerceT_H,5021,0.02,Priest_Rapid_H,5026,0.02,Umatilla_H_Fa,5026,0.02
Area123 (08) troll 252 1364,,Spring_Cr_col,5030,0.94,Big_Cr_H_Col,5030,0.03,Abernathy_NFH_F,5008,0.01,Cowlitz_H_fa,5008,0.01,Cowlitz_H_sp,5009,0.01
Area123 (08) troll 252 1365,,Harrison,3,1.00,Chilliwack_F,3,0.00,Chilliwac@Stav,3,0.00,,,,,,
Area123 (08) troll 252 1366,,Harrison,3,0.76,Chilliwack_F,3,0.23,Chilliwac@Stav,3,0.01,Capilano,9,0.00,Horsefly,2,0.00
Area123 (08) troll 252 1367,,Chilliwack_F,3,0.70,Harrison,3,0.30,Chilliwac@Stav,3,0.00,,,,,,
Area123 (08) troll 252 1368,,Harrison,3,0.55,Chilliwack_F,3,0.32,Soos_H,5020,0.05,S_Prairie_Cr,5020,0.05,Clear_Cr_H,5020,0.01
Area123 (08) troll 252 1369,Dupe with 759,NF_Skokomish_F,5005,0.77,George_Adams_H,5005,0.14,Clear_Cr_H,5020,0.03,Hamma_Hamma_R,5005,0.03,Snoqualmie_R,5016,0.01
Area123 (08) troll 252 1370,,Skagit_R,5016,0.78,U_Sauk_R_SpSu,5016,0.08,Umpqua_H,5011,0.07,L_Skagit_R_Fa,5016,0.04,Marblemount_HSp,5016,0.01
Area123 (08) troll 252 1371,,Samish_H,5016,0.46,Soos_H,5020,0.31,S_Prairie_Cr,5020,0.08,George_Adams_H,5005,0.05,Clear_Cr_H,5020,0.05
Area123 (08) troll 252 1506,,Spring_Cr_col,5030,1.00,Big_Cr_H_Col,5030,0.00,Cowlitz_H_fa,5008,0.00,Elochoman_H,5030,0.00,,,
Area123 (08) troll 252 1507,,Harrison,3,0.79,Chilliwack_F,3,0.21,Chilliwac@Stav,3,0.01,,,,,,
Area123 (08) troll 252 1508,Dupe with 1330,Lewis_R_LSu,5008,0.51,Cowlitz_H_fa,5008,0.22,Lewis_R_Su,5008,0.16,Lewis_R_f,5008,0.05,Washougal_R_Fa,5008,0.03
Area123 (08) troll 252 1509,,Harrison,3,0.96,Chilliwac@Stav,3,0.03,Chilliwack_F,3,0.01,Priest_Rapid_H,5026,0.00,Umatilla_H_Fa,5026,0.00
Area123 (08) troll 252 1510,,Clear_Cr_H,5020,0.96,Soos_H,5020,0.02,NF_Skokomish_F,5005,0.02,Hamma_Hamma_R,5005,0.00,George_Adams_H,5005,0.00
Area123 (08) troll 252 1511,,Harrison,3,1.00,Chilliwack_F,3,0.00,Washougal_R_Fa,5008,0.00,L_Skagit_R_Fa,5016,0.00,Chilliwac@Stav,3,0.00
Area123 (08) troll 252 1512,,Harrison,3,0.99,Chilliwack_F,3,0.00,Chilliwac@Stav,3,0.00,U_Nahlin_R,5025,0.00,,,
Area123 (08) troll 252 1513,,Cowlitz_H_fa,5008,0.54,Washougal_R_Fa,5008,0.33,Lewis_R_f,5008,0.06,Abernathy_Cr_Fa,5008,0.04,Lewis_R_Su,5008,0.02
Area123 (08) troll 252 1514,,Hanford_Reach,5026,0.45,Priest_Rapid_H,5026,0.34,Nez_PerceT_H,5021,0.15,Lyons_Ferry_H,5021,0.03,Marion_Drain_Fa,5026,0.01
Area123 (08) troll 252 1515,,ClearwaterRFa,5021,0.38,Priest_Rapid_H,5026,0.31,Hanford_Reach,5026,0.27,U_Deschutes_R,5004,0.02,Priest_Rapids_H,5026,0.01
Area123 (08) troll 252 1516,Dupe with 689,Harrison,3,0.88,NanaimoSu_BackX,7,0.10,Chilliwack_F,3,0.01,Chilliwac@Stav,3,0.01,,,
Area123 (08) troll 252 1517,,Puntledge_F,7,0.27,Big_Qualicum,7,0.16,L_Skagit_R_Fa,5016,0.15,Skagit_R,5016,0.11,Clear_Cr_H,5020,0.08
Area123 (08) troll 252 1518,Dupe with 1320,Lewis_R_LSu,5008,0.52,Cowlitz_H_fa,5008,0.21,Lewis_R_Su,5008,0.16,Lewis_R_f,5008,0.05,Washougal_R_Fa,5008,0.02
Area123 (08) troll 252 1519,,Harrison,3,0.57,Chilliwac@Stav,3,0.41,Chilliwack_F,3,0.02,Samish_H,5016,0.00,South_Thom,5,0.00
Area123 (08) troll 252 1520,,Priest_Rapid_H,5026,0.84,Hanford_Reach,5026,0.07,ClearwaterRFa,5021,0.04,Umatilla_H_Fa,5026,0.02,L_Wh_Sal_H_SF,5026,0.01
Area123 (08) troll 252 1521,,Harrison,3,0.61,Chilliwack_F,3,0.38,Chilliwac@Stav,3,0.00,Capilano,9,0.00,,,
Area123 (08) troll 252 1522,,ClearwaterRFa,5021,0.98,Lyons_Ferry_H,5021,0.01,Hanford_Reach,5026,0.00,Nez_PerceT_H,5021,0.00,U_Deschutes_R,5004,0.00
Area123 (08) troll 252 1523,,Harrison,3,0.91,Chilliwack_F,3,0.09,Chilliwac@Stav,3,0.00,,,,,,
Area123 (08) troll 252 1524,,Harrison,3,0.90,Chilliwack_F,3,0.10,N_Thom@Main,4,0.00,Skagit_R,5016,0.00,Chilliwac@Stav,3,0.00
Area123 (08) troll 252 1525,,Hanford_Reach,5026,0.36,Priest_Rapid_H,5026,0.29,Wenatchee_R_SF,5026,0.23,Wells_H,5026,0.08,Nez_PerceT_H,5021,0.02
Area123 (08) troll 252 1526,,Harrison,3,0.92,Chilliwack_F,3,0.08,Samish_H,5016,0.00,Hamma_Hamma_R,5005,0.00,Skagit_R,5016,0.00
Area123 (08) troll 252 1527,,Harrison,3,0.84,Chilliwack_F,3,0.08,Chilliwac@Stav,3,0.07,L_Skagit_R_Fa,5016,0.00,Stuart,2,0.00
Area123 (08) troll 252 1528,Dupe with 889,Harrison,3,0.56,Chilliwac@Stav,3,0.34,Chilliwack_F,3,0.10,,,,,,
Area123 (08) troll 252 1529,Number of missing Loci exceeded,,,,,,,,,,,,,,,
Area123 (08) troll 252 1530,,Hanford_Reach,5026,0.48,U_Sauk_R_SpSu,5016,0.19,George_Adams_H,5005,0.09,Priest_Rapids_H,5026,0.07,NF_Skokomish_F,5005,0.04
Area123 (08) troll 252 1531,,Priest_Rapid_H,5026,0.61,Harrison,3,0.12,ClearwaterRFa,5021,0.09,Wenatchee_R_SF,5026,0.08,South_Thom,5,0.03
Area123 (08) troll 252 1532,Dupe with 1346,Abernathy_NFH_F,5008,0.49,Spring_Cr_col,5030,0.32,Washougal_R_Fa,5008,0.06,Big_Cr_H_Col,5030,0.06,Abernathy_Cr_Fa,5008,0.04
Area123 (08) troll 252 1533,,Samish_H,5016,0.56,George_Adams_H,5005,0.25,NF_Skokomish_F,5005,0.13,Hamma_Hamma_R,5005,0.03,Clear_Cr_H,5020,0.02
Area123 (08) troll 252 1534,,Spring_Cr_col,5030,0.91,Abernathy_Cr_Fa,5008,0.03,Abernathy_NFH_F,5008,0.03,Cowlitz_H_fa,5008,0.02,Cowlitz_H_sp,5009,0.00
Area123 (08) troll 252 1535,Dupe with 1343,Abernathy_NFH_F,5008,0.49,Spring_Cr_col,5030,0.31,Washougal_R_Fa,5008,0.07,Big_Cr_H_Col,5030,0.06,Abernathy_Cr_Fa,5008,0.04
Area123 (08) troll 252 1536,Dupe with 835,Abernathy_NFH_F,5008,0.79,Big_Cr_H_Col,5030,0.12,Elochoman_H,5030,0.09,Spring_Cr_col,5030,0.00,Cowlitz_H_fa,5008,0.00
Area123 (08) troll 252 1537,Dupe with 1352,NF_Skokomish_F,5005,0.40,George_Adams_H,5005,0.25,Samish_H,5016,0.14,Hamma_Hamma_R,5005,0.11,Cedar_R_SuFa,5020,0.05
Area123 (08) troll 252 1538,Number of missing Loci exceeded,,,,,,,,,,,,,,,
Area123 (08) troll 252 1539,,Clear_Cr_H,5020,0.90,George_Adams_H,5005,0.03,S_Prairie_Cr,5020,0.02,NF_Skokomish_F,5005,0.02,Grovers_Cr_H,5020,0.01
Area123 (08) troll 252 1540,,Clear_Cr_H,5020,0.39,NF_Skokomish_F,5005,0.36,George_Adams_H,5005,0.07,Hamma_Hamma_R,5005,0.06,Cedar_R_SuFa,5020,0.04
Area123 (08) troll 252 1541,Dupe with 768,S_Prairie_Cr,5020,0.25,Clear_Cr_H,5020,0.22,NF_Skokomish_F,5005,0.13,Soos_H,5020,0.13,Hamma_Hamma_R,5005,0.13
Area123 (08) troll 252 1542,Dupe with 1348,NF_Skokomish_F,5005,0.40,George_Adams_H,5005,0.25,Samish_H,5016,0.15,Hamma_Hamma_R,5005,0.11,Cedar_R_SuFa,5020,0.05
Area123 (08) troll 252 1543,,Spring_Cr_col,5030,0.56,Abernathy_NFH_F,5008,0.27,Big_Cr_H_Col,5030,0.07,Cowlitz_H_fa,5008,0.05,Abernathy_Cr_Fa,5008,0.05
Area123 (08) troll 252 1544,,Spring_Cr_col,5030,0.95,Abernathy_NFH_F,5008,0.05,Big_Cr_H_Col,5030,0.01,Cowlitz_H_fa,5008,0.00,Abernathy_Cr_Fa,5008,0.00
Area123 (08) troll 252 1545,,Spring_Cr_col,5030,0.93,Abernathy_NFH_F,5008,0.04,Big_Cr_H_Col,5030,0.02,Abernathy_Cr_Fa,5008,0.01,Cowlitz_H_fa,5008,0.00
Area123 (08) troll 252 1573,,N_Santiam_H,5029,0.85,McKenzie_H,5029,0.13,Hanford_Reach,5026,0.01,U_Deschutes_R,5004,0.00,Umatilla_H_Fa,5026,0.00
Area123 (08) troll 252 1574,,Cowichan,7,0.70,Big_Qualicum,7,0.15,Puntledge_F,7,0.11,L_Qualicum,7,0.03,Nanaimo_F,7,0.01
Area123 (08) troll 272 1546,,Hanford_Reach,5026,0.35,Priest_Rapid_H,5026,0.28,Wenatchee_R_SF,5026,0.24,Umpqua_H,5011,0.04,NanaimoSu_BackX,7,0.03
Area123 (08) troll 272 1547,,Spring_Cr_col,5030,0.59,Abernathy_NFH_F,5008,0.36,Big_Cr_H_Col,5030,0.05,Elochoman_H,5030,0.00,Cowlitz_H_fa,5008,0.00
Area123 (08) troll 272 1548,,Chilliwack_F,3,0.95,Harrison,3,0.04,Hanford_Reach,5026,0.01,ClearwaterRFa,5021,0.00,S_Prairie_Cr,5020,0.00
Area123 (08) troll 272 1549,,Priest_Rapid_H,5026,0.58,Hanford_Reach,5026,0.09,ClearwaterRFa,5021,0.09,Wenatchee_R_SF,5026,0.06,Lyons_Ferry_H,5021,0.04
Area123 (08) troll 272 1550,,Harrison,3,0.97,Chilliwack_F,3,0.02,Chilliwac@Stav,3,0.00,L_Skagit_R_Fa,5016,0.00,Clear_Cr_H,5020,0.00
Area123 (08) troll 33 1,,Soos_H,5020,0.85,NF_Skokomish_F,5005,0.06,S_Prairie_Cr,5020,0.05,George_Adams_H,5005,0.01,Clear_Cr_H,5020,0.01
Area123 (08) troll 33 10,,NF_Nooksack_H,5016,1.00,,,,,,,,,,,,
Area123 (08) troll 33 11,,Coquille_R,5011,0.96,L_Skagit_R_Fa,5016,0.03,Sixes_R,5011,0.01,Millicoma_R,5011,0.00,George_Adams_H,5005,0.00
Area123 (08) troll 33 12,,Skagit_R,5016,0.62,L_Skagit_R_Fa,5016,0.24,U_Sauk_R_SpSu,5016,0.09,Snoqualmie_R,5016,0.02,Hamma_Hamma_R,5005,0.02
Area123 (08) troll 33 13,,NF_Nooksack_H,5016,0.89,Cedar_R_SuFa,5020,0.02,Harrison,3,0.02,U_Sauk_R_SpSu,5016,0.02,L_Skagit_R_Fa,5016,0.01
Area123 (08) troll 33 14,,Samish_H,5016,0.76,Clear_Cr_H,5020,0.17,NF_Skokomish_F,5005,0.03,George_Adams_H,5005,0.02,L_Skagit_R_Fa,5016,0.01
Area123 (08) troll 33 15,,Spring_Cr_col,5030,0.81,Big_Cr_H_Col,5030,0.10,Abernathy_NFH_F,5008,0.06,Abernathy_Cr_Fa,5008,0.02,Washougal_R_Fa,5008,0.01
Area123 (08) troll 33 16,,N_Santiam_H,5029,0.72,McKenzie_H,5029,0.28,,,,,,,,,
Area123 (08) troll 33 17,,Soos_H,5020,0.32,Clear_Cr_H,5020,0.28,George_Adams_H,5005,0.22,NF_Skokomish_F,5005,0.05,Skagit_R,5016,0.04
Area123 (08) troll 33 18,,NF_Skokomish_F,5005,0.42,Samish_H,5016,0.23,George_Adams_H,5005,0.16,Clear_Cr_H,5020,0.13,Cedar_R_SuFa,5020,0.02
Area123 (08) troll 33 19,,NF_Nooksack_H,5016,0.81,L_Skagit_R_Fa,5016,0.08,Skagit_R,5016,0.03,Samish_H,5016,0.01,Clear_Cr_H,5020,0.01
Area123 (08) troll 33 2,,George_Adams_H,5005,0.54,L_Skagit_R_Fa,5016,0.14,Soos_H,5020,0.12,S_Prairie_Cr,5020,0.12,Clear_Cr_H,5020,0.02
Area123 (08) troll 33 20,,Spring_Cr_col,5030,0.86,Elochoman_H,5030,0.07,Abernathy_NFH_F,5008,0.04,Abernathy_Cr_Fa,5008,0.01,Washougal_R_Fa,5008,0.01
Area123 (08) troll 33 21,,Spring_Cr_col,5030,0.94,Abernathy_NFH_F,5008,0.06,Big_Cr_H_Col,5030,0.00,Abernathy_Cr_Fa,5008,0.00,,,
Area123 (08) troll 33 22,,Spring_Cr_col,5030,0.99,Abernathy_NFH_F,5008,0.01,Elochoman_H,5030,0.00,Washougal_R_Fa,5008,0.00,,,
Area123 (08) troll 33 23,,Marblemount_HSp,5016,0.90,Harrison,3,0.05,U_Sauk_R_SpSu,5016,0.03,Chilliwack_F,3,0.01,Skagit_R,5016,0.00
Area123 (08) troll 33 24,,Harrison,3,0.84,Chilliwack_F,3,0.10,Chilliwac@Stav,3,0.03,Grovers_Cr_H,5020,0.02,L_Skagit_R_Fa,5016,0.00
Area123 (08) troll 33 25,,Coquille_R,5011,0.89,Queets_R,5028,0.07,NF_Nooksack_H,5016,0.03,Sixes_R,5011,0.00,U_Sauk_R_SpSu,5016,0.00
Area123 (08) troll 33 26,,S_Prairie_Cr,5020,0.25,Soos_H,5020,0.21,Skagit_R,5016,0.16,Samish_H,5016,0.08,Hanford_Reach,5026,0.04
Area123 (08) troll 33 27,,Harrison,3,0.75,Chilliwack_F,3,0.24,Chilliwac@Stav,3,0.01,,,,,,
Area123 (08) troll 33 28,,George_Adams_H,5005,0.36,Clear_Cr_H,5020,0.25,NF_Skokomish_F,5005,0.20,Soos_H,5020,0.09,Samish_H,5016,0.04
Area123 (08) troll 33 29,,Lyons_Ferry_H,5021,0.26,Wenatchee_R_SF,5026,0.24,Priest_Rapid_H,5026,0.21,Hanford_Reach,5026,0.20,Nez_PerceT_H,5021,0.04
Area123 (08) troll 33 3,,Harrison,3,0.61,Skagit_R,5016,0.19,Coquille_R,5011,0.15,Hanford_Reach,5026,0.01,NF_Nooksack_H,5016,0.01
Area123 (08) troll 33 30,,Marblemount_HSp,5016,0.63,U_Sauk_R_SpSu,5016,0.32,Skagit_R,5016,0.05,L_Skagit_R_Fa,5016,0.01,Skykomish_R,5016,0.00
Area123 (08) troll 33 31,,Spring_Cr_col,5030,0.69,Abernathy_NFH_F,5008,0.21,Abernathy_Cr_Fa,5008,0.04,Washougal_R_Fa,5008,0.03,Big_Cr_H_Col,5030,0.02
Area123 (08) troll 33 32,,Samish_H,5016,0.79,NF_Skokomish_F,5005,0.12,George_Adams_H,5005,0.05,Soos_H,5020,0.02,S_Prairie_Cr,5020,0.01
Area123 (08) troll 33 33,,Samish_H,5016,0.64,S_Prairie_Cr,5020,0.14,NF_Skokomish_F,5005,0.09,Clear_Cr_H,5020,0.05,George_Adams_H,5005,0.04
Area123 (08) troll 33 34,,L_Skagit_R_Fa,5016,0.68,U_Sauk_R_SpSu,5016,0.23,Snoqualmie_R,5016,0.02,Green_R_Fa,5008,0.02,NanaimoSu_BackX,7,0.02
Area123 (08) troll 33 35,,NF_Nooksack_H,5016,1.00,Marblemount_HSp,5016,0.00,Skagit_R,5016,0.00,Coquille_R,5011,0.00,,,
Area123 (08) troll 33 36,,Soos_H,5020,0.72,L_Skagit_R_Fa,5016,0.08,S_Prairie_Cr,5020,0.07,Clear_Cr_H,5020,0.04,Samish_H,5016,0.04
Area123 (08) troll 33 37,,Samish_H,5016,0.89,S_Prairie_Cr,5020,0.05,L_Skagit_R_Fa,5016,0.02,Soos_H,5020,0.02,Cedar_R_SuFa,5020,0.01
Area123 (08) troll 33 38,,White_H,5020,0.92,Hupp_Sp_H,5020,0.08,,,,,,,,,
Area123 (08) troll 33 39,,Clear_Cr_H,5020,0.81,Soos_H,5020,0.08,George_Adams_H,5005,0.06,NF_Skokomish_F,5005,0.02,Hamma_Hamma_R,5005,0.02
Area123 (08) troll 33 4,,NF_Skokomish_F,5005,0.60,George_Adams_H,5005,0.28,Grovers_Cr_H,5020,0.09,Hamma_Hamma_R,5005,0.03,L_Skagit_R_Fa,5016,0.00
Area123 (08) troll 33 40,,Spring_Cr_col,5030,0.57,Abernathy_NFH_F,5008,0.31,Big_Cr_H_Col,5030,0.04,Washougal_R_Fa,5008,0.03,Cowlitz_H_sp,5009,0.02
Area123 (08) troll 33 41,,Skagit_R,5016,1.00,L_Skagit_R_Fa,5016,0.00,Marblemount_HSp,5016,0.00,Marblemount_Hsu,5016,0.00,,,
Area123 (08) troll 33 42,,Clear_Cr_H,5020,0.54,Samish_H,5016,0.24,Soos_H,5020,0.18,Hamma_Hamma_R,5005,0.02,Cedar_R_SuFa,5020,0.01
Area123 (08) troll 33 43,,Skagit_R,5016,0.85,L_Skagit_R_Fa,5016,0.09,U_Sauk_R_SpSu,5016,0.04,Marblemount_Hsu,5016,0.02,South_Thom,5,0.01
Area123 (08) troll 33 44,,Skagit_R,5016,0.94,U_Sauk_R_SpSu,5016,0.04,L_Skagit_R_Fa,5016,0.01,,,,,,
Area123 (08) troll 33 45,,L_Skagit_R_Fa,5016,0.78,Skagit_R,5016,0.20,Samish_H,5016,0.01,U_Sauk_R_SpSu,5016,0.00,Marblemount_Hsu,5016,0.00
Area123 (08) troll 33 46,,Harrison,3,0.66,Chilliwack_F,3,0.33,Chilliwac@Stav,3,0.01,ClearwaterRFa,5021,0.00,,,
Area123 (08) troll 33 47,,Spring_Cr_col,5030,0.76,Abernathy_NFH_F,5008,0.22,Big_Cr_H_Col,5030,0.02,Abernathy_Cr_Fa,5008,0.00,Elochoman_H,5030,0.00
Area123 (08) troll 33 5,,Samish_H,5016,0.30,Soos_H,5020,0.22,George_Adams_H,5005,0.16,Clear_Cr_H,5020,0.15,Hamma_Hamma_R,5005,0.05
Area123 (08) troll 33 6,,Skagit_R,5016,0.95,L_Skagit_R_Fa,5016,0.01,Hanford_Reach,5026,0.01,U_Sauk_R_SpSu,5016,0.01,Lewis_R_Su,5008,0.00
Area123 (08) troll 33 7,,Clear_Cr_H,5020,0.20,NF_Skokomish_F,5005,0.18,George_Adams_H,5005,0.16,S_Prairie_Cr,5020,0.12,Soos_H,5020,0.10
Area123 (08) troll 33 8,,Samish_H,5016,0.88,Hamma_Hamma_R,5005,0.05,Skagit_R,5016,0.02,U_Sauk_R_SpSu,5016,0.02,L_Skagit_R_Fa,5016,0.01
Area123 (08) troll 33 9,,Abernathy_NFH_F,5008,0.56,Spring_Cr_col,5030,0.32,Elochoman_H,5030,0.07,Big_Cr_H_Col,5030,0.03,Abernathy_Cr_Fa,5008,0.01
Area123 (08) troll 42 48,,Spring_Cr_col,5030,0.86,Big_Cr_H_Col,5030,0.08,Elochoman_H,5030,0.03,Washougal_R_Fa,5008,0.01,Abernathy_NFH_F,5008,0.01
Area123 (08) troll 42 49,,George_Adams_H,5005,0.47,Samish_H,5016,0.15,Clear_Cr_H,5020,0.12,NF_Skokomish_F,5005,0.10,Hamma_Hamma_R,5005,0.06
Area123 (08) troll 42 50,,NF_Nooksack_H,5016,1.00,Snoqualmie_R,5016,0.00,,,,,,,,,
Area123 (08) troll 42 51,,L_Skagit_R_Fa,5016,0.89,Snoqualmie_R,5016,0.04,Skagit_R,5016,0.02,U_Sauk_R_SpSu,5016,0.02,NF_Nooksack_H,5016,0.01
Area123 (08) troll 42 52,,Samish_H,5016,0.58,NF_Skokomish_F,5005,0.16,Clear_Cr_H,5020,0.13,George_Adams_H,5005,0.03,Puntledge_F,7,0.02
Area123 (08) troll 42 53,,Samish_H,5016,0.96,George_Adams_H,5005,0.01,Soos_H,5020,0.01,Clear_Cr_H,5020,0.01,Hamma_Hamma_R,5005,0.00
Area123 (08) troll 42 54,,Samish_H,5016,0.90,George_Adams_H,5005,0.03,Soos_H,5020,0.03,Hamma_Hamma_R,5005,0.02,Bear_Cr_SuFa,5020,0.01
Area123 (08) troll 42 55,,Samish_H,5016,0.77,Hamma_Hamma_R,5005,0.12,George_Adams_H,5005,0.07,NF_Skokomish_F,5005,0.02,S_Prairie_Cr,5020,0.01
Area123 (08) troll 42 56,,Soos_H,5020,0.79,NF_Skokomish_F,5005,0.06,George_Adams_H,5005,0.06,L_Skagit_R_Fa,5016,0.03,S_Prairie_Cr,5020,0.03
Area123 (08) troll 42 57,,S_Prairie_Cr,5020,0.78,NF_Skokomish_F,5005,0.08,Samish_H,5016,0.05,Soos_H,5020,0.05,Clear_Cr_H,5020,0.02
Area123 (08) troll 42 58,,White_H,5020,0.92,Hupp_Sp_H,5020,0.08,,,,,,,,,
Area123 (08) troll 42 59,,S_Prairie_Cr,5020,0.36,L_Skagit_R_Fa,5016,0.11,Samish_H,5016,0.09,NF_Skokomish_F,5005,0.08,L_Qualicum,7,0.07
Area123 (08) troll 42 60,,L_Skagit_R_Fa,5016,0.66,Soos_H,5020,0.09,Harrison,3,0.07,Clear_Cr_H,5020,0.07,Snoqualmie_R,5016,0.04
Area123 (08) troll 42 61,,Skagit_R,5016,0.84,U_Sauk_R_SpSu,5016,0.14,L_Skagit_R_Fa,5016,0.01,Marblemount_HSp,5016,0.01,Skykomish_R,5016,0.00
Area123 (08) troll 42 62,,NF_Nooksack_H,5016,1.00,Skagit_R,5016,0.00,U_Sauk_R_SpSu,5016,0.00,,,,,,
Area123 (08) troll 42 63,,Clear_Cr_H,5020,0.51,Soos_H,5020,0.21,George_Adams_H,5005,0.19,S_Prairie_Cr,5020,0.06,NF_Skokomish_F,5005,0.03
Area123 (08) troll 42 64,,Chilliwac@Stav,3,0.91,Harrison,3,0.09,Chilliwack_F,3,0.00,L_Chilcoti,2,0.00,Grovers_Cr_H,5020,0.00
Area123 (08) troll 42 65,,L_Skagit_R_Fa,5016,0.30,Soos_H,5020,0.19,Skagit_R,5016,0.14,NF_Skokomish_F,5005,0.09,Samish_H,5016,0.08
Area123 (08) troll 42 66,,NF_Skokomish_F,5005,0.67,Clear_Cr_H,5020,0.14,Soos_H,5020,0.06,Hamma_Hamma_R,5005,0.05,L_Skagit_R_Fa,5016,0.04
Area123-124 (08) troll 165 10,Number of missing Loci exceeded,,,,,,,,,,,,,,,
Area123-124 (08) troll 165 11,Number of missing Loci exceeded,,,,,,,,,,,,,,,
Area123-124 (08) troll 165 14,Number of missing Loci exceeded,,,,,,,,,,,,,,,
Area123-124 (08) troll 165 16,Number of missing Loci exceeded,,,,,,,,,,,,,,,
Area123-124 (08) troll 165 18,Number of missing Loci exceeded,,,,,,,,,,,,,,,
Area123-124 (08) troll 165 19,Number of missing Loci exceeded,,,,,,,,,,,,,,,
Area123-124 (08) troll 165 20,Number of missing Loci exceeded,,,,,,,,,,,,,,,
Area123-124 (08) troll 165 21,Number of missing Loci exceeded,,,,,,,,,,,,,,,
Area123-124 (08) troll 165 22,Number of missing Loci exceeded,,,,,,,,,,,,,,,
Area123-124 (08) troll 165 23,Number of missing Loci exceeded,,,,,,,,,,,,,,,
Area123-124 (08) troll 165 30,Number of missing Loci exceeded,,,,,,,,,,,,,,,
Area123-124 (08) troll 165 31,Number of missing Loci exceeded,,,,,,,,,,,,,,,
Area123-124 (08) troll 165 35,Number of missing Loci exceeded,,,,,,,,,,,,,,,
Area123-124 (08) troll 165 37,Number of missing Loci exceeded,,,,,,,,,,,,,,,
Area123-124 (08) troll 165 41,Number of missing Loci exceeded,,,,,,,,,,,,,,,
Area123-124 (08) troll 165 44,Number of missing Loci exceeded,,,,,,,,,,,,,,,
Area123-124 (08) troll 165 50,Number of missing Loci exceeded,,,,,,,,,,,,,,,
,,,,,,,,,,,,,,,,
Sample: 10, Area124,2008, troll, May04-May28,,,,,,,,,,,,
Area124 (08) troll 125 1,,Chilliwack_F,3,1.00,Harrison,3,0.00,,,,,,,,,
Area124 (08) troll 149 101,,Grovers_Cr_H,5020,1.00,,,,,,,,,,,,
Area124 (08) troll 149 102,,L_Skagit_R_Fa,5016,0.45,Cheakamus_F,9,0.06,Spring_Cr_col,5030,0.06,Grovers_Cr_H,5020,0.05,George_Adams_H,5005,0.04
Area124 (08) troll 149 103,,Spring_Cr_col,5030,1.00,Elochoman_H,5030,0.00,Big_Cr_H_Col,5030,0.00,,,,,,
Area124 (08) troll 149 104,,Grovers_Cr_H,5020,1.00,L_Skagit_R_Fa,5016,0.00,U_Sauk_R_SpSu,5016,0.00,Bear_Cr_SuFa,5020,0.00,Soos_H,5020,0.00
Area124 (08) troll 149 105,,Chilliwack_F,3,0.98,Harrison,3,0.02,,,,,,,,,
Area124 (08) troll 149 106,,L_Skagit_R_Fa,5016,0.84,George_Adams_H,5005,0.07,U_Sauk_R_SpSu,5016,0.04,Grovers_Cr_H,5020,0.02,Cedar_R_SuFa,5020,0.02
Area124 (08) troll 149 107,,Cheakamus_F,9,0.65,Big_Qualicum,7,0.25,L_Qualicum,7,0.03,Puntledge_F,7,0.02,Cowichan,7,0.02
Area124 (08) troll 149 108,,Coldwater,6,0.51,Deadman,6,0.31,Nicola,6,0.08,U_Coldwat_SP,6,0.04,Spius,6,0.04
Area124 (08) troll 149 109,,Grovers_Cr_H,5020,0.94,Cedar_R_SuFa,5020,0.04,Soos_H,5020,0.02,George_Adams_H,5005,0.00,Bear_Cr_SuFa,5020,0.00
Area124 (08) troll 149 110,,Cowichan,7,0.83,L_Qualicum,7,0.07,Big_Qualicum,7,0.05,Nanaimo_F,7,0.04,Puntledge_BackX,7,0.02
Area124 (08) troll 149 111,,Spring_Cr_col,5030,1.00,Elochoman_H,5030,0.00,,,,,,,,,
Area124 (08) troll 149 112,,Grovers_Cr_H,5020,0.80,George_Adams_H,5005,0.09,Cedar_R_SuFa,5020,0.05,Soos_H,5020,0.02,Hamma_Hamma_R,5005,0.01
Area124 (08) troll 149 113,,Chilliwack_F,3,1.00,Chilliwac@Stav,3,0.00,,,,,,,,,
Area124 (08) troll 149 114,,Spring_Cr_col,5030,1.00,Abernathy_Cr_Fa,5008,0.00,,,,,,,,,
Area124 (08) troll 149 115,,L_Skagit_R_Fa,5016,0.78,George_Adams_H,5005,0.11,Cedar_R_SuFa,5020,0.07,Samish_H,5016,0.01,Soos_H,5020,0.01
,,,,,,,,,,,,,,,,
Sample: 11, Area125,2008, troll, Jan16-May22,,,,,,,,,,,,
Area125 (08) troll 114 1,,Skagit_R,5016,0.93,L_Skagit_R_Fa,5016,0.03,NanaimoSu_BackX,7,0.02,S_Coos_R,5011,0.00,Salmon_R_f,5015,0.00
Area125 (08) troll 114 10,,Skagit_R,5016,0.99,Devereux,9,0.00,L_Skagit_R_Fa,5016,0.00,U_Sauk_R_SpSu,5016,0.00,Klinaklini,9,0.00
Area125 (08) troll 114 101,,Washougal_R_Fa,5008,0.78,Abernathy_Cr_Fa,5008,0.12,Spring_Cr_col,5030,0.05,Elochoman_R_Fa,5008,0.04,Abernathy_NFH_F,5008,0.00
Area125 (08) troll 114 102,,Nez_PerceT_H,5021,0.55,Wenatchee_R_SF,5026,0.18,Methow_R,5026,0.16,Hanford_Reach,5026,0.09,Umatilla_H_Fa,5026,0.00
Area125 (08) troll 114 103,,Cowichan,7,0.73,Puntledge_F,7,0.21,Puntledge_BackX,7,0.04,Nanaimo_F,7,0.01,L_Qualicum,7,0.00
Area125 (08) troll 114 104,,Skagit_R,5016,1.00,L_Skagit_R_Fa,5016,0.00,U_Sauk_R_SpSu,5016,0.00,U_Skagit_R,5016,0.00,U_Sauk_R,5016,0.00
Area125 (08) troll 114 105,,Soos_H,5020,0.43,Cedar_R_SuFa,5020,0.42,Clear_Cr_H,5020,0.10,S_Prairie_Cr,5020,0.03,Hamma_Hamma_R,5005,0.02
Area125 (08) troll 114 106,,Spring_Cr_col,5030,1.00,Abernathy_NFH_F,5008,0.00,Washougal_R_Fa,5008,0.00,,,,,,
Area125 (08) troll 114 107,,Hanford_Reach,5026,0.80,Methow_R,5026,0.09,Priest_Rapid_H,5026,0.06,Umatilla_H_Fa,5026,0.04,Nez_PerceT_H,5021,0.01
Area125 (08) troll 114 108,,Nez_PerceT_H,5021,0.93,Wenatchee_R_SF,5026,0.03,Hanford_Reach,5026,0.02,Lyons_Ferry_H,5021,0.01,Umatilla_H_Fa,5026,0.00
Area125 (08) troll 114 109,,Hanford_Reach,5026,0.50,Methow_R,5026,0.24,Wenatchee_R_SF,5026,0.23,Priest_Rapid_H,5026,0.03,Umatilla_H_Fa,5026,0.01
Area125 (08) troll 114 11,,Puntledge_F,7,0.62,Cowichan,7,0.15,Cedar_R_SuFa,5020,0.13,Puntledge_BackX,7,0.03,Soos_H,5020,0.02
Area125 (08) troll 114 110,,Nez_PerceT_H,5021,0.95,Lyons_Ferry_H,5021,0.03,Hanford_Reach,5026,0.02,Methow_R,5026,0.00,Washougal_R_Fa,5008,0.00
Area125 (08) troll 114 111,,Soos_H,5020,0.54,Cedar_R_SuFa,5020,0.18,Clear_Cr_H,5020,0.12,Hamma_Hamma_R,5005,0.06,Puntledge_F,7,0.03
Area125 (08) troll 114 112,,Cowichan,7,0.95,Puntledge_F,7,0.05,Nanaimo_F,7,0.00,,,,,,
Area125 (08) troll 114 113,,Skagit_R,5016,0.71,Soos_H,5020,0.19,L_Skagit_R_Fa,5016,0.05,Cedar_R_SuFa,5020,0.01,Clear_Cr_H,5020,0.01
Area125 (08) troll 114 114,,Skagit_R,5016,0.91,L_Skagit_R_Fa,5016,0.07,Hanford_Reach,5026,0.01,Washougal_R_Fa,5008,0.01,Wells_H,5026,0.00
Area125 (08) troll 114 115,,Skagit_R,5016,0.98,L_Skagit_R_Fa,5016,0.01,U_Skagit_R,5016,0.01,Cedar_R_SuFa,5020,0.00,NF_Skokomish_F,5005,0.00
Area125 (08) troll 114 116,,Skagit_R,5016,0.57,L_Skagit_R_Fa,5016,0.13,Hanford_Reach,5026,0.12,Soos_H,5020,0.09,Cedar_R_SuFa,5020,0.04
Area125 (08) troll 114 117,,Soos_H,5020,0.50,Cedar_R_SuFa,5020,0.15,Skagit_R,5016,0.14,Hamma_Hamma_R,5005,0.10,L_Skagit_R_Fa,5016,0.08
Area125 (08) troll 114 118,,Harrison,3,0.54,Chilliwack_F,3,0.37,Skagit_R,5016,0.03,Cedar_R_SuFa,5020,0.02,L_Skagit_R_Fa,5016,0.01
Area125 (08) troll 114 119,,Soos_H,5020,0.38,Cedar_R_SuFa,5020,0.33,Clear_Cr_H,5020,0.13,Hamma_Hamma_R,5005,0.09,NF_Skokomish_F,5005,0.05
Area125 (08) troll 114 12,,Spring_Cr_col,5030,0.99,Elochoman_R_Fa,5008,0.00,Washougal_R_Fa,5008,0.00,,,,,,
Area125 (08) troll 114 120,,Soos_H,5020,0.40,Cedar_R_SuFa,5020,0.38,Clear_Cr_H,5020,0.10,Wenatchee_R_SF,5026,0.05,Hanford_Reach,5026,0.04
Area125 (08) troll 114 121,,Hanford_Reach,5026,0.70,Wenatchee_R_SF,5026,0.15,Methow_R,5026,0.10,Priest_Rapid_H,5026,0.02,Umatilla_H_Fa,5026,0.02
Area125 (08) troll 114 122,,Hanford_Reach,5026,0.98,Umatilla_H_Fa,5026,0.01,Methow_R,5026,0.01,Nez_PerceT_H,5021,0.00,Abernathy_Cr_Fa,5008,0.00
Area125 (08) troll 114 123,,NF_Nooksack_H,5016,1.00,,,,,,,,,,,,
Area125 (08) troll 114 124,,Puntledge_F,7,0.57,Skagit_R,5016,0.22,L_Skagit_R_Fa,5016,0.13,L_Qualicum,7,0.04,Snoqualmie_R,5016,0.01
Area125 (08) troll 114 125,,NF_Skokomish_F,5005,0.61,Hamma_Hamma_R,5005,0.11,Soos_H,5020,0.09,Clear_Cr_H,5020,0.08,Cedar_R_SuFa,5020,0.06
Area125 (08) troll 114 126,,Soos_H,5020,0.38,Cedar_R_SuFa,5020,0.36,Clear_Cr_H,5020,0.16,Hamma_Hamma_R,5005,0.03,NF_Skokomish_F,5005,0.03
Area125 (08) troll 114 127,,NF_Nooksack_H,5016,0.99,Skagit_R,5016,0.00,L_Skagit_R_Fa,5016,0.00,Soos_H,5020,0.00,Harrison,3,0.00
Area125 (08) troll 114 128,,Wenatchee_R_SF,5026,0.45,Hanford_Reach,5026,0.30,Nez_PerceT_H,5021,0.21,Methow_R,5026,0.02,Umatilla_H_Fa,5026,0.01
Area125 (08) troll 114 129,,Spring_Cr_col,5030,1.00,,,,,,,,,,,,
Area125 (08) troll 114 13,,NF_Nooksack_H,5016,0.97,Skagit_R,5016,0.01,Cedar_R_SuFa,5020,0.01,Washougal_R_Fa,5008,0.00,Snoqualmie_R,5016,0.00
Area125 (08) troll 114 130,,NF_Nooksack_H,5016,0.91,Skagit_R,5016,0.05,Zymogotitz_R,23,0.03,Harrison,3,0.01,Chilliwac@Stav,3,0.00
Area125 (08) troll 114 131,,Cowichan,7,0.76,Puntledge_F,7,0.18,Puntledge_BackX,7,0.04,Nanaimo_F,7,0.02,Big_Qualicum,7,0.00
Area125 (08) troll 114 132,,Spring_Cr_col,5030,0.89,Abernathy_Cr_Fa,5008,0.06,Washougal_R_Fa,5008,0.04,Elochoman_R_Fa,5008,0.01,Abernathy_NFH_F,5008,0.00
Area125 (08) troll 114 133,,Soos_H,5020,0.47,Cedar_R_SuFa,5020,0.32,Puntledge_F,7,0.11,S_Prairie_Cr,5020,0.03,Voights_H,5020,0.01
Area125 (08) troll 114 14,,Wenatchee_R_SF,5026,0.47,Methow_R,5026,0.27,Hanford_Reach,5026,0.14,Nez_PerceT_H,5021,0.09,Umatilla_H_Fa,5026,0.02
Area125 (08) troll 114 15,,Methow_R,5026,0.40,Hanford_Reach,5026,0.29,Wenatchee_R_SF,5026,0.28,Nez_PerceT_H,5021,0.03,Priest_Rapid_H,5026,0.00
Area125 (08) troll 114 2,,Harrison,3,0.60,Chilliwack_F,3,0.39,Chilliwac@Stav,3,0.02,L_Skagit_R_Fa,5016,0.00,,,
Area125 (08) troll 114 3,,Soos_H,5020,0.47,NF_Skokomish_F,5005,0.22,Hamma_Hamma_R,5005,0.07,Cedar_R_SuFa,5020,0.07,Bear_Cr_SuFa,5020,0.05
Area125 (08) troll 114 4,,Wenatchee_R_SF,5026,0.45,Methow_R,5026,0.30,Hanford_Reach,5026,0.20,Nez_PerceT_H,5021,0.03,Priest_Rapid_H,5026,0.02
Area125 (08) troll 114 5,,Hanford_Reach,5026,0.54,Nez_PerceT_H,5021,0.44,Umatilla_H_Fa,5026,0.01,Priest_Rapid_H,5026,0.00,Wells_H,5026,0.00
Area125 (08) troll 114 6,,Methow_R,5026,0.47,Wenatchee_R_SF,5026,0.28,Hanford_Reach,5026,0.13,Washougal_R_Fa,5008,0.05,Elochoman_R_Fa,5008,0.03
Area125 (08) troll 114 7,,Skagit_R,5016,0.73,Hanford_Reach,5026,0.18,Nez_PerceT_H,5021,0.06,Umatilla_H_Fa,5026,0.01,Methow_R,5026,0.00
Area125 (08) troll 114 8,,Hanford_Reach,5026,0.96,Washougal_R_Fa,5008,0.02,Abernathy_Cr_Fa,5008,0.01,Methow_R,5026,0.00,Wenatchee_R_SF,5026,0.00
Area125 (08) troll 114 9,,Puntledge_F,7,0.58,Cowichan,7,0.39,Puntledge_BackX,7,0.03,L_Qualicum,7,0.01,Big_Qualicum,7,0.00
Area125 (08) troll 116 134,,Washougal_R_Fa,5008,1.00,Elochoman_R_Fa,5008,0.00,Cowlitz_H_fa,5008,0.00,Spring_Cr_col,5030,0.00,,,
Area125 (08) troll 116 135,,Hanford_Reach,5026,0.86,Nez_PerceT_H,5021,0.10,Priest_Rapid_H,5026,0.02,Methow_R,5026,0.01,Wenatchee_R_SF,5026,0.01
Area125 (08) troll 116 136,,McKenzie_H,5029,1.00,Kalama_H_sp,5009,0.00,Hanford_Reach,5026,0.00,Umatilla_H_Fa,5026,0.00,Nez_PerceT_H,5021,0.00
Area125 (08) troll 116 137,,Harrison,3,0.55,Chilliwack_F,3,0.28,Skagit_R,5016,0.11,L_Skagit_R_Fa,5016,0.02,U_Sauk_R_SpSu,5016,0.02
Area125 (08) troll 116 138,,Skagit_R,5016,0.35,Wenatchee_R_SF,5026,0.20,Hanford_Reach,5026,0.15,Methow_R,5026,0.09,Harrison,3,0.06
Area125 (08) troll 116 139,,Hanford_Reach,5026,0.55,Nez_PerceT_H,5021,0.28,Wenatchee_R_SF,5026,0.09,Umatilla_H_Fa,5026,0.04,Methow_R,5026,0.02
Area125 (08) troll 116 140,,Spring_Cr_col,5030,1.00,Abernathy_NFH_F,5008,0.00,Hanford_Reach,5026,0.00,,,,,,
Area125 (08) troll 116 16,,Skagit_R,5016,0.38,Cedar_R_SuFa,5020,0.27,Soos_H,5020,0.22,L_Skagit_R_Fa,5016,0.05,NF_Skokomish_F,5005,0.03
Area125 (08) troll 116 17,,NF_Nooksack_H,5016,1.00,Skagit_R,5016,0.00,L_Skagit_R_Fa,5016,0.00,Soos_H,5020,0.00,,,
Area125 (08) troll 122 141,,Harrison,3,0.60,Chilliwack_F,3,0.39,Chilliwac@Stav,3,0.01,,,,,,
Area125 (08) troll 122 142,,Washougal_R_Fa,5008,1.00,Abernathy_Cr_Fa,5008,0.00,Elochoman_R_Fa,5008,0.00,Spring_Cr_col,5030,0.00,L_Skagit_R_Fa,5016,0.00
Area125 (08) troll 122 143,,Spring_Cr_col,5030,1.00,Washougal_R_Fa,5008,0.00,,,,,,,,,
Area125 (08) troll 122 18,,Hanford_Reach,5026,0.55,Wenatchee_R_SF,5026,0.21,Methow_R,5026,0.19,Nez_PerceT_H,5021,0.03,Wells_H,5026,0.01
Area125 (08) troll 130 144,,Hanford_Reach,5026,0.94,Cedar_R_SuFa,5020,0.03,Skagit_R,5016,0.01,Snoqualmie_R,5016,0.01,Harrison,3,0.00
Area125 (08) troll 130 145,,NF_Nooksack_H,5016,1.00,L_Skagit_R_Fa,5016,0.00,Cedar_R_SuFa,5020,0.00,L_Qualicum,7,0.00,Puntledge_BackX,7,0.00
Area125 (08) troll 130 146,,NF_Skokomish_F,5005,0.58,Hamma_Hamma_R,5005,0.12,Soos_H,5020,0.08,L_Skagit_R_Fa,5016,0.08,Clear_Cr_H,5020,0.05
Area125 (08) troll 130 20,,Wenatchee_R_SF,5026,0.49,Methow_R,5026,0.48,Hanford_Reach,5026,0.02,Priest_Rapid_H,5026,0.01,Nez_PerceT_H,5021,0.00
Area125 (08) troll 130 21,,McKenzie_H,5029,1.00,,,,,,,,,,,,
Area125 (08) troll 130 22,,Spring_Cr_col,5030,0.93,Hanford_Reach,5026,0.02,Elochoman_R_Fa,5008,0.02,Abernathy_Cr_Fa,5008,0.02,Nez_PerceT_H,5021,0.01
Area125 (08) troll 130 23,,Soos_H,5020,0.46,Clear_Cr_H,5020,0.16,Hamma_Hamma_R,5005,0.13,Cedar_R_SuFa,5020,0.13,NF_Skokomish_F,5005,0.09
Area125 (08) troll 143 19,,Skagit_R,5016,1.00,U_Sauk_R_SpSu,5016,0.00,L_Skagit_R_Fa,5016,0.00,,,,,,
Area125 (08) troll 16 10,,Soos_H,5020,0.56,Clear_Cr_H,5020,0.21,Hamma_Hamma_R,5005,0.15,Cedar_R_SuFa,5020,0.04,NF_Skokomish_F,5005,0.04
Area125 (08) troll 16 11,,Spring_Cr_col,5030,0.92,Washougal_R_Fa,5008,0.05,Abernathy_Cr_Fa,5008,0.02,Abernathy_NFH_F,5008,0.00,Big_Cr_H_Col,5030,0.00
Area125 (08) troll 16 12,,Cedar_R_SuFa,5020,0.52,Soos_H,5020,0.30,Bear_Cr_SuFa,5020,0.05,NF_Skokomish_F,5005,0.05,L_Skagit_R_Fa,5016,0.04
Area125 (08) troll 16 4,,NF_Nooksack_H,5016,1.00,,,,,,,,,,,,
Area125 (08) troll 16 5,,NF_Skokomish_F,5005,0.70,Hamma_Hamma_R,5005,0.17,L_Skagit_R_Fa,5016,0.11,Cedar_R_SuFa,5020,0.01,George_Adams_H,5005,0.00
Area125 (08) troll 16 6,,Skagit_R,5016,0.83,Washougal_R_Fa,5008,0.08,Cedar_R_SuFa,5020,0.02,Snoqualmie_R,5016,0.02,NF_Nooksack_H,5016,0.02
Area125 (08) troll 16 7,,NF_Skokomish_F,5005,0.67,Hamma_Hamma_R,5005,0.16,Clear_Cr_H,5020,0.14,Cedar_R_SuFa,5020,0.02,George_Adams_H,5005,0.01
Area125 (08) troll 16 8,,Skagit_R,5016,0.46,Cedar_R_SuFa,5020,0.26,Soos_H,5020,0.10,L_Skagit_R_Fa,5016,0.08,S_Prairie_Cr,5020,0.04
Area125 (08) troll 16 9,,Soos_H,5020,0.39,NF_Skokomish_F,5005,0.29,Hamma_Hamma_R,5005,0.17,Clear_Cr_H,5020,0.11,L_Skagit_R_Fa,5016,0.02
Area125 (08) troll 44 1,,Cedar_R_SuFa,5020,0.36,Soos_H,5020,0.32,Hamma_Hamma_R,5005,0.15,L_Skagit_R_Fa,5016,0.12,Bear_Cr_SuFa,5020,0.02
Area125 (08) troll 44 2,,Skagit_R,5016,0.87,L_Skagit_R_Fa,5016,0.05,Teigen,11,0.03,NanaimoSu_BackX,7,0.01,Soos_H,5020,0.01
Area125 (08) troll 44 3,,Skagit_R,5016,0.98,L_Skagit_R_Fa,5016,0.01,Cowichan,7,0.00,U_Sauk_R_SpSu,5016,0.00,U_Sauk_R,5016,0.00
,,,,,,,,,,,,,,,,
Sample: 12, Area125-126,2008, troll, Apr26,,,,,,,,,,,,
Area125-126 (08) troll 117 1,,NF_Skokomish_F,5005,0.81,George_Adams_H,5005,0.18,Hamma_Hamma_R,5005,0.01,Snoqualmie_R,5016,0.01,,,
Area125-126 (08) troll 117 10,,Skagit_R,5016,0.49,NF_Skokomish_F,5005,0.38,U_Sauk_R_SpSu,5016,0.07,George_Adams_H,5005,0.03,S_Prairie_Cr,5020,0.01
Area125-126 (08) troll 117 101,,Washougal_R_Fa,5008,0.45,Abernathy_Cr_Fa,5008,0.41,Lewis_R_f,5008,0.07,Cowlitz_H_fa,5008,0.02,Abernathy_NFH_F,5008,0.02
Area125-126 (08) troll 117 102,,NF_Skokomish_F,5005,0.80,George_Adams_H,5005,0.15,Skagit_R,5016,0.02,S_Prairie_Cr,5020,0.01,Snoqualmie_R,5016,0.01
Area125-126 (08) troll 117 103,,Skagit_R,5016,0.96,U_Sauk_R_SpSu,5016,0.03,U_Skagit_R,5016,0.00,Little_R,5,0.00,L_Skagit_R_Fa,5016,0.00
Area125-126 (08) troll 117 104,,Skagit_R,5016,0.99,U_Sauk_R_SpSu,5016,0.01,U_Skagit_R,5016,0.00,,,,,,
Area125-126 (08) troll 117 105,,Skagit_R,5016,0.94,U_Sauk_R_SpSu,5016,0.05,U_Skagit_R,5016,0.00,L_Skagit_R_Fa,5016,0.00,NF_Nooksack_H,5016,0.00
Area125-126 (08) troll 117 106,,NF_Skokomish_F,5005,0.80,George_Adams_H,5005,0.11,Cedar_R_SuFa,5020,0.07,Hamma_Hamma_R,5005,0.01,Bear_Cr_SuFa,5020,0.01
Area125-126 (08) troll 117 107,,NF_Skokomish_F,5005,0.74,Cedar_R_SuFa,5020,0.08,George_Adams_H,5005,0.08,Hanford_Reach,5026,0.04,Hamma_Hamma_R,5005,0.03
Area125-126 (08) troll 117 108,,Priest_Rapids_H,5026,0.68,Hanford_Reach,5026,0.22,Skagit_R,5016,0.04,Wells_H,5026,0.03,Umatilla_H_Fa,5026,0.02
Area125-126 (08) troll 117 109,,Wells_H,5026,0.65,Methow_R,5026,0.25,Hanford_Reach,5026,0.04,L_Wh_Sal_H_SF,5026,0.03,Priest_Rapid_H,5026,0.02
Area125-126 (08) troll 117 11,,N_Santiam_H,5029,0.77,McKenzie_H,5029,0.13,Washougal_R_Fa,5008,0.10,Priest_Rapids_H,5026,0.00,Kalama_H_sp,5009,0.00
Area125-126 (08) troll 117 110,,Priest_Rapids_H,5026,0.65,Wells_H,5026,0.23,Hanford_Reach,5026,0.09,Priest_Rapid_H,5026,0.02,Umatilla_H_Fa,5026,0.01
Area125-126 (08) troll 117 111,,Wells_H,5026,0.43,Priest_Rapids_H,5026,0.40,Methow_R,5026,0.06,N_Santiam_H,5029,0.03,Hanford_Reach,5026,0.03
Area125-126 (08) troll 117 112,,Washougal_R_Fa,5008,0.47,Abernathy_Cr_Fa,5008,0.40,Deer_Cr_sp,5002,0.08,Abernathy_NFH_F,5008,0.03,Lewis_R_Su,5008,0.01
Area125-126 (08) troll 117 113,,Ishkheenickh,11,0.52,Slamgeesh,19,0.09,Damdochax,11,0.05,Teigen,11,0.05,Exchamsiks,23,0.04
Area125-126 (08) troll 117 114,,Hanford_Reach,5026,0.52,L_Wh_Sal_H_SF,5026,0.37,Priest_Rapids_H,5026,0.10,Wells_H,5026,0.02,,,
Area125-126 (08) troll 117 115,,Wells_H,5026,0.33,Abernathy_NFH_F,5008,0.32,Methow_R,5026,0.22,Abernathy_Cr_Fa,5008,0.08,L_Wh_Sal_H_SF,5026,0.01
Area125-126 (08) troll 117 116,,Big_Qualicum,7,0.50,NF_Skokomish_F,5005,0.37,George_Adams_H,5005,0.04,Hamma_Hamma_R,5005,0.02,Cowichan,7,0.01
Area125-126 (08) troll 117 117,,Abernathy_Cr_Fa,5008,0.41,Abernathy_NFH_F,5008,0.32,Spring_Cr_col,5030,0.20,Washougal_R_Fa,5008,0.05,Elochoman_H,5030,0.02
Area125-126 (08) troll 117 118,,Wells_H,5026,0.19,Skagit_R,5016,0.19,Priest_Rapids_H,5026,0.15,Harrison,3,0.14,Hanford_Reach,5026,0.11
Area125-126 (08) troll 117 119,,Priest_Rapids_H,5026,0.97,Washougal_R_Fa,5008,0.02,Umatilla_H_Fa,5026,0.01,Hanford_Reach,5026,0.00,,,
Area125-126 (08) troll 117 12,,Little_R,5,0.99,L_Thompson,5,0.01,Duteau_Cr,5,0.00,South_Thom,5,0.00,,,
Area125-126 (08) troll 117 120,,Harrison,3,0.84,Chilliwack_F,3,0.16,Little_R,5,0.00,Wells_H,5026,0.00,NF_Skokomish_F,5005,0.00
Area125-126 (08) troll 117 121,,Skagit_R,5016,0.93,U_Sauk_R_SpSu,5016,0.07,Little_R,5,0.00,U_Skagit_R,5016,0.00,Washougal_R_Fa,5008,0.00
Area125-126 (08) troll 117 122,,Ishkheenickh,11,0.60,Kudwat_Cr,24,0.18,Slamgeesh,19,0.10,Situk_R,5014,0.07,Situk,15,0.04
Area125-126 (08) troll 117 123,,Washougal_R_Fa,5008,0.52,Abernathy_Cr_Fa,5008,0.36,N_Santiam_H,5029,0.08,McKenzie_H,5029,0.02,Skagit_R,5016,0.01
Area125-126 (08) troll 117 124,,Skagit_R,5016,0.92,S_Prairie_Cr,5020,0.03,L_Skagit_R_Fa,5016,0.02,NF_Skokomish_F,5005,0.01,George_Adams_H,5005,0.00
Area125-126 (08) troll 117 125,,Methow_R,5026,0.63,Wells_H,5026,0.35,Hanford_Reach,5026,0.01,Priest_Rapids_H,5026,0.01,L_Wh_Sal_H_SF,5026,0.00
Area125-126 (08) troll 117 126,,Wells_H,5026,0.83,Priest_Rapids_H,5026,0.10,Methow_R,5026,0.04,L_Wh_Sal_H_SF,5026,0.01,Wenatchee_R_SF,5026,0.01
Area125-126 (08) troll 117 127,,Alsea_R,5015,0.62,S_Umpqua_H,5011,0.18,Cole_Rivers_H,5019,0.04,Hanford_Reach,5026,0.04,Umpqua_H,5011,0.03
Area125-126 (08) troll 117 128,,NF_Skokomish_F,5005,0.68,George_Adams_H,5005,0.22,Cedar_R_SuFa,5020,0.04,S_Prairie_Cr,5020,0.04,Hamma_Hamma_R,5005,0.01
Area125-126 (08) troll 117 129,,Methow_R,5026,0.58,Hanford_Reach,5026,0.29,Wells_H,5026,0.09,Priest_Rapid_H,5026,0.02,Skagit_R,5016,0.01
Area125-126 (08) troll 117 13,,Abernathy_Cr_Fa,5008,0.49,Washougal_R_Fa,5008,0.43,S_Umpqua_H,5011,0.04,Umpqua_H,5011,0.03,Lewis_R_f,5008,0.00
Area125-126 (08) troll 117 130,,Wells_H,5026,0.73,Methow_R,5026,0.23,L_Wh_Sal_H_SF,5026,0.02,Hanford_Reach,5026,0.01,Priest_Rapid_H,5026,0.00
Area125-126 (08) troll 117 131,,Wells_H,5026,0.82,Methow_R,5026,0.14,Priest_Rapids_H,5026,0.02,Hanford_Reach,5026,0.01,Priest_Rapid_H,5026,0.01
Area125-126 (08) troll 117 132,,Skagit_R,5016,0.81,U_Sauk_R_SpSu,5016,0.16,Harrison,3,0.01,U_Skagit_R,5016,0.01,Wells_H,5026,0.00
Area125-126 (08) troll 117 133,,Methow_R,5026,0.48,Priest_Rapids_H,5026,0.35,Wells_H,5026,0.13,Hanford_Reach,5026,0.03,Umatilla_H_Fa,5026,0.01
Area125-126 (08) troll 117 134,,Wells_H,5026,0.42,Priest_Rapids_H,5026,0.19,Hanford_Reach,5026,0.14,Methow_R,5026,0.13,L_Wh_Sal_H_SF,5026,0.09
Area125-126 (08) troll 117 135,,Harrison,3,0.83,Chilliwack_F,3,0.17,U_Dean,10,0.00,Ishkheenickh,11,0.00,Dean,10,0.00
Area125-126 (08) troll 117 136,,Hanford_Reach,5026,0.38,Wells_H,5026,0.20,L_Wh_Sal_H_SF,5026,0.18,Little_R,5,0.14,Methow_R,5026,0.07
Area125-126 (08) troll 117 137,,Priest_Rapids_H,5026,0.87,Hanford_Reach,5026,0.10,Umatilla_H_Fa,5026,0.02,L_Deschutes_R,5004,0.01,Harrison,3,0.00
Area125-126 (08) troll 117 138,,L_Shuswap,5,0.34,Little_R,5,0.32,Duteau_Cr,5,0.30,Bessette,5,0.04,South_Thom,5,0.00
Area125-126 (08) troll 117 139,,Wells_H,5026,0.61,George_Adams_H,5005,0.07,L_Wh_Sal_H_SF,5026,0.07,Big_Qualicum,7,0.06,Cedar_R_SuFa,5020,0.04
Area125-126 (08) troll 117 14,,Priest_Rapids_H,5026,0.47,Hanford_Reach,5026,0.39,Wells_H,5026,0.03,Methow_R,5026,0.03,Skagit_R,5016,0.03
Area125-126 (08) troll 117 140,,Little_R,5,0.99,Bessette,5,0.01,L_Thompson,5,0.00,L_Shuswap,5,0.00,L_Adams,5,0.00
Area125-126 (08) troll 117 141,,Ishkheenickh,11,0.90,Slamgeesh,19,0.04,Teigen,11,0.03,Meziadin,11,0.01,Owegee,11,0.01
Area125-126 (08) troll 117 142,,Skagit_R,5016,0.98,U_Skagit_R,5016,0.02,U_Sauk_R_SpSu,5016,0.00,,,,,,
Area125-126 (08) troll 117 143,,Ishkheenickh,11,1.00,Dean,10,0.00,,,,,,,,,
Area125-126 (08) troll 117 144,,Harrison,3,0.79,Chilliwack_F,3,0.18,Little_R,5,0.01,Priest_Rapids_H,5026,0.01,Duteau_Cr,5,0.00
Area125-126 (08) troll 117 145,,Harrison,3,0.71,Chilliwack_F,3,0.15,Ishkheenickh,11,0.13,Klinaklini,9,0.01,Devereux,9,0.00
Area125-126 (08) troll 117 146,,Alsea_R,5015,1.00,,,,,,,,,,,,
Area125-126 (08) troll 117 147,,Wells_H,5026,0.61,Priest_Rapids_H,5026,0.18,Hanford_Reach,5026,0.12,Methow_R,5026,0.05,Priest_Rapid_H,5026,0.02
Area125-126 (08) troll 117 148,,Harrison,3,0.82,Chilliwack_F,3,0.18,Big_Qualicum,7,0.00,Priest_Rapid_H,5026,0.00,,,
Area125-126 (08) troll 117 149,,Skagit_R,5016,0.82,NF_Nooksack_H,5016,0.18,U_Sauk_R_SpSu,5016,0.00,Harrison,3,0.00,,,
Area125-126 (08) troll 117 15,,Wells_H,5026,0.51,Methow_R,5026,0.39,Priest_Rapids_H,5026,0.04,L_Wh_Sal_H_SF,5026,0.03,Hanford_Reach,5026,0.01
Area125-126 (08) troll 117 150,,Big_Qualicum,7,0.61,Cowichan,7,0.33,NF_Skokomish_F,5005,0.03,Puntledge_F,7,0.02,Hamma_Hamma_R,5005,0.00
Area125-126 (08) troll 117 16,,Ishkheenickh,11,0.94,NF_Skokomish_F,5005,0.03,Queets_R,5028,0.00,Sol_Duc_H,5028,0.00,George_Adams_H,5005,0.00
Area125-126 (08) troll 117 17,,Cowichan,7,0.80,Big_Qualicum,7,0.16,Nanaimo_F,7,0.02,Puntledge_F,7,0.01,Chemainus,7,0.00
Area125-126 (08) troll 117 2,,Washougal_R_Fa,5008,0.45,Abernathy_Cr_Fa,5008,0.14,Abernathy_NFH_F,5008,0.14,Spring_Cr_col,5030,0.13,Little_R,5,0.10
Area125-126 (08) troll 117 3,,NF_Skokomish_F,5005,0.73,George_Adams_H,5005,0.20,S_Prairie_Cr,5020,0.03,Hamma_Hamma_R,5005,0.03,Hupp_Sp_H,5020,0.01
Area125-126 (08) troll 117 4,,Harrison,3,0.83,Chilliwack_F,3,0.16,Skagit_R,5016,0.01,L_Shuswap,5,0.00,,,
Area125-126 (08) troll 117 5,,Skagit_R,5016,0.61,Wells_H,5026,0.18,Methow_R,5026,0.08,Hanford_Reach,5026,0.03,Ishkheenickh,11,0.02
Area125-126 (08) troll 117 6,,Little_R,5,1.00,L_Thompson,5,0.00,,,,,,,,,
Area125-126 (08) troll 117 7,,Little_R,5,0.79,Duteau_Cr,5,0.20,Bessette,5,0.02,L_Thompson,5,0.00,South_Thom,5,0.00
Area125-126 (08) troll 117 8,,Ishkheenickh,11,0.94,Slamgeesh,19,0.05,Kitwanga,22,0.00,Kitsumkalum_R,23,0.00,Teigen,11,0.00
Area125-126 (08) troll 117 9,,Ishkheenickh,11,0.57,L_Wh_Sal_H_SF,5026,0.34,Hanford_Reach,5026,0.03,L_Thompson,5,0.01,U_Deschutes_R,5004,0.01
,,,,,,,,,,,,,,,,
Sample: 13, Area126,2008, troll, Jan15-Dec04,,,,,,,,,,,,
Area126 (08) troll 111 208,,Nez_PerceT_H,5021,0.52,Hanford_Reach,5026,0.22,S_Umpqua_H,5011,0.08,Wells_H,5026,0.07,Priest_Rapid_H,5026,0.07
Area126 (08) troll 111 30,,Priest_Rapid_H,5026,0.48,Hanford_Reach,5026,0.32,Skagit_R,5016,0.04,U_Sauk_R_SpSu,5016,0.03,Wenatchee_R_SF,5026,0.03
Area126 (08) troll 111 31,,Skagit_R,5016,0.30,Cedar_R_SuFa,5020,0.15,L_Skagit_R_Fa,5016,0.12,Soos_H,5020,0.11,Snoqualmie_R,5016,0.10
Area126 (08) troll 111 32,,Spring_Cr_col,5030,0.62,Abernathy_Cr_Fa,5008,0.30,Abernathy_NFH_F,5008,0.04,Big_Cr_H_Col,5030,0.03,Elochoman_R_Fa,5008,0.01
Area126 (08) troll 111 33,,Puntledge_F,7,0.88,Cowichan,7,0.11,Nanaimo_F,7,0.01,L_Qualicum,7,0.00,Puntledge_BackX,7,0.00
Area126 (08) troll 111 34,,Nez_PerceT_H,5021,0.75,Skagit_R,5016,0.09,Hanford_Reach,5026,0.06,U_Sauk_R_SpSu,5016,0.03,Umpqua_H,5011,0.02
Area126 (08) troll 111 35,,Washougal_R_Fa,5008,0.64,Spring_Cr_col,5030,0.20,Abernathy_Cr_Fa,5008,0.15,Elochoman_R_Fa,5008,0.01,Lewis_R_Su,5008,0.01
Area126 (08) troll 111 36,,Sol_Duc_H,5028,0.20,Abernathy_Cr_Fa,5008,0.16,Washougal_R_Fa,5008,0.06,Snoqualmie_R,5016,0.05,Coquille_R,5011,0.04
Area126 (08) troll 111 37,,Skagit_R,5016,0.84,U_Sauk_R_SpSu,5016,0.16,U_Skagit_R,5016,0.00,Skykomish_R,5016,0.00,Hanford_Reach,5026,0.00
Area126 (08) troll 111 38,,Skagit_R,5016,0.76,Soos_H,5020,0.08,Snoqualmie_R,5016,0.07,Hamma_Hamma_R,5005,0.05,S_Prairie_Cr,5020,0.01
Area126 (08) troll 111 39,,McKenzie_H,5029,0.89,Nez_PerceT_H,5021,0.09,NanaimoSu_BackX,7,0.01,Umpqua_H,5011,0.00,S_Umpqua_H,5011,0.00
Area126 (08) troll 111 391,,Puntledge_F,7,0.98,Cowichan,7,0.01,Big_Qualicum,7,0.00,Puntledge_BackX,7,0.00,L_Qualicum,7,0.00
Area126 (08) troll 111 392,,Puntledge_F,7,0.80,Cowichan,7,0.19,L_Qualicum,7,0.00,Soos_H,5020,0.00,Chemainus,7,0.00
Area126 (08) troll 111 393,,Nez_PerceT_H,5021,0.83,Priest_Rapid_H,5026,0.10,Hanford_Reach,5026,0.05,Umatilla_H_Fa,5026,0.01,Lyons_Ferry_H,5021,0.00
Area126 (08) troll 111 394,,Wells_H,5026,0.90,Methow_R,5026,0.06,Wenatchee_R_SF,5026,0.01,Hanford_Reach,5026,0.01,Priest_Rapids_H,5026,0.01
Area126 (08) troll 111 395,,Cedar_R_SuFa,5020,0.29,George_Adams_H,5005,0.23,Soos_H,5020,0.16,Samish_H,5016,0.11,L_Skagit_R_Fa,5016,0.11
Area126 (08) troll 111 396,,Skagit_R,5016,0.98,NF_Nooksack_H,5016,0.01,Marblemount_Hsu,5016,0.00,L_Skagit_R_Fa,5016,0.00,Snoqualmie_R,5016,0.00
Area126 (08) troll 111 397,,Umatilla_H_Fa,5026,0.82,Priest_Rapid_H,5026,0.10,Nez_PerceT_H,5021,0.05,Hanford_Reach,5026,0.02,Wells_H,5026,0.01
Area126 (08) troll 111 398,,Big_Cr_H_Col,5030,0.42,Umatilla_H_Fa,5026,0.16,Hanford_Reach,5026,0.12,Abernathy_Cr_Fa,5008,0.09,Elochoman_R_Fa,5008,0.05
Area126 (08) troll 111 399,,Wenatchee_R_SF,5026,0.54,Wells_H,5026,0.42,Priest_Rapids_H,5026,0.02,Methow_R,5026,0.01,Hanford_Reach,5026,0.00
Area126 (08) troll 111 40,,Soos_H,5020,0.96,Grovers_Cr_H,5020,0.01,Voights_H,5020,0.01,Cedar_R_SuFa,5020,0.01,Samish_H,5016,0.00
Area126 (08) troll 111 400,,Skagit_R,5016,1.00,U_Sauk_R_SpSu,5016,0.00,Skykomish_R,5016,0.00,Snoqualmie_R,5016,0.00,U_Skagit_R,5016,0.00
Area126 (08) troll 111 401,,Dungeness_R,5006,0.80,NanaimoSu_BackX,7,0.08,Skykomish_R,5016,0.05,Snoqualmie_R,5016,0.03,Hanford_Reach,5026,0.02
Area126 (08) troll 111 402,,Washougal_R_Fa,5008,0.73,Abernathy_Cr_Fa,5008,0.21,Elochoman_R_Fa,5008,0.02,Big_Cr_H_Col,5030,0.01,Sandy_R,5008,0.01
Area126 (08) troll 111 403,,U_Sauk_R_SpSu,5016,0.55,Skagit_R,5016,0.37,Snoqualmie_R,5016,0.02,Soos_H,5020,0.02,Samish_H,5016,0.01
Area126 (08) troll 111 404,,Hanford_Reach,5026,0.33,Wells_H,5026,0.29,Priest_Rapid_H,5026,0.19,Wenatchee_R_SF,5026,0.11,Umatilla_H_Fa,5026,0.08
Area126 (08) troll 111 405,,George_Adams_H,5005,0.57,Clear_Cr_H,5020,0.14,Cedar_R_SuFa,5020,0.08,Soos_H,5020,0.06,Grovers_Cr_H,5020,0.05
Area126 (08) troll 111 406,,Puntledge_F,7,0.65,Clear_Cr_H,5020,0.21,Soos_H,5020,0.05,L_Qualicum,7,0.03,Nanaimo_F,7,0.02
Area126 (08) troll 111 407,,Conuma,8,0.99,Kaouk_R,8,0.00,Tahsis,8,0.00,Burman,8,0.00,Zeballos,8,0.00
Area126 (08) troll 111 408,,Puntledge_F,7,1.00,Cowichan,7,0.00,L_Qualicum,7,0.00,Soos_H,5020,0.00,George_Adams_H,5005,0.00
Area126 (08) troll 111 409,,Hanford_Reach,5026,0.66,Wells_H,5026,0.19,Wenatchee_R_SF,5026,0.09,Nez_PerceT_H,5021,0.02,Priest_Rapid_H,5026,0.01
Area126 (08) troll 111 41,,Nez_PerceT_H,5021,0.35,Hanford_Reach,5026,0.24,Priest_Rapids_H,5026,0.18,Priest_Rapid_H,5026,0.14,Wenatchee_R_SF,5026,0.05
Area126 (08) troll 111 410,,Bear_Cr_SuFa,5020,0.16,Cedar_R_SuFa,5020,0.13,Clear_Cr_H,5020,0.11,George_Adams_H,5005,0.11,Hanford_Reach,5026,0.10
Area126 (08) troll 111 411,,George_Adams_H,5005,0.74,NF_Skokomish_F,5005,0.11,Cedar_R_SuFa,5020,0.04,Snoqualmie_R,5016,0.02,S_Prairie_Cr,5020,0.02
Area126 (08) troll 111 412,,Skagit_R,5016,0.76,U_Sauk_R_SpSu,5016,0.14,Skykomish_R,5016,0.05,U_Skagit_R,5016,0.01,L_Skagit_R_Fa,5016,0.01
Area126 (08) troll 111 413,,Big_Cr_H_Col,5030,0.64,Spring_Cr_col,5030,0.30,Abernathy_NFH_F,5008,0.03,Abernathy_Cr_Fa,5008,0.01,Elochoman_H,5030,0.01
Area126 (08) troll 111 414,,George_Adams_H,5005,0.39,Skagit_R,5016,0.13,Soos_H,5020,0.10,Grovers_Cr_H,5020,0.08,Cedar_R_SuFa,5020,0.08
Area126 (08) troll 111 415,,McKenzie_H,5029,1.00,Washougal_R_Fa,5008,0.00,Kalama_H_sp,5009,0.00,,,,,,
Area126 (08) troll 111 416,,Spring_Cr_col,5030,0.70,Abernathy_Cr_Fa,5008,0.17,Washougal_R_Fa,5008,0.07,Big_Cr_H_Col,5030,0.03,Abernathy_NFH_F,5008,0.03
Area126 (08) troll 111 417,,NF_Nooksack_H,5016,1.00,,,,,,,,,,,,
Area126 (08) troll 111 418,,Sol_Duc_H,5028,0.57,Grovers_Cr_H,5020,0.31,L_Skagit_R_Fa,5016,0.03,S_Prairie_Cr,5020,0.02,Clear_Cr_H,5020,0.02
Area126 (08) troll 111 419,,NF_Nooksack_H,5016,1.00,Skagit_R,5016,0.00,U_Skagit_R,5016,0.00,,,,,,
Area126 (08) troll 111 42,,Skagit_R,5016,0.82,Skykomish_R,5016,0.13,U_Sauk_R_SpSu,5016,0.02,L_Skagit_R_Fa,5016,0.01,Marblemount_Hsu,5016,0.01
Area126 (08) troll 111 420,,George_Adams_H,5005,0.91,Hamma_Hamma_R,5005,0.04,NF_Skokomish_F,5005,0.02,Bear_Cr_SuFa,5020,0.01,Snoqualmie_R,5016,0.01
Area126 (08) troll 111 421,,Wenatchee_R_SF,5026,0.53,Priest_Rapid_H,5026,0.22,Wells_H,5026,0.14,Hanford_Reach,5026,0.06,Methow_R,5026,0.03
Area126 (08) troll 111 422,,Soos_H,5020,0.32,Snoqualmie_R,5016,0.19,Cedar_R_SuFa,5020,0.13,Bear_Cr_SuFa,5020,0.12,George_Adams_H,5005,0.11
Area126 (08) troll 111 423,,Spring_Cr_col,5030,0.75,Washougal_R_Fa,5008,0.13,Elochoman_R_Fa,5008,0.05,Abernathy_NFH_F,5008,0.03,Big_Cr_H_Col,5030,0.02
Area126 (08) troll 111 424,,McKenzie_H,5029,1.00,Washougal_R_Fa,5008,0.00,,,,,,,,,
Area126 (08) troll 111 425,,NF_Nooksack_H,5016,1.00,Skagit_R,5016,0.00,U_Sauk_R_SpSu,5016,0.00,,,,,,
Area126 (08) troll 111 426,,NF_Nooksack_H,5016,1.00,Snoqualmie_R,5016,0.00,,,,,,,,,
Area126 (08) troll 111 427,,Soos_H,5020,0.36,Bear_Cr_SuFa,5020,0.13,Puntledge_F,7,0.11,George_Adams_H,5005,0.10,Cedar_R_SuFa,5020,0.07
Area126 (08) troll 111 428,,Spring_Cr_col,5030,0.63,Abernathy_Cr_Fa,5008,0.12,Washougal_R_Fa,5008,0.05,McKenzie_H,5029,0.05,Lewis_R_Su,5008,0.02
Area126 (08) troll 111 47,,Hanford_Reach,5026,0.34,Wells_H,5026,0.20,Priest_Rapids_H,5026,0.16,Priest_Rapid_H,5026,0.13,Umatilla_H_Fa,5026,0.12
Area126 (08) troll 111 595,,Skagit_R,5016,0.53,Snoqualmie_R,5016,0.31,U_Sauk_R_SpSu,5016,0.12,Marblemount_Hsu,5016,0.02,L_Skagit_R_Fa,5016,0.01
Area126 (08) troll 111 596,,Wenatchee_R_SF,5026,0.46,Wells_H,5026,0.31,Methow_R,5026,0.09,Priest_Rapid_H,5026,0.08,Hanford_Reach,5026,0.05
Area126 (08) troll 111 597,,Harrison,3,0.89,Chilliwac@Stav,3,0.05,NanaimoSu_BackX,7,0.02,U_Dean,10,0.01,Dean,10,0.01
Area126 (08) troll 111 598,,Wenatchee_R_SF,5026,0.34,Hanford_Reach,5026,0.16,Harrison,3,0.15,Wells_H,5026,0.12,Methow_R,5026,0.05
Area126 (08) troll 111 599,,Coquille_R,5011,0.33,Trask_R,5015,0.24,NanaimoSu_BackX,7,0.19,S_Coos_R,5011,0.11,Skagit_R,5016,0.04
Area126 (08) troll 112 52,,Cranberry,11,0.72,Owegee,11,0.22,Snowbank,11,0.03,Kwinageese,11,0.01,Sustut,19,0.01
Area126 (08) troll 112 613,,Chilliwack_F,3,0.87,Harrison,3,0.12,Squingula_R,19,0.00,Willow_R,1,0.00,Craig,18,0.00
Area126 (08) troll 112 614,,Nez_PerceT_H,5021,0.33,Priest_Rapid_H,5026,0.29,Umatilla_H_Fa,5026,0.20,Hanford_Reach,5026,0.15,Priest_Rapids_H,5026,0.02
Area126 (08) troll 112 615,,Priest_Rapid_H,5026,0.61,Umatilla_H_Fa,5026,0.22,Wenatchee_R_SF,5026,0.05,Wells_H,5026,0.04,Hanford_Reach,5026,0.03
Area126 (08) troll 112 616,,Wenatchee_R_SF,5026,0.37,Priest_Rapid_H,5026,0.24,Wells_H,5026,0.19,Priest_Rapids_H,5026,0.10,Methow_R,5026,0.04
Area126 (08) troll 113 49,,L_Skagit_R_Fa,5016,0.59,Skagit_R,5016,0.16,Abernathy_Cr_Fa,5008,0.06,Elochoman_R_Fa,5008,0.04,Skykomish_R,5016,0.02
Area126 (08) troll 113 50,,NF_Nooksack_H,5016,1.00,,,,,,,,,,,,
Area126 (08) troll 113 603,,Skagit_R,5016,0.81,U_Sauk_R_SpSu,5016,0.06,Washougal_R_Fa,5008,0.04,Snoqualmie_R,5016,0.03,L_Skagit_R_Fa,5016,0.02
Area126 (08) troll 113 604,,Skagit_R,5016,0.94,U_Sauk_R_SpSu,5016,0.03,L_Skagit_R_Fa,5016,0.01,Soos_H,5020,0.01,Voights_H,5020,0.00
Area126 (08) troll 113 605,,Wells_H,5026,0.95,Priest_Rapid_H,5026,0.05,Wenatchee_R_SF,5026,0.00,Umatilla_H_Fa,5026,0.00,,,
Area126 (08) troll 113 606,,Priest_Rapid_H,5026,0.35,Nez_PerceT_H,5021,0.29,Hanford_Reach,5026,0.23,Methow_R,5026,0.06,Wells_H,5026,0.04
Area126 (08) troll 113 607,,Wells_H,5026,0.93,Wenatchee_R_SF,5026,0.02,Priest_Rapid_H,5026,0.02,Hanford_Reach,5026,0.01,Methow_R,5026,0.01
Area126 (08) troll 113 608,,Spring_Cr_col,5030,0.99,Washougal_R_Fa,5008,0.00,Abernathy_Cr_Fa,5008,0.00,Abernathy_NFH_F,5008,0.00,Big_Cr_H_Col,5030,0.00
Area126 (08) troll 114 51,,Harrison,3,0.58,Chilliwack_F,3,0.42,Snoqualmie_R,5016,0.00,Skagit_R,5016,0.00,U_Sauk_R_SpSu,5016,0.00
Area126 (08) troll 114 609,,Cowichan,7,0.79,Puntledge_F,7,0.18,Snoqualmie_R,5016,0.02,Harrison,3,0.00,Wenatchee_R_SF,5026,0.00
Area126 (08) troll 114 610,,Wenatchee_R_SF,5026,0.62,Wells_H,5026,0.27,Priest_Rapid_H,5026,0.04,Hanford_Reach,5026,0.03,Methow_R,5026,0.02
Area126 (08) troll 114 611,,Puntledge_F,7,0.63,Cowichan,7,0.27,L_Qualicum,7,0.04,Lewis_R_Su,5008,0.01,Nanaimo_F,7,0.01
Area126 (08) troll 114 612,,Priest_Rapid_H,5026,0.41,Wenatchee_R_SF,5026,0.39,Methow_R,5026,0.11,Wells_H,5026,0.07,Priest_Rapids_H,5026,0.01
Area126 (08) troll 115 1,,U_Sauk_R_SpSu,5016,0.89,Skagit_R,5016,0.07,Hanford_Reach,5026,0.01,Shakes_Cr,18,0.01,L_Skagit_R_Fa,5016,0.00
Area126 (08) troll 115 10,,Cedar_R_SuFa,5020,0.37,Samish_H,5016,0.28,Bear_Cr_SuFa,5020,0.10,Snoqualmie_R,5016,0.10,Clear_Cr_H,5020,0.03
Area126 (08) troll 115 11,,Soos_H,5020,0.41,Cedar_R_SuFa,5020,0.21,Samish_H,5016,0.12,George_Adams_H,5005,0.09,Grovers_Cr_H,5020,0.07
Area126 (08) troll 115 12,,McKenzie_H,5029,1.00,Priest_Rapid_H,5026,0.00,,,,,,,,,
Area126 (08) troll 115 13,,Gold_R,8,0.97,Robertson,8,0.02,Umatilla_H_Fa,5026,0.01,U_Dean,10,0.00,L_Skagit_R_Fa,5016,0.00
Area126 (08) troll 115 14,,Voights_H,5020,0.43,Snoqualmie_R,5016,0.23,Soos_H,5020,0.12,Cedar_R_SuFa,5020,0.08,George_Adams_H,5005,0.06
Area126 (08) troll 115 15,,Snoqualmie_R,5016,0.67,Voights_H,5020,0.10,Chilliwack_F,3,0.09,Harrison,3,0.05,U_Sauk_R_SpSu,5016,0.03
Area126 (08) troll 115 16,Dupe with 369,George_Adams_H,5005,0.83,Clear_Cr_H,5020,0.05,Soos_H,5020,0.02,Cedar_R_SuFa,5020,0.02,NF_Skokomish_F,5005,0.02
Area126 (08) troll 115 17,,Snoqualmie_R,5016,0.69,Harrison,3,0.18,Skagit_R,5016,0.09,Voights_H,5020,0.01,L_Skagit_R_Fa,5016,0.01
Area126 (08) troll 115 18,,Spring_Cr_col,5030,0.95,Washougal_R_Fa,5008,0.03,Big_Cr_H_Col,5030,0.01,Abernathy_NFH_F,5008,0.00,Elochoman_H,5030,0.00
Area126 (08) troll 115 19,,Spring_Cr_col,5030,0.89,Big_Cr_H_Col,5030,0.08,Abernathy_Cr_Fa,5008,0.01,Abernathy_NFH_F,5008,0.01,Elochoman_R_Fa,5008,0.00
Area126 (08) troll 115 2,,Spring_Cr_col,5030,0.98,Big_Cr_H_Col,5030,0.02,Abernathy_NFH_F,5008,0.00,Abernathy_Cr_Fa,5008,0.00,Lewis_R_Su,5008,0.00
Area126 (08) troll 115 20,,Harrison,3,0.56,Chilliwack_F,3,0.44,Chilliwac@Stav,3,0.00,,,,,,
Area126 (08) troll 115 207,,Wells_H,5026,0.48,Umatilla_H_Fa,5026,0.21,Hanford_Reach,5026,0.16,Wenatchee_R_SF,5026,0.07,Priest_Rapid_H,5026,0.04
Area126 (08) troll 115 21,,Priest_Rapid_H,5026,0.35,Wenatchee_R_SF,5026,0.25,Wells_H,5026,0.22,Methow_R,5026,0.10,Lewis_R_Su,5008,0.04
Area126 (08) troll 115 22,,Priest_Rapid_H,5026,0.57,Hanford_Reach,5026,0.22,Priest_Rapids_H,5026,0.13,Skagit_R,5016,0.03,Umatilla_H_Fa,5026,0.02
Area126 (08) troll 115 23,,Spring_Cr_col,5030,0.78,Abernathy_NFH_F,5008,0.08,Big_Cr_H_Col,5030,0.06,Elochoman_R_Fa,5008,0.05,Elochoman_H,5030,0.02
Area126 (08) troll 115 24,,George_Adams_H,5005,0.79,Bear_Cr_SuFa,5020,0.09,Soos_H,5020,0.04,Grovers_Cr_H,5020,0.03,Cedar_R_SuFa,5020,0.02
Area126 (08) troll 115 25,,Spring_Cr_col,5030,0.67,Big_Cr_H_Col,5030,0.31,Washougal_R_Fa,5008,0.01,Abernathy_Cr_Fa,5008,0.00,Abernathy_NFH_F,5008,0.00
Area126 (08) troll 115 26,,Big_Cr_H_Col,5030,0.52,Spring_Cr_col,5030,0.48,Abernathy_Cr_Fa,5008,0.01,Abernathy_NFH_F,5008,0.00,Washougal_R_Fa,5008,0.00
Area126 (08) troll 115 27,,McKenzie_H,5029,0.67,Kalama_H_sp,5009,0.07,Priest_Rapid_H,5026,0.05,Washougal_R_Fa,5008,0.05,Umpqua_H,5011,0.05
Area126 (08) troll 115 28,,Wells_H,5026,0.80,Hanford_Reach,5026,0.11,Methow_R,5026,0.03,Umatilla_H_Fa,5026,0.03,Wenatchee_R_SF,5026,0.02
Area126 (08) troll 115 29,,Bonaparte,6,0.42,Chilliwack_F,3,0.37,Harrison,3,0.13,Little_R,5,0.04,NanaimoSu_BackX,7,0.02
Area126 (08) troll 115 3,,Soos_H,5020,0.44,George_Adams_H,5005,0.27,Cedar_R_SuFa,5020,0.22,Samish_H,5016,0.03,Clear_Cr_H,5020,0.02
Area126 (08) troll 115 301,,Spring_Cr_col,5030,1.00,Washougal_R_Fa,5008,0.00,Big_Cr_H_Col,5030,0.00,,,,,,
Area126 (08) troll 115 302,,George_Adams_H,5005,0.87,U_Sauk_R_SpSu,5016,0.04,Hamma_Hamma_R,5005,0.02,Bear_Cr_SuFa,5020,0.02,Skagit_R,5016,0.02
Area126 (08) troll 115 303,,Cowichan,7,0.97,Puntledge_F,7,0.01,Nanaimo_SP,7,0.00,NF_Skokomish_F,5005,0.00,Puntledge_BackX,7,0.00
Area126 (08) troll 115 304,,Coquille_R,5011,0.14,L_Qualicum,7,0.14,Skagit_R,5016,0.12,Snoqualmie_R,5016,0.12,L_Skagit_R_Fa,5016,0.11
Area126 (08) troll 115 305,,Skagit_R,5016,0.63,U_Sauk_R_SpSu,5016,0.25,George_Adams_H,5005,0.10,Marblemount_Hsu,5016,0.02,L_Skagit_R_Fa,5016,0.01
Area126 (08) troll 115 306,,Spring_Cr_col,5030,0.97,Abernathy_NFH_F,5008,0.02,Big_Cr_H_Col,5030,0.00,L_Thompson,5,0.00,Elochoman_R_Fa,5008,0.00
Area126 (08) troll 115 307,,Skagit_R,5016,0.90,U_Sauk_R_SpSu,5016,0.08,Snoqualmie_R,5016,0.01,Marblemount_Hsu,5016,0.00,Skykomish_R,5016,0.00
Area126 (08) troll 115 308,,Grovers_Cr_H,5020,0.55,Skagit_R,5016,0.10,Bear_Cr_SuFa,5020,0.09,Clear_Cr_H,5020,0.08,George_Adams_H,5005,0.07
Area126 (08) troll 115 309,,Hanford_Reach,5026,0.32,Wells_H,5026,0.19,Nez_PerceT_H,5021,0.19,Priest_Rapid_H,5026,0.10,Wenatchee_R_SF,5026,0.09
Area126 (08) troll 115 310,,Clear_Cr_H,5020,0.38,Cedar_R_SuFa,5020,0.30,L_Skagit_R_Fa,5016,0.15,George_Adams_H,5005,0.14,Puntledge_F,7,0.02
Area126 (08) troll 115 311,,Hanford_Reach,5026,0.45,Umpqua_H,5011,0.22,Elochoman_R_Fa,5008,0.09,Wells_H,5026,0.05,Snoqualmie_R,5016,0.05
Area126 (08) troll 115 312,,NF_Nooksack_H,5016,1.00,Skagit_R,5016,0.00,,,,,,,,,
Area126 (08) troll 115 313,,Puntledge_F,7,0.71,Cowichan,7,0.19,L_Qualicum,7,0.10,Puntledge_BackX,7,0.00,Big_Qualicum,7,0.00
Area126 (08) troll 115 314,,Chilliwack_F,3,0.86,Harrison,3,0.14,Chilliwac@Stav,3,0.00,,,,,,
Area126 (08) troll 115 315,,Hanford_Reach,5026,0.71,Priest_Rapid_H,5026,0.09,Wenatchee_R_SF,5026,0.08,Wells_H,5026,0.05,Skagit_R,5016,0.03
Area126 (08) troll 115 316,,NF_Nooksack_H,5016,0.94,Snoqualmie_R,5016,0.04,Skagit_R,5016,0.01,L_Skagit_R_Fa,5016,0.01,U_Sauk_R_SpSu,5016,0.00
Area126 (08) troll 115 317,,Conuma,8,1.00,Gold_R,8,0.00,Moyeha_R,8,0.00,Burman,8,0.00,Tahsis,8,0.00
Area126 (08) troll 115 318,,Puntledge_F,7,0.93,Cowichan,7,0.03,Nanaimo_F,7,0.01,Priest_Rapid_H,5026,0.01,Umatilla_H_Fa,5026,0.01
Area126 (08) troll 115 319,,Skagit_R,5016,0.35,U_Sauk_R_SpSu,5016,0.22,Snoqualmie_R,5016,0.09,Washougal_R_Fa,5008,0.09,L_Skagit_R_Fa,5016,0.04
Area126 (08) troll 115 320,,George_Adams_H,5005,0.46,Samish_H,5016,0.16,Soos_H,5020,0.15,Clear_Cr_H,5020,0.09,Bear_Cr_SuFa,5020,0.06
Area126 (08) troll 115 321,,Kennedy,8,0.97,S_Umpqua_H,5011,0.02,Conuma,8,0.01,Kaouk_R,8,0.01,Gold_R,8,0.00
Area126 (08) troll 115 322,,Priest_Rapid_H,5026,0.90,Wells_H,5026,0.06,Nez_PerceT_H,5021,0.02,Hanford_Reach,5026,0.01,Priest_Rapids_H,5026,0.01
Area126 (08) troll 115 323,,Hanford_Reach,5026,0.35,Umatilla_H_Fa,5026,0.18,Wells_H,5026,0.17,Priest_Rapid_H,5026,0.11,Wenatchee_R_SF,5026,0.10
Area126 (08) troll 115 324,,Priest_Rapid_H,5026,0.37,Umatilla_H_Fa,5026,0.34,Priest_Rapids_H,5026,0.14,Wenatchee_R_SF,5026,0.08,Methow_R,5026,0.03
Area126 (08) troll 115 325,,Skagit_R,5016,0.95,U_Sauk_R_SpSu,5016,0.04,Skykomish_R,5016,0.00,Umpqua_H,5011,0.00,NF_Skokomish_F,5005,0.00
Area126 (08) troll 115 326,,NF_Nooksack_H,5016,1.00,,,,,,,,,,,,
Area126 (08) troll 115 327,,Hanford_Reach,5026,0.72,Priest_Rapid_H,5026,0.08,Wells_H,5026,0.08,Umatilla_H_Fa,5026,0.05,Wenatchee_R_SF,5026,0.04
Area126 (08) troll 115 328,,Washougal_R_Fa,5008,0.95,Abernathy_Cr_Fa,5008,0.04,Lewis_R_Su,5008,0.00,Kalama_H_sp,5009,0.00,Abernathy_NFH_F,5008,0.00
Area126 (08) troll 115 329,,Skagit_R,5016,0.35,Snoqualmie_R,5016,0.29,Wells_H,5026,0.10,Hanford_Reach,5026,0.08,Skykomish_R,5016,0.04
Area126 (08) troll 115 330,,Washougal_R_Fa,5008,0.94,Abernathy_Cr_Fa,5008,0.06,Elochoman_R_Fa,5008,0.00,Lewis_R_f,5008,0.00,Elochoman_H,5030,0.00
Area126 (08) troll 115 331,,Gold_R,8,1.00,Washougal_R_Fa,5008,0.00,Conuma,8,0.00,Robertson,8,0.00,L_Skagit_R_Fa,5016,0.00
Area126 (08) troll 115 332,,George_Adams_H,5005,0.74,Bear_Cr_SuFa,5020,0.11,Soos_H,5020,0.05,Cedar_R_SuFa,5020,0.04,Voights_H,5020,0.02
Area126 (08) troll 115 333,,Lewis_R_Su,5008,0.77,Abernathy_Cr_Fa,5008,0.15,Washougal_R_Fa,5008,0.05,Sandy_R,5008,0.01,Cowlitz_H_fa,5008,0.01
Area126 (08) troll 115 334,,George_Adams_H,5005,0.54,Clear_Cr_H,5020,0.22,Soos_H,5020,0.18,Samish_H,5016,0.02,Cedar_R_SuFa,5020,0.01
Area126 (08) troll 115 335,,Lewis_R_Su,5008,0.33,Abernathy_Cr_Fa,5008,0.19,Washougal_R_Fa,5008,0.18,Hanford_Reach,5026,0.07,Umatilla_H_Fa,5026,0.05
Area126 (08) troll 115 336,,Cowichan,7,0.45,Puntledge_F,7,0.38,L_Qualicum,7,0.16,Puntledge_BackX,7,0.00,Big_Qualicum,7,0.00
Area126 (08) troll 115 337,,Grovers_Cr_H,5020,0.64,George_Adams_H,5005,0.18,Soos_H,5020,0.09,Voights_H,5020,0.02,Cedar_R_SuFa,5020,0.02
Area126 (08) troll 115 338,,Skagit_R,5016,0.54,U_Sauk_R_SpSu,5016,0.33,Snoqualmie_R,5016,0.07,NF_Nooksack_H,5016,0.02,Harrison,3,0.01
Area126 (08) troll 115 339,,NF_Nooksack_H,5016,1.00,,,,,,,,,,,,
Area126 (08) troll 115 340,,George_Adams_H,5005,0.90,Clear_Cr_H,5020,0.02,Grovers_Cr_H,5020,0.02,Soos_H,5020,0.01,Snoqualmie_R,5016,0.01
Area126 (08) troll 115 341,,Hanford_Reach,5026,0.73,Umatilla_H_Fa,5026,0.26,Abernathy_Cr_Fa,5008,0.01,Lewis_R_Su,5008,0.00,L_Skagit_R_Fa,5016,0.00
Area126 (08) troll 115 342,,Wells_H,5026,0.57,Nez_PerceT_H,5021,0.13,Priest_Rapid_H,5026,0.09,Methow_R,5026,0.05,Hanford_Reach,5026,0.04
Area126 (08) troll 115 343,,Wells_H,5026,0.82,Methow_R,5026,0.07,Priest_Rapid_H,5026,0.05,Wenatchee_R_SF,5026,0.02,Umatilla_H_Fa,5026,0.02
Area126 (08) troll 115 344,,Priest_Rapid_H,5026,0.45,Priest_Rapids_H,5026,0.28,Hanford_Reach,5026,0.16,Nez_PerceT_H,5021,0.10,Umatilla_H_Fa,5026,0.01
Area126 (08) troll 115 345,,Big_Cr_H_Col,5030,0.89,Spring_Cr_col,5030,0.11,Abernathy_Cr_Fa,5008,0.00,Elochoman_H,5030,0.00,Abernathy_NFH_F,5008,0.00
Area126 (08) troll 115 346,,NF_Nooksack_H,5016,1.00,,,,,,,,,,,,
Area126 (08) troll 115 347,,Wenatchee_R_SF,5026,0.37,Nez_PerceT_H,5021,0.27,Priest_Rapids_H,5026,0.15,Umatilla_H_Fa,5026,0.07,Priest_Rapid_H,5026,0.04
Area126 (08) troll 115 348,,Washougal_R_Fa,5008,0.97,Big_Cr_H_Col,5030,0.03,Spring_Cr_col,5030,0.00,Abernathy_Cr_Fa,5008,0.00,Lewis_R_Su,5008,0.00
Area126 (08) troll 115 349,,Skagit_R,5016,0.28,L_Skagit_R_Fa,5016,0.26,Snoqualmie_R,5016,0.25,NF_Nooksack_H,5016,0.08,U_Sauk_R_SpSu,5016,0.06
Area126 (08) troll 115 350,,Skagit_R,5016,0.62,U_Sauk_R_SpSu,5016,0.25,L_Skagit_R_Fa,5016,0.03,George_Adams_H,5005,0.03,Skykomish_R,5016,0.02
Area126 (08) troll 115 351,,Skagit_R,5016,0.99,U_Sauk_R_SpSu,5016,0.01,Marblemount_Hsu,5016,0.00,U_Skagit_R,5016,0.00,L_Thompson,5,0.00
Area126 (08) troll 115 352,,Snoqualmie_R,5016,0.29,U_Sauk_R_SpSu,5016,0.28,Skagit_R,5016,0.21,George_Adams_H,5005,0.08,Skykomish_R,5016,0.04
Area126 (08) troll 115 353,,Priest_Rapid_H,5026,0.34,Wells_H,5026,0.25,Hanford_Reach,5026,0.19,Wenatchee_R_SF,5026,0.13,Umatilla_H_Fa,5026,0.04
Area126 (08) troll 115 354,,Snoqualmie_R,5016,0.70,U_Sauk_R_SpSu,5016,0.10,L_Skagit_R_Fa,5016,0.10,Skagit_R,5016,0.06,Washougal_R_Fa,5008,0.02
Area126 (08) troll 115 355,,Skagit_R,5016,0.98,Skykomish_R,5016,0.01,L_Skagit_R_Fa,5016,0.01,Tahltan_R,18,0.00,Marblemount_Hsu,5016,0.00
Area126 (08) troll 115 356,,Priest_Rapid_H,5026,0.61,Wenatchee_R_SF,5026,0.35,Priest_Rapids_H,5026,0.02,Hanford_Reach,5026,0.01,Umatilla_H_Fa,5026,0.00
Area126 (08) troll 115 357,,Harrison,3,0.31,Skagit_R,5016,0.30,U_Sauk_R_SpSu,5016,0.16,Umatilla_H_Fa,5026,0.08,Priest_Rapid_H,5026,0.04
Area126 (08) troll 115 358,,Puntledge_F,7,0.41,Cedar_R_SuFa,5020,0.20,Bear_Cr_SuFa,5020,0.15,Voights_H,5020,0.07,Clear_Cr_H,5020,0.05
Area126 (08) troll 115 359,,Washougal_R_Fa,5008,0.95,Abernathy_Cr_Fa,5008,0.05,Wells_H,5026,0.00,Lewis_R_Su,5008,0.00,Green_R_Fa,5008,0.00
Area126 (08) troll 115 360,,Priest_Rapid_H,5026,0.50,Hanford_Reach,5026,0.49,Nez_PerceT_H,5021,0.00,Umatilla_H_Fa,5026,0.00,Wenatchee_R_SF,5026,0.00
Area126 (08) troll 115 361,,Chilako,2,0.99,Baezaeko,2,0.01,,,,,,,,,
Area126 (08) troll 115 362,,Skagit_R,5016,0.88,Snoqualmie_R,5016,0.10,L_Skagit_R_Fa,5016,0.01,U_Sauk_R_SpSu,5016,0.01,Skykomish_R,5016,0.00
Area126 (08) troll 115 363,,Skagit_R,5016,0.39,Snoqualmie_R,5016,0.30,McKenzie_H,5029,0.06,Umatilla_H_Fa,5026,0.06,George_Adams_H,5005,0.04
Area126 (08) troll 115 364,,Big_Cr_H_Col,5030,0.53,Washougal_R_Fa,5008,0.16,Spring_Cr_col,5030,0.12,Abernathy_NFH_F,5008,0.07,Elochoman_R_Fa,5008,0.05
Area126 (08) troll 115 365,,Skagit_R,5016,0.38,L_Skagit_R_Fa,5016,0.34,U_Sauk_R_SpSu,5016,0.16,Spring_Cr_col,5030,0.03,Soos_H,5020,0.03
Area126 (08) troll 115 366,,L_Thompson,5,0.26,Puntledge_F,7,0.21,Cowichan,7,0.09,Cedar_R_SuFa,5020,0.08,Voights_H,5020,0.07
Area126 (08) troll 115 367,Dupe with 286,George_Adams_H,5005,0.82,Clear_Cr_H,5020,0.05,Soos_H,5020,0.03,Bear_Cr_SuFa,5020,0.02,NF_Skokomish_F,5005,0.02
Area126 (08) troll 115 368,,Cowichan,7,0.93,Chemainus,7,0.05,Puntledge_F,7,0.01,Nanaimo_F,7,0.00,Nanaimo_SP,7,0.00
Area126 (08) troll 115 369,,Bear_Cr_SuFa,5020,0.51,Cedar_R_SuFa,5020,0.23,L_Skagit_R_Fa,5016,0.09,Samish_H,5016,0.07,Soos_H,5020,0.07
Area126 (08) troll 115 370,,Priest_Rapid_H,5026,0.45,Hanford_Reach,5026,0.22,Wells_H,5026,0.15,Wenatchee_R_SF,5026,0.08,Priest_Rapids_H,5026,0.03
Area126 (08) troll 115 371,,Cedar_R_SuFa,5020,0.36,Soos_H,5020,0.30,Voights_H,5020,0.21,Clear_Cr_H,5020,0.04,Hamma_Hamma_R,5005,0.03
Area126 (08) troll 115 372,,Wells_H,5026,0.96,Methow_R,5026,0.02,Nez_PerceT_H,5021,0.01,Hanford_Reach,5026,0.00,Umatilla_H_Fa,5026,0.00
Area126 (08) troll 115 373,,Bear_Cr_SuFa,5020,0.40,Cedar_R_SuFa,5020,0.34,Voights_H,5020,0.14,Clear_Cr_H,5020,0.09,Samish_H,5016,0.01
Area126 (08) troll 115 374,,George_Adams_H,5005,0.85,Snoqualmie_R,5016,0.03,Bear_Cr_SuFa,5020,0.02,Skykomish_R,5016,0.02,Hamma_Hamma_R,5005,0.01
Area126 (08) troll 115 375,,George_Adams_H,5005,0.60,Bear_Cr_SuFa,5020,0.11,Cedar_R_SuFa,5020,0.10,Soos_H,5020,0.09,Clear_Cr_H,5020,0.07
Area126 (08) troll 115 376,,Big_Cr_H_Col,5030,0.75,Spring_Cr_col,5030,0.18,Abernathy_Cr_Fa,5008,0.04,Abernathy_NFH_F,5008,0.02,Washougal_R_Fa,5008,0.01
Area126 (08) troll 115 377,,Spring_Cr_col,5030,0.94,Big_Cr_H_Col,5030,0.05,Abernathy_NFH_F,5008,0.01,Abernathy_Cr_Fa,5008,0.00,Elochoman_H,5030,0.00
Area126 (08) troll 115 378,,Snoqualmie_R,5016,0.40,Skykomish_R,5016,0.24,Skagit_R,5016,0.14,Puntledge_F,7,0.07,L_Skagit_R_Fa,5016,0.06
Area126 (08) troll 115 379,,Spring_Cr_col,5030,0.97,Big_Cr_H_Col,5030,0.02,Washougal_R_Fa,5008,0.00,Abernathy_NFH_F,5008,0.00,Elochoman_R_Fa,5008,0.00
Area126 (08) troll 115 380,,Soos_H,5020,0.44,Voights_H,5020,0.16,George_Adams_H,5005,0.14,Cedar_R_SuFa,5020,0.09,Snoqualmie_R,5016,0.06
Area126 (08) troll 115 381,,Spring_Cr_col,5030,1.00,Big_Cr_H_Col,5030,0.00,,,,,,,,,
Area126 (08) troll 115 382,,Spring_Cr_col,5030,0.86,Washougal_R_Fa,5008,0.13,Big_Cr_H_Col,5030,0.00,Abernathy_NFH_F,5008,0.00,Abernathy_Cr_Fa,5008,0.00
Area126 (08) troll 115 383,,NF_Nooksack_H,5016,0.95,Skagit_R,5016,0.05,Snoqualmie_R,5016,0.00,Skykomish_R,5016,0.00,Clear_Cr_H,5020,0.00
Area126 (08) troll 115 384,,Snoqualmie_R,5016,0.39,George_Adams_H,5005,0.31,Grovers_Cr_H,5020,0.08,Soos_H,5020,0.08,Samish_H,5016,0.05
Area126 (08) troll 115 385,,George_Adams_H,5005,0.54,Cedar_R_SuFa,5020,0.15,Clear_Cr_H,5020,0.11,Skagit_R,5016,0.07,Soos_H,5020,0.05
Area126 (08) troll 115 386,,George_Adams_H,5005,0.37,Soos_H,5020,0.34,Bear_Cr_SuFa,5020,0.09,Clear_Cr_H,5020,0.08,Cedar_R_SuFa,5020,0.04
Area126 (08) troll 115 387,,Snoqualmie_R,5016,0.92,Clear_Cr_H,5020,0.02,Skagit_R,5016,0.02,L_Skagit_R_Fa,5016,0.02,U_Sauk_R_SpSu,5016,0.01
Area126 (08) troll 115 388,,Umatilla_H_Fa,5026,0.39,Priest_Rapids_H,5026,0.17,Wenatchee_R_SF,5026,0.15,Hanford_Reach,5026,0.14,Priest_Rapid_H,5026,0.11
Area126 (08) troll 115 389,,Skagit_R,5016,0.96,U_Sauk_R_SpSu,5016,0.03,L_Skagit_R_Fa,5016,0.01,Snoqualmie_R,5016,0.00,Washougal_R_Fa,5008,0.00
Area126 (08) troll 115 390,,Skagit_R,5016,0.88,L_Skagit_R_Fa,5016,0.06,Little_R,5,0.03,Lewis_R_Su,5008,0.01,U_Sauk_R_SpSu,5016,0.01
Area126 (08) troll 115 4,,Hanford_Reach,5026,0.39,Wells_H,5026,0.19,Wenatchee_R_SF,5026,0.14,Skagit_R,5016,0.11,Priest_Rapid_H,5026,0.10
Area126 (08) troll 115 5,,Wells_H,5026,0.55,Hanford_Reach,5026,0.25,Cedar_R_SuFa,5020,0.06,Wenatchee_R_SF,5026,0.05,Priest_Rapid_H,5026,0.04
Area126 (08) troll 115 53,,Spring_Cr_col,5030,1.00,,,,,,,,,,,,
Area126 (08) troll 115 54,,Little_R,5,0.75,Hanford_Reach,5026,0.20,L_Shuswap,5,0.01,Wenatchee_R_SF,5026,0.01,South_Thom,5,0.01
Area126 (08) troll 115 6,,George_Adams_H,5005,0.28,Hamma_Hamma_R,5005,0.24,Soos_H,5020,0.18,Cedar_R_SuFa,5020,0.11,Bear_Cr_SuFa,5020,0.09
Area126 (08) troll 115 617,,Bear_Cr_SuFa,5020,0.49,Soos_H,5020,0.24,Cedar_R_SuFa,5020,0.17,Voights_H,5020,0.05,Clear_Cr_H,5020,0.02
Area126 (08) troll 115 618,Dupe with 395,Millicoma_R,5011,0.43,Trask_R,5015,0.31,NanaimoSu_BackX,7,0.10,S_Coos_R,5011,0.08,Lewis_R_Su,5008,0.06
Area126 (08) troll 115 619,Dupe with 394,Millicoma_R,5011,0.43,Trask_R,5015,0.30,NanaimoSu_BackX,7,0.10,S_Coos_R,5011,0.08,Lewis_R_Su,5008,0.06
Area126 (08) troll 115 620,,Harrison,3,0.92,Chilliwack_F,3,0.08,Morice_R,21,0.00,Little_Tahltan,18,0.00,Shakes_Cr,18,0.00
Area126 (08) troll 115 621,,Wells_H,5026,0.65,Hanford_Reach,5026,0.32,Umatilla_H_Fa,5026,0.02,Wenatchee_R_SF,5026,0.01,Methow_R,5026,0.00
Area126 (08) troll 115 7,,Soos_H,5020,0.48,Bear_Cr_SuFa,5020,0.19,Voights_H,5020,0.16,Cedar_R_SuFa,5020,0.13,Snoqualmie_R,5016,0.01
Area126 (08) troll 115 8,,Thomas_Cr,23,0.98,Suskwa,21,0.02,Kitwanga,22,0.00,Squingula_R,19,0.00,,,
Area126 (08) troll 115 9,,Spring_Cr_col,5030,0.83,Abernathy_NFH_F,5008,0.08,Big_Cr_H_Col,5030,0.05,Abernathy_Cr_Fa,5008,0.03,Washougal_R_Fa,5008,0.01
Area126 (08) troll 116 55,,U_Sauk_R_SpSu,5016,0.69,Soos_H,5020,0.19,Skagit_R,5016,0.09,L_Skagit_R_Fa,5016,0.02,Snoqualmie_R,5016,0.00
Area126 (08) troll 116 56,,Hanford_Reach,5026,0.39,Wenatchee_R_SF,5026,0.28,Wells_H,5026,0.19,Priest_Rapid_H,5026,0.04,Nez_PerceT_H,5021,0.03
Area126 (08) troll 116 622,,Wells_H,5026,0.73,Priest_Rapid_H,5026,0.15,Umatilla_H_Fa,5026,0.04,Hanford_Reach,5026,0.03,Wenatchee_R_SF,5026,0.03
Area126 (08) troll 116 623,,Umatilla_H_Fa,5026,0.60,Wenatchee_R_SF,5026,0.13,Priest_Rapid_H,5026,0.13,Hanford_Reach,5026,0.08,Wells_H,5026,0.03
Area126 (08) troll 116 624,,Priest_Rapid_H,5026,0.40,Hanford_Reach,5026,0.24,Wells_H,5026,0.24,Umatilla_H_Fa,5026,0.07,Nez_PerceT_H,5021,0.02
Area126 (08) troll 116 625,,Umatilla_H_Fa,5026,0.32,Priest_Rapid_H,5026,0.25,Hanford_Reach,5026,0.14,Wenatchee_R_SF,5026,0.09,Nez_PerceT_H,5021,0.07
Area126 (08) troll 116 626,,Umatilla_H_Fa,5026,0.69,Hanford_Reach,5026,0.15,Wenatchee_R_SF,5026,0.10,Priest_Rapids_H,5026,0.03,Wells_H,5026,0.01
Area126 (08) troll 116 684,,Wenatchee_R_SF,5026,0.90,Priest_Rapid_H,5026,0.07,Priest_Rapids_H,5026,0.01,Hanford_Reach,5026,0.01,Methow_R,5026,0.01
Area126 (08) troll 116 685,,Skagit_R,5016,0.68,U_Sauk_R_SpSu,5016,0.20,NF_Nooksack_H,5016,0.09,Marblemount_Hsu,5016,0.02,U_Skagit_R,5016,0.01
Area126 (08) troll 120 429,,George_Adams_H,5005,0.75,Soos_H,5020,0.07,Cedar_R_SuFa,5020,0.05,Clear_Cr_H,5020,0.04,Bear_Cr_SuFa,5020,0.03
Area126 (08) troll 120 43,Dupe with 410,Gold_R,8,1.00,Robertson,8,0.00,,,,,,,,,
Area126 (08) troll 120 430,,Snoqualmie_R,5016,0.32,Soos_H,5020,0.15,George_Adams_H,5005,0.12,Voights_H,5020,0.12,Hanford_Reach,5026,0.09
Area126 (08) troll 120 431,,Skagit_R,5016,0.57,Voights_H,5020,0.22,NF_Skokomish_F,5005,0.06,Soos_H,5020,0.03,Clear_Cr_H,5020,0.02
Area126 (08) troll 120 432,,Bear_Cr_SuFa,5020,0.57,Cedar_R_SuFa,5020,0.28,UW_H_SuFa,5020,0.06,George_Adams_H,5005,0.04,Samish_H,5016,0.03
Area126 (08) troll 120 433,,U_Dean,10,0.41,NF_Nooksack_H,5016,0.24,Dean,10,0.16,Skagit_R,5016,0.05,Marblemount_Hsu,5016,0.04
Area126 (08) troll 120 434,,Skagit_R,5016,1.00,L_Skagit_R_Fa,5016,0.00,U_Sauk_R_SpSu,5016,0.00,Snoqualmie_R,5016,0.00,Skykomish_R,5016,0.00
Area126 (08) troll 120 435,,Hanford_Reach,5026,0.62,Priest_Rapid_H,5026,0.21,Umatilla_H_Fa,5026,0.10,Wells_H,5026,0.02,Priest_Rapids_H,5026,0.02
Area126 (08) troll 120 436,,Skagit_R,5016,0.29,Snoqualmie_R,5016,0.22,Bear_Cr_SuFa,5020,0.17,Skykomish_R,5016,0.12,Clear_Cr_H,5020,0.06
Area126 (08) troll 120 437,,Cowichan,7,0.74,Puntledge_F,7,0.26,Puntledge_BackX,7,0.00,Nanaimo_SP,7,0.00,L_Qualicum,7,0.00
Area126 (08) troll 120 438,,Washougal_R_Fa,5008,0.34,Wells_H,5026,0.28,Priest_Rapid_H,5026,0.10,Methow_R,5026,0.08,Big_Cr_H_Col,5030,0.04
Area126 (08) troll 120 439,,Wells_H,5026,0.73,Methow_R,5026,0.18,Wenatchee_R_SF,5026,0.05,Hanford_Reach,5026,0.03,Umatilla_H_Fa,5026,0.00
Area126 (08) troll 120 44,,Puntledge_F,7,0.62,Cowichan,7,0.33,Chemainus,7,0.04,Voights_H,5020,0.00,Snoqualmie_R,5016,0.00
Area126 (08) troll 120 440,,Puntledge_F,7,0.35,Atnarko,10,0.33,U_Dean,10,0.13,Skagit_R,5016,0.07,U_Atnarko,10,0.04
Area126 (08) troll 120 45,,Washougal_R_Fa,5008,0.69,Big_Cr_H_Col,5030,0.21,Abernathy_Cr_Fa,5008,0.08,Elochoman_H,5030,0.01,Lewis_R_Su,5008,0.01
Area126 (08) troll 120 46,Dupe with 407,Gold_R,8,1.00,Robertson,8,0.00,Thornton,8,0.00,,,,,,
Area126 (08) troll 120 57,Dupe with 429,Washougal_R_Fa,5008,0.89,Abernathy_Cr_Fa,5008,0.11,Sandy_R,5008,0.00,Elochoman_R_Fa,5008,0.00,Abernathy_NFH_F,5008,0.00
Area126 (08) troll 120 58,,Wells_H,5026,0.83,Hanford_Reach,5026,0.05,Priest_Rapid_H,5026,0.04,Wenatchee_R_SF,5026,0.03,Umatilla_H_Fa,5026,0.03
Area126 (08) troll 120 59,Dupe with 432,Clear_Cr_H,5020,0.31,Grovers_Cr_H,5020,0.26,Soos_H,5020,0.24,Bear_Cr_SuFa,5020,0.08,George_Adams_H,5005,0.08
Area126 (08) troll 120 686,Dupe with 430,Morkill,1,0.84,Bowron,1,0.14,Willow_R,1,0.02,Baezaeko,2,0.00,Fontoniko,1,0.00
Area126 (08) troll 120 687,Dupe with 435,Soos_H,5020,0.36,Clear_Cr_H,5020,0.32,George_Adams_H,5005,0.15,Cedar_R_SuFa,5020,0.08,Bear_Cr_SuFa,5020,0.06
Area126 (08) troll 120 688,Dupe with 431,NanaimoSu_BackX,7,0.30,Chemainus,7,0.17,U_Sauk_R_SpSu,5016,0.09,Cowichan,7,0.08,U_Dean,10,0.07
Area126 (08) troll 120 689,Dupe with 411,Washougal_R_Fa,5008,0.88,Abernathy_Cr_Fa,5008,0.11,Elochoman_R_Fa,5008,0.00,Sandy_R,5008,0.00,Abernathy_NFH_F,5008,0.00
Area126 (08) troll 120 690,Dupe with 426,Morkill,1,0.84,Bowron,1,0.14,Willow_R,1,0.02,Baezaeko,2,0.00,Fontoniko,1,0.00
Area126 (08) troll 120 691,Dupe with 428,NanaimoSu_BackX,7,0.30,Chemainus,7,0.17,U_Sauk_R_SpSu,5016,0.09,Cowichan,7,0.07,U_Dean,10,0.07
Area126 (08) troll 120 692,Dupe with 413,Clear_Cr_H,5020,0.32,Grovers_Cr_H,5020,0.27,Soos_H,5020,0.23,Bear_Cr_SuFa,5020,0.08,George_Adams_H,5005,0.08
Area126 (08) troll 120 693,,Wells_H,5026,0.64,Priest_Rapid_H,5026,0.25,Hanford_Reach,5026,0.09,Umatilla_H_Fa,5026,0.01,Methow_R,5026,0.01
Area126 (08) troll 120 694,,Wells_H,5026,0.50,Umatilla_H_Fa,5026,0.17,Priest_Rapid_H,5026,0.13,Methow_R,5026,0.08,Hanford_Reach,5026,0.06
Area126 (08) troll 120 695,Dupe with 427,Soos_H,5020,0.38,Clear_Cr_H,5020,0.33,George_Adams_H,5005,0.14,Cedar_R_SuFa,5020,0.08,Bear_Cr_SuFa,5020,0.05
Area126 (08) troll 121 48,,Abernathy_Cr_Fa,5008,0.73,Washougal_R_Fa,5008,0.11,Priest_Rapid_H,5026,0.04,Spring_Cr_col,5030,0.04,Nez_PerceT_H,5021,0.03
Area126 (08) troll 121 600,,Nez_PerceT_H,5021,0.82,Lyons_Ferry_H,5021,0.05,Hanford_Reach,5026,0.05,Priest_Rapid_H,5026,0.04,Wells_H,5026,0.02
Area126 (08) troll 121 601,,Maria_Slough,13,1.00,,,,,,,,,,,,
Area126 (08) troll 121 602,,Priest_Rapids_H,5026,0.37,Umatilla_H_Fa,5026,0.33,Nez_PerceT_H,5021,0.11,Priest_Rapid_H,5026,0.08,Methow_R,5026,0.07
Area126 (08) troll 122 441,,Harrison,3,0.76,Chilliwack_F,3,0.22,Snoqualmie_R,5016,0.02,Bear_Cr_SuFa,5020,0.00,Soos_H,5020,0.00
Area126 (08) troll 122 442,,Wells_H,5026,0.22,Wenatchee_R_SF,5026,0.20,Hanford_Reach,5026,0.11,Priest_Rapid_H,5026,0.11,Umatilla_H_Fa,5026,0.09
Area126 (08) troll 122 443,,Hanford_Reach,5026,0.41,Umatilla_H_Fa,5026,0.37,Umpqua_H,5011,0.10,Priest_Rapid_H,5026,0.06,Wenatchee_R_SF,5026,0.03
Area126 (08) troll 122 444,,Harrison,3,0.41,Chilliwack_F,3,0.30,Willow_R,1,0.20,Chilako,2,0.05,Hanford_Reach,5026,0.01
Area126 (08) troll 122 445,,Little_R,5,0.32,Bessette,5,0.27,L_Shuswap,5,0.25,L_Thompson,5,0.11,Eagle_R,5,0.04
Area126 (08) troll 122 446,,Skagit_R,5016,0.59,Skykomish_R,5016,0.20,U_Sauk_R_SpSu,5016,0.12,Kitwanga,22,0.04,Puntledge_F,7,0.01
Area126 (08) troll 122 447,,Grovers_Cr_H,5020,0.76,George_Adams_H,5005,0.09,Soos_H,5020,0.06,Bear_Cr_SuFa,5020,0.04,Samish_H,5016,0.02
Area126 (08) troll 122 448,,McKenzie_H,5029,0.99,Washougal_R_Fa,5008,0.01,Lewis_R_Su,5008,0.00,Skagit_R,5016,0.00,Kalama_H_sp,5009,0.00
Area126 (08) troll 122 449,,George_Adams_H,5005,0.90,Samish_H,5016,0.04,Hamma_Hamma_R,5005,0.02,Cedar_R_SuFa,5020,0.02,NF_Skokomish_F,5005,0.01
Area126 (08) troll 122 450,,Washougal_R_Fa,5008,0.90,Sandy_R,5008,0.03,Sol_Duc_H,5028,0.02,Abernathy_Cr_Fa,5008,0.02,Elochoman_R_Fa,5008,0.01
Area126 (08) troll 122 451,,Puntledge_F,7,0.92,Cowichan,7,0.05,L_Qualicum,7,0.02,Big_Qualicum,7,0.01,Soos_H,5020,0.00
Area126 (08) troll 122 452,,Washougal_R_Fa,5008,0.76,Spring_Cr_col,5030,0.20,Abernathy_Cr_Fa,5008,0.01,Sol_Duc_H,5028,0.01,L_Skagit_R_Fa,5016,0.01
Area126 (08) troll 122 453,,Cranberry,11,0.73,Owegee,11,0.10,Snowbank,11,0.04,Snoqualmie_R,5016,0.03,L_Skagit_R_Fa,5016,0.03
Area126 (08) troll 122 454,,Washougal_R_Fa,5008,0.83,Big_Cr_H_Col,5030,0.12,Spring_Cr_col,5030,0.05,Abernathy_Cr_Fa,5008,0.00,Wells_H,5026,0.00
Area126 (08) troll 122 455,,Spring_Cr_col,5030,0.93,Big_Cr_H_Col,5030,0.07,Elochoman_R_Fa,5008,0.00,,,,,,
Area126 (08) troll 122 60,,Nez_PerceT_H,5021,0.16,Hanford_Reach,5026,0.14,Umatilla_H_Fa,5026,0.13,Priest_Rapid_H,5026,0.12,Wells_H,5026,0.12
Area126 (08) troll 122 61,,Washougal_R_Fa,5008,0.64,Abernathy_NFH_F,5008,0.10,Abernathy_Cr_Fa,5008,0.09,Spring_Cr_col,5030,0.07,Elochoman_R_Fa,5008,0.07
Area126 (08) troll 122 62,,Chilliwack_F,3,0.85,Harrison,3,0.14,Gold_R,8,0.00,Lewis_R_Su,5008,0.00,Priest_Rapid_H,5026,0.00
Area126 (08) troll 122 63,,Coquille_R,5011,0.80,Trask_R,5015,0.18,S_Coos_R,5011,0.02,Hanford_Reach,5026,0.00,U_Sauk_R_SpSu,5016,0.00
Area126 (08) troll 122 64,,Priest_Rapid_H,5026,0.62,Priest_Rapids_H,5026,0.14,Wenatchee_R_SF,5026,0.07,Wells_H,5026,0.07,Hanford_Reach,5026,0.06
Area126 (08) troll 122 65,,George_Adams_H,5005,0.35,NF_Skokomish_F,5005,0.12,Cedar_R_SuFa,5020,0.10,L_Skagit_R_Fa,5016,0.08,Soos_H,5020,0.06
Area126 (08) troll 122 66,,George_Adams_H,5005,0.27,Bear_Cr_SuFa,5020,0.20,Soos_H,5020,0.19,Hamma_Hamma_R,5005,0.17,NF_Skokomish_F,5005,0.12
Area126 (08) troll 122 67,,Soos_H,5020,0.41,George_Adams_H,5005,0.39,Grovers_Cr_H,5020,0.07,Clear_Cr_H,5020,0.04,NF_Skokomish_F,5005,0.03
Area126 (08) troll 122 68,,Priest_Rapid_H,5026,0.53,Nez_PerceT_H,5021,0.20,Hanford_Reach,5026,0.18,Umatilla_H_Fa,5026,0.04,Wenatchee_R_SF,5026,0.03
Area126 (08) troll 122 69,,Trask_R,5015,0.87,Millicoma_R,5011,0.08,S_Coos_R,5011,0.04,NanaimoSu_BackX,7,0.01,Alsea_R,5015,0.00
Area126 (08) troll 122 70,,Samish_H,5016,0.23,George_Adams_H,5005,0.21,NF_Skokomish_F,5005,0.19,Cedar_R_SuFa,5020,0.12,Clear_Cr_H,5020,0.08
Area126 (08) troll 122 71,,Squingula_R,19,0.90,Sicintine_R,19,0.03,Kitwanga,22,0.03,Babine,20,0.02,Sweetin,22,0.01
Area126 (08) troll 122 72,,Harrison,3,0.95,Kitwanga,22,0.02,L_Thompson,5,0.01,Skykomish_R,5016,0.01,Snoqualmie_R,5016,0.00
Area126 (08) troll 125 456,,Trask_R,5015,0.59,Coquille_R,5011,0.38,Millicoma_R,5011,0.01,S_Coos_R,5011,0.00,Wilson_R,5015,0.00
Area126 (08) troll 125 457,,Skagit_R,5016,0.73,Nez_PerceT_H,5021,0.12,Wells_H,5026,0.05,Priest_Rapid_H,5026,0.04,Wenatchee_R_SF,5026,0.04
Area126 (08) troll 125 458,,Wells_H,5026,0.66,Methow_R,5026,0.08,Wenatchee_R_SF,5026,0.07,Nez_PerceT_H,5021,0.05,Priest_Rapid_H,5026,0.05
Area126 (08) troll 125 459,,Harrison,3,0.47,Chilliwack_F,3,0.46,L_Thompson,5,0.03,Little_R,5,0.02,Owegee,11,0.00
Area126 (08) troll 125 460,,George_Adams_H,5005,0.49,Bear_Cr_SuFa,5020,0.18,Cedar_R_SuFa,5020,0.15,NF_Skokomish_F,5005,0.12,Grovers_Cr_H,5020,0.02
Area126 (08) troll 125 73,,Hanford_Reach,5026,0.32,Priest_Rapid_H,5026,0.32,Umatilla_H_Fa,5026,0.26,Priest_Rapids_H,5026,0.07,Wells_H,5026,0.01
Area126 (08) troll 125 74,,Nez_PerceT_H,5021,0.47,Priest_Rapid_H,5026,0.28,Hanford_Reach,5026,0.22,Umatilla_H_Fa,5026,0.01,Priest_Rapids_H,5026,0.00
Area126 (08) troll 125 75,,Priest_Rapid_H,5026,0.74,Hanford_Reach,5026,0.06,Priest_Rapids_H,5026,0.05,Wenatchee_R_SF,5026,0.05,Umatilla_H_Fa,5026,0.04
Area126 (08) troll 125 76,,Hanford_Reach,5026,0.49,Priest_Rapid_H,5026,0.28,Umatilla_H_Fa,5026,0.06,Wenatchee_R_SF,5026,0.06,Wells_H,5026,0.04
Area126 (08) troll 125 77,,Washougal_R_Fa,5008,0.92,Lewis_R_Su,5008,0.07,Abernathy_Cr_Fa,5008,0.01,Elochoman_R_Fa,5008,0.00,Abernathy_NFH_F,5008,0.00
Area126 (08) troll 125 78,,Puntledge_F,7,0.98,L_Qualicum,7,0.01,Cowichan,7,0.01,George_Adams_H,5005,0.00,Big_Qualicum,7,0.00
Area126 (08) troll 126 461,,Morice_R,21,0.78,Kitwanga,22,0.10,Babine,20,0.03,Harrison,3,0.02,Squingula_R,19,0.02
Area126 (08) troll 126 462,,Skagit_R,5016,0.96,L_Skagit_R_Fa,5016,0.03,U_Sauk_R_SpSu,5016,0.01,Snoqualmie_R,5016,0.00,Skykomish_R,5016,0.00
Area126 (08) troll 126 463,,George_Adams_H,5005,0.42,NF_Skokomish_F,5005,0.19,Hamma_Hamma_R,5005,0.09,Snoqualmie_R,5016,0.06,Clear_Cr_H,5020,0.06
Area126 (08) troll 126 79,,Spring_Cr_col,5030,0.95,Bear_Cr_SuFa,5020,0.03,Snoqualmie_R,5016,0.01,Soos_H,5020,0.01,L_Skagit_R_Fa,5016,0.00
Area126 (08) troll 126 80,,Priest_Rapid_H,5026,0.28,Hanford_Reach,5026,0.25,Nez_PerceT_H,5021,0.14,Wenatchee_R_SF,5026,0.13,Wells_H,5026,0.10
Area126 (08) troll 126 81,,Hanford_Reach,5026,0.26,Wenatchee_R_SF,5026,0.25,Priest_Rapid_H,5026,0.21,Umatilla_H_Fa,5026,0.13,Wells_H,5026,0.09
Area126 (08) troll 126 82,,Trask_R,5015,0.75,Coquille_R,5011,0.15,Millicoma_R,5011,0.05,S_Coos_R,5011,0.02,Skagit_R,5016,0.01
Area126 (08) troll 130 464,,Skagit_R,5016,0.80,L_Skagit_R_Fa,5016,0.06,Hanford_Reach,5026,0.05,U_Sauk_R_SpSu,5016,0.04,Samish_H,5016,0.02
Area126 (08) troll 130 465,,Puntledge_F,7,0.90,L_Qualicum,7,0.04,Skagit_R,5016,0.02,Snoqualmie_R,5016,0.02,Cowichan,7,0.01
Area126 (08) troll 130 466,,Big_Cr_H_Col,5030,0.63,Abernathy_NFH_F,5008,0.09,Abernathy_Cr_Fa,5008,0.08,Washougal_R_Fa,5008,0.08,Spring_Cr_col,5030,0.06
Area126 (08) troll 130 467,,Snoqualmie_R,5016,0.87,Skagit_R,5016,0.07,Clear_Cr_H,5020,0.03,U_Sauk_R_SpSu,5016,0.02,Skykomish_R,5016,0.01
Area126 (08) troll 130 468,,George_Adams_H,5005,0.89,L_Skagit_R_Fa,5016,0.02,Soos_H,5020,0.02,NF_Skokomish_F,5005,0.01,Grovers_Cr_H,5020,0.01
Area126 (08) troll 130 469,,Skagit_R,5016,0.81,NF_Nooksack_H,5016,0.19,U_Sauk_R_SpSu,5016,0.00,Puntledge_F,7,0.00,Voights_H,5020,0.00
Area126 (08) troll 130 83,,U_Sauk_R_SpSu,5016,0.37,Snoqualmie_R,5016,0.21,Skagit_R,5016,0.12,NanaimoSu_BackX,7,0.10,L_Skagit_R_Fa,5016,0.08
Area126 (08) troll 130 84,,Puntledge_F,7,0.67,Cowichan,7,0.32,L_Qualicum,7,0.01,Nanaimo_F,7,0.00,,,
Area126 (08) troll 130 85,,Priest_Rapid_H,5026,0.88,Hanford_Reach,5026,0.08,Harrison,3,0.02,Umatilla_H_Fa,5026,0.01,Priest_Rapids_H,5026,0.01
Area126 (08) troll 130 86,,Wenatchee_R_SF,5026,0.66,Methow_R,5026,0.14,Priest_Rapids_H,5026,0.08,Priest_Rapid_H,5026,0.05,Wells_H,5026,0.03
Area126 (08) troll 130 87,,Wells_H,5026,0.33,Hanford_Reach,5026,0.27,Umatilla_H_Fa,5026,0.10,Methow_R,5026,0.10,Priest_Rapid_H,5026,0.10
Area126 (08) troll 130 88,,Wenatchee_R_SF,5026,0.32,Priest_Rapid_H,5026,0.28,Priest_Rapids_H,5026,0.19,Hanford_Reach,5026,0.07,Umatilla_H_Fa,5026,0.05
Area126 (08) troll 138 209,,L_Thompson,5,0.88,Little_R,5,0.12,Harrison,3,0.00,Lewis_R_Su,5008,0.00,Washougal_R_Fa,5008,0.00
Area126 (08) troll 138 470,,Morkill,1,0.49,Bowron,1,0.28,Fontoniko,1,0.21,James,1,0.00,Indianpoint,1,0.00
Area126 (08) troll 138 471,,NF_Nooksack_H,5016,1.00,,,,,,,,,,,,
Area126 (08) troll 138 472,,George_Adams_H,5005,0.52,Cedar_R_SuFa,5020,0.32,Soos_H,5020,0.03,Clear_Cr_H,5020,0.03,Voights_H,5020,0.03
Area126 (08) troll 138 473,,Wells_H,5026,0.51,Priest_Rapid_H,5026,0.29,Hanford_Reach,5026,0.14,Methow_R,5026,0.05,Nez_PerceT_H,5021,0.01
Area126 (08) troll 138 474,,Snoqualmie_R,5016,0.95,L_Skagit_R_Fa,5016,0.01,George_Adams_H,5005,0.01,Babine,20,0.00,Harrison,3,0.00
Area126 (08) troll 138 475,,Grovers_Cr_H,5020,0.95,George_Adams_H,5005,0.02,NF_Skokomish_F,5005,0.01,Bear_Cr_SuFa,5020,0.01,Clear_Cr_H,5020,0.00
Area126 (08) troll 138 476,,Cowichan,7,0.78,Puntledge_F,7,0.20,Gold_R,8,0.01,L_Qualicum,7,0.01,Puntledge_BackX,7,0.00
Area126 (08) troll 138 477,,Cheakamus_Su,9,0.99,Skagit_R,5016,0.01,,,,,,,,,
Area126 (08) troll 138 478,,Bear_Cr_SuFa,5020,0.43,Cedar_R_SuFa,5020,0.30,Samish_H,5016,0.13,Soos_H,5020,0.11,Hamma_Hamma_R,5005,0.01
Area126 (08) troll 138 479,,George_Adams_H,5005,0.79,Clear_Cr_H,5020,0.18,NF_Skokomish_F,5005,0.02,Grovers_Cr_H,5020,0.00,Cedar_R_SuFa,5020,0.00
Area126 (08) troll 138 480,,George_Adams_H,5005,0.83,Grovers_Cr_H,5020,0.07,Clear_Cr_H,5020,0.05,Voights_H,5020,0.02,NF_Skokomish_F,5005,0.01
Area126 (08) troll 138 505,,Chilliwack_F,3,0.52,Harrison,3,0.36,L_Skagit_R_Fa,5016,0.04,Chilako,2,0.02,NF_Skokomish_F,5005,0.02
Area126 (08) troll 138 506,,Umatilla_H_Fa,5026,0.60,Priest_Rapid_H,5026,0.21,Hanford_Reach,5026,0.09,Priest_Rapids_H,5026,0.09,Wenatchee_R_SF,5026,0.01
Area126 (08) troll 138 507,,Soos_H,5020,0.63,Bear_Cr_SuFa,5020,0.07,Cedar_R_SuFa,5020,0.07,Voights_H,5020,0.06,Snoqualmie_R,5016,0.06
Area126 (08) troll 138 508,,Soos_H,5020,0.30,Clear_Cr_H,5020,0.20,Cedar_R_SuFa,5020,0.09,Bear_Cr_SuFa,5020,0.07,Voights_H,5020,0.05
Area126 (08) troll 138 509,,Spring_Cr_col,5030,0.98,Abernathy_NFH_F,5008,0.02,Washougal_R_Fa,5008,0.00,Elochoman_R_Fa,5008,0.00,Big_Cr_H_Col,5030,0.00
Area126 (08) troll 138 510,,NF_Nooksack_H,5016,1.00,Skagit_R,5016,0.00,,,,,,,,,
Area126 (08) troll 138 511,,George_Adams_H,5005,0.43,Soos_H,5020,0.21,Clear_Cr_H,5020,0.16,Voights_H,5020,0.06,NF_Skokomish_F,5005,0.04
Area126 (08) troll 138 512,,George_Adams_H,5005,0.34,NF_Skokomish_F,5005,0.20,Voights_H,5020,0.16,Soos_H,5020,0.10,Bear_Cr_SuFa,5020,0.07
Area126 (08) troll 138 513,,Spring_Cr_col,5030,0.94,Big_Cr_H_Col,5030,0.04,Abernathy_NFH_F,5008,0.01,Abernathy_Cr_Fa,5008,0.00,Elochoman_H,5030,0.00
Area126 (08) troll 138 514,,Spring_Cr_col,5030,0.99,Washougal_R_Fa,5008,0.01,Abernathy_Cr_Fa,5008,0.00,Big_Cr_H_Col,5030,0.00,Abernathy_NFH_F,5008,0.00
Area126 (08) troll 138 515,,Spring_Cr_col,5030,0.99,Big_Cr_H_Col,5030,0.01,,,,,,,,,
Area126 (08) troll 138 516,,Washougal_R_Fa,5008,0.53,Spring_Cr_col,5030,0.27,Big_Cr_H_Col,5030,0.14,Abernathy_Cr_Fa,5008,0.04,Elochoman_R_Fa,5008,0.01
Area126 (08) troll 138 517,,Little_R,5,0.69,L_Thompson,5,0.30,South_Thom,5,0.01,L_Shuswap,5,0.00,Harrison,3,0.00
Area126 (08) troll 138 518,,Shakes_Cr,18,0.72,Little_Tahltan,18,0.08,Kitwanga,22,0.05,Tahltan_R,18,0.04,NanaimoSu_BackX,7,0.03
Area126 (08) troll 138 519,,Harrison,3,0.98,Snoqualmie_R,5016,0.01,Skagit_R,5016,0.00,Soos_H,5020,0.00,L_Skagit_R_Fa,5016,0.00
Area126 (08) troll 138 520,,Chilliwack_F,3,0.99,Umpqua_H,5011,0.00,Wells_H,5026,0.00,Sol_Duc_H,5028,0.00,Abernathy_Cr_Fa,5008,0.00
Area126 (08) troll 138 521,,L_Thompson,5,0.50,Little_R,5,0.46,Wells_H,5026,0.01,Bessette,5,0.00,Wenatchee_R_SF,5026,0.00
Area126 (08) troll 138 522,,Shakes_Cr,18,0.47,Morice_R,21,0.13,Kowatua,17,0.12,Little_Tahltan,18,0.08,Tatsatua_Cr,5025,0.06
Area126 (08) troll 138 523,,Bear_Cr_SuFa,5020,0.36,Cedar_R_SuFa,5020,0.28,Snoqualmie_R,5016,0.13,George_Adams_H,5005,0.08,Voights_H,5020,0.03
Area126 (08) troll 138 524,,Puntledge_F,7,0.98,Cowichan,7,0.01,L_Qualicum,7,0.00,Puntledge_BackX,7,0.00,Chemainus,7,0.00
Area126 (08) troll 138 525,,Umatilla_H_Fa,5026,0.18,Hanford_Reach,5026,0.18,Nez_PerceT_H,5021,0.16,Priest_Rapid_H,5026,0.12,Umpqua_H,5011,0.10
Area126 (08) troll 138 526,,Big_Cr_H_Col,5030,0.53,Spring_Cr_col,5030,0.31,Abernathy_Cr_Fa,5008,0.10,Abernathy_NFH_F,5008,0.05,Washougal_R_Fa,5008,0.02
Area126 (08) troll 138 527,,Big_Cr_H_Col,5030,0.59,Spring_Cr_col,5030,0.40,Abernathy_Cr_Fa,5008,0.00,Elochoman_H,5030,0.00,Washougal_R_Fa,5008,0.00
Area126 (08) troll 138 528,,Bowron,1,0.32,Willow_R,1,0.24,Fontoniko,1,0.23,Morkill,1,0.11,Chilako,2,0.04
Area126 (08) troll 138 529,,L_Thompson,5,0.70,Little_R,5,0.29,Harrison,3,0.00,South_Thom,5,0.00,Hanford_Reach,5026,0.00
Area126 (08) troll 138 530,,Harrison,3,0.48,Chilliwack_F,3,0.25,Shakes_Cr,18,0.12,L_Thompson,5,0.06,Little_R,5,0.05
Area126 (08) troll 138 531,,Harrison,3,0.70,Chilliwack_F,3,0.19,Chilliwac@Stav,3,0.05,Shakes_Cr,18,0.01,Snoqualmie_R,5016,0.01
Area126 (08) troll 138 532,,Washougal_R_Fa,5008,0.69,Abernathy_Cr_Fa,5008,0.12,Lewis_R_Su,5008,0.09,Spring_Cr_col,5030,0.08,Abernathy_NFH_F,5008,0.01
Area126 (08) troll 138 533,,Snoqualmie_R,5016,0.43,L_Skagit_R_Fa,5016,0.36,Willow_R,1,0.05,Chilako,2,0.04,Coquille_R,5011,0.03
Area126 (08) troll 138 534,,Chilliwack_F,3,1.00,Harrison,3,0.00,,,,,,,,,
Area126 (08) troll 138 535,,L_Thompson,5,0.73,Little_R,5,0.27,South_Thom,5,0.00,Bessette,5,0.00,Umatilla_H_Fa,5026,0.00
Area126 (08) troll 138 536,,Little_R,5,0.95,L_Thompson,5,0.02,L_Shuswap,5,0.02,Bessette,5,0.00,L_Adams,5,0.00
Area126 (08) troll 138 537,,Washougal_R_Fa,5008,0.94,Sol_Duc_H,5028,0.02,Trask_R,5015,0.01,Elochoman_R_Fa,5008,0.01,Abernathy_Cr_Fa,5008,0.01
Area126 (08) troll 138 538,,Hanford_Reach,5026,0.49,Priest_Rapids_H,5026,0.27,Wenatchee_R_SF,5026,0.12,Priest_Rapid_H,5026,0.05,Umatilla_H_Fa,5026,0.04
Area126 (08) troll 138 539,,Harrison,3,0.75,Snoqualmie_R,5016,0.13,Chilliwack_F,3,0.06,L_Skagit_R_Fa,5016,0.01,Skagit_R,5016,0.01
Area126 (08) troll 138 540,,Squingula_R,19,0.91,Sicintine_R,19,0.04,Babine,20,0.02,Morice_R,21,0.01,Kluayaz_Cr,19,0.00
Area126 (08) troll 138 541,,Spring_Cr_col,5030,0.56,Big_Cr_H_Col,5030,0.40,Abernathy_Cr_Fa,5008,0.03,Abernathy_NFH_F,5008,0.01,Elochoman_H,5030,0.00
Area126 (08) troll 138 542,,George_Adams_H,5005,0.68,Clear_Cr_H,5020,0.29,Soos_H,5020,0.01,Voights_H,5020,0.01,Grovers_Cr_H,5020,0.01
Area126 (08) troll 138 543,,L_Thompson,5,1.00,,,,,,,,,,,,
Area126 (08) troll 138 544,,Situk_R,5014,0.57,Situk,15,0.43,,,,,,,,,
Area126 (08) troll 138 545,,Shakes_Cr,18,0.54,Owegee,11,0.17,Kitwanga,22,0.09,Squingula_R,19,0.08,Skagit_R,5016,0.03
Area126 (08) troll 138 546,,Harrison,3,1.00,Bear_Cr_SuFa,5020,0.00,Chilliwack_F,3,0.00,Cedar_R_SuFa,5020,0.00,,,
Area126 (08) troll 138 547,,Harrison,3,0.97,Skagit_R,5016,0.01,Chilliwack_F,3,0.01,Millicoma_R,5011,0.00,Coos_H,5011,0.00
Area126 (08) troll 138 548,,L_Thompson,5,0.92,Little_R,5,0.05,Bessette,5,0.02,Duteau_Cr,5,0.00,South_Thom,5,0.00
Area126 (08) troll 138 89,,Bonaparte,6,0.90,Deadman,6,0.10,Chilliwac@Stav,3,0.00,,,,,,
Area126 (08) troll 138 90,,U_Sauk_R_SpSu,5016,0.32,Skagit_R,5016,0.19,Morice_R,21,0.18,Thomas_Cr,23,0.14,U_Dean,10,0.06
Area126 (08) troll 138 91,,Hanford_Reach,5026,0.49,Umatilla_H_Fa,5026,0.31,Wells_H,5026,0.14,Wenatchee_R_SF,5026,0.05,Nez_PerceT_H,5021,0.01
Area126 (08) troll 138 92,,L_Thompson,5,0.97,Little_R,5,0.01,U_Sauk_R_SpSu,5016,0.01,Skagit_R,5016,0.00,L_Skagit_R_Fa,5016,0.00
Area126 (08) troll 138 93,,Morkill,1,0.87,Bowron,1,0.13,Willow_R,1,0.00,Slim_C,1,0.00,Chilliwack_F,3,0.00
Area126 (08) troll 138 94,,Washougal_R_Fa,5008,0.78,Abernathy_Cr_Fa,5008,0.14,Lewis_R_Su,5008,0.04,Elochoman_R_Fa,5008,0.02,Umatilla_H_Fa,5026,0.01
Area126 (08) troll 138 95,,Umatilla_H_Fa,5026,0.79,Hanford_Reach,5026,0.12,Priest_Rapid_H,5026,0.04,Methow_R,5026,0.03,Wells_H,5026,0.02
Area126 (08) troll 138 96,,U_Sauk_R_SpSu,5016,0.57,Hanford_Reach,5026,0.23,Skagit_R,5016,0.13,Priest_Rapid_H,5026,0.03,Marblemount_Hsu,5016,0.01
Area126 (08) troll 138 97,,Soos_H,5020,0.30,George_Adams_H,5005,0.12,Clear_Cr_H,5020,0.11,Bear_Cr_SuFa,5020,0.11,Cedar_R_SuFa,5020,0.10
Area126 (08) troll 138 98,,Spring_Cr_col,5030,0.91,Big_Cr_H_Col,5030,0.07,Abernathy_NFH_F,5008,0.01,Abernathy_Cr_Fa,5008,0.00,Elochoman_H,5030,0.00
Area126 (08) troll 138 99,,Bear_Cr_SuFa,5020,0.43,U_Sauk_R_SpSu,5016,0.42,L_Skagit_R_Fa,5016,0.07,Skykomish_R,5016,0.05,Cedar_R_SuFa,5020,0.02
Area126 (08) troll 148 100,,Spring_Cr_col,5030,0.96,Big_Cr_H_Col,5030,0.03,Abernathy_NFH_F,5008,0.01,Abernathy_Cr_Fa,5008,0.00,Elochoman_R_Fa,5008,0.00
Area126 (08) troll 148 101,,Soos_H,5020,0.75,George_Adams_H,5005,0.10,Clear_Cr_H,5020,0.05,S_Prairie_Cr,5020,0.04,Voights_H,5020,0.03
Area126 (08) troll 148 102,,Priest_Rapid_H,5026,0.52,Hanford_Reach,5026,0.31,Priest_Rapids_H,5026,0.09,Wells_H,5026,0.06,Nez_PerceT_H,5021,0.01
Area126 (08) troll 148 103,,Wenatchee_R_SF,5026,0.81,Wells_H,5026,0.05,Washougal_R_Fa,5008,0.05,Chetco_R,5012,0.03,Lewis_R_Su,5008,0.01
Area126 (08) troll 148 104,,L_Thompson,5,1.00,Bessette,5,0.00,Little_R,5,0.00,,,,,,
Area126 (08) troll 148 105,,L_Thompson,5,0.85,Little_R,5,0.14,Snowbank,11,0.01,South_Thom,5,0.00,Hanford_Reach,5026,0.00
Area126 (08) troll 148 106,,Skagit_R,5016,0.47,George_Adams_H,5005,0.34,Clear_Cr_H,5020,0.05,Soos_H,5020,0.04,L_Skagit_R_Fa,5016,0.03
Area126 (08) troll 148 107,,Nez_PerceT_H,5021,0.37,Priest_Rapids_H,5026,0.23,Umatilla_H_Fa,5026,0.17,Hanford_Reach,5026,0.15,Priest_Rapid_H,5026,0.05
Area126 (08) troll 148 108,,Harrison,3,0.99,NanaimoSu_BackX,7,0.01,Skykomish_R,5016,0.00,Snoqualmie_R,5016,0.00,L_Skagit_R_Fa,5016,0.00
Area126 (08) troll 148 109,,George_Adams_H,5005,0.25,Soos_H,5020,0.23,Clear_Cr_H,5020,0.12,Samish_H,5016,0.11,NF_Skokomish_F,5005,0.09
Area126 (08) troll 148 210,,NF_Nooksack_H,5016,1.00,Umatilla_H_Fa,5026,0.00,Skagit_R,5016,0.00,,,,,,
Area126 (08) troll 148 481,,Spring_Cr_col,5030,1.00,Abernathy_NFH_F,5008,0.00,Wenatchee_R_SF,5026,0.00,,,,,,
Area126 (08) troll 148 482,,Wells_H,5026,0.53,Hanford_Reach,5026,0.25,Priest_Rapids_H,5026,0.10,Priest_Rapid_H,5026,0.09,Umatilla_H_Fa,5026,0.03
Area126 (08) troll 148 483,,Wenatchee_R_SF,5026,0.71,Priest_Rapids_H,5026,0.11,Wells_H,5026,0.07,Hanford_Reach,5026,0.06,Skagit_R,5016,0.02
Area126 (08) troll 148 484,,George_Adams_H,5005,0.50,NF_Skokomish_F,5005,0.09,Bear_Cr_SuFa,5020,0.09,Hamma_Hamma_R,5005,0.07,Soos_H,5020,0.05
Area126 (08) troll 148 485,,Bonaparte,6,0.90,Deadman,6,0.10,,,,,,,,,
Area126 (08) troll 148 486,,L_Thompson,5,0.85,Little_R,5,0.08,Blue,4,0.03,N_Thom@Main,4,0.02,South_Thom,5,0.01
Area126 (08) troll 148 487,,Spring_Cr_col,5030,0.98,Abernathy_Cr_Fa,5008,0.01,Big_Cr_H_Col,5030,0.00,Umpqua_H,5011,0.00,Wells_H,5026,0.00
Area126 (08) troll 148 488,,Priest_Rapid_H,5026,0.62,Nez_PerceT_H,5021,0.16,Hanford_Reach,5026,0.08,Lewis_R_Su,5008,0.06,Priest_Rapids_H,5026,0.03
Area126 (08) troll 148 489,,Cowichan,7,0.90,Puntledge_F,7,0.09,Puntledge_BackX,7,0.00,L_Qualicum,7,0.00,,,
Area126 (08) troll 148 490,,Wells_H,5026,0.66,Priest_Rapids_H,5026,0.23,Priest_Rapid_H,5026,0.05,Nez_PerceT_H,5021,0.04,Hanford_Reach,5026,0.01
Area126 (08) troll 15 142,,Voights_H,5020,0.62,Clear_Cr_H,5020,0.12,George_Adams_H,5005,0.11,Bear_Cr_SuFa,5020,0.07,Snoqualmie_R,5016,0.03
Area126 (08) troll 15 143,,Grovers_Cr_H,5020,0.96,Cedar_R_SuFa,5020,0.01,Snoqualmie_R,5016,0.01,Bear_Cr_SuFa,5020,0.01,George_Adams_H,5005,0.01
Area126 (08) troll 15 144,,Snoqualmie_R,5016,0.58,L_Skagit_R_Fa,5016,0.16,S_Umpqua_H,5011,0.10,Umatilla_H_Fa,5026,0.03,Samish_H,5016,0.03
Area126 (08) troll 15 145,,Voights_H,5020,0.60,Soos_H,5020,0.29,S_Prairie_Cr,5020,0.04,Clear_Cr_H,5020,0.03,Bear_Cr_SuFa,5020,0.02
Area126 (08) troll 151 110,,George_Adams_H,5005,0.31,Soos_H,5020,0.21,Clear_Cr_H,5020,0.18,Cedar_R_SuFa,5020,0.14,Bear_Cr_SuFa,5020,0.10
Area126 (08) troll 151 111,,Abernathy_Cr_Fa,5008,0.79,Spring_Cr_col,5030,0.20,Elochoman_R_Fa,5008,0.01,Lewis_R_Su,5008,0.01,Abernathy_NFH_F,5008,0.00
Area126 (08) troll 151 112,,Little_R,5,0.89,L_Thompson,5,0.09,South_Thom,5,0.01,L_Adams,5,0.00,L_Shuswap,5,0.00
Area126 (08) troll 151 113,,Squingula_R,19,0.89,Sustut,19,0.07,Sicintine_R,19,0.03,Otsi_Cr,19,0.00,Shakes_Cr,18,0.00
Area126 (08) troll 151 114,,Umatilla_H_Fa,5026,0.74,Hanford_Reach,5026,0.12,Priest_Rapid_H,5026,0.11,Wenatchee_R_SF,5026,0.01,Nez_PerceT_H,5021,0.01
Area126 (08) troll 151 115,,Gold_R,8,0.99,Conuma,8,0.01,Kaouk_R,8,0.00,Sarita,8,0.00,Moyeha_R,8,0.00
Area126 (08) troll 151 116,,L_Thompson,5,0.99,Little_R,5,0.00,Bear_Cr_SuFa,5020,0.00,Cedar_R_SuFa,5020,0.00,George_Adams_H,5005,0.00
Area126 (08) troll 151 491,,Bear_Cr_SuFa,5020,0.44,Soos_H,5020,0.24,Cedar_R_SuFa,5020,0.16,Clear_Cr_H,5020,0.09,George_Adams_H,5005,0.04
Area126 (08) troll 151 492,,Willow_R,1,0.61,Baezaeko,2,0.21,Cottonwood,2,0.08,Bowron,1,0.05,S_Umpqua_H,5011,0.03
Area126 (08) troll 151 493,,Skagit_R,5016,0.96,U_Sauk_R_SpSu,5016,0.02,L_Skagit_R_Fa,5016,0.01,Puntledge_F,7,0.00,Marblemount_Hsu,5016,0.00
Area126 (08) troll 151 494,,Umatilla_H_Fa,5026,0.38,Priest_Rapid_H,5026,0.29,Hanford_Reach,5026,0.23,Nez_PerceT_H,5021,0.08,L_Wh_Sal_H_SF,5026,0.01
Area126 (08) troll 151 495,,Nez_PerceT_H,5021,0.77,Priest_Rapid_H,5026,0.10,Hanford_Reach,5026,0.06,Priest_Rapids_H,5026,0.03,Wenatchee_R_SF,5026,0.02
Area126 (08) troll 151 496,,Zymogotitz_R,23,0.44,Kitwanga,22,0.21,U_Sauk_R_SpSu,5016,0.10,L_Thompson,5,0.09,Cranberry,11,0.04
Area126 (08) troll 151 497,,Morkill,1,0.69,Bowron,1,0.21,Fontoniko,1,0.10,Willow_R,1,0.00,James,1,0.00
Area126 (08) troll 151 498,,Coquille_R,5011,0.73,S_Umpqua_H,5011,0.15,Skagit_R,5016,0.06,Millicoma_R,5011,0.04,S_Coos_R,5011,0.02
Area126 (08) troll 152 117,,Priest_Rapids_H,5026,0.41,Priest_Rapid_H,5026,0.36,Methow_R,5026,0.07,Wenatchee_R_SF,5026,0.06,Wells_H,5026,0.06
Area126 (08) troll 152 118,,Spring_Cr_col,5030,0.67,Big_Cr_H_Col,5030,0.29,Abernathy_Cr_Fa,5008,0.02,Abernathy_NFH_F,5008,0.02,Washougal_R_Fa,5008,0.00
Area126 (08) troll 152 119,,Skagit_R,5016,0.98,U_Sauk_R_SpSu,5016,0.02,Harrison,3,0.00,Snoqualmie_R,5016,0.00,,,
Area126 (08) troll 152 120,,George_Adams_H,5005,0.30,Bear_Cr_SuFa,5020,0.23,Samish_H,5016,0.11,NF_Skokomish_F,5005,0.10,Cedar_R_SuFa,5020,0.08
Area126 (08) troll 152 121,,Chilliwack_F,3,1.00,,,,,,,,,,,,
Area126 (08) troll 152 122,,Conuma,8,1.00,Tlupana,8,0.00,Tahsis,8,0.00,Gold_R,8,0.00,Zeballos,8,0.00
Area126 (08) troll 152 499,,Puntledge_F,7,0.29,Wenatchee_R_SF,5026,0.22,Wells_H,5026,0.10,Skykomish_R,5016,0.08,Priest_Rapid_H,5026,0.07
Area126 (08) troll 152 500,,Soos_H,5020,0.55,Bear_Cr_SuFa,5020,0.14,Clear_Cr_H,5020,0.13,Samish_H,5016,0.06,Voights_H,5020,0.05
Area126 (08) troll 152 501,,U_Sauk_R_SpSu,5016,0.80,Voights_H,5020,0.06,Snoqualmie_R,5016,0.06,Nez_PerceT_H,5021,0.03,Skagit_R,5016,0.02
Area126 (08) troll 152 502,,Nez_PerceT_H,5021,0.92,Priest_Rapid_H,5026,0.05,Lyons_Ferry_H,5021,0.02,L_Wh_Sal_H_SF,5026,0.00,Hanford_Reach,5026,0.00
Area126 (08) troll 152 503,,Wells_H,5026,0.50,Hanford_Reach,5026,0.29,Wenatchee_R_SF,5026,0.17,Priest_Rapid_H,5026,0.02,Skagit_R,5016,0.01
Area126 (08) troll 152 504,,Harrison,3,0.50,Skagit_R,5016,0.16,Skykomish_R,5016,0.07,L_Skagit_R_Fa,5016,0.05,Bear_Cr_SuFa,5020,0.04
Area126 (08) troll 154 1,,Soos_H,5020,0.52,Skagit_R,5016,0.20,Snoqualmie_R,5016,0.08,S_Prairie_Cr,5020,0.05,Harrison,3,0.03
Area126 (08) troll 154 10,,Skagit_R,5016,0.45,Clear_Cr_H,5020,0.24,George_Adams_H,5005,0.13,Grovers_Cr_H,5020,0.05,NF_Skokomish_F,5005,0.04
Area126 (08) troll 154 11,,Samish_H,5016,0.22,Harrison,3,0.19,Snoqualmie_R,5016,0.17,L_Skagit_R_Fa,5016,0.15,Voights_H,5020,0.06
Area126 (08) troll 154 12,,Eagle_R,5,0.71,Bessette,5,0.12,Little_R,5,0.09,L_Thompson,5,0.06,Duteau_Cr,5,0.01
Area126 (08) troll 154 13,,Lewis_R_Su,5008,0.86,Washougal_R_Fa,5008,0.13,Abernathy_Cr_Fa,5008,0.01,Elochoman_R_Fa,5008,0.00,Lewis_R_f,5008,0.00
Area126 (08) troll 154 14,,Nanaimo_SP,7,0.75,Nanaimo_SU,7,0.23,Nanaimo_F,7,0.02,Chemainus,7,0.00,Puntledge_Su,7,0.00
Area126 (08) troll 154 15,,Hanford_Reach,5026,0.48,Priest_Rapid_H,5026,0.26,Umatilla_H_Fa,5026,0.15,Priest_Rapids_H,5026,0.07,Wenatchee_R_SF,5026,0.02
Area126 (08) troll 154 16,,Wells_H,5026,0.81,Umatilla_H_Fa,5026,0.06,Hanford_Reach,5026,0.05,Methow_R,5026,0.04,Priest_Rapid_H,5026,0.03
Area126 (08) troll 154 17,,Soos_H,5020,0.63,George_Adams_H,5005,0.14,L_Skagit_R_Fa,5016,0.08,Snoqualmie_R,5016,0.04,Samish_H,5016,0.03
Area126 (08) troll 154 18,,Soos_H,5020,0.51,Samish_H,5016,0.32,U_Sauk_R_SpSu,5016,0.09,Cedar_R_SuFa,5020,0.03,Snoqualmie_R,5016,0.02
Area126 (08) troll 154 19,,Bear_Cr_SuFa,5020,0.24,Samish_H,5016,0.20,Cedar_R_SuFa,5020,0.15,George_Adams_H,5005,0.15,NF_Skokomish_F,5005,0.08
Area126 (08) troll 154 2,,Umatilla_H_Fa,5026,0.31,Hanford_Reach,5026,0.20,Wenatchee_R_SF,5026,0.16,Priest_Rapid_H,5026,0.14,Priest_Rapids_H,5026,0.13
Area126 (08) troll 154 20,,Gold_R,8,0.98,Robertson,8,0.01,Kennedy,8,0.00,Snoqualmie_R,5016,0.00,L_Skagit_R_Fa,5016,0.00
Area126 (08) troll 154 21,,Wells_H,5026,0.84,Priest_Rapid_H,5026,0.10,Hanford_Reach,5026,0.03,Wenatchee_R_SF,5026,0.01,Methow_R,5026,0.01
Area126 (08) troll 154 22,,Thomas_Cr,23,0.19,Kitwanga,22,0.17,Morice_R,21,0.11,Skykomish_R,5016,0.07,Shakes_Cr,18,0.05
Area126 (08) troll 154 23,,Sol_Duc_H,5028,0.96,Millicoma_R,5011,0.03,Snoqualmie_R,5016,0.00,Skagit_R,5016,0.00,NF_Nooksack_H,5016,0.00
Area126 (08) troll 154 24,,Cranberry,11,0.62,Owegee,11,0.28,Squingula_R,19,0.08,Snowbank,11,0.01,Kitwanga,22,0.01
Area126 (08) troll 154 25,,Umatilla_H_Fa,5026,0.55,Hanford_Reach,5026,0.13,Nez_PerceT_H,5021,0.11,Skagit_R,5016,0.06,Priest_Rapid_H,5026,0.05
Area126 (08) troll 154 26,,Skagit_R,5016,0.94,U_Sauk_R_SpSu,5016,0.01,L_Skagit_R_Fa,5016,0.01,Cheakamus_Su,9,0.01,Washougal_R_Fa,5008,0.01
Area126 (08) troll 154 27,,Hanford_Reach,5026,0.93,Wells_H,5026,0.05,Wenatchee_R_SF,5026,0.01,Umatilla_H_Fa,5026,0.01,Priest_Rapid_H,5026,0.00
Area126 (08) troll 154 28,,Shakes_Cr,18,0.72,Little_Tahltan,18,0.08,Craig,18,0.05,Tahltan_R,18,0.04,Harrison,3,0.04
Area126 (08) troll 154 29,,George_Adams_H,5005,0.44,Clear_Cr_H,5020,0.30,Grovers_Cr_H,5020,0.13,Soos_H,5020,0.07,Hamma_Hamma_R,5005,0.03
Area126 (08) troll 154 3,,Coquille_R,5011,0.93,Trask_R,5015,0.04,U_Dean,10,0.01,S_Coos_R,5011,0.01,Coos_H,5011,0.00
Area126 (08) troll 154 30,,Skagit_R,5016,0.58,Trask_R,5015,0.25,NanaimoSu_BackX,7,0.09,Umpqua_H,5011,0.02,Washougal_R_Fa,5008,0.01
Area126 (08) troll 154 31,,NF_Nooksack_H,5016,1.00,U_Sauk_R_SpSu,5016,0.00,Skagit_R,5016,0.00,Skykomish_R,5016,0.00,Snoqualmie_R,5016,0.00
Area126 (08) troll 154 32,,George_Adams_H,5005,0.35,Clear_Cr_H,5020,0.16,Bear_Cr_SuFa,5020,0.12,Grovers_Cr_H,5020,0.11,Cedar_R_SuFa,5020,0.11
Area126 (08) troll 154 33,,Puntledge_F,7,0.91,Cowichan,7,0.06,L_Qualicum,7,0.03,Puntledge_BackX,7,0.00,Nanaimo_F,7,0.00
Area126 (08) troll 154 34,,Skagit_R,5016,0.73,Skykomish_R,5016,0.08,L_Skagit_R_Fa,5016,0.06,Snoqualmie_R,5016,0.06,U_Sauk_R_SpSu,5016,0.05
Area126 (08) troll 154 35,,Nez_PerceT_H,5021,0.98,Lyons_Ferry_H,5021,0.01,Priest_Rapid_H,5026,0.00,Hanford_Reach,5026,0.00,Wells_H,5026,0.00
Area126 (08) troll 154 36,,Soos_H,5020,0.64,George_Adams_H,5005,0.16,NF_Skokomish_F,5005,0.07,Bear_Cr_SuFa,5020,0.05,Grovers_Cr_H,5020,0.04
Area126 (08) troll 154 37,,Wenatchee_R_SF,5026,0.71,Priest_Rapid_H,5026,0.18,Wells_H,5026,0.06,Umatilla_H_Fa,5026,0.03,Hanford_Reach,5026,0.01
Area126 (08) troll 154 38,,NF_Nooksack_H,5016,0.99,Skagit_R,5016,0.00,L_Thompson,5,0.00,Nez_PerceT_H,5021,0.00,Hanford_Reach,5026,0.00
Area126 (08) troll 154 39,,Clear_Cr_H,5020,0.52,Soos_H,5020,0.14,Snoqualmie_R,5016,0.11,Skykomish_R,5016,0.10,Grovers_Cr_H,5020,0.03
Area126 (08) troll 154 4,,Umatilla_H_Fa,5026,0.23,Harrison,3,0.20,Wells_H,5026,0.16,Snoqualmie_R,5016,0.12,Abernathy_Cr_Fa,5008,0.12
Area126 (08) troll 154 40,,Wells_H,5026,0.85,Priest_Rapid_H,5026,0.12,Wenatchee_R_SF,5026,0.01,Hanford_Reach,5026,0.01,Lewis_R_Su,5008,0.00
Area126 (08) troll 154 41,,Spring_Cr_col,5030,0.95,Big_Cr_H_Col,5030,0.04,Abernathy_NFH_F,5008,0.01,Elochoman_H,5030,0.00,Abernathy_Cr_Fa,5008,0.00
Area126 (08) troll 154 42,,Big_Cr_H_Col,5030,0.51,Spring_Cr_col,5030,0.41,Abernathy_NFH_F,5008,0.08,Washougal_R_Fa,5008,0.01,Elochoman_H,5030,0.00
Area126 (08) troll 154 43,,Spring_Cr_col,5030,0.99,Big_Cr_H_Col,5030,0.01,Abernathy_NFH_F,5008,0.00,Abernathy_Cr_Fa,5008,0.00,,,
Area126 (08) troll 154 44,,Spring_Cr_col,5030,0.99,George_Adams_H,5005,0.00,Abernathy_NFH_F,5008,0.00,Snoqualmie_R,5016,0.00,NF_Skokomish_F,5005,0.00
Area126 (08) troll 154 45,,Spring_Cr_col,5030,0.99,Big_Cr_H_Col,5030,0.01,Abernathy_NFH_F,5008,0.00,Abernathy_Cr_Fa,5008,0.00,,,
Area126 (08) troll 154 46,,George_Adams_H,5005,0.25,Voights_H,5020,0.17,Clear_Cr_H,5020,0.17,Cedar_R_SuFa,5020,0.16,Grovers_Cr_H,5020,0.12
Area126 (08) troll 154 47,,Bear_Cr_SuFa,5020,0.35,George_Adams_H,5005,0.20,Cedar_R_SuFa,5020,0.16,Grovers_Cr_H,5020,0.10,Hamma_Hamma_R,5005,0.08
Area126 (08) troll 154 48,,Wenatchee_R_SF,5026,0.49,Wells_H,5026,0.28,Methow_R,5026,0.11,Hanford_Reach,5026,0.05,Priest_Rapid_H,5026,0.02
Area126 (08) troll 154 49,,McKenzie_H,5029,0.98,Kalama_H_sp,5009,0.01,Lewis_H_sp,5009,0.00,,,,,,
Area126 (08) troll 154 5,,Hanford_Reach,5026,0.55,George_Adams_H,5005,0.20,Priest_Rapid_H,5026,0.18,Snoqualmie_R,5016,0.03,Voights_H,5020,0.01
Area126 (08) troll 154 50,,Clear_Cr_H,5020,0.41,Soos_H,5020,0.27,George_Adams_H,5005,0.09,Cedar_R_SuFa,5020,0.07,Samish_H,5016,0.05
Area126 (08) troll 154 51,,Spring_Cr_col,5030,0.97,Big_Cr_H_Col,5030,0.02,Abernathy_NFH_F,5008,0.00,Abernathy_Cr_Fa,5008,0.00,Washougal_R_Fa,5008,0.00
Area126 (08) troll 154 52,,Priest_Rapid_H,5026,0.55,Priest_Rapids_H,5026,0.26,Wells_H,5026,0.05,Wenatchee_R_SF,5026,0.04,Hanford_Reach,5026,0.03
Area126 (08) troll 154 53,,Clear_Cr_H,5020,0.52,Soos_H,5020,0.20,Cedar_R_SuFa,5020,0.17,Bear_Cr_SuFa,5020,0.06,Snoqualmie_R,5016,0.02
Area126 (08) troll 154 54,,Wells_H,5026,0.97,Priest_Rapid_H,5026,0.01,Hanford_Reach,5026,0.01,Umatilla_H_Fa,5026,0.00,Nez_PerceT_H,5021,0.00
Area126 (08) troll 154 549,,Puntledge_F,7,0.55,Clear_Cr_H,5020,0.16,Soos_H,5020,0.10,L_Thompson,5,0.05,Skykomish_R,5016,0.03
Area126 (08) troll 154 55,,Skagit_R,5016,0.58,NanaimoSu_BackX,7,0.27,Harrison,3,0.08,Snoqualmie_R,5016,0.02,U_Sauk_R_SpSu,5016,0.01
Area126 (08) troll 154 550,,Wells_H,5026,0.78,Priest_Rapid_H,5026,0.11,Methow_R,5026,0.06,Hanford_Reach,5026,0.03,Umatilla_H_Fa,5026,0.01
Area126 (08) troll 154 551,,Washougal_R_Fa,5008,0.95,Big_Cr_H_Col,5030,0.02,Spring_Cr_col,5030,0.01,Abernathy_Cr_Fa,5008,0.01,Abernathy_NFH_F,5008,0.00
Area126 (08) troll 154 552,,Morice_R,21,0.50,Cranberry,11,0.25,Owegee,11,0.22,Babine,20,0.01,U_Sauk_R_SpSu,5016,0.00
Area126 (08) troll 154 553,,Wenatchee_R_SF,5026,0.74,Priest_Rapid_H,5026,0.11,Hanford_Reach,5026,0.06,Wells_H,5026,0.05,Priest_Rapids_H,5026,0.02
Area126 (08) troll 154 554,,NanaimoSu_BackX,7,0.30,Shakes_Cr,18,0.30,Nitinat,8,0.13,Kitwanga,22,0.05,Abernathy_Cr_Fa,5008,0.04
Area126 (08) troll 154 555,,Umatilla_H_Fa,5026,0.40,Priest_Rapid_H,5026,0.36,Wells_H,5026,0.13,Hanford_Reach,5026,0.08,Methow_R,5026,0.01
Area126 (08) troll 154 556,,Skagit_R,5016,0.86,L_Skagit_R_Fa,5016,0.05,Snoqualmie_R,5016,0.02,U_Sauk_R_SpSu,5016,0.02,Soos_H,5020,0.02
Area126 (08) troll 154 557,,Snoqualmie_R,5016,0.33,Spring_Cr_col,5030,0.23,Abernathy_Cr_Fa,5008,0.09,L_Skagit_R_Fa,5016,0.07,Cedar_R_SuFa,5020,0.05
Area126 (08) troll 154 558,,Chilliwack_F,3,0.98,Harrison,3,0.02,Chilliwac@Stav,3,0.00,,,,,,
Area126 (08) troll 154 559,,Bessette,5,0.60,L_Thompson,5,0.14,M_Shuswap,5,0.11,L_Shuswap,5,0.07,Duteau_Cr,5,0.04
Area126 (08) troll 154 56,Dupe with 669,Washougal_R_Fa,5008,0.99,Abernathy_Cr_Fa,5008,0.01,Lewis_R_Su,5008,0.00,Spring_Cr_col,5030,0.00,Big_Cr_H_Col,5030,0.00
Area126 (08) troll 154 560,,Nez_PerceT_H,5021,0.54,Wenatchee_R_SF,5026,0.21,Wells_H,5026,0.14,Priest_Rapid_H,5026,0.03,Coquille_R,5011,0.03
Area126 (08) troll 154 561,,Morice_R,21,0.88,Shakes_Cr,18,0.08,Tahltan_R,18,0.01,Babine,20,0.00,Tatsatua_Cr,5025,0.00
Area126 (08) troll 154 562,,Cowichan,7,0.94,Puntledge_F,7,0.06,,,,,,,,,
Area126 (08) troll 154 563,,Nez_PerceT_H,5021,0.95,Hanford_Reach,5026,0.03,Priest_Rapids_H,5026,0.01,Lyons_Ferry_H,5021,0.01,Priest_Rapid_H,5026,0.01
Area126 (08) troll 154 564,,Puntledge_F,7,0.99,L_Qualicum,7,0.00,Cowichan,7,0.00,Snoqualmie_R,5016,0.00,Grovers_Cr_H,5020,0.00
Area126 (08) troll 154 565,,Gold_R,8,1.00,Sarita,8,0.00,Robertson,8,0.00,Puntledge_F,7,0.00,Shakes_Cr,18,0.00
Area126 (08) troll 154 566,,Eagle_R,5,0.64,Little_R,5,0.34,L_Thompson,5,0.01,Skagit_R,5016,0.00,NanaimoSu_BackX,7,0.00
Area126 (08) troll 154 567,,Washougal_R_Fa,5008,0.62,Skagit_R,5016,0.09,Elochoman_R_Fa,5008,0.08,Lewis_R_Su,5008,0.06,Umatilla_H_Fa,5026,0.03
Area126 (08) troll 154 568,,U_Sauk_R_SpSu,5016,0.63,Skagit_R,5016,0.18,Skykomish_R,5016,0.17,L_Skagit_R_Fa,5016,0.01,Marblemount_Hsu,5016,0.01
Area126 (08) troll 154 569,,Morkill,1,0.71,Fontoniko,1,0.14,Bowron,1,0.14,McGregor,1,0.01,Willow_R,1,0.00
Area126 (08) troll 154 57,Dupe with 668,Washougal_R_Fa,5008,0.99,Abernathy_Cr_Fa,5008,0.01,Lewis_R_Su,5008,0.00,Spring_Cr_col,5030,0.00,Elochoman_H,5030,0.00
Area126 (08) troll 154 570,,George_Adams_H,5005,0.48,Clear_Cr_H,5020,0.18,Snoqualmie_R,5016,0.18,Soos_H,5020,0.04,NF_Skokomish_F,5005,0.02
Area126 (08) troll 154 571,,Grovers_Cr_H,5020,0.43,Bear_Cr_SuFa,5020,0.31,Cedar_R_SuFa,5020,0.12,Soos_H,5020,0.05,Snoqualmie_R,5016,0.03
Area126 (08) troll 154 572,,Wenatchee_R_SF,5026,0.96,Methow_R,5026,0.02,Wells_H,5026,0.02,Priest_Rapids_H,5026,0.00,Priest_Rapid_H,5026,0.00
Area126 (08) troll 154 573,,Lewis_R_Su,5008,0.34,Skagit_R,5016,0.27,Washougal_R_Fa,5008,0.12,Harrison,3,0.09,Snoqualmie_R,5016,0.06
Area126 (08) troll 154 574,,Spring_Cr_col,5030,0.65,Big_Cr_H_Col,5030,0.34,Abernathy_NFH_F,5008,0.01,Abernathy_Cr_Fa,5008,0.00,Elochoman_H,5030,0.00
Area126 (08) troll 154 575,,Skagit_R,5016,0.99,Snoqualmie_R,5016,0.01,L_Skagit_R_Fa,5016,0.00,Skykomish_R,5016,0.00,U_Sauk_R_SpSu,5016,0.00
Area126 (08) troll 154 576,,Big_Cr_H_Col,5030,0.50,Spring_Cr_col,5030,0.42,Abernathy_NFH_F,5008,0.04,Elochoman_H,5030,0.04,Abernathy_Cr_Fa,5008,0.00
Area126 (08) troll 154 577,,Wenatchee_R_SF,5026,0.67,Priest_Rapid_H,5026,0.11,Methow_R,5026,0.09,Wells_H,5026,0.09,Hanford_Reach,5026,0.02
Area126 (08) troll 154 578,,Puntledge_F,7,0.51,Skagit_R,5016,0.17,U_Sauk_R_SpSu,5016,0.15,Harrison,3,0.07,L_Skagit_R_Fa,5016,0.04
Area126 (08) troll 154 579,,Spring_Cr_col,5030,0.99,Big_Cr_H_Col,5030,0.01,Abernathy_NFH_F,5008,0.00,,,,,,
Area126 (08) troll 154 58,,Morice_R,21,0.89,Kitwanga,22,0.10,Squingula_R,19,0.00,Kowatua,17,0.00,Harrison,3,0.00
Area126 (08) troll 154 580,,Soos_H,5020,0.80,Samish_H,5016,0.07,Hamma_Hamma_R,5005,0.04,Bear_Cr_SuFa,5020,0.02,George_Adams_H,5005,0.02
Area126 (08) troll 154 581,,NF_Nooksack_H,5016,1.00,,,,,,,,,,,,
Area126 (08) troll 154 582,,Voights_H,5020,0.31,Clear_Cr_H,5020,0.20,Grovers_Cr_H,5020,0.13,Soos_H,5020,0.10,George_Adams_H,5005,0.06
Area126 (08) troll 154 583,,Soos_H,5020,0.18,Grovers_Cr_H,5020,0.17,Bear_Cr_SuFa,5020,0.17,George_Adams_H,5005,0.16,Clear_Cr_H,5020,0.14
Area126 (08) troll 154 584,,Soos_H,5020,0.28,Voights_H,5020,0.22,George_Adams_H,5005,0.15,Clear_Cr_H,5020,0.13,Snoqualmie_R,5016,0.06
Area126 (08) troll 154 585,,Grovers_Cr_H,5020,0.37,Soos_H,5020,0.22,Snoqualmie_R,5016,0.20,Voights_H,5020,0.09,Clear_Cr_H,5020,0.05
Area126 (08) troll 154 586,,Wenatchee_R_SF,5026,0.90,Wells_H,5026,0.08,Methow_R,5026,0.01,Hanford_Reach,5026,0.01,Nez_PerceT_H,5021,0.00
Area126 (08) troll 154 587,,Skagit_R,5016,0.62,Bear_Cr_SuFa,5020,0.14,U_Sauk_R_SpSu,5016,0.09,Cedar_R_SuFa,5020,0.07,Voights_H,5020,0.04
Area126 (08) troll 154 588,,L_Skagit_R_Fa,5016,0.27,Sol_Duc_H,5028,0.11,S_Umpqua_H,5011,0.10,Puntledge_F,7,0.09,Skagit_R,5016,0.08
Area126 (08) troll 154 589,,Spring_Cr_col,5030,0.96,Washougal_R_Fa,5008,0.02,Abernathy_Cr_Fa,5008,0.00,Elochoman_R_Fa,5008,0.00,Abernathy_NFH_F,5008,0.00
Area126 (08) troll 154 59,,Dungeness_R,5006,1.00,,,,,,,,,,,,
Area126 (08) troll 154 590,,Harrison,3,0.96,Chilliwack_F,3,0.04,Chilliwac@Stav,3,0.00,Priest_Rapid_H,5026,0.00,Snoqualmie_R,5016,0.00
Area126 (08) troll 154 591,,Eagle_R,5,0.94,Little_R,5,0.03,L_Thompson,5,0.02,Bessette,5,0.00,Duteau_Cr,5,0.00
Area126 (08) troll 154 592,,U_Sauk_R_SpSu,5016,0.48,Skagit_R,5016,0.21,Cedar_R_SuFa,5020,0.13,Snoqualmie_R,5016,0.11,Umatilla_H_Fa,5026,0.03
Area126 (08) troll 154 593,,Puntledge_F,7,0.96,Cowichan,7,0.02,L_Qualicum,7,0.00,Puntledge_BackX,7,0.00,Big_Qualicum,7,0.00
Area126 (08) troll 154 594,,Puntledge_F,7,0.29,Cowichan,7,0.20,George_Adams_H,5005,0.15,Bear_Cr_SuFa,5020,0.09,NF_Skokomish_F,5005,0.07
Area126 (08) troll 154 6,,George_Adams_H,5005,0.76,Cedar_R_SuFa,5020,0.11,Snoqualmie_R,5016,0.04,Hamma_Hamma_R,5005,0.04,Grovers_Cr_H,5020,0.04
Area126 (08) troll 154 60,,Nitinat,8,0.61,Toquart,8,0.21,Sarita,8,0.15,Sooke,8,0.03,San_Juan,8,0.00
Area126 (08) troll 154 61,,McKenzie_H,5029,0.99,Nez_PerceT_H,5021,0.01,Hanford_Reach,5026,0.00,Wells_H,5026,0.00,,,
Area126 (08) troll 154 62,,Voights_H,5020,0.43,Soos_H,5020,0.15,Bear_Cr_SuFa,5020,0.13,Snoqualmie_R,5016,0.09,Puntledge_F,7,0.09
Area126 (08) troll 154 627,,S_Umpqua_H,5011,0.71,Umpqua_H,5011,0.25,Cole_Rivers_H,5019,0.01,Elochoman_R_Fa,5008,0.01,Snoqualmie_R,5016,0.01
Area126 (08) troll 154 628,,Makah_H,5028,0.91,Hoko_H_Fa,5028,0.03,Skagit_R,5016,0.02,Washougal_R_Fa,5008,0.01,NanaimoSu_BackX,7,0.01
Area126 (08) troll 154 629,,Dungeness_R,5006,0.78,George_Adams_H,5005,0.06,Puntledge_F,7,0.04,Skagit_R,5016,0.03,Soos_H,5020,0.02
Area126 (08) troll 154 63,,Wells_H,5026,0.66,Umatilla_H_Fa,5026,0.13,Hanford_Reach,5026,0.08,Wenatchee_R_SF,5026,0.08,Priest_Rapid_H,5026,0.03
Area126 (08) troll 154 630,,Spring_Cr_col,5030,0.94,Abernathy_NFH_F,5008,0.03,Big_Cr_H_Col,5030,0.03,Elochoman_R_Fa,5008,0.00,Elochoman_H,5030,0.00
Area126 (08) troll 154 631,,Harrison,3,0.77,Skagit_R,5016,0.14,U_Sauk_R_SpSu,5016,0.05,Chilliwack_F,3,0.02,Chilliwac@Stav,3,0.01
Area126 (08) troll 154 632,,Situk_R,5014,0.57,Situk,15,0.43,,,,,,,,,
Area126 (08) troll 154 633,,Washougal_R_Fa,5008,0.93,Morice_R,21,0.03,Lewis_R_Su,5008,0.02,Sol_Duc_H,5028,0.01,Craig,18,0.01
Area126 (08) troll 154 634,,Little_R,5,0.99,L_Shuswap,5,0.00,L_Thompson,5,0.00,Harrison,3,0.00,Wells_H,5026,0.00
Area126 (08) troll 154 635,,Harrison,3,0.52,NanaimoSu_BackX,7,0.15,Cheakamus_Su,9,0.15,U_Sauk_R_SpSu,5016,0.13,Skagit_R,5016,0.01
Area126 (08) troll 154 64,,Sarita,8,0.71,Nitinat,8,0.25,Toquart,8,0.02,Kaouk_R,8,0.01,Conuma,8,0.01
Area126 (08) troll 154 65,,Umatilla_H_Fa,5026,0.61,Priest_Rapid_H,5026,0.21,Nez_PerceT_H,5021,0.15,Hanford_Reach,5026,0.03,Priest_Rapids_H,5026,0.00
Area126 (08) troll 154 66,,Skagit_R,5016,0.50,Snoqualmie_R,5016,0.20,Shakes_Cr,18,0.14,Skykomish_R,5016,0.06,L_Skagit_R_Fa,5016,0.04
Area126 (08) troll 154 67,,Hanford_Reach,5026,0.43,Priest_Rapid_H,5026,0.25,Umatilla_H_Fa,5026,0.16,Priest_Rapids_H,5026,0.11,Nez_PerceT_H,5021,0.05
Area126 (08) troll 154 68,,Wenatchee_R_SF,5026,0.89,Methow_R,5026,0.05,Wells_H,5026,0.03,Priest_Rapid_H,5026,0.02,Priest_Rapids_H,5026,0.00
Area126 (08) troll 154 69,,Chilliwack_F,3,0.98,Harrison,3,0.02,Andrew_MedH,5024,0.00,Shakes_Cr,18,0.00,Craig,18,0.00
Area126 (08) troll 154 7,,Hanford_Reach,5026,0.80,Priest_Rapid_H,5026,0.14,Wells_H,5026,0.06,Wenatchee_R_SF,5026,0.00,Snoqualmie_R,5016,0.00
Area126 (08) troll 154 70,,Samish_H,5016,0.26,Soos_H,5020,0.24,George_Adams_H,5005,0.21,Cedar_R_SuFa,5020,0.18,Bear_Cr_SuFa,5020,0.05
Area126 (08) troll 154 71,,Puntledge_F,7,0.97,Grovers_Cr_H,5020,0.01,L_Qualicum,7,0.00,Cowichan,7,0.00,Snoqualmie_R,5016,0.00
Area126 (08) troll 154 72,,Wenatchee_R_SF,5026,0.85,Wells_H,5026,0.10,Hanford_Reach,5026,0.03,Priest_Rapid_H,5026,0.01,Umatilla_H_Fa,5026,0.00
Area126 (08) troll 154 73,,Harrison,3,0.87,Chilliwack_F,3,0.12,L_Skagit_R_Fa,5016,0.01,George_Adams_H,5005,0.00,Marblemount_Hsu,5016,0.00
Area126 (08) troll 154 74,,Cowichan,7,0.38,Puntledge_F,7,0.16,U_Sauk_R_SpSu,5016,0.16,Skagit_R,5016,0.12,Snoqualmie_R,5016,0.06
Area126 (08) troll 154 75,,Skagit_R,5016,0.49,Snoqualmie_R,5016,0.36,L_Skagit_R_Fa,5016,0.05,U_Sauk_R_SpSu,5016,0.04,Harrison,3,0.02
Area126 (08) troll 154 8,,Abernathy_Cr_Fa,5008,0.69,Washougal_R_Fa,5008,0.17,Elochoman_R_Fa,5008,0.09,Skagit_R,5016,0.04,Lewis_R_Su,5008,0.01
Area126 (08) troll 154 9,,Hanford_Reach,5026,0.36,Skagit_R,5016,0.29,Marblemount_Hsu,5016,0.11,Umatilla_H_Fa,5026,0.06,Chilliwack_F,3,0.05
Area126 (08) troll 157 636,,Hanford_Reach,5026,0.86,Umatilla_H_Fa,5026,0.13,Priest_Rapid_H,5026,0.01,L_Wh_Sal_H_SF,5026,0.00,Nez_PerceT_H,5021,0.00
Area126 (08) troll 157 637,,Harrison,3,0.93,Chilliwack_F,3,0.07,Sol_Duc_H,5028,0.00,,,,,,
Area126 (08) troll 157 638,,Washougal_R_Fa,5008,0.78,Lewis_R_Su,5008,0.18,Abernathy_Cr_Fa,5008,0.01,Elochoman_R_Fa,5008,0.01,Nez_PerceT_H,5021,0.01
Area126 (08) troll 157 639,,Priest_Rapid_H,5026,0.68,Nez_PerceT_H,5021,0.10,Wells_H,5026,0.09,Hanford_Reach,5026,0.08,Wenatchee_R_SF,5026,0.02
Area126 (08) troll 157 640,,Hanford_Reach,5026,0.24,Marblemount_Hsu,5016,0.21,Skagit_R,5016,0.16,McKenzie_H,5029,0.15,Snoqualmie_R,5016,0.08
Area126 (08) troll 157 641,,Washougal_R_Fa,5008,0.82,Abernathy_Cr_Fa,5008,0.08,Elochoman_R_Fa,5008,0.06,Lewis_R_Su,5008,0.03,Cowlitz_H_fa,5008,0.01
Area126 (08) troll 157 642,,Harrison,3,1.00,Chilliwack_F,3,0.00,,,,,,,,,
Area126 (08) troll 157 643,,Conuma,8,1.00,Tahsis,8,0.00,Kennedy,8,0.00,Tlupana,8,0.00,Zeballos,8,0.00
Area126 (08) troll 157 644,,Wenatchee_R_SF,5026,0.65,Priest_Rapid_H,5026,0.20,Wells_H,5026,0.05,Methow_R,5026,0.04,Hanford_Reach,5026,0.03
Area126 (08) troll 157 645,,Big_Cr_H_Col,5030,0.80,Spring_Cr_col,5030,0.16,Washougal_R_Fa,5008,0.04,Elochoman_H,5030,0.00,Abernathy_NFH_F,5008,0.00
Area126 (08) troll 157 646,,Big_Cr_H_Col,5030,0.71,Spring_Cr_col,5030,0.29,Abernathy_NFH_F,5008,0.00,Washougal_R_Fa,5008,0.00,Abernathy_Cr_Fa,5008,0.00
Area126 (08) troll 157 647,,Wells_H,5026,0.60,Wenatchee_R_SF,5026,0.37,Hanford_Reach,5026,0.01,Umatilla_H_Fa,5026,0.01,Priest_Rapid_H,5026,0.01
Area126 (08) troll 157 648,,Bear_Cr_SuFa,5020,0.44,Cedar_R_SuFa,5020,0.26,Soos_H,5020,0.14,Samish_H,5016,0.13,Clear_Cr_H,5020,0.02
Area126 (08) troll 157 649,,Spring_Cr_col,5030,0.96,Big_Cr_H_Col,5030,0.02,Abernathy_Cr_Fa,5008,0.01,Abernathy_NFH_F,5008,0.00,Elochoman_H,5030,0.00
Area126 (08) troll 157 650,,Nez_PerceT_H,5021,0.40,Wells_H,5026,0.27,Methow_R,5026,0.09,Priest_Rapid_H,5026,0.08,Wenatchee_R_SF,5026,0.08
Area126 (08) troll 157 651,,Voights_H,5020,0.37,Cedar_R_SuFa,5020,0.30,George_Adams_H,5005,0.15,Soos_H,5020,0.06,Bear_Cr_SuFa,5020,0.04
Area126 (08) troll 157 652,,Wenatchee_R_SF,5026,0.87,Methow_R,5026,0.08,Wells_H,5026,0.03,Umatilla_H_Fa,5026,0.01,Priest_Rapid_H,5026,0.00
Area126 (08) troll 157 76,,Cowichan,7,0.48,Puntledge_F,7,0.42,Chemainus,7,0.09,L_Qualicum,7,0.00,Puntledge_BackX,7,0.00
Area126 (08) troll 157 77,,Wells_H,5026,0.59,Priest_Rapids_H,5026,0.22,Umatilla_H_Fa,5026,0.16,Priest_Rapid_H,5026,0.02,Hanford_Reach,5026,0.01
Area126 (08) troll 157 78,,Shakes_Cr,18,0.60,NanaimoSu_BackX,7,0.21,Gold_R,8,0.07,Tahltan_R,18,0.02,Skagit_R,5016,0.02
Area126 (08) troll 157 79,,Clear_Cr_H,5020,0.42,Cedar_R_SuFa,5020,0.22,Bear_Cr_SuFa,5020,0.21,Samish_H,5016,0.06,George_Adams_H,5005,0.04
Area126 (08) troll 157 80,,Clear_Cr_H,5020,0.44,George_Adams_H,5005,0.20,Cedar_R_SuFa,5020,0.12,Voights_H,5020,0.06,Bear_Cr_SuFa,5020,0.05
Area126 (08) troll 157 81,,L_Thompson,5,0.50,Little_R,5,0.49,Baezaeko,2,0.00,Bessette,5,0.00,Conuma,8,0.00
Area126 (08) troll 157 82,,Puntledge_F,7,0.58,Cowichan,7,0.20,George_Adams_H,5005,0.12,Snoqualmie_R,5016,0.06,L_Skagit_R_Fa,5016,0.02
Area126 (08) troll 157 83,,Wenatchee_R_SF,5026,0.84,Priest_Rapid_H,5026,0.12,Wells_H,5026,0.03,Hanford_Reach,5026,0.01,Umatilla_H_Fa,5026,0.00
Area126 (08) troll 157 84,,Hanford_Reach,5026,0.87,Priest_Rapid_H,5026,0.06,Priest_Rapids_H,5026,0.05,Wells_H,5026,0.01,Methow_R,5026,0.01
Area126 (08) troll 157 85,,Skagit_R,5016,0.72,U_Sauk_R_SpSu,5016,0.26,Skykomish_R,5016,0.01,Shakes_Cr,18,0.00,L_Skagit_R_Fa,5016,0.00
Area126 (08) troll 157 86,,Wenatchee_R_SF,5026,0.79,Wells_H,5026,0.16,Methow_R,5026,0.04,Umatilla_H_Fa,5026,0.00,Hanford_Reach,5026,0.00
Area126 (08) troll 157 87,,Puntledge_F,7,0.98,Cowichan,7,0.02,Skykomish_R,5016,0.00,Snoqualmie_R,5016,0.00,George_Adams_H,5005,0.00
Area126 (08) troll 157 88,,Skagit_R,5016,0.89,Snoqualmie_R,5016,0.06,L_Skagit_R_Fa,5016,0.03,Samish_H,5016,0.01,Skykomish_R,5016,0.01
Area126 (08) troll 157 89,,Harrison,3,0.59,Chilliwack_F,3,0.40,Chilliwac@Stav,3,0.00,Dungeness_R,5006,0.00,Cheakamus_Su,9,0.00
Area126 (08) troll 157 90,,Hanford_Reach,5026,0.66,Umatilla_H_Fa,5026,0.12,Wells_H,5026,0.09,Priest_Rapid_H,5026,0.03,Snoqualmie_R,5016,0.02
Area126 (08) troll 157 91,,L_Thompson,5,0.99,Little_R,5,0.00,Eagle_R,5,0.00,L_Adams,5,0.00,Bessette,5,0.00
Area126 (08) troll 157 92,,Soos_H,5020,0.44,Voights_H,5020,0.32,Puntledge_F,7,0.05,Grovers_Cr_H,5020,0.05,Clear_Cr_H,5020,0.03
Area126 (08) troll 157 93,,George_Adams_H,5005,0.73,Bear_Cr_SuFa,5020,0.10,Cedar_R_SuFa,5020,0.06,Voights_H,5020,0.03,Soos_H,5020,0.03
Area126 (08) troll 157 94,,Umatilla_H_Fa,5026,0.57,Priest_Rapid_H,5026,0.24,Hanford_Reach,5026,0.09,L_Thompson,5,0.07,Wenatchee_R_SF,5026,0.02
Area126 (08) troll 157 95,,Spring_Cr_col,5030,0.97,Big_Cr_H_Col,5030,0.02,Abernathy_NFH_F,5008,0.00,Elochoman_R_Fa,5008,0.00,Abernathy_Cr_Fa,5008,0.00
Area126 (08) troll 157 96,,Spring_Cr_col,5030,1.00,Big_Cr_H_Col,5030,0.00,Abernathy_NFH_F,5008,0.00,Elochoman_R_Fa,5008,0.00,,,
Area126 (08) troll 16 100,,George_Adams_H,5005,0.75,NF_Skokomish_F,5005,0.13,Samish_H,5016,0.05,S_Prairie_Cr,5020,0.03,Cedar_R_SuFa,5020,0.01
Area126 (08) troll 16 101,,Nanaimo_SP,7,0.39,Voights_H,5020,0.26,Puntledge_F,7,0.22,Bear_Cr_SuFa,5020,0.05,Nanaimo_F,7,0.02
Area126 (08) troll 16 102,,Chilliwack_F,3,0.62,Harrison,3,0.37,Priest_Rapid_H,5026,0.00,Chilliwac@Stav,3,0.00,Priest_Rapids_H,5026,0.00
Area126 (08) troll 16 103,,Skagit_R,5016,0.31,George_Adams_H,5005,0.26,U_Sauk_R_SpSu,5016,0.13,Skykomish_R,5016,0.10,Snoqualmie_R,5016,0.08
Area126 (08) troll 16 104,,Snoqualmie_R,5016,0.61,Cedar_R_SuFa,5020,0.13,George_Adams_H,5005,0.11,NF_Skokomish_F,5005,0.04,NF_Nooksack_H,5016,0.03
Area126 (08) troll 16 105,,Spring_Cr_col,5030,0.98,Big_Cr_H_Col,5030,0.01,Abernathy_Cr_Fa,5008,0.01,McKenzie_H,5029,0.00,Washougal_R_Fa,5008,0.00
Area126 (08) troll 16 106,,Washougal_R_Fa,5008,0.78,Wells_H,5026,0.10,Abernathy_Cr_Fa,5008,0.06,Lewis_R_Su,5008,0.03,Nez_PerceT_H,5021,0.01
Area126 (08) troll 16 107,,Skagit_R,5016,0.54,Shakes_Cr,18,0.27,Umpqua_H,5011,0.04,NanaimoSu_BackX,7,0.04,Kateen,10,0.02
Area126 (08) troll 16 108,,Washougal_R_Fa,5008,0.74,Lewis_R_Su,5008,0.22,Elochoman_H,5030,0.02,Abernathy_Cr_Fa,5008,0.01,Spring_Cr_col,5030,0.01
Area126 (08) troll 16 109,,Washougal_R_Fa,5008,0.75,Spring_Cr_col,5030,0.18,Big_Cr_H_Col,5030,0.03,Abernathy_Cr_Fa,5008,0.02,Abernathy_NFH_F,5008,0.01
Area126 (08) troll 16 110,,NF_Nooksack_H,5016,1.00,,,,,,,,,,,,
Area126 (08) troll 16 111,,Skagit_R,5016,0.63,Lewis_R_Su,5008,0.26,NanaimoSu_BackX,7,0.04,Snoqualmie_R,5016,0.01,Trask_R,5015,0.01
Area126 (08) troll 16 112,,Puntledge_F,7,0.94,Cowichan,7,0.06,Big_Qualicum,7,0.00,L_Qualicum,7,0.00,Puntledge_BackX,7,0.00
Area126 (08) troll 16 113,,Makah_H,5028,0.63,Skykomish_R,5016,0.09,Snoqualmie_R,5016,0.09,S_Umpqua_H,5011,0.05,Puntledge_F,7,0.03
Area126 (08) troll 16 114,,Snoqualmie_R,5016,0.56,George_Adams_H,5005,0.19,Soos_H,5020,0.06,Skykomish_R,5016,0.04,Clear_Cr_H,5020,0.03
Area126 (08) troll 16 115,Dupe with 29,Wenatchee_R_SF,5026,0.97,Wells_H,5026,0.02,Skagit_R,5016,0.00,Methow_R,5026,0.00,Priest_Rapid_H,5026,0.00
Area126 (08) troll 16 116,,Bessette,5,0.33,L_Shuswap,5,0.21,L_Thompson,5,0.18,Umatilla_H_Fa,5026,0.06,M_Shuswap,5,0.04
Area126 (08) troll 16 117,,U_Sauk_R_SpSu,5016,0.47,Snoqualmie_R,5016,0.46,Skagit_R,5016,0.06,Marblemount_Hsu,5016,0.01,Harrison,3,0.00
Area126 (08) troll 16 118,,Umatilla_H_Fa,5026,0.44,Hanford_Reach,5026,0.17,Priest_Rapid_H,5026,0.16,U_Sauk_R_SpSu,5016,0.15,Priest_Rapids_H,5026,0.03
Area126 (08) troll 16 119,Dupe with 41,George_Adams_H,5005,0.78,Soos_H,5020,0.13,Grovers_Cr_H,5020,0.02,NF_Skokomish_F,5005,0.02,Bear_Cr_SuFa,5020,0.01
Area126 (08) troll 16 120,,Spring_Cr_col,5030,0.82,Big_Cr_H_Col,5030,0.17,Abernathy_Cr_Fa,5008,0.01,Abernathy_NFH_F,5008,0.00,Elochoman_H,5030,0.00
Area126 (08) troll 16 121,,Spring_Cr_col,5030,0.89,Big_Cr_H_Col,5030,0.06,Elochoman_R_Fa,5008,0.02,Abernathy_Cr_Fa,5008,0.02,Washougal_R_Fa,5008,0.00
Area126 (08) troll 16 122,Dupe with 22,Wenatchee_R_SF,5026,0.97,Wells_H,5026,0.02,Skagit_R,5016,0.00,Methow_R,5026,0.00,Priest_Rapid_H,5026,0.00
Area126 (08) troll 16 123,,Bear_Cr_SuFa,5020,0.50,Cedar_R_SuFa,5020,0.22,George_Adams_H,5005,0.18,Voights_H,5020,0.02,NF_Skokomish_F,5005,0.02
Area126 (08) troll 16 124,,Clear_Cr_H,5020,0.27,Soos_H,5020,0.24,Snoqualmie_R,5016,0.15,Grovers_Cr_H,5020,0.10,George_Adams_H,5005,0.06
Area126 (08) troll 16 125,,Skagit_R,5016,0.27,Hanford_Reach,5026,0.21,Snoqualmie_R,5016,0.08,Washougal_R_Fa,5008,0.06,Lewis_R_Su,5008,0.05
Area126 (08) troll 16 126,,George_Adams_H,5005,0.45,Samish_H,5016,0.32,Soos_H,5020,0.09,Clear_Cr_H,5020,0.06,Cedar_R_SuFa,5020,0.06
Area126 (08) troll 16 127,Dupe with 47,Soos_H,5020,0.48,Snoqualmie_R,5016,0.24,Voights_H,5020,0.11,Bear_Cr_SuFa,5020,0.09,Clear_Cr_H,5020,0.04
Area126 (08) troll 16 128,,Soos_H,5020,0.69,Voights_H,5020,0.20,Grovers_Cr_H,5020,0.06,George_Adams_H,5005,0.01,Bear_Cr_SuFa,5020,0.01
Area126 (08) troll 16 129,,George_Adams_H,5005,0.73,Cedar_R_SuFa,5020,0.04,Snoqualmie_R,5016,0.04,Grovers_Cr_H,5020,0.04,Clear_Cr_H,5020,0.03
Area126 (08) troll 16 130,,Skagit_R,5016,0.86,Little_R,5,0.08,L_Thompson,5,0.02,Snoqualmie_R,5016,0.01,L_Skagit_R_Fa,5016,0.01
Area126 (08) troll 16 131,,Soos_H,5020,0.39,Bear_Cr_SuFa,5020,0.36,George_Adams_H,5005,0.07,NF_Skokomish_F,5005,0.06,Cedar_R_SuFa,5020,0.05
Area126 (08) troll 16 132,,Spring_Cr_col,5030,0.99,Abernathy_Cr_Fa,5008,0.01,Big_Cr_H_Col,5030,0.00,Abernathy_NFH_F,5008,0.00,Elochoman_R_Fa,5008,0.00
Area126 (08) troll 16 133,,Voights_H,5020,0.30,Snoqualmie_R,5016,0.15,Clear_Cr_H,5020,0.12,Cedar_R_SuFa,5020,0.09,S_Prairie_Cr,5020,0.07
Area126 (08) troll 16 134,Dupe with 26,George_Adams_H,5005,0.80,Soos_H,5020,0.12,Grovers_Cr_H,5020,0.02,NF_Skokomish_F,5005,0.02,Bear_Cr_SuFa,5020,0.01
Area126 (08) troll 16 135,,Voights_H,5020,0.35,George_Adams_H,5005,0.17,Soos_H,5020,0.14,Clear_Cr_H,5020,0.07,Skagit_R,5016,0.07
Area126 (08) troll 16 136,,Umatilla_H_Fa,5026,0.34,Abernathy_Cr_Fa,5008,0.28,Wells_H,5026,0.17,Klickitat_H,5010,0.09,Priest_Rapid_H,5026,0.04
Area126 (08) troll 16 137,,McKenzie_H,5029,0.98,George_Adams_H,5005,0.02,Kalama_H_sp,5009,0.00,N_Santiam_H,5029,0.00,NF_Skokomish_F,5005,0.00
Area126 (08) troll 16 138,,George_Adams_H,5005,0.78,Grovers_Cr_H,5020,0.11,Cedar_R_SuFa,5020,0.04,NF_Skokomish_F,5005,0.03,S_Prairie_Cr,5020,0.01
Area126 (08) troll 16 139,,Bear_Cr_SuFa,5020,0.47,Cedar_R_SuFa,5020,0.37,Soos_H,5020,0.08,Clear_Cr_H,5020,0.04,Voights_H,5020,0.02
Area126 (08) troll 16 140,Dupe with 34,Soos_H,5020,0.48,Snoqualmie_R,5016,0.24,Voights_H,5020,0.12,Bear_Cr_SuFa,5020,0.08,Clear_Cr_H,5020,0.04
Area126 (08) troll 16 141,,Priest_Rapid_H,5026,0.50,Hanford_Reach,5026,0.15,Methow_R,5026,0.12,Wells_H,5026,0.05,Wenatchee_R_SF,5026,0.05
Area126 (08) troll 16 146,,Wenatchee_R_SF,5026,0.72,Hanford_Reach,5026,0.08,Priest_Rapid_H,5026,0.07,Priest_Rapids_H,5026,0.03,Nez_PerceT_H,5021,0.03
Area126 (08) troll 16 147,,Hanford_Reach,5026,0.68,Priest_Rapids_H,5026,0.15,Priest_Rapid_H,5026,0.09,Nez_PerceT_H,5021,0.04,Wells_H,5026,0.03
Area126 (08) troll 16 148,,Priest_Rapid_H,5026,0.49,Hanford_Reach,5026,0.44,Wells_H,5026,0.04,Umatilla_H_Fa,5026,0.01,Priest_Rapids_H,5026,0.00
Area126 (08) troll 16 149,,Wenatchee_R_SF,5026,0.61,Wells_H,5026,0.24,Umatilla_H_Fa,5026,0.04,Priest_Rapid_H,5026,0.04,Hanford_Reach,5026,0.03
Area126 (08) troll 16 185,,Nez_PerceT_H,5021,0.52,Wells_H,5026,0.23,Priest_Rapid_H,5026,0.10,Methow_R,5026,0.06,Wenatchee_R_SF,5026,0.04
Area126 (08) troll 16 186,,Cedar_R_SuFa,5020,0.28,Hamma_Hamma_R,5005,0.24,Voights_H,5020,0.12,George_Adams_H,5005,0.08,Clear_Cr_H,5020,0.08
Area126 (08) troll 16 187,,George_Adams_H,5005,0.41,Samish_H,5016,0.13,Bear_Cr_SuFa,5020,0.12,U_Sauk_R_SpSu,5016,0.10,Cedar_R_SuFa,5020,0.09
Area126 (08) troll 16 188,,Spring_Cr_col,5030,0.99,Abernathy_Cr_Fa,5008,0.01,Washougal_R_Fa,5008,0.00,Big_Cr_H_Col,5030,0.00,Elochoman_H,5030,0.00
Area126 (08) troll 16 201,,Wenatchee_R_SF,5026,0.48,Hanford_Reach,5026,0.22,Umatilla_H_Fa,5026,0.12,Washougal_R_Fa,5008,0.05,Priest_Rapids_H,5026,0.05
Area126 (08) troll 16 202,,Soos_H,5020,0.39,George_Adams_H,5005,0.27,Clear_Cr_H,5020,0.13,Bear_Cr_SuFa,5020,0.09,Grovers_Cr_H,5020,0.03
Area126 (08) troll 16 203,,Nez_PerceT_H,5021,0.62,Hanford_Reach,5026,0.12,Abernathy_Cr_Fa,5008,0.11,Umatilla_H_Fa,5026,0.06,Lewis_R_Su,5008,0.05
Area126 (08) troll 16 204,,Sol_Duc_H,5028,1.00,,,,,,,,,,,,
Area126 (08) troll 16 98,,Lewis_R_Su,5008,0.67,Washougal_R_Fa,5008,0.08,Abernathy_Cr_Fa,5008,0.06,Priest_Rapid_H,5026,0.03,Elochoman_R_Fa,5008,0.03
Area126 (08) troll 16 99,,Puntledge_F,7,0.89,Cowichan,7,0.10,L_Qualicum,7,0.01,Big_Qualicum,7,0.00,Nanaimo_F,7,0.00
Area126 (08) troll 160 211,,George_Adams_H,5005,0.45,Clear_Cr_H,5020,0.23,Snoqualmie_R,5016,0.15,NF_Skokomish_F,5005,0.05,Soos_H,5020,0.04
Area126 (08) troll 160 212,,Little_R,5,0.97,L_Thompson,5,0.01,Lewis_R_Su,5008,0.01,South_Thom,5,0.00,Umpqua_H,5011,0.00
Area126 (08) troll 160 213,,Umatilla_H_Fa,5026,0.36,Hanford_Reach,5026,0.31,Umpqua_H,5011,0.18,S_Umpqua_H,5011,0.07,L_Wh_Sal_H_SF,5026,0.03
Area126 (08) troll 160 214,,George_Adams_H,5005,0.85,Soos_H,5020,0.07,Hamma_Hamma_R,5005,0.02,Puntledge_F,7,0.02,Voights_H,5020,0.01
Area126 (08) troll 160 215,,Lewis_R_Su,5008,0.29,Nez_PerceT_H,5021,0.14,L_Skagit_R_Fa,5016,0.13,Wenatchee_R_SF,5026,0.13,Wells_H,5026,0.09
Area126 (08) troll 160 216,,Little_R,5,0.99,L_Thompson,5,0.00,Bessette,5,0.00,L_Shuswap,5,0.00,South_Thom,5,0.00
Area126 (08) troll 160 653,,Wells_H,5026,0.75,Wenatchee_R_SF,5026,0.14,Nez_PerceT_H,5021,0.04,Priest_Rapid_H,5026,0.04,Hanford_Reach,5026,0.01
Area126 (08) troll 160 654,,Spring_Cr_col,5030,0.92,Big_Cr_H_Col,5030,0.05,Abernathy_NFH_F,5008,0.02,Abernathy_Cr_Fa,5008,0.01,Washougal_R_Fa,5008,0.01
Area126 (08) troll 160 655,,Hanford_Reach,5026,0.41,Priest_Rapid_H,5026,0.23,Umatilla_H_Fa,5026,0.15,Nez_PerceT_H,5021,0.08,Wenatchee_R_SF,5026,0.04
Area126 (08) troll 160 656,,L_Thompson,5,0.91,Bessette,5,0.06,Little_R,5,0.03,Duteau_Cr,5,0.00,L_Shuswap,5,0.00
Area126 (08) troll 160 657,,Morkill,1,0.59,Willow_R,1,0.19,Bowron,1,0.11,Baezaeko,2,0.10,Nechako,2,0.00
Area126 (08) troll 160 658,,Voights_H,5020,0.17,Samish_H,5016,0.16,Soos_H,5020,0.16,L_Skagit_R_Fa,5016,0.15,George_Adams_H,5005,0.11
Area126 (08) troll 160 659,,Priest_Rapid_H,5026,0.77,Hanford_Reach,5026,0.15,Umatilla_H_Fa,5026,0.04,Puntledge_F,7,0.01,Cedar_R_SuFa,5020,0.01
Area126 (08) troll 160 660,,Skagit_R,5016,0.88,NF_Nooksack_H,5016,0.11,U_Sauk_R_SpSu,5016,0.00,Trask_R,5015,0.00,L_Skagit_R_Fa,5016,0.00
Area126 (08) troll 160 661,,Hanford_Reach,5026,0.46,Nez_PerceT_H,5021,0.35,Priest_Rapid_H,5026,0.12,Umatilla_H_Fa,5026,0.03,Methow_R,5026,0.01
Area126 (08) troll 160 662,,Priest_Rapid_H,5026,0.31,Umatilla_H_Fa,5026,0.30,Millicoma_R,5011,0.21,Hanford_Reach,5026,0.09,S_Coos_R,5011,0.02
Area126 (08) troll 160 663,,Hanford_Reach,5026,0.58,Priest_Rapid_H,5026,0.24,Umatilla_H_Fa,5026,0.10,Priest_Rapids_H,5026,0.06,Nez_PerceT_H,5021,0.01
Area126 (08) troll 160 664,,Bear_Cr_SuFa,5020,0.28,Skagit_R,5016,0.18,Cedar_R_SuFa,5020,0.15,Soos_H,5020,0.13,Voights_H,5020,0.09
Area126 (08) troll 160 665,,Coquille_R,5011,0.69,Millicoma_R,5011,0.20,S_Coos_R,5011,0.09,NanaimoSu_BackX,7,0.00,Coos_H,5011,0.00
Area126 (08) troll 160 666,,Washougal_R_Fa,5008,0.42,Abernathy_Cr_Fa,5008,0.23,Lewis_R_Su,5008,0.19,Spring_Cr_col,5030,0.08,Abernathy_NFH_F,5008,0.03
Area126 (08) troll 160 667,,Little_R,5,0.74,L_Thompson,5,0.19,Bowron,1,0.05,Morkill,1,0.01,NanaimoSu_BackX,7,0.00
Area126 (08) troll 160 668,,Wenatchee_R_SF,5026,0.90,Wells_H,5026,0.06,Priest_Rapid_H,5026,0.01,Methow_R,5026,0.01,Nez_PerceT_H,5021,0.01
Area126 (08) troll 160 669,,George_Adams_H,5005,0.85,Clear_Cr_H,5020,0.06,Cedar_R_SuFa,5020,0.03,Bear_Cr_SuFa,5020,0.02,NF_Skokomish_F,5005,0.02
Area126 (08) troll 160 670,,George_Adams_H,5005,0.97,Bear_Cr_SuFa,5020,0.01,Cedar_R_SuFa,5020,0.01,L_Skagit_R_Fa,5016,0.00,NF_Skokomish_F,5005,0.00
Area126 (08) troll 160 671,,Wells_H,5026,0.50,Umatilla_H_Fa,5026,0.38,Hanford_Reach,5026,0.06,Wenatchee_R_SF,5026,0.04,Priest_Rapid_H,5026,0.01
Area126 (08) troll 160 672,,NF_Nooksack_H,5016,1.00,,,,,,,,,,,,
Area126 (08) troll 160 673,,Conuma,8,1.00,Burman,8,0.00,,,,,,,,,
Area126 (08) troll 160 674,,Nez_PerceT_H,5021,0.37,Washougal_R_Fa,5008,0.12,Lewis_R_Su,5008,0.09,Wells_H,5026,0.08,Hanford_Reach,5026,0.07
Area126 (08) troll 160 675,,Wells_H,5026,0.64,Wenatchee_R_SF,5026,0.17,Methow_R,5026,0.09,Priest_Rapids_H,5026,0.07,Umatilla_H_Fa,5026,0.02
Area126 (08) troll 160 676,,Bessette,5,0.56,Little_R,5,0.25,L_Shuswap,5,0.09,L_Thompson,5,0.05,Duteau_Cr,5,0.03
Area126 (08) troll 160 677,,Puntledge_F,7,0.92,Cowichan,7,0.05,Cedar_R_SuFa,5020,0.01,Soos_H,5020,0.01,L_Qualicum,7,0.00
Area126 (08) troll 160 678,,Harrison,3,0.92,Squingula_R,19,0.02,Grovers_Cr_H,5020,0.02,L_Skagit_R_Fa,5016,0.00,Kitwanga,22,0.00
Area126 (08) troll 160 679,,Hanford_Reach,5026,0.57,Umatilla_H_Fa,5026,0.19,Wells_H,5026,0.13,Nez_PerceT_H,5021,0.05,Wenatchee_R_SF,5026,0.02
Area126 (08) troll 160 680,,Morice_R,21,0.97,Shakes_Cr,18,0.01,Tahltan_R,18,0.01,Squingula_R,19,0.00,Kowatua,17,0.00
Area126 (08) troll 160 681,,Washougal_R_Fa,5008,0.95,Lewis_R_Su,5008,0.02,Abernathy_Cr_Fa,5008,0.02,Umatilla_H_Fa,5026,0.01,Sandy_R,5008,0.00
Area126 (08) troll 160 682,,Washougal_R_Fa,5008,0.94,Abernathy_Cr_Fa,5008,0.05,Lewis_R_Su,5008,0.01,Cowlitz_H_fa,5008,0.00,Elochoman_R_Fa,5008,0.00
Area126 (08) troll 160 683,,Snoqualmie_R,5016,0.58,Hanford_Reach,5026,0.14,U_Sauk_R_SpSu,5016,0.10,Samish_H,5016,0.03,Nez_PerceT_H,5021,0.03
Area126 (08) troll 17 150,,Washougal_R_Fa,5008,0.63,Abernathy_Cr_Fa,5008,0.14,Big_Cr_H_Col,5030,0.09,Spring_Cr_col,5030,0.07,Elochoman_R_Fa,5008,0.03
Area126 (08) troll 17 151,,Clear_Cr_H,5020,0.44,Soos_H,5020,0.33,Voights_H,5020,0.12,George_Adams_H,5005,0.05,Cedar_R_SuFa,5020,0.02
Area126 (08) troll 17 152,,Puntledge_F,7,0.77,Snoqualmie_R,5016,0.10,L_Qualicum,7,0.04,Cowichan,7,0.04,Harrison,3,0.01
Area126 (08) troll 17 153,,Clear_Cr_H,5020,0.38,Soos_H,5020,0.17,Snoqualmie_R,5016,0.07,Puntledge_F,7,0.05,Skagit_R,5016,0.05
Area126 (08) troll 18 154,,Wells_H,5026,0.76,Hanford_Reach,5026,0.18,Priest_Rapid_H,5026,0.04,Methow_R,5026,0.01,Priest_Rapids_H,5026,0.01
Area126 (08) troll 18 155,,George_Adams_H,5005,0.78,Clear_Cr_H,5020,0.07,NF_Skokomish_F,5005,0.06,Cedar_R_SuFa,5020,0.03,Voights_H,5020,0.01
Area126 (08) troll 18 156,,Hanford_Reach,5026,0.84,Umatilla_H_Fa,5026,0.12,Wells_H,5026,0.02,Priest_Rapids_H,5026,0.01,Priest_Rapid_H,5026,0.01
Area126 (08) troll 20 157,,NF_Nooksack_H,5016,0.89,Skagit_R,5016,0.06,Snoqualmie_R,5016,0.04,U_Sauk_R_SpSu,5016,0.01,Voights_H,5020,0.00
Area126 (08) troll 20 158,,Washougal_R_Fa,5008,0.64,Spring_Cr_col,5030,0.33,Abernathy_Cr_Fa,5008,0.02,Big_Cr_H_Col,5030,0.01,Elochoman_R_Fa,5008,0.01
Area126 (08) troll 20 159,,Soos_H,5020,0.77,Voights_H,5020,0.09,Clear_Cr_H,5020,0.07,Bear_Cr_SuFa,5020,0.04,Cedar_R_SuFa,5020,0.02
Area126 (08) troll 20 160,,Priest_Rapid_H,5026,0.30,Wenatchee_R_SF,5026,0.28,Priest_Rapids_H,5026,0.22,Hanford_Reach,5026,0.09,Umatilla_H_Fa,5026,0.08
Area126 (08) troll 21 161,,Clear_Cr_H,5020,0.28,Soos_H,5020,0.19,Cedar_R_SuFa,5020,0.16,Bear_Cr_SuFa,5020,0.13,George_Adams_H,5005,0.10
Area126 (08) troll 21 162,,Grovers_Cr_H,5020,0.70,George_Adams_H,5005,0.18,Snoqualmie_R,5016,0.05,Skykomish_R,5016,0.03,Bear_Cr_SuFa,5020,0.01
Area126 (08) troll 21 163,,George_Adams_H,5005,0.54,NF_Skokomish_F,5005,0.13,Samish_H,5016,0.13,Snoqualmie_R,5016,0.08,Puntledge_F,7,0.03
Area126 (08) troll 21 164,,Cowichan,7,0.50,Puntledge_F,7,0.44,George_Adams_H,5005,0.02,Clear_Cr_H,5020,0.01,Cedar_R_SuFa,5020,0.01
Area126 (08) troll 22 165,,Hanford_Reach,5026,0.56,Wells_H,5026,0.32,Umatilla_H_Fa,5026,0.08,Wenatchee_R_SF,5026,0.03,Methow_R,5026,0.01
Area126 (08) troll 22 166,,Skagit_R,5016,0.71,Snoqualmie_R,5016,0.24,L_Skagit_R_Fa,5016,0.02,U_Sauk_R_SpSu,5016,0.02,S_Prairie_Cr,5020,0.00
Area126 (08) troll 22 167,,Snoqualmie_R,5016,0.26,L_Skagit_R_Fa,5016,0.24,Skagit_R,5016,0.18,Skykomish_R,5016,0.10,Puntledge_F,7,0.05
Area126 (08) troll 22 168,,Skagit_R,5016,0.66,U_Sauk_R_SpSu,5016,0.17,L_Skagit_R_Fa,5016,0.03,Bear_Cr_SuFa,5020,0.02,Clear_Cr_H,5020,0.02
Area126 (08) troll 23 169,,Skagit_R,5016,0.94,U_Sauk_R_SpSu,5016,0.05,Hanford_Reach,5026,0.01,L_Skagit_R_Fa,5016,0.00,Nez_PerceT_H,5021,0.00
Area126 (08) troll 23 170,,Priest_Rapid_H,5026,0.42,Wells_H,5026,0.24,Wenatchee_R_SF,5026,0.17,Methow_R,5026,0.07,Hanford_Reach,5026,0.06
Area126 (08) troll 23 171,,Skagit_R,5016,0.85,Skykomish_R,5016,0.05,U_Sauk_R_SpSu,5016,0.04,L_Skagit_R_Fa,5016,0.03,Snoqualmie_R,5016,0.01
Area126 (08) troll 23 172,,Skagit_R,5016,0.82,L_Skagit_R_Fa,5016,0.11,Skykomish_R,5016,0.02,Snoqualmie_R,5016,0.02,Soos_H,5020,0.02
Area126 (08) troll 24 173,,Soos_H,5020,0.34,Bear_Cr_SuFa,5020,0.19,George_Adams_H,5005,0.09,Skagit_R,5016,0.08,L_Skagit_R_Fa,5016,0.07
Area126 (08) troll 24 174,,George_Adams_H,5005,0.54,NF_Skokomish_F,5005,0.34,Hamma_Hamma_R,5005,0.06,Clear_Cr_H,5020,0.03,Grovers_Cr_H,5020,0.01
Area126 (08) troll 24 175,,NF_Nooksack_H,5016,1.00,,,,,,,,,,,,
Area126 (08) troll 24 176,,Grovers_Cr_H,5020,0.46,George_Adams_H,5005,0.16,Bear_Cr_SuFa,5020,0.09,Soos_H,5020,0.06,Voights_H,5020,0.06
Area126 (08) troll 25 177,,Spring_Cr_col,5030,0.79,Big_Cr_H_Col,5030,0.19,Abernathy_NFH_F,5008,0.02,Elochoman_H,5030,0.00,Abernathy_Cr_Fa,5008,0.00
Area126 (08) troll 25 178,,Wells_H,5026,0.27,Hanford_Reach,5026,0.25,Skagit_R,5016,0.10,Wenatchee_R_SF,5026,0.09,Priest_Rapid_H,5026,0.08
Area126 (08) troll 25 179,,Grovers_Cr_H,5020,0.96,George_Adams_H,5005,0.03,Voights_H,5020,0.00,Bear_Cr_SuFa,5020,0.00,Samish_H,5016,0.00
Area126 (08) troll 25 180,,Puntledge_F,7,0.99,Cowichan,7,0.00,L_Qualicum,7,0.00,Big_Qualicum,7,0.00,,,
Area126 (08) troll 27 181,,Spring_Cr_col,5030,0.64,Big_Cr_H_Col,5030,0.35,Elochoman_H,5030,0.00,Washougal_R_Fa,5008,0.00,Abernathy_NFH_F,5008,0.00
Area126 (08) troll 27 182,,Skagit_R,5016,0.77,Snoqualmie_R,5016,0.10,L_Skagit_R_Fa,5016,0.08,U_Sauk_R_SpSu,5016,0.02,Soos_H,5020,0.01
Area126 (08) troll 27 183,,Skagit_R,5016,0.40,Snoqualmie_R,5016,0.33,L_Skagit_R_Fa,5016,0.20,Clear_Cr_H,5020,0.02,U_Sauk_R_SpSu,5016,0.01
Area126 (08) troll 27 184,,George_Adams_H,5005,0.67,NF_Skokomish_F,5005,0.12,Clear_Cr_H,5020,0.11,Hamma_Hamma_R,5005,0.03,Grovers_Cr_H,5020,0.03
Area126 (08) troll 32 1,,Spring_Cr_col,5030,0.70,Big_Cr_H_Col,5030,0.30,Abernathy_NFH_F,5008,0.00,Abernathy_Cr_Fa,5008,0.00,,,
Area126 (08) troll 32 2,,Grovers_Cr_H,5020,0.54,Soos_H,5020,0.28,Cedar_R_SuFa,5020,0.06,George_Adams_H,5005,0.05,Clear_Cr_H,5020,0.02
Area126 (08) troll 32 3,,Harrison,3,0.52,Chilliwack_F,3,0.39,Chilliwac@Stav,3,0.09,Wells_H,5026,0.00,Wenatchee_R_SF,5026,0.00
Area126 (08) troll 32 4,,Spring_Cr_col,5030,0.88,Big_Cr_H_Col,5030,0.11,Abernathy_NFH_F,5008,0.01,Washougal_R_Fa,5008,0.00,Abernathy_Cr_Fa,5008,0.00
Area126 (08) troll 32 5,,Washougal_R_Fa,5008,0.99,Sandy_R,5008,0.01,Lewis_R_Su,5008,0.00,Elochoman_R_Fa,5008,0.00,Abernathy_Cr_Fa,5008,0.00
Area126 (08) troll 32 6,,Chilliwack_F,3,0.94,Harrison,3,0.06,Bear_Cr_SuFa,5020,0.00,Chilliwac@Stav,3,0.00,Gold_R,8,0.00
Area126 (08) troll 32 7,,Harrison,3,0.99,Chilliwack_F,3,0.00,Chilliwac@Stav,3,0.00,L_Skagit_R_Fa,5016,0.00,,,
Area126 (08) troll 324 210,Number of missing Loci exceeded,,,,,,,,,,,,,,,
Area126 (08) troll 324 232,Number of missing Loci exceeded,,,,,,,,,,,,,,,
Area126 (08) troll 324 233,Number of missing Loci exceeded,,,,,,,,,,,,,,,
Area126 (08) troll 339 1,,Snoqualmie_R,5016,0.86,Soos_H,5020,0.02,Skagit_R,5016,0.01,George_Adams_H,5005,0.01,Sol_Duc_H,5028,0.01
Area126 (08) troll 339 10,,Cedar_R_SuFa,5020,0.37,Soos_H,5020,0.17,Bear_Cr_SuFa,5020,0.14,Clear_Cr_H,5020,0.10,Voights_H,5020,0.09
Area126 (08) troll 339 11,,Grovers_Cr_H,5020,0.48,Clear_Cr_H,5020,0.16,Bear_Cr_SuFa,5020,0.14,Voights_H,5020,0.09,Cedar_R_SuFa,5020,0.07
Area126 (08) troll 339 12,,George_Adams_H,5005,0.45,Soos_H,5020,0.19,Bear_Cr_SuFa,5020,0.11,Clear_Cr_H,5020,0.10,Snoqualmie_R,5016,0.05
Area126 (08) troll 339 13,,Wenatchee_R_SF,5026,0.62,Hanford_Reach,5026,0.14,Wells_H,5026,0.13,Priest_Rapid_H,5026,0.04,Umatilla_H_Fa,5026,0.03
Area126 (08) troll 339 14,,Lewis_R_Su,5008,0.90,Washougal_R_Fa,5008,0.03,Spring_Cr_col,5030,0.03,Abernathy_Cr_Fa,5008,0.01,Umatilla_H_Fa,5026,0.01
Area126 (08) troll 339 15,,Big_Cr_H_Col,5030,0.47,Abernathy_Cr_Fa,5008,0.41,Abernathy_NFH_F,5008,0.07,Elochoman_R_Fa,5008,0.02,Washougal_R_Fa,5008,0.02
Area126 (08) troll 339 16,,Soos_H,5020,0.36,Cedar_R_SuFa,5020,0.18,Samish_H,5016,0.17,Clear_Cr_H,5020,0.10,George_Adams_H,5005,0.10
Area126 (08) troll 339 17,,Skagit_R,5016,0.44,U_Sauk_R_SpSu,5016,0.27,George_Adams_H,5005,0.07,Cedar_R_SuFa,5020,0.06,Samish_H,5016,0.06
Area126 (08) troll 339 18,,Bear_Cr_SuFa,5020,0.45,George_Adams_H,5005,0.28,NF_Skokomish_F,5005,0.20,Cedar_R_SuFa,5020,0.02,Clear_Cr_H,5020,0.02
Area126 (08) troll 339 19,,Skagit_R,5016,0.58,Snoqualmie_R,5016,0.13,L_Skagit_R_Fa,5016,0.11,McKenzie_H,5029,0.08,Umatilla_H_Fa,5026,0.04
Area126 (08) troll 339 2,,Nez_PerceT_H,5021,0.96,Priest_Rapids_H,5026,0.02,Wenatchee_R_SF,5026,0.02,Wells_H,5026,0.00,Priest_Rapid_H,5026,0.00
Area126 (08) troll 339 20,,McKenzie_H,5029,1.00,,,,,,,,,,,,
Area126 (08) troll 339 21,,Voights_H,5020,0.25,Snoqualmie_R,5016,0.24,George_Adams_H,5005,0.18,Soos_H,5020,0.10,Skagit_R,5016,0.03
Area126 (08) troll 339 22,,Soos_H,5020,0.34,George_Adams_H,5005,0.30,Cedar_R_SuFa,5020,0.15,Snoqualmie_R,5016,0.06,Bear_Cr_SuFa,5020,0.05
Area126 (08) troll 339 23,,George_Adams_H,5005,0.64,Cedar_R_SuFa,5020,0.11,Grovers_Cr_H,5020,0.06,Hamma_Hamma_R,5005,0.05,NF_Skokomish_F,5005,0.04
Area126 (08) troll 339 24,,Soos_H,5020,0.53,George_Adams_H,5005,0.27,Bear_Cr_SuFa,5020,0.06,Voights_H,5020,0.06,Clear_Cr_H,5020,0.02
Area126 (08) troll 339 25,,George_Adams_H,5005,0.39,Soos_H,5020,0.26,Cedar_R_SuFa,5020,0.09,Bear_Cr_SuFa,5020,0.07,Snoqualmie_R,5016,0.06
Area126 (08) troll 339 252,,Puntledge_F,7,0.83,Cowichan,7,0.10,Nanaimo_SP,7,0.04,L_Qualicum,7,0.02,Nanaimo_F,7,0.01
Area126 (08) troll 339 253,,Harrison,3,0.29,Chilliwack_F,3,0.17,Chilako,2,0.13,Willow_R,1,0.11,Little_R,5,0.11
Area126 (08) troll 339 254,,Umpqua_H,5011,0.49,Washougal_R_Fa,5008,0.40,Elochoman_R_Fa,5008,0.06,S_Umpqua_H,5011,0.02,Lewis_R_Su,5008,0.01
Area126 (08) troll 339 255,,Grovers_Cr_H,5020,0.36,Soos_H,5020,0.23,Samish_H,5016,0.13,Clear_Cr_H,5020,0.12,Voights_H,5020,0.11
Area126 (08) troll 339 256,,Harrison,3,0.86,Chilliwack_F,3,0.13,Snoqualmie_R,5016,0.00,,,,,,
Area126 (08) troll 339 257,,Washougal_R_Fa,5008,0.79,Big_Cr_H_Col,5030,0.09,Spring_Cr_col,5030,0.07,Abernathy_Cr_Fa,5008,0.03,Umatilla_H_Fa,5026,0.01
Area126 (08) troll 339 258,,George_Adams_H,5005,0.70,Clear_Cr_H,5020,0.12,Bear_Cr_SuFa,5020,0.08,NF_Skokomish_F,5005,0.04,Soos_H,5020,0.02
Area126 (08) troll 339 259,,Washougal_R_Fa,5008,0.70,Abernathy_Cr_Fa,5008,0.21,Lewis_R_Su,5008,0.03,Elochoman_R_Fa,5008,0.02,Sandy_R,5008,0.01
Area126 (08) troll 339 26,,Clear_Cr_H,5020,0.37,Soos_H,5020,0.35,Bear_Cr_SuFa,5020,0.15,George_Adams_H,5005,0.05,Cedar_R_SuFa,5020,0.04
Area126 (08) troll 339 260,,Bear_Cr_SuFa,5020,0.17,Makah_H,5028,0.15,Clear_Cr_H,5020,0.10,U_Sauk_R_SpSu,5016,0.09,Cedar_R_SuFa,5020,0.08
Area126 (08) troll 339 261,,Spring_Cr_col,5030,0.99,Big_Cr_H_Col,5030,0.01,Abernathy_Cr_Fa,5008,0.00,Lewis_R_Su,5008,0.00,Abernathy_NFH_F,5008,0.00
Area126 (08) troll 339 262,,Little_R,5,0.29,Soos_H,5020,0.28,George_Adams_H,5005,0.19,L_Thompson,5,0.05,Bessette,5,0.04
Area126 (08) troll 339 263,,Snoqualmie_R,5016,0.83,L_Skagit_R_Fa,5016,0.06,Samish_H,5016,0.03,Cedar_R_SuFa,5020,0.02,Puntledge_F,7,0.01
Area126 (08) troll 339 264,,Skagit_R,5016,0.83,U_Sauk_R_SpSu,5016,0.14,U_Skagit_R,5016,0.02,Skykomish_R,5016,0.00,L_Skagit_R_Fa,5016,0.00
Area126 (08) troll 339 265,,Cowichan,7,0.57,Puntledge_F,7,0.42,Nanaimo_F,7,0.01,L_Qualicum,7,0.00,Puntledge_BackX,7,0.00
Area126 (08) troll 339 266,,Voights_H,5020,0.31,Soos_H,5020,0.26,Snoqualmie_R,5016,0.12,Clear_Cr_H,5020,0.10,George_Adams_H,5005,0.10
Area126 (08) troll 339 267,,George_Adams_H,5005,0.89,NF_Skokomish_F,5005,0.06,Clear_Cr_H,5020,0.02,Hamma_Hamma_R,5005,0.01,Voights_H,5020,0.01
Area126 (08) troll 339 268,,Coquille_R,5011,0.30,George_Adams_H,5005,0.20,Bear_Cr_SuFa,5020,0.15,Clear_Cr_H,5020,0.09,Cedar_R_SuFa,5020,0.06
Area126 (08) troll 339 269,,Spring_Cr_col,5030,0.93,Abernathy_NFH_F,5008,0.03,Washougal_R_Fa,5008,0.02,Abernathy_Cr_Fa,5008,0.01,Big_Cr_H_Col,5030,0.01
Area126 (08) troll 339 27,,Hanford_Reach,5026,0.32,Priest_Rapid_H,5026,0.31,Umatilla_H_Fa,5026,0.19,Priest_Rapids_H,5026,0.10,Nez_PerceT_H,5021,0.04
Area126 (08) troll 339 270,,George_Adams_H,5005,0.41,Grovers_Cr_H,5020,0.19,Clear_Cr_H,5020,0.13,Umatilla_H_Fa,5026,0.06,Hamma_Hamma_R,5005,0.05
Area126 (08) troll 339 271,,Sol_Duc_H,5028,1.00,Washougal_R_Fa,5008,0.00,Spring_Cr_col,5030,0.00,George_Adams_H,5005,0.00,Big_Cr_H_Col,5030,0.00
Area126 (08) troll 339 272,,Spring_Cr_col,5030,1.00,Abernathy_NFH_F,5008,0.00,Washougal_R_Fa,5008,0.00,Big_Cr_H_Col,5030,0.00,,,
Area126 (08) troll 339 273,,Washougal_R_Fa,5008,0.94,Big_Cr_H_Col,5030,0.02,Lewis_R_Su,5008,0.02,Abernathy_Cr_Fa,5008,0.01,Spring_Cr_col,5030,0.01
Area126 (08) troll 339 274,,Spring_Cr_col,5030,0.99,Abernathy_Cr_Fa,5008,0.00,Abernathy_NFH_F,5008,0.00,Wells_H,5026,0.00,Washougal_R_Fa,5008,0.00
Area126 (08) troll 339 275,,Big_Cr_H_Col,5030,0.50,Spring_Cr_col,5030,0.49,Abernathy_NFH_F,5008,0.01,Washougal_R_Fa,5008,0.00,Elochoman_R_Fa,5008,0.00
Area126 (08) troll 339 276,,Clear_Cr_H,5020,0.42,Soos_H,5020,0.33,Snoqualmie_R,5016,0.07,Grovers_Cr_H,5020,0.07,Samish_H,5016,0.03
Area126 (08) troll 339 277,,Voights_H,5020,0.45,Hamma_Hamma_R,5005,0.10,Snoqualmie_R,5016,0.09,George_Adams_H,5005,0.08,Clear_Cr_H,5020,0.06
Area126 (08) troll 339 278,,George_Adams_H,5005,0.46,Clear_Cr_H,5020,0.20,Samish_H,5016,0.10,Cedar_R_SuFa,5020,0.07,Bear_Cr_SuFa,5020,0.07
Area126 (08) troll 339 279,,Soos_H,5020,0.58,Cedar_R_SuFa,5020,0.20,Clear_Cr_H,5020,0.09,George_Adams_H,5005,0.05,Bear_Cr_SuFa,5020,0.03
Area126 (08) troll 339 28,,George_Adams_H,5005,0.40,Clear_Cr_H,5020,0.14,Samish_H,5016,0.13,Bear_Cr_SuFa,5020,0.12,Hamma_Hamma_R,5005,0.08
Area126 (08) troll 339 280,,NF_Nooksack_H,5016,1.00,,,,,,,,,,,,
Area126 (08) troll 339 281,,Spring_Cr_col,5030,0.79,Big_Cr_H_Col,5030,0.09,Washougal_R_Fa,5008,0.05,Abernathy_Cr_Fa,5008,0.04,Abernathy_NFH_F,5008,0.02
Area126 (08) troll 339 282,,Wells_H,5026,0.49,Big_Cr_H_Col,5030,0.24,Hanford_Reach,5026,0.08,Abernathy_Cr_Fa,5008,0.05,Priest_Rapid_H,5026,0.04
Area126 (08) troll 339 283,,George_Adams_H,5005,0.43,NF_Skokomish_F,5005,0.28,Clear_Cr_H,5020,0.18,Bear_Cr_SuFa,5020,0.04,Soos_H,5020,0.03
Area126 (08) troll 339 284,,Grovers_Cr_H,5020,0.91,George_Adams_H,5005,0.06,Cedar_R_SuFa,5020,0.01,Snoqualmie_R,5016,0.00,Samish_H,5016,0.00
Area126 (08) troll 339 285,,George_Adams_H,5005,0.72,Bear_Cr_SuFa,5020,0.11,Clear_Cr_H,5020,0.07,Soos_H,5020,0.04,Cedar_R_SuFa,5020,0.03
Area126 (08) troll 339 286,,Wenatchee_R_SF,5026,0.27,Hanford_Reach,5026,0.26,Wells_H,5026,0.09,Priest_Rapids_H,5026,0.09,Umatilla_H_Fa,5026,0.07
Area126 (08) troll 339 287,,Voights_H,5020,0.30,George_Adams_H,5005,0.26,Bear_Cr_SuFa,5020,0.15,Soos_H,5020,0.14,Cedar_R_SuFa,5020,0.04
Area126 (08) troll 339 288,,Big_Cr_H_Col,5030,0.86,Abernathy_Cr_Fa,5008,0.13,Spring_Cr_col,5030,0.01,Abernathy_NFH_F,5008,0.00,Washougal_R_Fa,5008,0.00
Area126 (08) troll 339 289,,Hanford_Reach,5026,0.60,Priest_Rapids_H,5026,0.14,Nez_PerceT_H,5021,0.12,Wells_H,5026,0.05,Priest_Rapid_H,5026,0.04
Area126 (08) troll 339 29,,George_Adams_H,5005,0.50,Samish_H,5016,0.26,Grovers_Cr_H,5020,0.07,Cedar_R_SuFa,5020,0.06,Skykomish_R,5016,0.04
Area126 (08) troll 339 290,,Dungeness_R,5006,1.00,Bear_Cr_SuFa,5020,0.00,Voights_H,5020,0.00,Snoqualmie_R,5016,0.00,Cedar_R_SuFa,5020,0.00
Area126 (08) troll 339 291,,Lewis_R_Su,5008,0.90,S_Umpqua_H,5011,0.02,Hanford_Reach,5026,0.02,Umatilla_H_Fa,5026,0.02,Elochoman_R_Fa,5008,0.01
Area126 (08) troll 339 292,,Umatilla_H_Fa,5026,0.90,Priest_Rapid_H,5026,0.06,Hanford_Reach,5026,0.02,NanaimoSu_BackX,7,0.01,Skagit_R,5016,0.01
Area126 (08) troll 339 293,,Big_Cr_H_Col,5030,0.78,Spring_Cr_col,5030,0.21,Washougal_R_Fa,5008,0.00,Abernathy_Cr_Fa,5008,0.00,Elochoman_H,5030,0.00
Area126 (08) troll 339 294,,Chilliwack_F,3,0.69,Harrison,3,0.30,Chilliwac@Stav,3,0.01,Lewis_R_Su,5008,0.00,Abernathy_Cr_Fa,5008,0.00
Area126 (08) troll 339 295,,Wells_H,5026,0.76,Priest_Rapid_H,5026,0.09,Priest_Rapids_H,5026,0.09,Wenatchee_R_SF,5026,0.02,Methow_R,5026,0.01
Area126 (08) troll 339 296,,Priest_Rapid_H,5026,0.40,Wenatchee_R_SF,5026,0.24,Wells_H,5026,0.15,Priest_Rapids_H,5026,0.07,Nez_PerceT_H,5021,0.05
Area126 (08) troll 339 297,,Hanford_Reach,5026,0.56,Wenatchee_R_SF,5026,0.09,Wells_H,5026,0.07,Skagit_R,5016,0.05,Priest_Rapid_H,5026,0.05
Area126 (08) troll 339 298,,Washougal_R_Fa,5008,0.93,Abernathy_Cr_Fa,5008,0.05,Spring_Cr_col,5030,0.01,Big_Cr_H_Col,5030,0.01,Sandy_R,5008,0.01
Area126 (08) troll 339 299,,Harrison,3,0.96,Chilliwack_F,3,0.02,Shakes_Cr,18,0.01,Little_Tahltan,18,0.00,Craig,18,0.00
Area126 (08) troll 339 3,,Bear_Cr_SuFa,5020,0.54,Soos_H,5020,0.23,Clear_Cr_H,5020,0.06,Samish_H,5016,0.05,Hamma_Hamma_R,5005,0.04
Area126 (08) troll 339 30,,Hanford_Reach,5026,0.87,Nez_PerceT_H,5021,0.09,Umatilla_H_Fa,5026,0.03,Lyons_Ferry_H,5021,0.00,Priest_Rapid_H,5026,0.00
Area126 (08) troll 339 300,,Washougal_R_Fa,5008,0.37,Spring_Cr_col,5030,0.29,Elochoman_R_Fa,5008,0.12,Abernathy_Cr_Fa,5008,0.07,Snoqualmie_R,5016,0.04
Area126 (08) troll 339 301,,George_Adams_H,5005,0.80,NF_Skokomish_F,5005,0.08,Cedar_R_SuFa,5020,0.03,Hamma_Hamma_R,5005,0.02,Bear_Cr_SuFa,5020,0.01
Area126 (08) troll 339 302,,Priest_Rapid_H,5026,0.63,Umatilla_H_Fa,5026,0.19,Hanford_Reach,5026,0.15,Priest_Rapids_H,5026,0.02,Nez_PerceT_H,5021,0.01
Area126 (08) troll 339 303,,Washougal_R_Fa,5008,0.69,Abernathy_Cr_Fa,5008,0.15,Spring_Cr_col,5030,0.11,Lewis_R_Su,5008,0.02,Big_Cr_H_Col,5030,0.01
Area126 (08) troll 339 304,,Cowichan,7,0.50,Puntledge_F,7,0.37,Chemainus,7,0.11,Nanaimo_F,7,0.01,Nanaimo_SP,7,0.01
Area126 (08) troll 339 305,,Priest_Rapid_H,5026,0.29,Nez_PerceT_H,5021,0.28,Hanford_Reach,5026,0.20,Umatilla_H_Fa,5026,0.10,Priest_Rapids_H,5026,0.08
Area126 (08) troll 339 306,,Bear_Cr_SuFa,5020,0.37,Cedar_R_SuFa,5020,0.28,Samish_H,5016,0.18,Soos_H,5020,0.09,George_Adams_H,5005,0.07
Area126 (08) troll 339 307,,Puntledge_F,7,0.94,Cowichan,7,0.06,Big_Qualicum,7,0.00,L_Qualicum,7,0.00,Nanaimo_F,7,0.00
Area126 (08) troll 339 308,,Hanford_Reach,5026,0.48,Washougal_R_Fa,5008,0.15,Priest_Rapid_H,5026,0.14,Umatilla_H_Fa,5026,0.06,Lewis_R_Su,5008,0.06
Area126 (08) troll 339 309,,Chilliwack_F,3,0.99,L_Thompson,5,0.00,Harrison,3,0.00,Wells_H,5026,0.00,Chilliwac@Stav,3,0.00
Area126 (08) troll 339 31,,Spring_Cr_col,5030,0.79,Big_Cr_H_Col,5030,0.16,Washougal_R_Fa,5008,0.04,Lewis_R_Su,5008,0.00,Abernathy_Cr_Fa,5008,0.00
Area126 (08) troll 339 310,,George_Adams_H,5005,0.80,NF_Skokomish_F,5005,0.06,Cedar_R_SuFa,5020,0.04,Clear_Cr_H,5020,0.03,Voights_H,5020,0.03
Area126 (08) troll 339 311,,George_Adams_H,5005,0.78,Bear_Cr_SuFa,5020,0.07,Grovers_Cr_H,5020,0.02,Cedar_R_SuFa,5020,0.02,Clear_Cr_H,5020,0.02
Area126 (08) troll 339 312,,George_Adams_H,5005,0.88,Clear_Cr_H,5020,0.05,Hamma_Hamma_R,5005,0.03,Soos_H,5020,0.01,Bear_Cr_SuFa,5020,0.01
Area126 (08) troll 339 313,,Priest_Rapid_H,5026,0.94,Wenatchee_R_SF,5026,0.04,Priest_Rapids_H,5026,0.01,Hanford_Reach,5026,0.01,Nez_PerceT_H,5021,0.00
Area126 (08) troll 339 314,,Spring_Cr_col,5030,0.83,Big_Cr_H_Col,5030,0.16,Abernathy_NFH_F,5008,0.01,Abernathy_Cr_Fa,5008,0.00,Lewis_R_Su,5008,0.00
Area126 (08) troll 339 315,,Soos_H,5020,0.25,U_Sauk_R_SpSu,5016,0.14,George_Adams_H,5005,0.11,Grovers_Cr_H,5020,0.09,L_Skagit_R_Fa,5016,0.07
Area126 (08) troll 339 316,,George_Adams_H,5005,0.57,Soos_H,5020,0.25,Clear_Cr_H,5020,0.08,NF_Skokomish_F,5005,0.03,Voights_H,5020,0.01
Area126 (08) troll 339 317,,George_Adams_H,5005,0.35,Soos_H,5020,0.26,Clear_Cr_H,5020,0.12,NF_Skokomish_F,5005,0.08,Cedar_R_SuFa,5020,0.05
Area126 (08) troll 339 318,,Voights_H,5020,0.26,Bear_Cr_SuFa,5020,0.22,Soos_H,5020,0.15,Snoqualmie_R,5016,0.14,Hamma_Hamma_R,5005,0.09
Area126 (08) troll 339 319,,NF_Nooksack_H,5016,0.96,Snoqualmie_R,5016,0.02,Cedar_R_SuFa,5020,0.01,Soos_H,5020,0.00,Little_R,5,0.00
Area126 (08) troll 339 32,,NF_Nooksack_H,5016,0.59,Skagit_R,5016,0.41,Snoqualmie_R,5016,0.00,L_Skagit_R_Fa,5016,0.00,U_Sauk_R_SpSu,5016,0.00
Area126 (08) troll 339 320,,Hanford_Reach,5026,0.27,Priest_Rapid_H,5026,0.22,Wells_H,5026,0.14,L_Thompson,5,0.10,Priest_Rapids_H,5026,0.10
Area126 (08) troll 339 321,,Voights_H,5020,0.38,Snoqualmie_R,5016,0.35,George_Adams_H,5005,0.10,Hanford_Reach,5026,0.05,NF_Skokomish_F,5005,0.02
Area126 (08) troll 339 322,,George_Adams_H,5005,0.42,Soos_H,5020,0.24,Clear_Cr_H,5020,0.12,Bear_Cr_SuFa,5020,0.10,NF_Skokomish_F,5005,0.06
Area126 (08) troll 339 323,,Big_Cr_H_Col,5030,0.73,Spring_Cr_col,5030,0.15,Washougal_R_Fa,5008,0.12,Abernathy_Cr_Fa,5008,0.00,Elochoman_R_Fa,5008,0.00
Area126 (08) troll 339 324,,Wells_H,5026,0.39,Hanford_Reach,5026,0.19,Umatilla_H_Fa,5026,0.19,Wenatchee_R_SF,5026,0.11,Priest_Rapid_H,5026,0.06
Area126 (08) troll 339 325,,Spring_Cr_col,5030,0.99,Big_Cr_H_Col,5030,0.00,Abernathy_NFH_F,5008,0.00,Washougal_R_Fa,5008,0.00,Abernathy_Cr_Fa,5008,0.00
Area126 (08) troll 339 326,,George_Adams_H,5005,0.54,Snoqualmie_R,5016,0.24,NF_Skokomish_F,5005,0.14,L_Skagit_R_Fa,5016,0.03,Clear_Cr_H,5020,0.02
Area126 (08) troll 339 327,,Spring_Cr_col,5030,0.98,Big_Cr_H_Col,5030,0.02,Washougal_R_Fa,5008,0.00,Abernathy_NFH_F,5008,0.00,Elochoman_H,5030,0.00
Area126 (08) troll 339 328,,Puntledge_F,7,0.48,George_Adams_H,5005,0.40,Cedar_R_SuFa,5020,0.08,NF_Skokomish_F,5005,0.01,L_Skagit_R_Fa,5016,0.01
Area126 (08) troll 339 329,,Millicoma_R,5011,0.36,Coquille_R,5011,0.25,S_Umpqua_H,5011,0.08,Chetco_R,5012,0.05,Trask_R,5015,0.04
Area126 (08) troll 339 33,,Umpqua_H,5011,0.49,Trinity_H_sp,5007,0.31,Morkill,1,0.06,Snoqualmie_R,5016,0.04,Skagit_R,5016,0.03
Area126 (08) troll 339 330,,Priest_Rapid_H,5026,0.90,Hanford_Reach,5026,0.03,Wenatchee_R_SF,5026,0.03,Priest_Rapids_H,5026,0.02,Nez_PerceT_H,5021,0.02
Area126 (08) troll 339 331,,George_Adams_H,5005,0.92,NF_Nooksack_H,5016,0.02,Puntledge_F,7,0.01,Skykomish_R,5016,0.01,L_Skagit_R_Fa,5016,0.01
Area126 (08) troll 339 332,,Snoqualmie_R,5016,0.61,Puntledge_F,7,0.14,Clear_Cr_H,5020,0.11,Cedar_R_SuFa,5020,0.10,Washougal_R_Fa,5008,0.02
Area126 (08) troll 339 333,,Washougal_R_Fa,5008,0.52,Wells_H,5026,0.32,Lewis_R_Su,5008,0.09,Hanford_Reach,5026,0.02,Sandy_R,5008,0.02
Area126 (08) troll 339 334,,Soos_H,5020,0.43,George_Adams_H,5005,0.34,Clear_Cr_H,5020,0.08,Voights_H,5020,0.05,Cedar_R_SuFa,5020,0.05
Area126 (08) troll 339 335,,Hanford_Reach,5026,0.93,Nez_PerceT_H,5021,0.06,Priest_Rapids_H,5026,0.01,L_Wh_Sal_H_SF,5026,0.00,Wells_H,5026,0.00
Area126 (08) troll 339 336,,George_Adams_H,5005,0.53,Soos_H,5020,0.18,Grovers_Cr_H,5020,0.10,L_Skagit_R_Fa,5016,0.10,Samish_H,5016,0.07
Area126 (08) troll 339 337,,Washougal_R_Fa,5008,0.84,Lewis_R_Su,5008,0.06,Abernathy_Cr_Fa,5008,0.02,U_Sauk_R_SpSu,5016,0.01,Trask_R,5015,0.01
Area126 (08) troll 339 338,,U_Sauk_R_SpSu,5016,0.35,Skagit_R,5016,0.25,Clear_Cr_H,5020,0.25,George_Adams_H,5005,0.09,Cedar_R_SuFa,5020,0.02
Area126 (08) troll 339 339,,Chetco_R,5012,0.92,Umpqua_H,5011,0.07,Cole_Rivers_H,5019,0.00,Applegate_Cr,5019,0.00,Elochoman_R_Fa,5008,0.00
Area126 (08) troll 339 34,,Spring_Cr_col,5030,0.96,Big_Cr_H_Col,5030,0.04,Washougal_R_Fa,5008,0.00,Abernathy_Cr_Fa,5008,0.00,Abernathy_NFH_F,5008,0.00
Area126 (08) troll 339 340,,Hanford_Reach,5026,0.85,Priest_Rapid_H,5026,0.12,Wells_H,5026,0.03,Wenatchee_R_SF,5026,0.00,Umatilla_H_Fa,5026,0.00
Area126 (08) troll 339 341,,Hanford_Reach,5026,0.81,Nez_PerceT_H,5021,0.18,Priest_Rapids_H,5026,0.00,Priest_Rapid_H,5026,0.00,Umatilla_H_Fa,5026,0.00
Area126 (08) troll 339 342,,Snoqualmie_R,5016,0.23,George_Adams_H,5005,0.20,NF_Skokomish_F,5005,0.20,Bear_Cr_SuFa,5020,0.15,Cedar_R_SuFa,5020,0.07
Area126 (08) troll 339 343,,Snoqualmie_R,5016,0.45,Bear_Cr_SuFa,5020,0.22,Cedar_R_SuFa,5020,0.13,Samish_H,5016,0.05,George_Adams_H,5005,0.05
Area126 (08) troll 339 344,,Harrison,3,0.98,Chilliwack_F,3,0.01,Chilliwac@Stav,3,0.00,Snoqualmie_R,5016,0.00,L_Thompson,5,0.00
Area126 (08) troll 339 345,,Priest_Rapid_H,5026,0.36,Hanford_Reach,5026,0.29,Umatilla_H_Fa,5026,0.21,Priest_Rapids_H,5026,0.07,Nez_PerceT_H,5021,0.05
Area126 (08) troll 339 346,,Harrison,3,0.25,Cedar_R_SuFa,5020,0.10,Skagit_R,5016,0.09,George_Adams_H,5005,0.09,Bear_Cr_SuFa,5020,0.06
Area126 (08) troll 339 347,,Priest_Rapid_H,5026,0.53,Hanford_Reach,5026,0.26,Umatilla_H_Fa,5026,0.15,Priest_Rapids_H,5026,0.02,Wells_H,5026,0.02
Area126 (08) troll 339 348,,Umatilla_H_Fa,5026,0.43,Hanford_Reach,5026,0.23,Priest_Rapid_H,5026,0.23,Priest_Rapids_H,5026,0.08,Nez_PerceT_H,5021,0.03
Area126 (08) troll 339 349,,Priest_Rapid_H,5026,0.47,Hanford_Reach,5026,0.30,Harrison,3,0.10,Nez_PerceT_H,5021,0.07,Umatilla_H_Fa,5026,0.05
Area126 (08) troll 339 35,,Lewis_R_Su,5008,0.24,Hanford_Reach,5026,0.15,Wells_H,5026,0.13,Umatilla_H_Fa,5026,0.11,Nez_PerceT_H,5021,0.10
Area126 (08) troll 339 350,,Umatilla_H_Fa,5026,0.69,Hanford_Reach,5026,0.21,Priest_Rapid_H,5026,0.02,Wells_H,5026,0.02,Priest_Rapids_H,5026,0.02
Area126 (08) troll 339 351,,Washougal_R_Fa,5008,0.80,Lewis_R_Su,5008,0.17,S_Coos_R,5011,0.01,Abernathy_Cr_Fa,5008,0.00,Sandy_R,5008,0.00
Area126 (08) troll 339 352,,Washougal_R_Fa,5008,1.00,Lewis_R_Su,5008,0.00,Cowlitz_H_fa,5008,0.00,Abernathy_Cr_Fa,5008,0.00,Lewis_R_f,5008,0.00
Area126 (08) troll 339 353,,Harrison,3,1.00,Chilliwac@Stav,3,0.00,Chilliwack_F,3,0.00,,,,,,
Area126 (08) troll 339 354,,Washougal_R_Fa,5008,0.65,Lewis_R_Su,5008,0.33,Elochoman_R_Fa,5008,0.02,Abernathy_Cr_Fa,5008,0.01,Abernathy_NFH_F,5008,0.00
Area126 (08) troll 339 355,,Trask_R,5015,0.94,S_Umpqua_H,5011,0.02,Alsea_R,5015,0.02,Lewis_R_Su,5008,0.00,Coquille_R,5011,0.00
Area126 (08) troll 339 356,,Abernathy_Cr_Fa,5008,0.73,Washougal_R_Fa,5008,0.17,Spring_Cr_col,5030,0.05,Lewis_R_Su,5008,0.02,Abernathy_NFH_F,5008,0.01
Area126 (08) troll 339 36,,Big_Cr_H_Col,5030,0.54,Spring_Cr_col,5030,0.46,Abernathy_Cr_Fa,5008,0.00,Abernathy_NFH_F,5008,0.00,,,
Area126 (08) troll 339 37,,Coquille_R,5011,0.42,Skagit_R,5016,0.26,Trask_R,5015,0.26,U_Sauk_R_SpSu,5016,0.03,Shakes_Cr,18,0.01
Area126 (08) troll 339 38,,Harrison,3,0.66,Chilliwack_F,3,0.32,Chilliwac@Stav,3,0.01,L_Thompson,5,0.00,Kateen,10,0.00
Area126 (08) troll 339 39,,Priest_Rapid_H,5026,0.42,Skagit_R,5016,0.23,Hanford_Reach,5026,0.14,Wells_H,5026,0.10,Wenatchee_R_SF,5026,0.05
Area126 (08) troll 339 4,,S_Umpqua_H,5011,0.43,Umpqua_H,5011,0.24,Trask_R,5015,0.13,Hanford_Reach,5026,0.05,Millicoma_R,5011,0.04
Area126 (08) troll 339 40,,Spring_Cr_col,5030,0.95,Big_Cr_H_Col,5030,0.04,Elochoman_R_Fa,5008,0.00,Washougal_R_Fa,5008,0.00,Abernathy_Cr_Fa,5008,0.00
Area126 (08) troll 339 41,,Hanford_Reach,5026,0.38,Harrison,3,0.32,Priest_Rapids_H,5026,0.08,Priest_Rapid_H,5026,0.04,Nez_PerceT_H,5021,0.04
Area126 (08) troll 339 42,,George_Adams_H,5005,0.47,Grovers_Cr_H,5020,0.29,Soos_H,5020,0.11,Bear_Cr_SuFa,5020,0.04,Samish_H,5016,0.02
Area126 (08) troll 339 43,,Shakes_Cr,18,0.39,Skagit_R,5016,0.13,L_Skagit_R_Fa,5016,0.10,Kitwanga,22,0.09,NanaimoSu_BackX,7,0.09
Area126 (08) troll 339 44,,Wenatchee_R_SF,5026,0.33,Umatilla_H_Fa,5026,0.21,Priest_Rapids_H,5026,0.12,Priest_Rapid_H,5026,0.09,Hanford_Reach,5026,0.09
Area126 (08) troll 339 45,,Chilliwack_F,3,0.77,Harrison,3,0.13,Wenatchee_R_SF,5026,0.03,Snoqualmie_R,5016,0.02,Wells_H,5026,0.01
Area126 (08) troll 339 46,,Hanford_Reach,5026,0.44,Umatilla_H_Fa,5026,0.34,Wells_H,5026,0.13,Lewis_R_Su,5008,0.05,Skagit_R,5016,0.02
Area126 (08) troll 339 47,,Skagit_R,5016,0.19,NF_Skokomish_F,5005,0.16,George_Adams_H,5005,0.13,Dungeness_R,5006,0.10,Voights_H,5020,0.09
Area126 (08) troll 339 48,,Hanford_Reach,5026,0.73,Nez_PerceT_H,5021,0.11,Wells_H,5026,0.09,Wenatchee_R_SF,5026,0.03,Priest_Rapid_H,5026,0.03
Area126 (08) troll 339 49,,George_Adams_H,5005,0.32,Clear_Cr_H,5020,0.21,Cedar_R_SuFa,5020,0.19,Bear_Cr_SuFa,5020,0.16,Soos_H,5020,0.07
Area126 (08) troll 339 5,,Washougal_R_Fa,5008,0.46,Abernathy_Cr_Fa,5008,0.17,Harrison,3,0.09,Chilliwack_F,3,0.07,L_Skagit_R_Fa,5016,0.06
Area126 (08) troll 339 50,,Harrison,3,0.99,Chilliwack_F,3,0.01,S_Umpqua_H,5011,0.00,L_Thompson,5,0.00,Coos_H,5011,0.00
Area126 (08) troll 339 51,,Umatilla_H_Fa,5026,0.26,Priest_Rapids_H,5026,0.25,Priest_Rapid_H,5026,0.10,Wenatchee_R_SF,5026,0.10,Methow_R,5026,0.09
Area126 (08) troll 339 52,,Spring_Cr_col,5030,0.64,Big_Cr_H_Col,5030,0.33,Abernathy_NFH_F,5008,0.01,Washougal_R_Fa,5008,0.01,Abernathy_Cr_Fa,5008,0.00
Area126 (08) troll 339 53,,Hanford_Reach,5026,0.85,Nez_PerceT_H,5021,0.06,Umatilla_H_Fa,5026,0.04,Wells_H,5026,0.01,George_Adams_H,5005,0.01
Area126 (08) troll 339 54,,Hanford_Reach,5026,0.35,Umatilla_H_Fa,5026,0.32,Priest_Rapid_H,5026,0.31,Nez_PerceT_H,5021,0.01,Wells_H,5026,0.00
Area126 (08) troll 339 55,,Snoqualmie_R,5016,0.41,George_Adams_H,5005,0.16,Cedar_R_SuFa,5020,0.15,Hanford_Reach,5026,0.08,Bear_Cr_SuFa,5020,0.05
Area126 (08) troll 339 56,,Umpqua_H,5011,0.31,Skagit_R,5016,0.12,S_Umpqua_H,5011,0.10,Washougal_R_Fa,5008,0.10,Snoqualmie_R,5016,0.07
Area126 (08) troll 339 57,,Harrison,3,0.99,N_Thom@Main,4,0.00,Chilliwac@Stav,3,0.00,L_Thompson,5,0.00,Skagit_R,5016,0.00
Area126 (08) troll 339 58,,Coquille_R,5011,1.00,S_Umpqua_H,5011,0.00,,,,,,,,,
Area126 (08) troll 339 59,,Harrison,3,0.77,NanaimoSu_BackX,7,0.19,Chilliwack_F,3,0.03,Chilliwac@Stav,3,0.00,Marblemount_Hsu,5016,0.00
Area126 (08) troll 339 6,,Soos_H,5020,0.64,Clear_Cr_H,5020,0.24,George_Adams_H,5005,0.10,Bear_Cr_SuFa,5020,0.01,Voights_H,5020,0.00
Area126 (08) troll 339 60,,Harrison,3,0.90,Shakes_Cr,18,0.05,Chilliwack_F,3,0.03,Snoqualmie_R,5016,0.01,Kowatua,17,0.00
Area126 (08) troll 339 61,,George_Adams_H,5005,0.83,Voights_H,5020,0.06,Clear_Cr_H,5020,0.03,Cedar_R_SuFa,5020,0.02,Snoqualmie_R,5016,0.02
Area126 (08) troll 339 63,,George_Adams_H,5005,0.49,Soos_H,5020,0.22,Voights_H,5020,0.09,Cedar_R_SuFa,5020,0.07,Clear_Cr_H,5020,0.07
Area126 (08) troll 339 64,,Harrison,3,0.96,Chilliwack_F,3,0.03,Chilliwac@Stav,3,0.01,Shakes_Cr,18,0.00,Snoqualmie_R,5016,0.00
Area126 (08) troll 339 65,,Washougal_R_Fa,5008,0.60,Lewis_R_Su,5008,0.17,Spring_Cr_col,5030,0.10,Abernathy_Cr_Fa,5008,0.08,U_Sauk_R_SpSu,5016,0.02
Area126 (08) troll 339 66,,Umatilla_H_Fa,5026,0.61,Hanford_Reach,5026,0.21,Priest_Rapid_H,5026,0.14,Nez_PerceT_H,5021,0.01,McKenzie_H,5029,0.01
Area126 (08) troll 339 67,,Hanford_Reach,5026,0.51,Priest_Rapid_H,5026,0.36,Wells_H,5026,0.05,Umatilla_H_Fa,5026,0.05,Wenatchee_R_SF,5026,0.01
Area126 (08) troll 339 68,,Wells_H,5026,0.54,Hanford_Reach,5026,0.29,Priest_Rapid_H,5026,0.06,Umatilla_H_Fa,5026,0.06,Wenatchee_R_SF,5026,0.03
Area126 (08) troll 339 69,,Soos_H,5020,0.82,Cedar_R_SuFa,5020,0.06,Clear_Cr_H,5020,0.05,Voights_H,5020,0.03,Bear_Cr_SuFa,5020,0.02
Area126 (08) troll 339 7,,George_Adams_H,5005,0.27,Hamma_Hamma_R,5005,0.18,Voights_H,5020,0.17,Grovers_Cr_H,5020,0.11,NF_Skokomish_F,5005,0.08
Area126 (08) troll 339 70,,Wells_H,5026,0.98,Methow_R,5026,0.01,Priest_Rapids_H,5026,0.00,Nez_PerceT_H,5021,0.00,Hanford_Reach,5026,0.00
Area126 (08) troll 339 71,,Hanford_Reach,5026,0.89,Priest_Rapid_H,5026,0.10,Methow_R,5026,0.01,Nez_PerceT_H,5021,0.00,Wells_H,5026,0.00
Area126 (08) troll 339 72,,George_Adams_H,5005,0.65,Grovers_Cr_H,5020,0.34,NF_Skokomish_F,5005,0.01,Soos_H,5020,0.00,Hamma_Hamma_R,5005,0.00
Area126 (08) troll 339 73,,Soos_H,5020,0.37,Bear_Cr_SuFa,5020,0.28,Cedar_R_SuFa,5020,0.18,Samish_H,5016,0.05,Snoqualmie_R,5016,0.04
Area126 (08) troll 339 74,,Washougal_R_Fa,5008,0.73,Lewis_R_Su,5008,0.25,Elochoman_R_Fa,5008,0.01,Abernathy_Cr_Fa,5008,0.00,Sol_Duc_H,5028,0.00
Area126 (08) troll 339 75,,Voights_H,5020,0.45,Skagit_R,5016,0.25,Umpqua_H,5011,0.15,NF_Skokomish_F,5005,0.06,George_Adams_H,5005,0.04
Area126 (08) troll 339 76,,McKenzie_H,5029,1.00,N_Santiam_H,5029,0.00,Lewis_H_sp,5009,0.00,,,,,,
Area126 (08) troll 339 77,,George_Adams_H,5005,0.56,Cedar_R_SuFa,5020,0.17,Samish_H,5016,0.14,Clear_Cr_H,5020,0.06,Soos_H,5020,0.04
Area126 (08) troll 339 78,,George_Adams_H,5005,0.65,Cedar_R_SuFa,5020,0.18,NF_Skokomish_F,5005,0.04,Grovers_Cr_H,5020,0.04,S_Prairie_Cr,5020,0.03
Area126 (08) troll 339 79,,Lewis_R_Su,5008,0.27,Snoqualmie_R,5016,0.20,Spring_Cr_col,5030,0.13,Abernathy_Cr_Fa,5008,0.10,Washougal_R_Fa,5008,0.05
Area126 (08) troll 339 8,,Big_Cr_H_Col,5030,0.97,Spring_Cr_col,5030,0.01,Abernathy_NFH_F,5008,0.01,Washougal_R_Fa,5008,0.00,,,
Area126 (08) troll 339 80,,Wenatchee_R_SF,5026,0.79,Wells_H,5026,0.14,Priest_Rapids_H,5026,0.05,Hanford_Reach,5026,0.01,Umatilla_H_Fa,5026,0.00
Area126 (08) troll 339 81,,L_Skagit_R_Fa,5016,0.35,L_Qualicum,7,0.21,Skagit_R,5016,0.12,Cowichan,7,0.10,Snoqualmie_R,5016,0.09
Area126 (08) troll 339 82,,Hanford_Reach,5026,0.90,Priest_Rapid_H,5026,0.08,Umatilla_H_Fa,5026,0.01,Nez_PerceT_H,5021,0.00,Umatilla_H,5026,0.00
Area126 (08) troll 339 83,,George_Adams_H,5005,0.73,Cedar_R_SuFa,5020,0.10,Samish_H,5016,0.09,Clear_Cr_H,5020,0.04,NF_Skokomish_F,5005,0.02
Area126 (08) troll 339 84,,Spring_Cr_col,5030,0.92,Abernathy_Cr_Fa,5008,0.07,Big_Cr_H_Col,5030,0.00,Abernathy_NFH_F,5008,0.00,Washougal_R_Fa,5008,0.00
Area126 (08) troll 339 85,,Soos_H,5020,0.39,George_Adams_H,5005,0.24,Clear_Cr_H,5020,0.18,Grovers_Cr_H,5020,0.12,NF_Skokomish_F,5005,0.03
Area126 (08) troll 339 86,,George_Adams_H,5005,0.30,Bear_Cr_SuFa,5020,0.24,Cedar_R_SuFa,5020,0.15,Soos_H,5020,0.14,Grovers_Cr_H,5020,0.06
Area126 (08) troll 339 87,,Spring_Cr_col,5030,0.98,Big_Cr_H_Col,5030,0.02,Abernathy_Cr_Fa,5008,0.00,Abernathy_NFH_F,5008,0.00,,,
Area126 (08) troll 339 88,,Umatilla_H_Fa,5026,0.32,Hanford_Reach,5026,0.29,Wells_H,5026,0.16,Priest_Rapid_H,5026,0.15,Wenatchee_R_SF,5026,0.05
Area126 (08) troll 339 89,,Spring_Cr_col,5030,0.58,Big_Cr_H_Col,5030,0.42,McKenzie_H,5029,0.00,Washougal_R_Fa,5008,0.00,,,
Area126 (08) troll 339 9,,George_Adams_H,5005,0.52,Snoqualmie_R,5016,0.19,Hamma_Hamma_R,5005,0.13,Voights_H,5020,0.06,NF_Skokomish_F,5005,0.06
Area126 (08) troll 339 90,,Harrison,3,0.27,Skagit_R,5016,0.24,Willow_R,1,0.18,George_Adams_H,5005,0.09,Skykomish_R,5016,0.05
Area126 (08) troll 339 91,,Nez_PerceT_H,5021,0.70,Priest_Rapid_H,5026,0.11,Lyons_Ferry_H,5021,0.05,Wells_H,5026,0.04,Methow_R,5026,0.03
Area126 (08) troll 339 92,,Skagit_R,5016,0.44,U_Sauk_R_SpSu,5016,0.36,Harrison,3,0.10,Priest_Rapid_H,5026,0.07,L_Skagit_R_Fa,5016,0.02
Area126 (08) troll 339 93,,Spring_Cr_col,5030,0.72,Big_Cr_H_Col,5030,0.25,Abernathy_NFH_F,5008,0.03,Abernathy_Cr_Fa,5008,0.00,Elochoman_H,5030,0.00
Area126 (08) troll 339 94,,Priest_Rapids_H,5026,0.52,Nez_PerceT_H,5021,0.16,Methow_R,5026,0.09,Priest_Rapid_H,5026,0.08,Umatilla_H_Fa,5026,0.06
Area126 (08) troll 339 95,,McKenzie_H,5029,0.99,Kalama_H_sp,5009,0.01,Priest_Rapid_H,5026,0.00,N_Santiam_H,5029,0.00,Wenatchee_R_SF,5026,0.00
Area126 (08) troll 38 56,,George_Adams_H,5005,0.84,Soos_H,5020,0.04,Clear_Cr_H,5020,0.03,Samish_H,5016,0.03,NF_Skokomish_F,5005,0.02
Area126 (08) troll 38 57,,Cedar_R_SuFa,5020,0.29,Clear_Cr_H,5020,0.24,Bear_Cr_SuFa,5020,0.23,NF_Skokomish_F,5005,0.08,Voights_H,5020,0.07
Area126 (08) troll 38 58,,U_Sauk_R_SpSu,5016,0.55,Skagit_R,5016,0.44,Snoqualmie_R,5016,0.01,L_Thompson,5,0.00,Nez_PerceT_H,5021,0.00
Area126 (08) troll 38 59,,Washougal_R_Fa,5008,0.89,Skagit_R,5016,0.08,U_Sauk_R_SpSu,5016,0.01,Snoqualmie_R,5016,0.01,Abernathy_NFH_F,5008,0.01
Area126 (08) troll 38 60,,Forks_Cr_H,5028,0.28,Sol_Duc_H,5028,0.20,Trask_R,5015,0.20,S_Umpqua_H,5011,0.09,NanaimoSu_BackX,7,0.04
Area126 (08) troll 38 61,,Nez_PerceT_H,5021,0.55,Hanford_Reach,5026,0.32,Umatilla_H_Fa,5026,0.06,Umpqua_H,5011,0.03,Snoqualmie_R,5016,0.02
Area126 (08) troll 38 62,,Voights_H,5020,0.43,Soos_H,5020,0.20,George_Adams_H,5005,0.14,Clear_Cr_H,5020,0.11,Samish_H,5016,0.08
Area126 (08) troll 46 206,Dupe with 128,Priest_Rapid_H,5026,0.97,Umatilla_H_Fa,5026,0.01,Priest_Rapids_H,5026,0.01,Hanford_Reach,5026,0.00,Wenatchee_R_SF,5026,0.00
Area126 (08) troll 46 63,,Hanford_Reach,5026,0.55,Priest_Rapid_H,5026,0.13,Umatilla_H_Fa,5026,0.11,Wells_H,5026,0.09,Methow_R,5026,0.07
Area126 (08) troll 46 64,,Skagit_R,5016,0.69,Coquille_R,5011,0.16,Millicoma_R,5011,0.04,Shakes_Cr,18,0.04,Marblemount_Hsu,5016,0.02
Area126 (08) troll 46 65,,Snoqualmie_R,5016,0.50,Skykomish_R,5016,0.23,Skagit_R,5016,0.10,L_Skagit_R_Fa,5016,0.10,Bear_Cr_SuFa,5020,0.03
Area126 (08) troll 46 66,,Wells_H,5026,0.81,Hanford_Reach,5026,0.06,Methow_R,5026,0.05,Priest_Rapids_H,5026,0.04,Priest_Rapid_H,5026,0.03
Area126 (08) troll 46 67,,Skagit_R,5016,0.43,George_Adams_H,5005,0.19,Clear_Cr_H,5020,0.10,Voights_H,5020,0.10,Soos_H,5020,0.06
Area126 (08) troll 46 68,,Snoqualmie_R,5016,0.56,Skagit_R,5016,0.35,L_Skagit_R_Fa,5016,0.05,U_Sauk_R_SpSu,5016,0.03,Skykomish_R,5016,0.01
Area126 (08) troll 46 69,,Sol_Duc_H,5028,1.00,Puntledge_F,7,0.00,Snoqualmie_R,5016,0.00,Cowichan,7,0.00,NF_Skokomish_F,5005,0.00
Area126 (08) troll 46 70,,Wenatchee_R_SF,5026,0.50,Priest_Rapid_H,5026,0.42,Wells_H,5026,0.04,Hanford_Reach,5026,0.03,Priest_Rapids_H,5026,0.01
Area126 (08) troll 46 71,,Sol_Duc_H,5028,0.87,Dungeness_R,5006,0.09,Cedar_R_SuFa,5020,0.01,Snoqualmie_R,5016,0.01,Bear_Cr_SuFa,5020,0.01
Area126 (08) troll 46 72,,George_Adams_H,5005,0.38,Cedar_R_SuFa,5020,0.19,Clear_Cr_H,5020,0.16,Bear_Cr_SuFa,5020,0.11,Voights_H,5020,0.06
Area126 (08) troll 46 73,,Hanford_Reach,5026,0.11,Skagit_R,5016,0.10,Priest_Rapid_H,5026,0.10,Nez_PerceT_H,5021,0.10,Umatilla_H_Fa,5026,0.10
Area126 (08) troll 46 74,,Hanford_Reach,5026,0.52,Wenatchee_R_SF,5026,0.37,Wells_H,5026,0.08,Nez_PerceT_H,5021,0.03,Priest_Rapids_H,5026,0.00
Area126 (08) troll 46 75,,George_Adams_H,5005,0.63,Clear_Cr_H,5020,0.14,Bear_Cr_SuFa,5020,0.09,Cedar_R_SuFa,5020,0.06,Hamma_Hamma_R,5005,0.03
Area126 (08) troll 46 76,,Spring_Cr_col,5030,0.99,Abernathy_NFH_F,5008,0.01,Big_Cr_H_Col,5030,0.00,Abernathy_Cr_Fa,5008,0.00,Elochoman_R_Fa,5008,0.00
Area126 (08) troll 46 77,,Wells_H,5026,0.39,Priest_Rapid_H,5026,0.24,Wenatchee_R_SF,5026,0.22,Umatilla_H_Fa,5026,0.12,Hanford_Reach,5026,0.02
Area126 (08) troll 46 78,,U_Sauk_R_SpSu,5016,0.64,Skagit_R,5016,0.27,Marblemount_Hsu,5016,0.08,Harrison,3,0.01,Snoqualmie_R,5016,0.00
Area126 (08) troll 46 79,,L_Thompson,5,0.57,Wells_H,5026,0.16,Hanford_Reach,5026,0.15,Priest_Rapid_H,5026,0.04,Little_R,5,0.02
Area126 (08) troll 46 80,,Harrison,3,0.45,Chilliwack_F,3,0.40,Squingula_R,19,0.15,Chilliwac@Stav,3,0.00,Kitwanga,22,0.00
Area126 (08) troll 46 81,Dupe with 136,Priest_Rapid_H,5026,0.96,Umatilla_H_Fa,5026,0.01,Priest_Rapids_H,5026,0.01,Hanford_Reach,5026,0.01,Wenatchee_R_SF,5026,0.01
Area126 (08) troll 46 82,,Snoqualmie_R,5016,0.51,Skykomish_R,5016,0.23,Skagit_R,5016,0.12,L_Skagit_R_Fa,5016,0.09,Bear_Cr_SuFa,5020,0.02
Area126 (08) troll 46 83,,George_Adams_H,5005,0.43,Skagit_R,5016,0.18,U_Sauk_R_SpSu,5016,0.17,Umatilla_H_Fa,5026,0.09,Snoqualmie_R,5016,0.05
Area126 (08) troll 46 84,,Lewis_R_Su,5008,0.54,Hanford_Reach,5026,0.28,Umatilla_H_Fa,5026,0.14,Kalama_H_sp,5009,0.02,Nez_PerceT_H,5021,0.01
Area126 (08) troll 46 85,,Wells_H,5026,0.39,Wenatchee_R_SF,5026,0.32,Priest_Rapid_H,5026,0.18,Methow_R,5026,0.09,Umatilla_H_Fa,5026,0.01
Area126 (08) troll 46 86,,Harrison,3,0.77,Skagit_R,5016,0.08,L_Skagit_R_Fa,5016,0.05,Snoqualmie_R,5016,0.05,L_Thompson,5,0.03
Area126 (08) troll 46 87,,Wells_H,5026,0.41,Wenatchee_R_SF,5026,0.31,Priest_Rapids_H,5026,0.07,Methow_R,5026,0.07,Umatilla_H_Fa,5026,0.06
Area126 (08) troll 46 88,,Wells_H,5026,0.91,Wenatchee_R_SF,5026,0.09,Priest_Rapid_H,5026,0.00,Bowron,1,0.00,Priest_Rapids_H,5026,0.00
Area126 (08) troll 49 89,,McKenzie_H,5029,1.00,Umatilla_H_Fa,5026,0.00,,,,,,,,,
Area126 (08) troll 49 90,,Trinity_H_sp,5007,1.00,,,,,,,,,,,,
Area126 (08) troll 49 91,,Skagit_R,5016,0.56,U_Sauk_R_SpSu,5016,0.44,L_Skagit_R_Fa,5016,0.00,Snoqualmie_R,5016,0.00,L_Wh_Sal_H_SF,5026,0.00
Area126 (08) troll 49 92,,Skagit_R,5016,0.59,Washougal_R_Fa,5008,0.32,Skykomish_R,5016,0.06,L_Skagit_R_Fa,5016,0.02,U_Sauk_R_SpSu,5016,0.01
Area126 (08) troll 49 93,,Skagit_R,5016,0.67,U_Sauk_R_SpSu,5016,0.28,Marblemount_Hsu,5016,0.04,Skykomish_R,5016,0.01,Snoqualmie_R,5016,0.00
Area126 (08) troll 49 94,,Shakes_Cr,18,0.63,L_Skagit_R_Fa,5016,0.30,Morice_R,21,0.02,Snoqualmie_R,5016,0.02,Harrison,3,0.01
Area126 (08) troll 49 95,,Skagit_R,5016,0.63,Trinity_H_sp,5007,0.17,Snoqualmie_R,5016,0.05,L_Skagit_R_Fa,5016,0.04,Marblemount_Hsu,5016,0.03
Area126 (08) troll 49 96,,NF_Nooksack_H,5016,1.00,,,,,,,,,,,,
Area126 (08) troll 49 97,,U_Sauk_R_SpSu,5016,0.97,Thomas_Cr,23,0.01,L_Skagit_R_Fa,5016,0.00,Skagit_R,5016,0.00,Marblemount_HSp,5016,0.00
Area126 (08) troll 50 18,,Skagit_R,5016,0.49,Snoqualmie_R,5016,0.23,L_Skagit_R_Fa,5016,0.11,Shakes_Cr,18,0.06,Skykomish_R,5016,0.05
Area126 (08) troll 50 19,,George_Adams_H,5005,0.28,Soos_H,5020,0.24,Cedar_R_SuFa,5020,0.15,Voights_H,5020,0.14,Clear_Cr_H,5020,0.11
Area126 (08) troll 50 20,,Lewis_R_Su,5008,0.58,Umpqua_H,5011,0.17,Trask_R,5015,0.13,Skagit_R,5016,0.05,Washougal_R_Fa,5008,0.04
Area126 (08) troll 50 205,,Wenatchee_R_SF,5026,0.77,Hanford_Reach,5026,0.12,Priest_Rapid_H,5026,0.11,Umatilla_H_Fa,5026,0.00,L_Wh_Sal_H_SF,5026,0.00
Area126 (08) troll 50 21,,Harrison,3,0.51,U_Sauk_R_SpSu,5016,0.38,Skagit_R,5016,0.03,Nez_PerceT_H,5021,0.02,Hanford_Reach,5026,0.02
Area126 (08) troll 50 22,,Soos_H,5020,0.27,Clear_Cr_H,5020,0.26,Snoqualmie_R,5016,0.12,Samish_H,5016,0.11,Grovers_Cr_H,5020,0.07
Area126 (08) troll 50 23,,Sol_Duc_H,5028,1.00,Spring_Cr_col,5030,0.00,Lewis_R_Su,5008,0.00,Cowlitz_H_fa,5008,0.00,Priest_Rapid_H,5026,0.00
Area126 (08) troll 50 24,Dupe with 153,Trask_R,5015,1.00,,,,,,,,,,,,
Area126 (08) troll 50 25,Dupe with 152,Trask_R,5015,1.00,,,,,,,,,,,,
Area126 (08) troll 50 26,,McKenzie_H,5029,1.00,N_Santiam_H,5029,0.00,Priest_Rapid_H,5026,0.00,,,,,,
Area126 (08) troll 50 27,,Nanaimo_SP,7,0.78,Nanaimo_SU,7,0.17,Skagit_R,5016,0.02,Nanaimo_F,7,0.02,L_Qualicum,7,0.00
Area126 (08) troll 50 28,,Trinity_H_sp,5007,1.00,,,,,,,,,,,,
Area126 (08) troll 50 29,,Priest_Rapid_H,5026,0.73,Priest_Rapids_H,5026,0.09,Hanford_Reach,5026,0.06,Umatilla_H_Fa,5026,0.06,Wenatchee_R_SF,5026,0.04
Area126 (08) troll 50 30,,Wells_H,5026,0.51,Priest_Rapid_H,5026,0.24,Wenatchee_R_SF,5026,0.13,Hanford_Reach,5026,0.05,Priest_Rapids_H,5026,0.03
Area126 (08) troll 50 31,,NF_Nooksack_H,5016,1.00,,,,,,,,,,,,
Area126 (08) troll 50 32,,Priest_Rapid_H,5026,0.44,Hanford_Reach,5026,0.22,Wenatchee_R_SF,5026,0.19,Wells_H,5026,0.06,Nez_PerceT_H,5021,0.05
Area126 (08) troll 50 33,,Skagit_R,5016,0.85,L_Skagit_R_Fa,5016,0.05,Snoqualmie_R,5016,0.05,Puntledge_F,7,0.03,U_Sauk_R_SpSu,5016,0.01
Area126 (08) troll 50 34,,Wenatchee_R_SF,5026,0.95,Umatilla_H_Fa,5026,0.03,Wells_H,5026,0.01,Hanford_Reach,5026,0.01,Lewis_R_Su,5008,0.00
Area126 (08) troll 50 35,,Wells_H,5026,0.87,Hanford_Reach,5026,0.09,Umatilla_H_Fa,5026,0.03,Nez_PerceT_H,5021,0.00,Wenatchee_R_SF,5026,0.00
Area126 (08) troll 50 36,,Hanford_Reach,5026,0.16,Bear_Cr_SuFa,5020,0.10,Wenatchee_R_SF,5026,0.09,Snoqualmie_R,5016,0.08,Soos_H,5020,0.08
Area126 (08) troll 50 37,,Wells_H,5026,0.90,Priest_Rapid_H,5026,0.04,Hanford_Reach,5026,0.03,Methow_R,5026,0.02,Umatilla_H_Fa,5026,0.00
Area126 (08) troll 50 38,,Washougal_R_Fa,5008,0.44,Lewis_R_Su,5008,0.19,Trask_R,5015,0.10,Abernathy_Cr_Fa,5008,0.09,Umpqua_H,5011,0.06
Area126 (08) troll 50 39,,Priest_Rapid_H,5026,0.51,Priest_Rapids_H,5026,0.20,Hanford_Reach,5026,0.19,Umatilla_H_Fa,5026,0.06,Wells_H,5026,0.01
Area126 (08) troll 50 40,,Wells_H,5026,0.30,Nez_PerceT_H,5021,0.28,Priest_Rapid_H,5026,0.21,Hanford_Reach,5026,0.12,Priest_Rapids_H,5026,0.03
Area126 (08) troll 50 41,,Skagit_R,5016,0.71,NF_Nooksack_H,5016,0.14,U_Sauk_R_SpSu,5016,0.10,Bear_Cr_SuFa,5020,0.01,Puntledge_F,7,0.01
Area126 (08) troll 50 42,,NF_Nooksack_H,5016,1.00,Snoqualmie_R,5016,0.00,U_Sauk_R_SpSu,5016,0.00,Cowichan,7,0.00,Puntledge_F,7,0.00
Area126 (08) troll 50 43,,Skagit_R,5016,0.27,S_Umpqua_H,5011,0.16,Forks_Cr_H,5028,0.09,Abernathy_Cr_Fa,5008,0.09,NanaimoSu_BackX,7,0.07
Area126 (08) troll 50 44,,Spring_Cr_col,5030,0.97,Big_Cr_H_Col,5030,0.02,Washougal_R_Fa,5008,0.00,Abernathy_NFH_F,5008,0.00,Elochoman_H,5030,0.00
Area126 (08) troll 50 45,,Chilliwack_F,3,0.99,Harrison,3,0.01,Chilliwac@Stav,3,0.00,,,,,,
Area126 (08) troll 50 46,,Snoqualmie_R,5016,0.74,Skagit_R,5016,0.15,Puntledge_F,7,0.05,George_Adams_H,5005,0.02,L_Qualicum,7,0.01
Area126 (08) troll 50 47,,Wenatchee_R_SF,5026,0.65,Wells_H,5026,0.18,Methow_R,5026,0.06,Priest_Rapids_H,5026,0.05,Hanford_Reach,5026,0.03
Area126 (08) troll 50 48,,Clear_Cr_H,5020,0.24,George_Adams_H,5005,0.16,Soos_H,5020,0.16,Cedar_R_SuFa,5020,0.12,Snoqualmie_R,5016,0.05
Area126 (08) troll 50 49,,Soos_H,5020,0.46,NF_Skokomish_F,5005,0.13,Clear_Cr_H,5020,0.13,Bear_Cr_SuFa,5020,0.09,Hamma_Hamma_R,5005,0.06
Area126 (08) troll 50 50,,Spring_Cr_col,5030,1.00,Big_Cr_H_Col,5030,0.00,,,,,,,,,
Area126 (08) troll 50 51,,Snoqualmie_R,5016,0.30,George_Adams_H,5005,0.12,Voights_H,5020,0.11,Cedar_R_SuFa,5020,0.07,Puntledge_F,7,0.07
Area126 (08) troll 50 52,,Cowichan,7,1.00,Puntledge_F,7,0.00,Puntledge_BackX,7,0.00,,,,,,
Area126 (08) troll 50 53,,Voights_H,5020,0.28,NF_Nooksack_H,5016,0.26,Skagit_R,5016,0.17,U_Sauk_R_SpSu,5016,0.10,Clear_Cr_H,5020,0.06
Area126 (08) troll 50 54,,Spring_Cr_col,5030,0.92,Big_Cr_H_Col,5030,0.07,Abernathy_NFH_F,5008,0.01,Abernathy_Cr_Fa,5008,0.00,Cowlitz_H_fa,5008,0.00
Area126 (08) troll 50 55,,Washougal_R_Fa,5008,0.89,Abernathy_Cr_Fa,5008,0.02,Millicoma_R,5011,0.02,Skagit_R,5016,0.02,Lewis_R_Su,5008,0.01
Area126 (08) troll 53 10,,Chilliwack_F,3,0.54,Harrison,3,0.42,Coquille_R,5011,0.01,Skagit_R,5016,0.01,S_Coos_R,5011,0.01
Area126 (08) troll 53 11,,George_Adams_H,5005,0.93,Grovers_Cr_H,5020,0.02,Clear_Cr_H,5020,0.02,S_Prairie_Cr,5020,0.01,NF_Skokomish_F,5005,0.01
Area126 (08) troll 53 12,Dupe with 193,Sol_Duc_H,5028,1.00,Washougal_R_Fa,5008,0.00,,,,,,,,,
Area126 (08) troll 53 13,,Spring_Cr_col,5030,0.72,Abernathy_Cr_Fa,5008,0.14,Snoqualmie_R,5016,0.09,Big_Cr_H_Col,5030,0.02,Washougal_R_Fa,5008,0.01
Area126 (08) troll 53 14,,Wells_H,5026,0.92,Priest_Rapid_H,5026,0.06,Hanford_Reach,5026,0.01,Priest_Rapids_H,5026,0.01,Umatilla_H_Fa,5026,0.00
Area126 (08) troll 53 15,,Spring_Cr_col,5030,0.48,Big_Cr_H_Col,5030,0.47,Abernathy_NFH_F,5008,0.05,Elochoman_H,5030,0.00,Abernathy_Cr_Fa,5008,0.00
Area126 (08) troll 53 16,Dupe with 189,Sol_Duc_H,5028,1.00,Washougal_R_Fa,5008,0.00,Sandy_R,5008,0.00,,,,,,
Area126 (08) troll 53 17,,Spring_Cr_col,5030,1.00,Washougal_R_Fa,5008,0.00,Big_Cr_H_Col,5030,0.00,Abernathy_NFH_F,5008,0.00,,,
Area126 (08) troll 53 8,,George_Adams_H,5005,0.41,Soos_H,5020,0.29,Cedar_R_SuFa,5020,0.13,Bear_Cr_SuFa,5020,0.10,Snoqualmie_R,5016,0.02
Area126 (08) troll 53 9,,Spring_Cr_col,5030,1.00,Washougal_R_Fa,5008,0.00,,,,,,,,,
,,,,,,,,,,,,,,,,
Sample: 14, Area126-127,2008, troll, Apr25-May08,,,,,,,,,,,,
Area126-127 (08) troll 116 1,,Skagit_R,5016,0.93,L_Thompson,5,0.03,Queets_R,5028,0.03,U_Sauk_R_SpSu,5016,0.00,Slamgeesh,19,0.00
Area126-127 (08) troll 116 101,,Skagit_R,5016,0.85,NF_Nooksack_H,5016,0.14,U_Skagit_R,5016,0.01,Marblemount_HSp,5016,0.00,Snoqualmie_R,5016,0.00
Area126-127 (08) troll 116 102,,Grovers_Cr_H,5020,0.91,Clear_Cr_H,5020,0.07,UW_H_SuFa,5020,0.01,Cedar_R_SuFa,5020,0.00,L_Thompson,5,0.00
Area126-127 (08) troll 116 103,,Hanford_Reach,5026,0.89,Methow_R,5026,0.06,Lyons_Ferry_H,5021,0.02,Umatilla_H_Fa,5026,0.01,Priest_Rapid_H,5026,0.01
Area126-127 (08) troll 116 104,,Skagit_R,5016,0.90,Sol_Duc_H,5028,0.04,Cowlitz_H_fa,5008,0.02,Lyons_Ferry_H,5021,0.01,Dean,10,0.01
Area126-127 (08) troll 116 105,,Lyons_Ferry_H,5021,0.93,Cowlitz_H_fa,5008,0.05,Hanford_Reach,5026,0.02,Washougal_R_Fa,5008,0.00,Umatilla_H_Fa,5026,0.00
Area126-127 (08) troll 116 106,,Methow_R,5026,0.99,Hanford_Reach,5026,0.00,Skagit_R,5016,0.00,L_Thompson,5,0.00,Umatilla_H_Fa,5026,0.00
Area126-127 (08) troll 116 107,,Lyons_Ferry_H,5021,1.00,L_Wh_Sal_H_SF,5026,0.00,Methow_R,5026,0.00,Hanford_Reach,5026,0.00,,,
Area126-127 (08) troll 116 108,,Hanford_Reach,5026,0.98,Methow_R,5026,0.01,Lyons_Ferry_H,5021,0.00,Umatilla_H_Fa,5026,0.00,ClearwaterRFa,5021,0.00
Area126-127 (08) troll 116 109,,Green_R_Fa,5008,0.69,Cowlitz_H_fa,5008,0.18,Abernathy_Cr_Fa,5008,0.06,Washougal_R_Fa,5008,0.04,Spring_Cr_col,5030,0.02
Area126-127 (08) troll 116 110,,Elk_H,5011,1.00,Sixes_R,5011,0.00,,,,,,,,,
Area126-127 (08) troll 116 111,,Cowichan,7,0.32,Queets_R,5028,0.24,Dungeness_R,5006,0.12,Green_R_Fa,5008,0.11,Cedar_R_SuFa,5020,0.07
Area126-127 (08) troll 116 112,,Hanford_Reach,5026,0.79,Lyons_Ferry_H,5021,0.13,Methow_R,5026,0.07,L_Deschutes_R,5004,0.00,Umatilla_H,5026,0.00
Area126-127 (08) troll 116 113,,Lewis_R_f,5008,0.47,Cowlitz_H_fa,5008,0.22,Washougal_R_Fa,5008,0.11,Abernathy_Cr_Fa,5008,0.07,Sandy_R,5008,0.06
Area126-127 (08) troll 116 114,,Hanford_Reach,5026,0.98,Lyons_Ferry_H,5021,0.01,Methow_R,5026,0.00,Umatilla_H_Fa,5026,0.00,,,
Area126-127 (08) troll 116 115,,Queets_R,5028,0.59,Skagit_R,5016,0.21,Morice_R,21,0.16,Grovers_Cr_H,5020,0.01,Nahlin_R_U,5025,0.00
Area126-127 (08) troll 116 116,,Queets_R,5028,0.97,Hoh_R,5028,0.03,,,,,,,,,
Area126-127 (08) troll 116 117,,Hanford_Reach,5026,0.89,Lyons_Ferry_H,5021,0.11,L_Deschutes_R,5004,0.00,Methow_R,5026,0.00,Priest_Rapids_H,5026,0.00
Area126-127 (08) troll 116 118,,L_Thompson,5,0.96,Hanford_Reach,5026,0.02,L_Deschutes_R,5004,0.01,Umatilla_H_Fa,5026,0.00,Harrison,3,0.00
Area126-127 (08) troll 116 119,,Skagit_R,5016,0.97,Snoqualmie_R,5016,0.01,U_Sauk_R_SpSu,5016,0.01,Cedar_R_SuFa,5020,0.01,Bear_Cr_SuFa,5020,0.00
Area126-127 (08) troll 116 120,,Hanford_Reach,5026,0.52,Lyons_Ferry_H,5021,0.42,Sandy_R,5008,0.03,Umatilla_H_Fa,5026,0.01,L_Wh_Sal_H_SF,5026,0.01
Area126-127 (08) troll 116 121,,Nehalem_R,5015,0.52,Trask_R,5015,0.47,Queets_R,5028,0.00,,,,,,
Area126-127 (08) troll 116 2,,Eagle_R,5,0.97,M_Shuswap,5,0.03,L_Thompson,5,0.00,L_Shuswap,5,0.00,,,
Area126-127 (08) troll 116 3,,Bulkley_Early,21,1.00,,,,,,,,,,,,
Area126-127 (08) troll 116 4,,L_Thompson,5,0.81,Nakina,17,0.16,Little_Tahltan,18,0.01,Nahlin_R_U,5025,0.01,Nakina_R,5025,0.00
Area126-127 (08) troll 116 5,,Lyons_Ferry_H,5021,0.97,Hanford_Reach,5026,0.02,Nez_PerceT_H,5021,0.00,Methow_R,5026,0.00,Priest_Rapids_H,5026,0.00
Area126-127 (08) troll 116 6,,Cedar_R_SuFa,5020,0.24,Nakina,17,0.17,Bulkley_Early,21,0.15,L_Thompson,5,0.12,Little_Tahltan,18,0.10
Area126-127 (08) troll 116 7,,Methow_R,5026,0.90,Hanford_Reach,5026,0.10,Sandy_R,5008,0.00,Umatilla_H,5026,0.00,,,
Area126-127 (08) troll 129 1,,Hanford_Reach,5026,0.99,Lyons_Ferry_H,5021,0.00,Umatilla_H_Fa,5026,0.00,ClearwaterRFa,5021,0.00,Methow_R,5026,0.00
Area126-127 (08) troll 129 10,,Tlupana,8,0.61,Tahsis,8,0.19,Megin_R,8,0.09,Zeballos,8,0.02,Moyeha_R,8,0.02
Area126-127 (08) troll 129 11,,Methow_R,5026,1.00,Hanford_Reach,5026,0.00,,,,,,,,,
Area126-127 (08) troll 129 12,,Lyons_Ferry_H,5021,0.64,Hanford_Reach,5026,0.25,Umatilla_H_Fa,5026,0.04,L_Wh_Sal_H_SF,5026,0.03,L_Deschutes_R,5004,0.02
Area126-127 (08) troll 129 13,,Methow_R,5026,0.52,Hanford_Reach,5026,0.48,Wells_H,5026,0.00,Umatilla_H_Fa,5026,0.00,L_Wh_Sal_H_SF,5026,0.00
Area126-127 (08) troll 129 14,,Methow_R,5026,0.97,Hanford_Reach,5026,0.03,Umatilla_H_Fa,5026,0.00,,,,,,
Area126-127 (08) troll 129 15,,Grovers_Cr_H,5020,0.97,Clear_Cr_H,5020,0.02,Cedar_R_SuFa,5020,0.00,Cowichan,7,0.00,Hanford_Reach,5026,0.00
Area126-127 (08) troll 129 16,,Nakina,17,0.31,Kudwat_Cr,24,0.16,Little_Tahltan,18,0.15,Nahlin_R_U,5025,0.12,Klukshu,24,0.09
Area126-127 (08) troll 129 17,,Hanford_Reach,5026,0.81,Methow_R,5026,0.10,Lyons_Ferry_H,5021,0.06,Umatilla_H,5026,0.02,ClearwaterRFa,5021,0.00
Area126-127 (08) troll 129 18,,Hanford_Reach,5026,0.85,Lyons_Ferry_H,5021,0.11,Umatilla_H_Fa,5026,0.03,Methow_R,5026,0.01,Wells_H,5026,0.00
Area126-127 (08) troll 129 19,,Methow_R,5026,0.96,Lyons_Ferry_H,5021,0.04,Hanford_Reach,5026,0.00,Nez_PerceT_H,5021,0.00,,,
Area126-127 (08) troll 129 2,,Dungeness_R,5006,0.99,Cranberry,11,0.01,,,,,,,,,
Area126-127 (08) troll 129 20,,Methow_R,5026,0.55,Hanford_Reach,5026,0.44,L_Deschutes_R,5004,0.01,Lyons_Ferry_H,5021,0.00,Nez_PerceT_H,5021,0.00
Area126-127 (08) troll 129 21,,N_Santiam_H,5029,0.89,McKenzie_H,5029,0.11,Abernathy_Cr_Fa,5008,0.00,Kalama_H_sp,5009,0.00,Lyons_Ferry_H,5021,0.00
Area126-127 (08) troll 129 22,,Methow_R,5026,0.69,Hanford_Reach,5026,0.29,Lyons_Ferry_H,5021,0.01,L_Wh_Sal_H_SF,5026,0.00,Umatilla_H_Fa,5026,0.00
Area126-127 (08) troll 129 23,,N_Santiam_H,5029,0.89,McKenzie_H,5029,0.11,,,,,,,,,
Area126-127 (08) troll 129 24,,Methow_R,5026,0.97,Hanford_Reach,5026,0.03,Lyons_Ferry_H,5021,0.00,Wenatchee_R_SF,5026,0.00,,,
Area126-127 (08) troll 129 25,,Methow_R,5026,0.56,Hanford_Reach,5026,0.41,Lyons_Ferry_H,5021,0.02,L_Wh_Sal_H_SF,5026,0.00,Priest_Rapid_H,5026,0.00
Area126-127 (08) troll 129 26,,Grovers_Cr_H,5020,0.70,Cedar_R_SuFa,5020,0.14,Skagit_R,5016,0.05,Bear_Cr_SuFa,5020,0.03,Clear_Cr_H,5020,0.03
Area126-127 (08) troll 129 27,,NF_Nooksack_H,5016,0.98,Skagit_R,5016,0.02,,,,,,,,,
Area126-127 (08) troll 129 28,,Methow_R,5026,0.91,Hanford_Reach,5026,0.09,Lewis_R_f,5008,0.00,L_Thompson,5,0.00,Priest_Rapid_H,5026,0.00
Area126-127 (08) troll 129 29,,Cedar_R_SuFa,5020,0.47,Grovers_Cr_H,5020,0.28,Clear_Cr_H,5020,0.21,Hamma_Hamma_R,5005,0.01,Cowichan,7,0.01
Area126-127 (08) troll 129 3,,Grovers_Cr_H,5020,0.99,Clear_Cr_H,5020,0.01,Cedar_R_SuFa,5020,0.00,S_Prairie_Cr,5020,0.00,Voights_H,5020,0.00
Area126-127 (08) troll 129 4,,L_Thompson,5,1.00,Methow_R,5026,0.00,Hanford_Reach,5026,0.00,,,,,,
Area126-127 (08) troll 129 5,,Methow_R,5026,0.65,Hanford_Reach,5026,0.35,Umatilla_H,5026,0.00,Lyons_Ferry_H,5021,0.00,Umatilla_H_Fa,5026,0.00
Area126-127 (08) troll 129 6,,L_Thompson,5,0.63,Hanford_Reach,5026,0.35,Methow_R,5026,0.02,Skagit_R,5016,0.00,U_Skagit_R,5016,0.00
Area126-127 (08) troll 129 7,,Methow_R,5026,0.97,Hanford_Reach,5026,0.03,Priest_Rapid_H,5026,0.00,,,,,,
Area126-127 (08) troll 129 8,,Cedar_R_SuFa,5020,0.45,Clear_Cr_H,5020,0.28,Grovers_Cr_H,5020,0.14,Bear_Cr_SuFa,5020,0.04,Soos_H,5020,0.02
Area126-127 (08) troll 129 9,,Cowichan,7,1.00,,,,,,,,,,,,
,,,,,,,,,,,,,,,,
Sample: 15, Area127,2008, troll, Aug02-Sep13,,,,,,,,,,,,
Area127 (08) troll 215 1,,Hanford_Reach,5026,0.95,Priest_Rapid_H,5026,0.04,Nez_PerceT_H,5021,0.00,Wells_H,5026,0.00,Priest_Rapids_H,5026,0.00
Area127 (08) troll 215 131,,South_Thom,5,0.64,Little_R,5,0.23,L_Thompson,5,0.13,Hanford_Reach,5026,0.00,Methow_R,5026,0.00
Area127 (08) troll 215 132,,Coquille_R,5011,0.97,Coos_H,5011,0.02,S_Coos_R,5011,0.01,Elk_H,5011,0.00,South_Thom,5,0.00
Area127 (08) troll 215 133,,Hanford_Reach,5026,0.97,Marion_Drain_Fa,5026,0.01,Priest_Rapid_H,5026,0.01,Methow_R,5026,0.00,Wells_H,5026,0.00
Area127 (08) troll 215 134,,Lewis_R_LSu,5008,0.41,Coquille_R,5011,0.27,Coos_H,5011,0.23,Hanford_Reach,5026,0.05,S_Coos_R,5011,0.03
Area127 (08) troll 215 135,,L_Thompson,5,0.62,Little_R,5,0.29,South_Thom,5,0.09,L_Cariboo,2,0.00,,,
Area127 (08) troll 215 175,,Hanford_Reach,5026,0.66,Priest_Rapid_H,5026,0.16,Green_R_Fa,5008,0.11,Wells_H,5026,0.02,L_Skagit_R_Fa,5016,0.02
Area127 (08) troll 215 176,,Nehalem_R,5015,1.00,,,,,,,,,,,,
Area127 (08) troll 215 177,,Priest_Rapid_H,5026,0.47,Hanford_Reach,5026,0.46,Methow_R,5026,0.06,Wells_H,5026,0.01,South_Thom,5,0.00
Area127 (08) troll 215 178,,Priest_Rapid_H,5026,0.55,Methow_R,5026,0.27,Hanford_Reach,5026,0.17,Wells_H,5026,0.01,Wenatchee_R_SF,5026,0.00
Area127 (08) troll 215 179,,South_Thom,5,0.49,Little_R,5,0.48,L_Thompson,5,0.03,L_Shuswap,5,0.00,Bessette,5,0.00
Area127 (08) troll 215 180,,South_Thom,5,0.60,Little_R,5,0.40,L_Thompson,5,0.00,,,,,,
Area127 (08) troll 215 181,,South_Thom,5,0.70,L_Thompson,5,0.18,Little_R,5,0.10,Harrison,3,0.02,L_Adams,5,0.00
Area127 (08) troll 215 2,,Big_Qualicum,7,0.91,Puntledge_F,7,0.05,Cedar_R_SuFa,5020,0.03,Puntledge_Su,7,0.01,Cowichan,7,0.00
Area127 (08) troll 215 3,,Chilliwack_F,3,0.70,Harrison,3,0.30,South_Thom,5,0.00,Little_R,5,0.00,Spring_Cr_col,5030,0.00
Area127 (08) troll 215 38,,Hanford_Reach,5026,0.92,Priest_Rapid_H,5026,0.07,Methow_R,5026,0.00,Priest_Rapids_H,5026,0.00,Wells_H,5026,0.00
Area127 (08) troll 215 39,,Hanford_Reach,5026,0.60,Priest_Rapid_H,5026,0.39,Methow_R,5026,0.00,Umatilla_H_Fa,5026,0.00,Wells_H,5026,0.00
Area127 (08) troll 215 4,,Big_Qualicum,7,0.95,Puntledge_F,7,0.05,Cowichan,7,0.00,,,,,,
Area127 (08) troll 215 40,,Harrison,3,1.00,Chilliwack_F,3,0.00,Bear,19,0.00,Queets_R,5028,0.00,,,
Area127 (08) troll 215 41,,Trask_R,5015,0.62,Hanford_Reach,5026,0.22,Necanicum_H,5015,0.09,Makah_H,5028,0.03,Kilchis_R,5015,0.01
Area127 (08) troll 215 42,,Priest_Rapid_H,5026,0.75,Hanford_Reach,5026,0.11,Methow_R,5026,0.07,Wells_H,5026,0.04,Harrison,3,0.03
Area127 (08) troll 215 43,,South_Thom,5,0.46,Little_R,5,0.45,L_Thompson,5,0.08,Priest_Rapid_H,5026,0.01,Hanford_Reach,5026,0.00
Area127 (08) troll 215 44,,Priest_Rapid_H,5026,0.52,Hanford_Reach,5026,0.20,Wells_H,5026,0.20,Priest_Rapids_H,5026,0.05,L_Deschutes_R,5004,0.03
Area127 (08) troll 215 45,,Priest_Rapid_H,5026,0.91,Hanford_Reach,5026,0.04,Priest_Rapids_H,5026,0.03,Umatilla_H_Fa,5026,0.02,L_Deschutes_R,5004,0.00
Area127 (08) troll 215 46,,Harrison,3,0.99,Chilliwack_F,3,0.01,Cedar_R_SuFa,5020,0.00,L_Skagit_R_Fa,5016,0.00,George_Adams_H,5005,0.00
Area127 (08) troll 215 47,,Forks_Cr_H,5028,1.00,,,,,,,,,,,,
Area127 (08) troll 215 48,,Hanford_Reach,5026,0.88,Priest_Rapid_H,5026,0.12,Priest_Rapids_H,5026,0.00,Umatilla_H,5026,0.00,L_Deschutes_R,5004,0.00
Area127 (08) troll 215 49,,Nitinat,8,1.00,Sooke,8,0.00,,,,,,,,,
Area127 (08) troll 215 50,,L_Thompson,5,0.99,Little_R,5,0.01,South_Thom,5,0.01,Forks_Cr_H,5028,0.00,L_Adams,5,0.00
Area127 (08) troll 215 51,,Priest_Rapid_H,5026,0.93,Hanford_Reach,5026,0.07,Umatilla_H_Fa,5026,0.00,Priest_Rapids_H,5026,0.00,Umatilla_H,5026,0.00
Area127 (08) troll 215 52,,Harrison,3,0.96,Chilliwack_F,3,0.01,L_Thompson,5,0.01,South_Thom,5,0.01,Little_R,5,0.00
Area127 (08) troll 215 53,,South_Thom,5,0.72,Little_R,5,0.19,L_Thompson,5,0.08,Salmon@SA,5,0.00,,,
Area127 (08) troll 215 54,,Gold_R,8,1.00,Robertson,8,0.00,,,,,,,,,
Area127 (08) troll 215 55,,L_Thompson,5,0.55,Hanford_Reach,5026,0.18,Harrison,3,0.06,South_Thom,5,0.05,Coquille_R,5011,0.03
Area127 (08) troll 215 56,,L_Thompson,5,0.89,Little_R,5,0.10,South_Thom,5,0.02,Forks_Cr_H,5028,0.00,,,
Area127 (08) troll 215 57,,L_Skagit_R_Fa,5016,0.61,Coquille_R,5011,0.35,NF_Nooksack_H,5016,0.01,L_Thompson,5,0.01,Skagit_R,5016,0.01
Area127 (08) troll 215 58,,South_Thom,5,0.65,Little_R,5,0.31,L_Thompson,5,0.04,L_Adams,5,0.00,L_Shuswap,5,0.00
Area127 (08) troll 215 59,,Chilliwack_F,3,0.90,Harrison,3,0.10,Chilliwac@Stav,3,0.00,Forks_Cr_H,5028,0.00,L_Thompson,5,0.00
Area127 (08) troll 215 60,,Little_R,5,0.46,L_Thompson,5,0.44,South_Thom,5,0.05,Coquille_R,5011,0.03,Makah_H,5028,0.00
Area127 (08) troll 215 61,,Priest_Rapid_H,5026,0.96,Hanford_Reach,5026,0.02,Marion_Drain_Fa,5026,0.01,Priest_Rapids_H,5026,0.00,Methow_R,5026,0.00
Area127 (08) troll 215 62,,L_Thompson,5,0.53,Little_R,5,0.26,South_Thom,5,0.20,Hanford_Reach,5026,0.00,Methow_R,5026,0.00
Area127 (08) troll 215 63,,Spring_Cr_col,5030,1.00,Cowlitz_H_fa,5008,0.00,,,,,,,,,
Area127 (08) troll 215 64,,Hanford_Reach,5026,0.41,Priest_Rapid_H,5026,0.29,Big_Qualicum,7,0.22,Skagit_R,5016,0.04,South_Thom,5,0.01
Area127 (08) troll 215 65,,Trask_R,5015,0.99,Necanicum_H,5015,0.01,Wilson_R,5015,0.00,Kilchis_R,5015,0.00,Coos_H,5011,0.00
Area127 (08) troll 215 66,,Hanford_Reach,5026,0.38,Priest_Rapid_H,5026,0.29,Harrison,3,0.21,Chilliwack_F,3,0.03,S_Umpqua_H,5011,0.03
Area127 (08) troll 216 10,,Little_R,5,0.53,L_Thompson,5,0.23,South_Thom,5,0.20,Hanford_Reach,5026,0.02,Harrison,3,0.01
Area127 (08) troll 216 11,,Cowlitz_H_fa,5008,0.81,Green_R_Fa,5008,0.14,Spring_Cr_col,5030,0.02,Elochoman_R_Fa,5008,0.01,Priest_Rapid_H,5026,0.01
Area127 (08) troll 216 12,,L_Thompson,5,0.96,Little_R,5,0.02,South_Thom,5,0.01,,,,,,
Area127 (08) troll 216 5,,L_Thompson,5,0.94,South_Thom,5,0.05,Little_R,5,0.00,Skagit_R,5016,0.00,Harrison,3,0.00
Area127 (08) troll 216 6,,Pahsimeroi_R,5022,0.26,Nitinat,8,0.19,Gold_R,8,0.08,Sawtooth_H,5022,0.06,Lochsa_R,5022,0.06
Area127 (08) troll 216 7,,Hoh_R,5028,0.37,Queets_R,5028,0.36,Quilayute_R,5028,0.27,L_Skagit_R_Fa,5016,0.00,Coos_H,5011,0.00
Area127 (08) troll 216 8,,Lewis_R_LSu,5008,0.77,Lewis_R_f,5008,0.11,Queets_R,5028,0.08,Cowlitz_H_fa,5008,0.02,Green_R_Fa,5008,0.01
Area127 (08) troll 216 9,,Little_R,5,0.57,South_Thom,5,0.41,L_Thompson,5,0.01,L_Shuswap,5,0.00,,,
Area127 (08) troll 217 13,,Harrison,3,0.54,Chilliwack_F,3,0.46,Big_Qualicum,7,0.00,,,,,,
Area127 (08) troll 217 14,,South_Thom,5,0.81,Little_R,5,0.19,L_Thompson,5,0.00,,,,,,
Area127 (08) troll 217 15,,Chilliwack_F,3,0.86,Harrison,3,0.14,,,,,,,,,
Area127 (08) troll 217 16,,L_Thompson,5,0.38,Little_R,5,0.35,South_Thom,5,0.27,Harrison,3,0.00,Marble@NVI,8,0.00
Area127 (08) troll 217 17,,Coquille_R,5011,1.00,Hanford_Reach,5026,0.00,Priest_Rapid_H,5026,0.00,Elk_H,5011,0.00,,,
Area127 (08) troll 217 18,,Chilliwack_F,3,0.95,Harrison,3,0.05,,,,,,,,,
Area127 (08) troll 217 19,,L_Thompson,5,0.49,South_Thom,5,0.41,Little_R,5,0.08,Harrison,3,0.01,NanaimoSu_BackX,7,0.00
Area127 (08) troll 217 20,,Methow_R,5026,0.28,Priest_Rapid_H,5026,0.24,Skagit_R,5016,0.23,Hanford_Reach,5026,0.12,Wells_H,5026,0.06
Area127 (08) troll 217 21,,Forks_Cr_H,5028,1.00,,,,,,,,,,,,
Area127 (08) troll 217 22,,Queets_R,5028,0.43,L_Skagit_R_Fa,5016,0.18,NanaimoSu_BackX,7,0.13,Hanford_Reach,5026,0.10,Big_Qualicum,7,0.03
Area127 (08) troll 217 23,,Chilliwack_F,3,0.79,Harrison,3,0.20,Hanford_Reach,5026,0.00,Priest_Rapid_H,5026,0.00,L_Thompson,5,0.00
Area127 (08) troll 217 24,,Forks_Cr_H,5028,0.99,Trask_R,5015,0.01,Queets_R,5028,0.00,Hoh_R,5028,0.00,,,
Area127 (08) troll 217 25,,Lewis_R_LSu,5008,0.58,Cowlitz_H_fa,5008,0.18,Green_R_Fa,5008,0.13,Lewis_R_f,5008,0.08,Abernathy_Cr_Fa,5008,0.03
Area127 (08) troll 217 26,,L_Thompson,5,0.88,Little_R,5,0.09,South_Thom,5,0.03,Hanford_Reach,5026,0.00,Priest_Rapid_H,5026,0.00
Area127 (08) troll 217 27,,Priest_Rapid_H,5026,0.98,Hanford_Reach,5026,0.02,Marion_Drain_Fa,5026,0.00,,,,,,
Area127 (08) troll 217 28,,Hanford_Reach,5026,0.93,Priest_Rapid_H,5026,0.05,Priest_Rapids_H,5026,0.02,Methow_R,5026,0.00,Wells_H,5026,0.00
Area127 (08) troll 217 29,,Coquille_R,5011,0.94,Trask_R,5015,0.03,Coos_H,5011,0.02,S_Umpqua_H,5011,0.00,Yaquina_R,5015,0.00
Area127 (08) troll 217 30,,L_Thompson,5,1.00,South_Thom,5,0.00,Little_R,5,0.00,Harrison,3,0.00,,,
Area127 (08) troll 217 31,,Nitinat,8,1.00,Toquart,8,0.00,Sooke,8,0.00,,,,,,
Area127 (08) troll 217 32,,South_Thom,5,0.50,L_Thompson,5,0.37,Little_R,5,0.13,L_Shuswap,5,0.00,Coos_H,5011,0.00
Area127 (08) troll 217 33,,Big_Qualicum,7,0.90,L_Skagit_R_Fa,5016,0.02,Cedar_R_SuFa,5020,0.02,Puntledge_F,7,0.02,Clear_Cr_H,5020,0.02
Area127 (08) troll 217 34,,Makah_H,5028,0.99,Hoh_R,5028,0.01,L_Skagit_R_Fa,5016,0.00,,,,,,
Area127 (08) troll 217 35,,Cedar_R_SuFa,5020,0.57,L_Skagit_R_Fa,5016,0.15,Big_Qualicum,7,0.12,Clear_Cr_H,5020,0.07,Samish_H,5016,0.04
Area127 (08) troll 217 36,,South_Thom,5,0.60,Little_R,5,0.33,L_Thompson,5,0.06,NanaimoSu_BackX,7,0.00,Priest_Rapid_H,5026,0.00
Area127 (08) troll 217 37,,Trask_R,5015,1.00,Wilson_R,5015,0.00,Nehalem_R,5015,0.00,Salmon_R_f,5015,0.00,Kilchis_R,5015,0.00
Area127 (08) troll 218 182,,Hanford_Reach,5026,0.80,Priest_Rapid_H,5026,0.18,Methow_R,5026,0.01,Wells_H,5026,0.00,Priest_Rapids_H,5026,0.00
Area127 (08) troll 218 183,,Coquille_R,5011,0.71,Queets_R,5028,0.22,Hoh_R,5028,0.05,South_Thom,5,0.01,Elk_H,5011,0.01
Area127 (08) troll 218 184,,Forks_Cr_H,5028,0.56,Queets_R,5028,0.15,Trask_R,5015,0.12,Coquille_R,5011,0.05,Hoh_R,5028,0.03
Area127 (08) troll 218 185,,Little_R,5,0.69,South_Thom,5,0.30,L_Thompson,5,0.00,L_Skagit_R_Fa,5016,0.00,,,
Area127 (08) troll 218 186,,Forks_Cr_H,5028,0.99,Little_R,5,0.01,L_Thompson,5,0.00,Harrison,3,0.00,Makah_H,5028,0.00
Area127 (08) troll 218 187,,L_Thompson,5,0.46,South_Thom,5,0.32,Little_R,5,0.20,Hanford_Reach,5026,0.02,NF_Nooksack_H,5016,0.00
Area127 (08) troll 218 188,,Trask_R,5015,0.28,Forks_Cr_H,5028,0.11,L_Thompson,5,0.07,Coos_H,5011,0.06,Skagit_R,5016,0.05
Area127 (08) troll 218 189,,Queets_R,5028,0.59,NanaimoSu_BackX,7,0.10,Skagit_R,5016,0.09,Big_Qualicum,7,0.05,Hanford_Reach,5026,0.04
Area127 (08) troll 218 190,,Hanford_Reach,5026,0.50,Priest_Rapid_H,5026,0.41,Methow_R,5026,0.06,Wells_H,5026,0.02,Umatilla_H_Fa,5026,0.00
Area127 (08) troll 218 191,,South_Thom,5,0.56,L_Thompson,5,0.20,Little_R,5,0.20,Hanford_Reach,5026,0.02,Wells_H,5026,0.01
Area127 (08) troll 218 192,,South_Thom,5,0.69,Little_R,5,0.30,L_Thompson,5,0.00,Harrison,3,0.00,NanaimoSu_BackX,7,0.00
Area127 (08) troll 218 193,,Tlupana,8,0.89,Conuma,8,0.07,Megin_R,8,0.02,Zeballos,8,0.02,Tahsis,8,0.01
Area127 (08) troll 218 194,,South_Thom,5,0.49,L_Thompson,5,0.39,Little_R,5,0.13,,,,,,
Area127 (08) troll 218 195,,South_Thom,5,0.68,Little_R,5,0.27,L_Thompson,5,0.04,Harrison,3,0.00,Skagit_R,5016,0.00
Area127 (08) troll 218 196,,South_Thom,5,0.61,Little_R,5,0.28,L_Thompson,5,0.11,L_Shuswap,5,0.00,Harrison,3,0.00
Area127 (08) troll 218 197,,Nitinat,8,1.00,Sooke,8,0.00,,,,,,,,,
Area127 (08) troll 218 198,,South_Thom,5,0.95,L_Shuswap,5,0.03,L_Thompson,5,0.01,Little_R,5,0.01,M_Shuswap,5,0.00
Area127 (08) troll 218 199,,L_Thompson,5,0.97,Little_R,5,0.02,Hanford_Reach,5026,0.01,Priest_Rapid_H,5026,0.00,South_Thom,5,0.00
Area127 (08) troll 218 200,,South_Thom,5,0.47,Little_R,5,0.47,L_Thompson,5,0.06,L_Adams,5,0.00,Harrison,3,0.00
Area127 (08) troll 218 201,,Little_R,5,0.52,South_Thom,5,0.45,L_Thompson,5,0.02,NanaimoSu_BackX,7,0.00,Hanford_Reach,5026,0.00
Area127 (08) troll 218 202,,Harrison,3,0.84,Chilliwack_F,3,0.16,Lewis_R_LSu,5008,0.00,NF_Nooksack_H,5016,0.00,Little_Tatsam,17,0.00
Area127 (08) troll 218 203,,Little_R,5,0.52,L_Thompson,5,0.34,South_Thom,5,0.14,Priest_Rapid_H,5026,0.00,,,
Area127 (08) troll 218 204,,Big_Qualicum,7,0.92,Puntledge_F,7,0.06,Cowichan,7,0.02,Cheakamus_F,9,0.00,L_Qualicum,7,0.00
Area127 (08) troll 218 205,,Little_R,5,0.64,South_Thom,5,0.29,L_Thompson,5,0.07,Harrison,3,0.00,Priest_Rapid_H,5026,0.00
Area127 (08) troll 218 206,,NF_Nooksack_H,5016,0.84,Skagit_R,5016,0.07,L_Skagit_R_Fa,5016,0.02,Green_R_Fa,5008,0.02,NanaimoSu_BackX,7,0.02
Area127 (08) troll 218 207,,Hanford_Reach,5026,0.99,Priest_Rapid_H,5026,0.01,Elk_H,5011,0.00,Chetco_R,5012,0.00,S_Umpqua_H,5011,0.00
Area127 (08) troll 218 208,,Little_R,5,0.58,South_Thom,5,0.32,L_Thompson,5,0.10,Hanford_Reach,5026,0.00,NF_Nooksack_H,5016,0.00
Area127 (08) troll 218 209,,Lewis_R_LSu,5008,0.93,Lewis_R_f,5008,0.07,Cowlitz_H_fa,5008,0.01,Spring_Cr_col,5030,0.00,Sandy_R,5008,0.00
Area127 (08) troll 218 210,,Hanford_Reach,5026,0.94,Priest_Rapid_H,5026,0.03,Priest_Rapids_H,5026,0.02,Wells_H,5026,0.00,Umatilla_H_Fa,5026,0.00
Area127 (08) troll 218 211,,Spring_Cr_col,5030,0.99,Cowlitz_H_fa,5008,0.01,Abernathy_Cr_Fa,5008,0.00,,,,,,
Area127 (08) troll 218 212,,South_Thom,5,0.45,Little_R,5,0.35,L_Thompson,5,0.20,Harrison,3,0.00,,,
Area127 (08) troll 218 213,,L_Cariboo,2,0.95,Quesnel,2,0.03,Portage_C,2,0.01,U_Cariboo,2,0.01,Slim_C,1,0.00
Area127 (08) troll 218 214,,Little_R,5,0.54,South_Thom,5,0.10,L_Thompson,5,0.10,Big_Qualicum,7,0.06,Skagit_R,5016,0.03
Area127 (08) troll 218 215,,Hanford_Reach,5026,0.76,Priest_Rapid_H,5026,0.21,Methow_R,5026,0.01,NF_Nooksack_H,5016,0.01,Priest_Rapids_H,5026,0.01
Area127 (08) troll 218 216,,Little_R,5,0.84,South_Thom,5,0.10,L_Thompson,5,0.06,Hanford_Reach,5026,0.00,L_Adams,5,0.00
Area127 (08) troll 218 217,,L_Thompson,5,0.76,Little_R,5,0.16,South_Thom,5,0.08,Hanford_Reach,5026,0.00,Harrison,3,0.00
Area127 (08) troll 218 218,,South_Thom,5,0.94,Little_R,5,0.04,L_Thompson,5,0.02,,,,,,
Area127 (08) troll 218 219,,Big_Qualicum,7,0.84,L_Skagit_R_Fa,5016,0.06,Cedar_R_SuFa,5020,0.05,Puntledge_F,7,0.04,L_Qualicum,7,0.00
Area127 (08) troll 218 220,,South_Thom,5,0.60,Little_R,5,0.39,L_Thompson,5,0.01,Hanford_Reach,5026,0.00,S_Umpqua_H,5011,0.00
Area127 (08) troll 218 221,,Hanford_Reach,5026,0.69,Priest_Rapid_H,5026,0.28,Wells_H,5026,0.02,Harrison,3,0.00,L_Deschutes_R,5004,0.00
Area127 (08) troll 218 222,,Nitinat,8,1.00,,,,,,,,,,,,
Area127 (08) troll 218 223,,Little_R,5,0.95,South_Thom,5,0.04,L_Thompson,5,0.02,Hanford_Reach,5026,0.00,,,
Area127 (08) troll 218 224,,Clear_Cr_H,5020,0.54,L_Skagit_R_Fa,5016,0.23,Cedar_R_SuFa,5020,0.12,Skagit_R,5016,0.05,George_Adams_H,5005,0.03
Area127 (08) troll 218 225,,Big_Qualicum,7,0.76,Hanford_Reach,5026,0.20,Puntledge_F,7,0.02,Priest_Rapid_H,5026,0.01,Cedar_R_SuFa,5020,0.00
Area127 (08) troll 218 226,,Hanford_Reach,5026,0.50,Priest_Rapid_H,5026,0.20,L_Thompson,5,0.10,Wells_H,5026,0.08,Methow_R,5026,0.07
Area127 (08) troll 218 227,,Harrison,3,0.86,Chilliwack_F,3,0.13,L_Skagit_R_Fa,5016,0.00,L_Thompson,5,0.00,South_Thom,5,0.00
Area127 (08) troll 218 228,,South_Thom,5,0.61,Little_R,5,0.35,L_Thompson,5,0.04,Priest_Rapid_H,5026,0.00,Salmon@SA,5,0.00
Area127 (08) troll 251 100,,Forks_Cr_H,5028,0.44,Coquille_R,5011,0.41,Trask_R,5015,0.09,Coos_H,5011,0.04,S_Coos_R,5011,0.00
Area127 (08) troll 251 101,,Queets_R,5028,0.53,Forks_Cr_H,5028,0.27,Trask_R,5015,0.19,Wilson_R,5015,0.00,Hoh_R,5028,0.00
Area127 (08) troll 251 102,,Spring_Cr_col,5030,0.98,Abernathy_Cr_Fa,5008,0.02,Elochoman_H,5030,0.00,,,,,,
Area127 (08) troll 251 103,,NF_Nooksack_H,5016,0.99,Skagit_R,5016,0.01,Coquille_R,5011,0.00,Trask_R,5015,0.00,Bear,19,0.00
Area127 (08) troll 251 104,,Forks_Cr_H,5028,0.58,S_Umpqua_H,5011,0.24,Hoh_R,5028,0.08,Trask_R,5015,0.04,Quilayute_R,5028,0.04
Area127 (08) troll 251 105,,Harrison,3,0.77,Chilliwack_F,3,0.22,Gold_R,8,0.01,Chilliwac@Stav,3,0.00,Capilano,9,0.00
Area127 (08) troll 251 106,,Chilliwack_F,3,0.73,Harrison,3,0.22,Forks_Cr_H,5028,0.03,Skagit_R,5016,0.01,Trask_R,5015,0.00
Area127 (08) troll 251 107,,Priest_Rapid_H,5026,0.87,Hanford_Reach,5026,0.10,Priest_Rapids_H,5026,0.02,Methow_R,5026,0.01,Wells_H,5026,0.01
Area127 (08) troll 251 108,,Lewis_R_LSu,5008,0.91,Cowlitz_H_fa,5008,0.08,Lewis_R_f,5008,0.01,Green_R_Fa,5008,0.00,Sandy_R,5008,0.00
Area127 (08) troll 251 109,,Queets_R,5028,0.64,Hoh_R,5028,0.36,Quilayute_R,5028,0.00,,,,,,
Area127 (08) troll 251 110,,Cowlitz_H_fa,5008,0.70,Green_R_Fa,5008,0.18,Lewis_R_f,5008,0.12,Washougal_R_Fa,5008,0.00,,,
Area127 (08) troll 251 111,,Priest_Rapid_H,5026,0.62,Harrison,3,0.21,Hanford_Reach,5026,0.10,Chilliwack_F,3,0.06,Methow_R,5026,0.01
Area127 (08) troll 251 112,,Big_Qualicum,7,0.95,Puntledge_F,7,0.04,Skagit_R,5016,0.01,L_Skagit_R_Fa,5016,0.00,Green_R_Fa,5008,0.00
Area127 (08) troll 251 113,,Queets_R,5028,0.64,Hoh_R,5028,0.33,Forks_Cr_H,5028,0.01,Trask_R,5015,0.00,S_Umpqua_H,5011,0.00
Area127 (08) troll 251 114,,South_Thom,5,0.86,Little_R,5,0.08,L_Thompson,5,0.06,Hanford_Reach,5026,0.00,,,
Area127 (08) troll 251 115,,Harrison,3,0.91,Queets_R,5028,0.06,NanaimoSu_BackX,7,0.01,Capilano,9,0.01,Big_Qualicum,7,0.01
Area127 (08) troll 251 116,,Hanford_Reach,5026,0.90,Priest_Rapid_H,5026,0.07,Marion_Drain_Fa,5026,0.02,Wells_H,5026,0.01,Priest_Rapids_H,5026,0.01
Area127 (08) troll 251 117,,Kennedy,8,0.58,Gold_R,8,0.27,Hoh_R,5028,0.06,Forks_Cr_H,5028,0.05,Queets_R,5028,0.02
Area127 (08) troll 251 118,,Harrison,3,0.93,L_Skagit_R_Fa,5016,0.05,Hanford_Reach,5026,0.01,Priest_Rapid_H,5026,0.00,Chilliwack_F,3,0.00
Area127 (08) troll 251 119,,Cedar_R_SuFa,5020,0.30,Priest_Rapid_H,5026,0.27,Hanford_Reach,5026,0.23,Harrison,3,0.07,L_Skagit_R_Fa,5016,0.04
Area127 (08) troll 251 120,,Big_Qualicum,7,0.96,Puntledge_F,7,0.03,Nanaimo_F,7,0.00,Cowichan,7,0.00,Puntledge_BackX,7,0.00
Area127 (08) troll 251 121,,Cedar_R_SuFa,5020,0.71,Clear_Cr_H,5020,0.18,Samish_H,5016,0.10,Bear_Cr_SuFa,5020,0.01,NF_Skokomish_F,5005,0.00
Area127 (08) troll 251 122,,Priest_Rapid_H,5026,0.81,Hanford_Reach,5026,0.16,Methow_R,5026,0.02,Wells_H,5026,0.00,Priest_Rapids_H,5026,0.00
Area127 (08) troll 251 123,,Hanford_Reach,5026,0.73,Priest_Rapid_H,5026,0.23,Umatilla_H_Fa,5026,0.01,L_Skagit_R_Fa,5016,0.01,L_Wh_Sal_H_SF,5026,0.00
Area127 (08) troll 251 124,,Trask_R,5015,0.98,Wilson_R,5015,0.01,Kilchis_R,5015,0.00,Queets_R,5028,0.00,Necanicum_H,5015,0.00
Area127 (08) troll 251 125,,Nitinat,8,1.00,Toquart,8,0.00,,,,,,,,,
Area127 (08) troll 251 126,,Hanford_Reach,5026,0.74,Priest_Rapid_H,5026,0.23,NanaimoSu_BackX,7,0.01,L_Deschutes_R,5004,0.00,L_Skagit_R_Fa,5016,0.00
Area127 (08) troll 251 229,,Priest_Rapid_H,5026,0.52,Methow_R,5026,0.31,Hanford_Reach,5026,0.07,Wells_H,5026,0.06,Wenatchee_R_SF,5026,0.02
Area127 (08) troll 251 230,,Methow_R,5026,0.81,Wells_H,5026,0.12,Little_R,5,0.03,Wenatchee_R_SF,5026,0.02,Priest_Rapid_H,5026,0.01
Area127 (08) troll 251 231,,Cedar_R_SuFa,5020,0.60,Samish_H,5016,0.16,L_Skagit_R_Fa,5016,0.13,Hanford_Reach,5026,0.05,Soos_H,5020,0.02
Area127 (08) troll 251 232,,Hoh_R,5028,0.40,Trask_R,5015,0.19,L_Skagit_R_Fa,5016,0.14,Queets_R,5028,0.13,Quilayute_R,5028,0.04
Area127 (08) troll 251 233,,Hanford_Reach,5026,0.87,Priest_Rapid_H,5026,0.06,Methow_R,5026,0.04,Priest_Rapids_H,5026,0.01,Marion_Drain_Fa,5026,0.01
Area127 (08) troll 251 235,,Forks_Cr_H,5028,1.00,Trask_R,5015,0.00,S_Umpqua_H,5011,0.00,Coos_H,5011,0.00,Hoh_R,5028,0.00
Area127 (08) troll 251 236,,Hanford_Reach,5026,0.86,Priest_Rapid_H,5026,0.11,Priest_Rapids_H,5026,0.02,Umatilla_H_Fa,5026,0.01,Wells_H,5026,0.00
Area127 (08) troll 251 237,,Hanford_Reach,5026,0.62,Priest_Rapid_H,5026,0.29,Methow_R,5026,0.04,Priest_Rapids_H,5026,0.03,L_Wh_Sal_H_SF,5026,0.01
Area127 (08) troll 251 238,,Priest_Rapid_H,5026,0.88,Hanford_Reach,5026,0.06,Methow_R,5026,0.05,Priest_Rapids_H,5026,0.00,Wells_H,5026,0.00
Area127 (08) troll 251 239,,Harrison,3,1.00,Chilliwack_F,3,0.00,L_Skagit_R_Fa,5016,0.00,Priest_Rapid_H,5026,0.00,L_Thompson,5,0.00
Area127 (08) troll 251 240,,Chilliwack_F,3,1.00,L_Thompson,5,0.00,Harrison,3,0.00,Gold_R,8,0.00,,,
Area127 (08) troll 251 241,,Trask_R,5015,0.59,Queets_R,5028,0.31,Wilson_R,5015,0.05,Coquille_R,5011,0.02,S_Umpqua_H,5011,0.01
Area127 (08) troll 251 242,,Priest_Rapid_H,5026,0.89,Hanford_Reach,5026,0.08,Priest_Rapids_H,5026,0.01,Umatilla_H_Fa,5026,0.01,Umatilla_H,5026,0.00
Area127 (08) troll 251 243,,Forks_Cr_H,5028,0.72,Trask_R,5015,0.23,Humptulips_H,5028,0.02,Queets_R,5028,0.01,Hoh_R,5028,0.01
Area127 (08) troll 251 244,,Trask_R,5015,0.83,L_Skagit_R_Fa,5016,0.13,Salmon_R_f,5015,0.01,Wilson_R,5015,0.01,Necanicum_H,5015,0.01
Area127 (08) troll 251 245,,Spring_Cr_col,5030,1.00,Abernathy_Cr_Fa,5008,0.00,Green_R_Fa,5008,0.00,Washougal_R_Fa,5008,0.00,,,
Area127 (08) troll 251 246,,Skagit_R,5016,0.93,L_Skagit_R_Fa,5016,0.05,Samish_H,5016,0.01,Big_Qualicum,7,0.01,Puntledge_F,7,0.00
Area127 (08) troll 251 247,,Lewis_R_LSu,5008,0.46,Trask_R,5015,0.39,Queets_R,5028,0.09,Coos_H,5011,0.04,S_Coos_R,5011,0.01
Area127 (08) troll 251 248,,L_Skagit_R_Fa,5016,0.80,Forks_Cr_H,5028,0.10,Harrison,3,0.06,NanaimoSu_BackX,7,0.01,Hanford_Reach,5026,0.01
Area127 (08) troll 251 249,,Hanford_Reach,5026,0.45,Priest_Rapid_H,5026,0.32,Methow_R,5026,0.13,Priest_Rapids_H,5026,0.07,Wells_H,5026,0.03
Area127 (08) troll 251 250,,Trask_R,5015,0.97,Wilson_R,5015,0.02,Salmon_R_f,5015,0.00,Necanicum_H,5015,0.00,Kilchis_R,5015,0.00
Area127 (08) troll 251 251,,Harrison,3,1.00,Coquille_R,5011,0.00,Chilliwack_F,3,0.00,Trask_R,5015,0.00,Coos_H,5011,0.00
Area127 (08) troll 251 252,,Hanford_Reach,5026,0.87,Priest_Rapid_H,5026,0.12,Wells_H,5026,0.00,Priest_Rapids_H,5026,0.00,Methow_R,5026,0.00
Area127 (08) troll 251 253,,Lewis_R_LSu,5008,0.90,Lewis_R_f,5008,0.07,Hanford_Reach,5026,0.02,Sandy_R,5008,0.01,Lewis_R_Su,5008,0.00
Area127 (08) troll 251 254,,Nehalem_R,5015,1.00,,,,,,,,,,,,
Area127 (08) troll 251 255,,Trask_R,5015,0.99,Wilson_R,5015,0.01,Necanicum_H,5015,0.00,Coquille_R,5011,0.00,,,
Area127 (08) troll 251 256,,Harrison,3,0.74,Chilliwack_F,3,0.25,L_Thompson,5,0.00,Hanford_Reach,5026,0.00,Capilano,9,0.00
Area127 (08) troll 251 257,,Coquille_R,5011,0.46,Queets_R,5028,0.42,Trask_R,5015,0.09,Coos_H,5011,0.01,S_Coos_R,5011,0.01
Area127 (08) troll 251 258,,Hoh_R,5028,0.46,Queets_R,5028,0.40,Quilayute_R,5028,0.11,Forks_Cr_H,5028,0.02,L_Skagit_R_Fa,5016,0.01
Area127 (08) troll 251 259,,Forks_Cr_H,5028,0.99,Queets_R,5028,0.00,Humptulips_H,5028,0.00,Hoh_R,5028,0.00,,,
Area127 (08) troll 251 260,,Priest_Rapid_H,5026,0.38,Methow_R,5026,0.35,Hanford_Reach,5026,0.11,Little_R,5,0.07,Wells_H,5026,0.05
Area127 (08) troll 251 261,,Cedar_R_SuFa,5020,0.60,Clear_Cr_H,5020,0.29,Samish_H,5016,0.04,George_Adams_H,5005,0.03,L_Skagit_R_Fa,5016,0.02
Area127 (08) troll 251 262,,South_Thom,5,0.92,L_Thompson,5,0.07,Little_R,5,0.01,Bessette,5,0.00,Makah_H,5028,0.00
Area127 (08) troll 251 263,,Hoh_R,5028,0.57,Queets_R,5028,0.39,Quilayute_R,5028,0.04,Forks_Cr_H,5028,0.00,Lewis_R_LSu,5008,0.00
Area127 (08) troll 251 264,,Priest_Rapid_H,5026,0.88,Hanford_Reach,5026,0.10,Wenatchee_R_SF,5026,0.01,Priest_Rapids_H,5026,0.01,Methow_R,5026,0.00
Area127 (08) troll 251 265,,Hanford_Reach,5026,0.68,Priest_Rapid_H,5026,0.19,South_Thom,5,0.07,Little_R,5,0.03,Lewis_R_LSu,5008,0.01
Area127 (08) troll 251 266,,Spring_Cr_col,5030,0.97,Abernathy_Cr_Fa,5008,0.02,Lewis_R_f,5008,0.01,Lewis_R_LSu,5008,0.00,Elochoman_R_Fa,5008,0.00
Area127 (08) troll 251 267,,Priest_Rapid_H,5026,0.67,Hanford_Reach,5026,0.18,Wells_H,5026,0.09,Methow_R,5026,0.04,Priest_Rapids_H,5026,0.01
Area127 (08) troll 251 268,,Priest_Rapid_H,5026,0.61,Hanford_Reach,5026,0.34,Methow_R,5026,0.05,Wells_H,5026,0.00,Priest_Rapids_H,5026,0.00
Area127 (08) troll 251 269,,Cedar_R_SuFa,5020,0.35,L_Skagit_R_Fa,5016,0.22,Harrison,3,0.14,Skagit_R,5016,0.14,George_Adams_H,5005,0.05
Area127 (08) troll 251 270,,Priest_Rapid_H,5026,0.81,Hanford_Reach,5026,0.11,Methow_R,5026,0.04,South_Thom,5,0.02,Wells_H,5026,0.01
Area127 (08) troll 251 271,,Hanford_Reach,5026,0.91,Priest_Rapid_H,5026,0.08,Wells_H,5026,0.00,Umatilla_H_Fa,5026,0.00,Priest_Rapids_H,5026,0.00
Area127 (08) troll 251 272,,Priest_Rapid_H,5026,0.57,Methow_R,5026,0.22,Wells_H,5026,0.15,Hanford_Reach,5026,0.04,Priest_Rapids_H,5026,0.01
Area127 (08) troll 251 273,,Hoh_R,5028,0.54,Queets_R,5028,0.36,NanaimoSu_BackX,7,0.05,Quilayute_R,5028,0.02,L_Skagit_R_Fa,5016,0.01
Area127 (08) troll 251 274,,Trask_R,5015,0.97,Wilson_R,5015,0.03,Necanicum_H,5015,0.00,Kilchis_R,5015,0.00,Nehalem_R,5015,0.00
Area127 (08) troll 251 275,,Hanford_Reach,5026,0.93,Priest_Rapid_H,5026,0.07,Wells_H,5026,0.00,Priest_Rapids_H,5026,0.00,Nez_PerceT_H,5021,0.00
Area127 (08) troll 251 276,,Cedar_R_SuFa,5020,0.64,L_Skagit_R_Fa,5016,0.18,Samish_H,5016,0.13,Clear_Cr_H,5020,0.03,Bear_Cr_SuFa,5020,0.01
Area127 (08) troll 251 277,,Cedar_R_SuFa,5020,0.59,Big_Qualicum,7,0.18,Clear_Cr_H,5020,0.15,Puntledge_F,7,0.03,George_Adams_H,5005,0.02
Area127 (08) troll 251 278,,Coquille_R,5011,0.89,S_Umpqua_H,5011,0.05,Trask_R,5015,0.03,Coos_H,5011,0.02,S_Coos_R,5011,0.01
Area127 (08) troll 251 279,,Chilliwack_F,3,0.92,Harrison,3,0.08,Gold_R,8,0.00,L_Skagit_R_Fa,5016,0.00,,,
Area127 (08) troll 251 280,,Puntledge_Su,7,1.00,Puntledge_F,7,0.00,Big_Qualicum,7,0.00,Nanaimo_F,7,0.00,Puntledge_BackX,7,0.00
Area127 (08) troll 251 281,,Elk_H,5011,0.71,Coquille_R,5011,0.28,Sixes_R,5011,0.00,Coos_H,5011,0.00,Chetco_R,5012,0.00
Area127 (08) troll 251 282,,Trask_R,5015,0.99,Wilson_R,5015,0.00,Coquille_R,5011,0.00,S_Coos_R,5011,0.00,Kilchis_R,5015,0.00
Area127 (08) troll 251 283,,Forks_Cr_H,5028,0.98,Coos_H,5011,0.01,Trask_R,5015,0.00,L_Skagit_R_Fa,5016,0.00,Queets_R,5028,0.00
Area127 (08) troll 251 284,,Queets_R,5028,0.52,Hoh_R,5028,0.33,Quilayute_R,5028,0.10,Skagit_R,5016,0.01,L_Skagit_R_Fa,5016,0.01
Area127 (08) troll 251 285,,Big_Qualicum,7,0.31,Cedar_R_SuFa,5020,0.22,Clear_Cr_H,5020,0.16,NF_Nooksack_H,5016,0.14,L_Skagit_R_Fa,5016,0.05
Area127 (08) troll 251 286,,Priest_Rapid_H,5026,0.96,Priest_Rapids_H,5026,0.01,Hanford_Reach,5026,0.01,Methow_R,5026,0.01,Umatilla_H_Fa,5026,0.00
Area127 (08) troll 251 287,,Lewis_R_LSu,5008,0.46,Cowlitz_H_fa,5008,0.37,Lewis_R_f,5008,0.16,Abernathy_Cr_Fa,5008,0.00,Green_R_Fa,5008,0.00
Area127 (08) troll 251 288,,Trask_R,5015,0.71,Queets_R,5028,0.14,Coquille_R,5011,0.08,Hoh_R,5028,0.04,Wilson_R,5015,0.01
Area127 (08) troll 251 289,,Gold_R,8,0.99,Robertson,8,0.01,Thornton,8,0.00,Kennedy,8,0.00,,,
Area127 (08) troll 251 290,,Spring_Cr_col,5030,1.00,Green_R_Fa,5008,0.00,,,,,,,,,
Area127 (08) troll 251 291,,Chilliwack_F,3,0.85,Harrison,3,0.14,Capilano,9,0.00,Lewis_R_f,5008,0.00,Skagit_R,5016,0.00
Area127 (08) troll 251 293,,Queets_R,5028,0.65,Coquille_R,5011,0.22,S_Coos_R,5011,0.11,Coos_H,5011,0.01,S_Umpqua_H,5011,0.00
Area127 (08) troll 251 294,,Little_R,5,0.64,L_Thompson,5,0.25,Forks_Cr_H,5028,0.02,South_Thom,5,0.02,Cowlitz_H_fa,5008,0.02
Area127 (08) troll 251 295,,Chilliwack_F,3,0.81,Harrison,3,0.11,South_Thom,5,0.02,Hanford_Reach,5026,0.02,NanaimoSu_BackX,7,0.01
Area127 (08) troll 251 296,,NF_Nooksack_H,5016,1.00,,,,,,,,,,,,
Area127 (08) troll 251 297,,Harrison,3,0.59,Chilliwack_F,3,0.34,L_Thompson,5,0.05,South_Thom,5,0.01,NanaimoSu_BackX,7,0.01
Area127 (08) troll 251 298,,NF_Nooksack_H,5016,1.00,,,,,,,,,,,,
Area127 (08) troll 251 299,,Hanford_Reach,5026,0.69,Priest_Rapid_H,5026,0.31,Priest_Rapids_H,5026,0.00,Spring_Cr_col,5030,0.00,Nez_PerceT_H,5021,0.00
Area127 (08) troll 251 300,,Queets_R,5028,0.63,Hoh_R,5028,0.37,Quilayute_R,5028,0.00,Trask_R,5015,0.00,Makah_H,5028,0.00
Area127 (08) troll 251 301,,Clear_Cr_H,5020,0.82,Cedar_R_SuFa,5020,0.07,Samish_H,5016,0.04,George_Adams_H,5005,0.03,NF_Skokomish_F,5005,0.01
Area127 (08) troll 251 302,,Forks_Cr_H,5028,0.84,L_Thompson,5,0.07,Skagit_R,5016,0.03,Trask_R,5015,0.02,South_Thom,5,0.01
Area127 (08) troll 251 303,,Forks_Cr_H,5028,0.94,Trask_R,5015,0.04,Humptulips_H,5028,0.02,Kilchis_R,5015,0.00,Lewis_R_LSu,5008,0.00
Area127 (08) troll 251 304,,Priest_Rapid_H,5026,0.82,Hanford_Reach,5026,0.10,Priest_Rapids_H,5026,0.05,Methow_R,5026,0.02,Wells_H,5026,0.02
Area127 (08) troll 251 305,,Nehalem_R,5015,0.97,Forks_Cr_H,5028,0.02,Trask_R,5015,0.00,Makah_H,5028,0.00,Humptulips_H,5028,0.00
Area127 (08) troll 251 306,,Harrison,3,0.99,Big_Qualicum,7,0.00,Chilliwack_F,3,0.00,NanaimoSu_BackX,7,0.00,Capilano,9,0.00
Area127 (08) troll 251 307,,Harrison,3,1.00,Chilliwack_F,3,0.00,,,,,,,,,
Area127 (08) troll 251 308,,Harrison,3,0.81,Chilliwack_F,3,0.14,Clear_Cr_H,5020,0.01,Skagit_R,5016,0.01,L_Skagit_R_Fa,5016,0.01
Area127 (08) troll 251 310,,Priest_Rapid_H,5026,0.91,Hanford_Reach,5026,0.08,Methow_R,5026,0.00,Umatilla_H_Fa,5026,0.00,Umatilla_H,5026,0.00
Area127 (08) troll 251 311,,Forks_Cr_H,5028,0.81,Queets_R,5028,0.07,Hoh_R,5028,0.02,Coos_H,5011,0.02,Trask_R,5015,0.01
Area127 (08) troll 251 312,,Marble@NVI,8,0.99,Quilayute_R,5028,0.00,South_Thom,5,0.00,L_Thompson,5,0.00,Queets_R,5028,0.00
Area127 (08) troll 251 313,,Nehalem_R,5015,1.00,Trask_R,5015,0.00,,,,,,,,,
Area127 (08) troll 251 314,,L_Skagit_R_Fa,5016,0.74,Clear_Cr_H,5020,0.09,Hanford_Reach,5026,0.04,Harrison,3,0.04,Big_Qualicum,7,0.04
Area127 (08) troll 251 315,,Cowlitz_H_fa,5008,0.53,Green_R_Fa,5008,0.15,L_Skagit_R_Fa,5016,0.09,Kalama_H_sp,5009,0.05,Skagit_R,5016,0.04
Area127 (08) troll 251 316,,Gold_R,8,1.00,Thornton,8,0.00,Robertson,8,0.00,,,,,,
Area127 (08) troll 251 317,,Priest_Rapid_H,5026,0.76,Hanford_Reach,5026,0.19,Methow_R,5026,0.04,Wells_H,5026,0.00,Umatilla_H_Fa,5026,0.00
Area127 (08) troll 251 318,,L_Skagit_R_Fa,5016,0.53,Hanford_Reach,5026,0.26,Priest_Rapid_H,5026,0.12,Harrison,3,0.04,L_Thompson,5,0.03
Area127 (08) troll 251 319,,L_Thompson,5,0.93,South_Thom,5,0.05,Little_R,5,0.02,,,,,,
Area127 (08) troll 251 320,,Priest_Rapid_H,5026,0.90,Hanford_Reach,5026,0.08,Priest_Rapids_H,5026,0.01,Methow_R,5026,0.00,Umatilla_H_Fa,5026,0.00
Area127 (08) troll 251 321,,Priest_Rapid_H,5026,0.50,Methow_R,5026,0.35,Hanford_Reach,5026,0.10,Wells_H,5026,0.02,Wenatchee_R_SF,5026,0.02
Area127 (08) troll 251 322,,Nehalem_R,5015,0.53,Trask_R,5015,0.33,Coos_H,5011,0.05,Coquille_R,5011,0.03,Wilson_R,5015,0.02
Area127 (08) troll 251 323,,Hanford_Reach,5026,0.49,Priest_Rapid_H,5026,0.31,Lewis_R_LSu,5008,0.06,Priest_Rapids_H,5026,0.04,Lewis_R_f,5008,0.04
Area127 (08) troll 251 324,,Trask_R,5015,0.56,S_Umpqua_H,5011,0.19,Forks_Cr_H,5028,0.08,S_Coos_R,5011,0.06,Coos_H,5011,0.03
Area127 (08) troll 251 325,,Harrison,3,0.76,Chilliwack_F,3,0.23,South_Thom,5,0.01,L_Thompson,5,0.00,Lewis_R_f,5008,0.00
Area127 (08) troll 251 326,,Forks_Cr_H,5028,0.97,Trask_R,5015,0.02,Coos_H,5011,0.00,South_Thom,5,0.00,Queets_R,5028,0.00
Area127 (08) troll 251 327,,Chilliwack_F,3,1.00,,,,,,,,,,,,
Area127 (08) troll 251 328,,Trask_R,5015,0.84,Coos_H,5011,0.08,Wilson_R,5015,0.03,Forks_Cr_H,5028,0.01,NanaimoSu_BackX,7,0.01
Area127 (08) troll 251 68,,Clear_Cr_H,5020,0.61,Cedar_R_SuFa,5020,0.29,Samish_H,5016,0.04,L_Skagit_R_Fa,5016,0.02,George_Adams_H,5005,0.01
Area127 (08) troll 251 69,,Clear_Cr_H,5020,0.90,Cedar_R_SuFa,5020,0.05,George_Adams_H,5005,0.03,NF_Skokomish_F,5005,0.02,Hamma_Hamma_R,5005,0.01
Area127 (08) troll 251 70,,NF_Nooksack_H,5016,1.00,Hanford_Reach,5026,0.00,Wells_H,5026,0.00,Big_Qualicum,7,0.00,Priest_Rapids_H,5026,0.00
Area127 (08) troll 251 71,,Forks_Cr_H,5028,0.98,Humptulips_H,5028,0.02,Queets_R,5028,0.00,NanaimoSu_BackX,7,0.00,Trask_R,5015,0.00
Area127 (08) troll 251 72,,NF_Nooksack_H,5016,0.57,Skagit_R,5016,0.41,L_Sauk_R,5016,0.01,L_Skagit_R_Fa,5016,0.01,U_Sauk_R_SpSu,5016,0.00
Area127 (08) troll 251 73,,Queets_R,5028,0.38,Hoh_R,5028,0.28,Forks_Cr_H,5028,0.13,S_Coos_R,5011,0.12,Quilayute_R,5028,0.05
Area127 (08) troll 251 74,,Clear_Cr_H,5020,0.69,L_Skagit_R_Fa,5016,0.15,Cedar_R_SuFa,5020,0.08,George_Adams_H,5005,0.07,Soos_H,5020,0.00
Area127 (08) troll 251 75,,Spring_Cr_col,5030,1.00,Green_R_Fa,5008,0.00,Abernathy_Cr_Fa,5008,0.00,Cowlitz_H_fa,5008,0.00,Lewis_R_LSu,5008,0.00
Area127 (08) troll 251 76,,Clear_Cr_H,5020,0.74,George_Adams_H,5005,0.10,Cedar_R_SuFa,5020,0.08,NF_Skokomish_F,5005,0.06,Hamma_Hamma_R,5005,0.01
Area127 (08) troll 251 77,,Harrison,3,0.77,Chilliwack_F,3,0.23,NF_Nooksack_H,5016,0.00,Kuldo_C,19,0.00,Bear,19,0.00
Area127 (08) troll 251 78,,Spring_Cr_col,5030,1.00,Harrison,3,0.00,Green_R_Fa,5008,0.00,,,,,,
Area127 (08) troll 251 79,,Spring_Cr_col,5030,0.99,Abernathy_Cr_Fa,5008,0.01,Elochoman_H,5030,0.00,,,,,,
Area127 (08) troll 251 80,,Spring_Cr_col,5030,1.00,Big_Cr_H_Col,5030,0.00,,,,,,,,,
Area127 (08) troll 251 81,,L_Skagit_R_Fa,5016,0.55,Green_R_Fa,5008,0.14,Cowlitz_H_fa,5008,0.12,Lewis_R_f,5008,0.11,Skagit_R,5016,0.05
Area127 (08) troll 251 82,,Forks_Cr_H,5028,0.91,Queets_R,5028,0.08,Humptulips_H,5028,0.00,Hoh_R,5028,0.00,S_Coos_R,5011,0.00
Area127 (08) troll 251 83,,Forks_Cr_H,5028,0.94,S_Coos_R,5011,0.03,Trask_R,5015,0.01,Queets_R,5028,0.01,S_Umpqua_H,5011,0.00
Area127 (08) troll 251 84,,Gold_R,8,0.99,Robertson,8,0.01,Thornton,8,0.00,,,,,,
Area127 (08) troll 251 85,,Cowlitz_H_fa,5008,0.20,Trask_R,5015,0.18,Forks_Cr_H,5028,0.16,Coos_H,5011,0.12,Hanford_Reach,5026,0.11
Area127 (08) troll 251 86,,Hoh_R,5028,0.60,Queets_R,5028,0.38,Quilayute_R,5028,0.02,Forks_Cr_H,5028,0.00,Lewis_R_LSu,5008,0.00
Area127 (08) troll 251 87,,Forks_Cr_H,5028,0.46,L_Skagit_R_Fa,5016,0.30,Clear_Cr_H,5020,0.11,George_Adams_H,5005,0.04,NF_Nooksack_H,5016,0.03
Area127 (08) troll 251 88,,Harrison,3,0.98,Chilliwack_F,3,0.02,Capilano,9,0.00,,,,,,
Area127 (08) troll 251 89,,Gold_R,8,1.00,Robertson,8,0.00,Thornton,8,0.00,,,,,,
Area127 (08) troll 251 90,,Chilliwack_F,3,0.83,Harrison,3,0.17,Clear_Cr_H,5020,0.00,,,,,,
Area127 (08) troll 251 91,,Hanford_Reach,5026,0.70,Priest_Rapid_H,5026,0.23,Wells_H,5026,0.05,Methow_R,5026,0.01,Priest_Rapids_H,5026,0.00
Area127 (08) troll 251 92,,Harrison,3,1.00,Chilliwack_F,3,0.00,,,,,,,,,
Area127 (08) troll 251 93,,Forks_Cr_H,5028,0.52,Trask_R,5015,0.26,Queets_R,5028,0.11,Humptulips_H,5028,0.05,Hoh_R,5028,0.03
Area127 (08) troll 251 94,,Hanford_Reach,5026,0.51,Priest_Rapid_H,5026,0.49,L_Thompson,5,0.00,Umatilla_H_Fa,5026,0.00,Umpqua_H,5011,0.00
Area127 (08) troll 251 95,,Chilliwack_F,3,0.81,Abernathy_Cr_Fa,5008,0.05,Harrison,3,0.03,L_Skagit_R_Fa,5016,0.03,Big_Qualicum,7,0.02
Area127 (08) troll 251 96,,Cowlitz_H_fa,5008,0.67,Lewis_R_LSu,5008,0.30,Trask_R,5015,0.02,Green_R_Fa,5008,0.01,Abernathy_Cr_Fa,5008,0.00
Area127 (08) troll 251 97,,Harrison,3,0.63,Chilliwack_F,3,0.35,Kasiks_R,23,0.01,L_Thompson,5,0.00,Chilliwac@Stav,3,0.00
Area127 (08) troll 251 98,,Big_Qualicum,7,0.96,Puntledge_F,7,0.04,L_Qualicum,7,0.00,Cowichan,7,0.00,Nanaimo_F,7,0.00
Area127 (08) troll 253 67,,Puntledge_Su,7,1.00,,,,,,,,,,,,
Area127 (08) troll 254 153,,Priest_Rapid_H,5026,0.74,Hanford_Reach,5026,0.25,Umatilla_H_Fa,5026,0.00,Green_R_Fa,5008,0.00,Priest_Rapids_H,5026,0.00
Area127 (08) troll 254 154,,Harrison,3,0.93,Chilliwack_F,3,0.07,,,,,,,,,
Area127 (08) troll 254 155,,Forks_Cr_H,5028,0.98,Makah_H,5028,0.01,Humptulips_H,5028,0.01,Hoh_R,5028,0.00,Queets_R,5028,0.00
Area127 (08) troll 254 156,,Queets_R,5028,0.23,S_Umpqua_H,5011,0.20,Lewis_R_f,5008,0.18,Hoh_R,5028,0.18,Coos_H,5011,0.06
Area127 (08) troll 254 157,,Spring_Cr_col,5030,0.39,Cowlitz_H_fa,5008,0.38,Abernathy_Cr_Fa,5008,0.12,Green_R_Fa,5008,0.05,Lewis_R_LSu,5008,0.03
Area127 (08) troll 254 158,,Skagit_R,5016,0.96,S_Coos_R,5011,0.03,Marblemount_HSp,5016,0.00,Coquille_R,5011,0.00,NanaimoSu_BackX,7,0.00
Area127 (08) troll 254 159,,Spring_Cr_col,5030,1.00,Cowlitz_H_fa,5008,0.00,,,,,,,,,
Area127 (08) troll 254 160,,Forks_Cr_H,5028,0.99,Coos_H,5011,0.01,Coquille_R,5011,0.00,Elk_H,5011,0.00,S_Coos_R,5011,0.00
Area127 (08) troll 254 161,,Marble@NVI,8,0.99,NF_Nooksack_H,5016,0.00,Coquille_R,5011,0.00,S_Coos_R,5011,0.00,Hoh_R,5028,0.00
Area127 (08) troll 254 162,,Hanford_Reach,5026,0.91,S_Umpqua_H,5011,0.03,Priest_Rapid_H,5026,0.03,L_Deschutes_R,5004,0.02,Priest_Rapids_H,5026,0.01
Area127 (08) troll 254 163,,Lewis_R_f,5008,0.24,Hanford_Reach,5026,0.19,Coquille_R,5011,0.16,Priest_Rapid_H,5026,0.12,L_Thompson,5,0.11
Area127 (08) troll 254 164,,Spring_Cr_col,5030,0.86,Abernathy_Cr_Fa,5008,0.06,Harrison,3,0.05,Chilliwack_F,3,0.02,L_Skagit_R_Fa,5016,0.00
Area127 (08) troll 254 165,,Hanford_Reach,5026,0.96,Priest_Rapid_H,5026,0.04,Methow_R,5026,0.00,Marion_Drain_Fa,5026,0.00,Klamath_R_fa,5007,0.00
Area127 (08) troll 254 166,,Big_Qualicum,7,0.96,Puntledge_F,7,0.04,Puntledge_Su,7,0.00,L_Qualicum,7,0.00,,,
Area127 (08) troll 254 167,,NF_Nooksack_H,5016,1.00,L_Skagit_R_Fa,5016,0.00,Skagit_R,5016,0.00,Cedar_R_SuFa,5020,0.00,,,
Area127 (08) troll 254 168,,Elk_H,5011,0.73,Coquille_R,5011,0.14,Sixes_R,5011,0.12,Gold_R,8,0.00,S_Coos_R,5011,0.00
Area127 (08) troll 254 169,,Clear_Cr_H,5020,0.84,Cedar_R_SuFa,5020,0.13,L_Skagit_R_Fa,5016,0.02,Soos_H,5020,0.00,Bear_Cr_SuFa,5020,0.00
Area127 (08) troll 254 170,,Hanford_Reach,5026,0.89,Priest_Rapid_H,5026,0.08,Priest_Rapids_H,5026,0.02,Lewis_R_LSu,5008,0.00,Umatilla_H_Fa,5026,0.00
Area127 (08) troll 254 171,,Trask_R,5015,0.36,Hoh_R,5028,0.23,Queets_R,5028,0.18,Quilayute_R,5028,0.10,Coquille_R,5011,0.04
Area127 (08) troll 254 172,,Spring_Cr_col,5030,1.00,Elochoman_H,5030,0.00,,,,,,,,,
Area127 (08) troll 254 173,,Coquille_R,5011,0.88,Trask_R,5015,0.10,Sixes_R,5011,0.01,Elk_H,5011,0.00,Hoh_R,5028,0.00
Area127 (08) troll 254 174,,Trask_R,5015,0.86,Forks_Cr_H,5028,0.05,Cowlitz_H_fa,5008,0.04,Coquille_R,5011,0.02,Queets_R,5028,0.01
Area127 (08) troll 257 127,,Makah_H,5028,0.51,Coos_H,5011,0.23,S_Umpqua_H,5011,0.07,S_Coos_R,5011,0.04,L_Skagit_R_Fa,5016,0.03
Area127 (08) troll 257 128,,Clear_Cr_H,5020,0.67,Big_Qualicum,7,0.20,George_Adams_H,5005,0.06,L_Skagit_R_Fa,5016,0.03,Samish_H,5016,0.02
Area127 (08) troll 257 129,,Queets_R,5028,0.42,Hoh_R,5028,0.17,Skagit_R,5016,0.14,Quilayute_R,5028,0.11,Trask_R,5015,0.08
Area127 (08) troll 257 130,,Spring_Cr_col,5030,1.00,Harrison,3,0.00,,,,,,,,,
Area127 (08) troll 257 136,,Clear_Cr_H,5020,0.89,George_Adams_H,5005,0.04,Cedar_R_SuFa,5020,0.03,NF_Skokomish_F,5005,0.02,Grovers_Cr_H,5020,0.01
Area127 (08) troll 257 137,,Lewis_R_LSu,5008,0.31,L_Skagit_R_Fa,5016,0.18,NanaimoSu_BackX,7,0.14,Queets_R,5028,0.08,Thomas_Cr,23,0.07
Area127 (08) troll 257 138,,Queets_R,5028,0.59,Hoh_R,5028,0.38,Quilayute_R,5028,0.02,Coquille_R,5011,0.00,Forks_Cr_H,5028,0.00
Area127 (08) troll 257 139,,Harrison,3,0.74,Chilliwack_F,3,0.26,L_Skagit_R_Fa,5016,0.00,,,,,,
Area127 (08) troll 257 140,,Hanford_Reach,5026,0.68,Priest_Rapid_H,5026,0.22,Trask_R,5015,0.02,Wells_H,5026,0.01,Methow_R,5026,0.01
Area127 (08) troll 257 141,,Chilliwack_F,3,1.00,,,,,,,,,,,,
Area127 (08) troll 257 142,,Queets_R,5028,0.37,Hoh_R,5028,0.32,Quilayute_R,5028,0.23,Chilliwack_F,3,0.03,Trask_R,5015,0.02
Area127 (08) troll 257 143,,Priest_Rapid_H,5026,0.83,Hanford_Reach,5026,0.14,Priest_Rapids_H,5026,0.02,Methow_R,5026,0.00,Wells_H,5026,0.00
Area127 (08) troll 257 144,,Marble@NVI,8,1.00,,,,,,,,,,,,
Area127 (08) troll 257 145,,Skagit_R,5016,0.98,L_Sauk_R,5016,0.01,Skykomish_R,5016,0.00,Hanford_Reach,5026,0.00,U_Sauk_R_SpSu,5016,0.00
Area127 (08) troll 257 146,,South_Thom,5,0.82,L_Thompson,5,0.15,Little_R,5,0.02,Skagit_R,5016,0.01,NanaimoSu_BackX,7,0.00
Area127 (08) troll 257 147,,Priest_Rapid_H,5026,0.64,Hanford_Reach,5026,0.25,Methow_R,5026,0.05,Wells_H,5026,0.05,Marion_Drain_Fa,5026,0.00
Area127 (08) troll 257 148,,Skagit_R,5016,0.42,Cedar_R_SuFa,5020,0.34,L_Skagit_R_Fa,5016,0.14,Clear_Cr_H,5020,0.05,NF_Skokomish_F,5005,0.02
Area127 (08) troll 257 149,,Forks_Cr_H,5028,0.69,Queets_R,5028,0.16,Hoh_R,5028,0.15,Gold_R,8,0.00,L_Skagit_R_Fa,5016,0.00
Area127 (08) troll 257 150,,Forks_Cr_H,5028,0.33,Trask_R,5015,0.30,Hoh_R,5028,0.14,Queets_R,5028,0.09,Nehalem_R,5015,0.05
Area127 (08) troll 257 151,,Big_Qualicum,7,0.95,Puntledge_F,7,0.05,Cedar_R_SuFa,5020,0.00,Puntledge_Su,7,0.00,Cowichan,7,0.00
Area127 (08) troll 257 152,,Clear_Cr_H,5020,0.31,Cedar_R_SuFa,5020,0.30,Big_Qualicum,7,0.12,L_Skagit_R_Fa,5016,0.12,George_Adams_H,5005,0.07
,,,,,,,,,,,,,,,,
Sample: 16, Area123,2009, troll, May12-Sep14,,,,,,,,,,,,
Area123 (09) troll 132 1,,Hupp_Sp_H,5020,0.51,White_H,5020,0.49,,,,,,,,,
Area123 (09) troll 132 10,,Soos_H,5020,0.45,Clear_Cr_H,5020,0.13,Samish_H,5016,0.13,Cedar_R_SuFa,5020,0.13,Bear_Cr_SuFa,5020,0.11
Area123 (09) troll 132 11,,Washougal_R_Fa,5008,0.70,Cowlitz_H_fa,5008,0.21,Green_R_Fa,5008,0.04,Coweeman_R_Fa,5008,0.03,Spring_Cr_col,5030,0.02
Area123 (09) troll 132 12,,Cowlitz_H_fa,5008,0.99,Washougal_R_Fa,5008,0.01,Cowlitz_H_sp,5009,0.00,Lewis_R_f,5008,0.00,Abernathy_Cr_Fa,5008,0.00
Area123 (09) troll 132 13,,Wells_H,5026,0.42,Methow_R,5026,0.16,Priest_Rapid_H,5026,0.10,Hanford_Reach,5026,0.07,Umpqua_H,5011,0.06
Area123 (09) troll 132 14,,Harrison,3,0.92,Chilliwack_F,3,0.07,Clear_Cr_H,5020,0.00,Umpqua_H,5011,0.00,Soos_H,5020,0.00
Area123 (09) troll 132 15,,Harrison,3,0.53,Chilliwack_F,3,0.47,,,,,,,,,
Area123 (09) troll 132 16,,George_Adams_H,5005,0.37,Samish_H,5016,0.27,Cedar_R_SuFa,5020,0.14,Soos_H,5020,0.13,Clear_Cr_H,5020,0.05
Area123 (09) troll 132 17,,Harrison,3,0.99,Chilliwack_F,3,0.01,,,,,,,,,
Area123 (09) troll 132 18,,Hanford_Reach,5026,0.36,ClearwaterRFa,5021,0.22,Priest_Rapid_H,5026,0.19,Priest_Rapids_H,5026,0.14,Lyons_Ferry_H,5021,0.05
Area123 (09) troll 132 19,,Coos_H,5011,0.96,Wilson_R,5015,0.03,Coquille_R,5011,0.01,S_Umpqua_H,5011,0.00,Elk_H,5011,0.00
Area123 (09) troll 132 2,,Lewis_R_f,5008,0.67,Lewis_R_Su,5008,0.30,Cowlitz_H_fa,5008,0.02,Washougal_R_Fa,5008,0.01,Cowlitz_H_sp,5009,0.01
Area123 (09) troll 132 20,,Coos_H,5011,0.99,Coquille_R,5011,0.01,,,,,,,,,
Area123 (09) troll 132 21,,Harrison,3,0.64,Chilliwack_F,3,0.36,Little_R,5,0.00,Cedar_R_SuFa,5020,0.00,L_Thompson,5,0.00
Area123 (09) troll 132 22,,Priest_Rapids_H,5026,0.48,Lyons_Ferry_H,5021,0.19,Nez_PerceT_H,5021,0.15,Hanford_Reach,5026,0.13,Priest_Rapid_H,5026,0.05
Area123 (09) troll 132 23,,Cowlitz_H_fa,5008,0.73,Washougal_R_Fa,5008,0.15,Lewis_R_f,5008,0.10,Lewis_R_Su,5008,0.01,Kalama_H_sp,5009,0.00
Area123 (09) troll 132 24,,Harrison,3,0.55,Washougal_R_Fa,5008,0.38,Keta_R,5023,0.03,Hanford_Reach,5026,0.02,NF_Nooksack_H,5016,0.01
Area123 (09) troll 132 25,,Soos_H,5020,0.51,Cedar_R_SuFa,5020,0.13,Clear_Cr_H,5020,0.10,Bear_Cr_SuFa,5020,0.09,Grovers_Cr_H,5020,0.05
Area123 (09) troll 132 26,,Abernathy_NFH_F,5008,0.41,Washougal_R_Fa,5008,0.30,Cowlitz_H_fa,5008,0.13,Lewis_R_Su,5008,0.10,Green_R_Fa,5008,0.03
Area123 (09) troll 132 27,,Cedar_R_SuFa,5020,0.77,Samish_H,5016,0.13,Bear_Cr_SuFa,5020,0.08,Soos_H,5020,0.01,Clear_Cr_H,5020,0.00
Area123 (09) troll 132 28,,George_Adams_H,5005,0.29,Clear_Cr_H,5020,0.26,Cedar_R_SuFa,5020,0.16,Soos_H,5020,0.14,Samish_H,5016,0.12
Area123 (09) troll 132 29,,NF_Nooksack_H,5016,1.00,,,,,,,,,,,,
Area123 (09) troll 132 3,,Soos_H,5020,0.69,George_Adams_H,5005,0.15,Samish_H,5016,0.11,Cedar_R_SuFa,5020,0.02,Bear_Cr_SuFa,5020,0.01
Area123 (09) troll 132 30,,Hamma_Hamma_R,5005,0.82,Soos_H,5020,0.05,Cedar_R_SuFa,5020,0.04,Clear_Cr_H,5020,0.04,Samish_H,5016,0.02
Area123 (09) troll 132 31,,Samish_H,5016,0.58,Clear_Cr_H,5020,0.23,Soos_H,5020,0.11,Hamma_Hamma_R,5005,0.07,George_Adams_H,5005,0.00
Area123 (09) troll 132 32,,Lyons_Ferry_H,5021,0.59,Nez_PerceT_H,5021,0.30,Priest_Rapid_H,5026,0.10,Hanford_Reach,5026,0.01,Wells_H,5026,0.00
Area123 (09) troll 132 33,,George_Adams_H,5005,0.93,Cedar_R_SuFa,5020,0.03,Samish_H,5016,0.02,Clear_Cr_H,5020,0.01,Hamma_Hamma_R,5005,0.01
Area123 (09) troll 132 34,,George_Adams_H,5005,0.40,Clear_Cr_H,5020,0.32,Cedar_R_SuFa,5020,0.11,Soos_H,5020,0.09,Hamma_Hamma_R,5005,0.04
Area123 (09) troll 132 35,,George_Adams_H,5005,0.74,Soos_H,5020,0.19,Cedar_R_SuFa,5020,0.03,Samish_H,5016,0.01,Puntledge_F,7,0.01
Area123 (09) troll 132 36,,George_Adams_H,5005,0.88,Clear_Cr_H,5020,0.07,Hamma_Hamma_R,5005,0.05,Samish_H,5016,0.01,Cedar_R_SuFa,5020,0.00
Area123 (09) troll 132 37,,George_Adams_H,5005,0.75,Hamma_Hamma_R,5005,0.20,Clear_Cr_H,5020,0.02,Cedar_R_SuFa,5020,0.02,Bear_Cr_SuFa,5020,0.01
Area123 (09) troll 132 38,,George_Adams_H,5005,0.73,Hamma_Hamma_R,5005,0.19,Clear_Cr_H,5020,0.08,Cedar_R_SuFa,5020,0.00,S_Prairie_Cr,5020,0.00
Area123 (09) troll 132 39,,Clear_Cr_H,5020,0.36,Samish_H,5016,0.32,Soos_H,5020,0.16,George_Adams_H,5005,0.06,Hamma_Hamma_R,5005,0.02
Area123 (09) troll 132 4,,Chilliwack_F,3,0.45,Hanford_Reach,5026,0.15,Umpqua_H,5011,0.12,Priest_Rapids_H,5026,0.08,Little_R,5,0.06
Area123 (09) troll 132 40,,George_Adams_H,5005,0.58,Hamma_Hamma_R,5005,0.23,Clear_Cr_H,5020,0.11,Grovers_Cr_H,5020,0.03,U_Sauk_R,5016,0.03
Area123 (09) troll 132 41,,George_Adams_H,5005,0.47,Soos_H,5020,0.42,S_Prairie_Cr,5020,0.03,Cedar_R_SuFa,5020,0.03,Hamma_Hamma_R,5005,0.03
Area123 (09) troll 132 42,,Soos_H,5020,0.98,George_Adams_H,5005,0.02,Clear_Cr_H,5020,0.00,Hamma_Hamma_R,5005,0.00,Samish_H,5016,0.00
Area123 (09) troll 132 5,,Little_R,5,0.34,Umpqua_H,5011,0.18,S_Umpqua_H,5011,0.12,Clear_Cr_H,5020,0.08,L_Thompson,5,0.04
Area123 (09) troll 132 6,,Methow_R,5026,0.35,Hanford_Reach,5026,0.23,Priest_Rapid_H,5026,0.13,Cowlitz_H_fa,5008,0.13,Lyons_Ferry_H,5021,0.08
Area123 (09) troll 132 7,,Harrison,3,0.77,Chilliwack_F,3,0.21,Cedar_R_SuFa,5020,0.01,Soos_H,5020,0.00,Puntledge_F,7,0.00
Area123 (09) troll 132 8,,Lyons_Ferry_H,5021,0.93,ClearwaterRFa,5021,0.03,Nez_PerceT_H,5021,0.02,Priest_Rapid_H,5026,0.01,Hanford_Reach,5026,0.01
Area123 (09) troll 132 9,,Harrison,3,0.43,Clear_Cr_H,5020,0.17,Hanford_Reach,5026,0.13,Wells_H,5026,0.04,Soos_H,5020,0.04
Area123 (09) troll 133 43,,Methow_R,5026,0.62,Priest_Rapids_H,5026,0.15,Priest_Rapid_H,5026,0.11,Hanford_Reach,5026,0.07,Wells_H,5026,0.04
Area123 (09) troll 133 44,,Clear_Cr_H,5020,0.62,Hanford_Reach,5026,0.19,George_Adams_H,5005,0.04,Priest_Rapid_H,5026,0.03,Little_R,5,0.03
Area123 (09) troll 133 45,,Umpqua_H,5011,0.48,Priest_Rapid_H,5026,0.16,Methow_R,5026,0.12,Hanford_Reach,5026,0.11,Nez_PerceT_H,5021,0.08
Area123 (09) troll 133 46,,Puntledge_F,7,0.83,Cowichan,7,0.17,Chemainus,7,0.00,L_Qualicum,7,0.00,Puntledge_BackX,7,0.00
Area123 (09) troll 133 47,,Hamma_Hamma_R,5005,0.43,Clear_Cr_H,5020,0.28,George_Adams_H,5005,0.12,Soos_H,5020,0.08,Cedar_R_SuFa,5020,0.08
Area123 (09) troll 133 48,,Hanford_Reach,5026,0.44,Priest_Rapid_H,5026,0.39,Priest_Rapids_H,5026,0.10,Lyons_Ferry_H,5021,0.03,Methow_R,5026,0.02
Area123 (09) troll 133 49,,Cowlitz_H_sp,5009,0.64,Cowlitz_H_fa,5008,0.32,Lewis_R_f,5008,0.02,Washougal_R_Fa,5008,0.02,Lewis_R_Su,5008,0.00
Area123 (09) troll 133 50,,Lewis_R_f,5008,0.63,Lewis_R_Su,5008,0.20,Cowlitz_H_fa,5008,0.08,Washougal_R_Fa,5008,0.07,Green_R_Fa,5008,0.02
Area123 (09) troll 133 51,,Priest_Rapids_H,5026,0.58,Wells_H,5026,0.21,Methow_R,5026,0.08,Priest_Rapid_H,5026,0.05,Lyons_Ferry_H,5021,0.04
Area123 (09) troll 133 52,,Priest_Rapid_H,5026,0.60,Hanford_Reach,5026,0.35,Methow_R,5026,0.02,ClearwaterRFa,5021,0.01,Umatilla_H_Fa,5026,0.01
Area123 (09) troll 133 53,,U_Sauk_R,5016,0.44,Lyons_Ferry_H,5021,0.34,Hanford_Reach,5026,0.16,Cowlitz_H_sp,5009,0.01,Priest_Rapid_H,5026,0.01
Area123 (09) troll 133 54,,Harrison,3,0.98,Chilliwack_F,3,0.02,N_Thom@Main,4,0.00,Washougal_R_Fa,5008,0.00,,,
Area123 (09) troll 133 55,,Hanford_Reach,5026,0.51,Nez_PerceT_H,5021,0.30,Lyons_Ferry_H,5021,0.11,Priest_Rapid_H,5026,0.07,Methow_R,5026,0.01
Area123 (09) troll 133 56,,Harrison,3,0.92,Chilliwack_F,3,0.08,,,,,,,,,
Area123 (09) troll 133 57,,Harrison,3,0.69,Chilliwack_F,3,0.31,Coos_H,5011,0.00,Lewis_R_f,5008,0.00,Sandy_R,5008,0.00
Area123 (09) troll 133 58,,Hanford_Reach,5026,0.69,Wells_H,5026,0.12,Methow_R,5026,0.07,Priest_Rapids_H,5026,0.06,Priest_Rapid_H,5026,0.05
Area123 (09) troll 133 59,,Cedar_R_SuFa,5020,0.66,George_Adams_H,5005,0.16,Hamma_Hamma_R,5005,0.08,Soos_H,5020,0.05,Skykomish_R,5016,0.02
Area123 (09) troll 133 60,,Hanford_Reach,5026,0.84,Priest_Rapid_H,5026,0.13,Lyons_Ferry_H,5021,0.01,Methow_R,5026,0.01,Umatilla_H_Fa,5026,0.00
Area123 (09) troll 133 61,,George_Adams_H,5005,0.58,Cedar_R_SuFa,5020,0.21,Samish_H,5016,0.07,Clear_Cr_H,5020,0.05,Grovers_Cr_H,5020,0.04
Area123 (09) troll 133 62,,Hanford_Reach,5026,0.53,Lyons_Ferry_H,5021,0.30,Wells_H,5026,0.07,Priest_Rapids_H,5026,0.06,ClearwaterRFa,5021,0.02
Area123 (09) troll 133 63,,Harrison,3,0.66,Chilliwack_F,3,0.13,U_Sauk_R,5016,0.07,Umpqua_H,5011,0.04,Abernathy_Cr_Fa,5008,0.03
Area123 (09) troll 133 64,,Hanford_Reach,5026,0.96,Priest_Rapid_H,5026,0.04,Priest_Rapids_H,5026,0.00,Lyons_Ferry_H,5021,0.00,Methow_R,5026,0.00
Area123 (09) troll 133 65,,Green_R_Fa,5008,0.42,Lewis_R_f,5008,0.17,Washougal_R_Fa,5008,0.15,Cowlitz_H_sp,5009,0.13,Cowlitz_H_fa,5008,0.13
Area123 (09) troll 133 66,,Cowlitz_H_fa,5008,0.80,Washougal_R_Fa,5008,0.14,Abernathy_Cr_Fa,5008,0.02,Spring_Cr_col,5030,0.02,Lewis_R_f,5008,0.01
Area123 (09) troll 133 67,,Methow_R,5026,0.63,Hanford_Reach,5026,0.12,Wells_H,5026,0.12,Priest_Rapid_H,5026,0.09,Priest_Rapids_H,5026,0.03
Area123 (09) troll 133 68,,Washougal_R_Fa,5008,0.28,Spring_Cr_col,5030,0.24,Abernathy_NFH_F,5008,0.15,Cowlitz_H_fa,5008,0.11,Lewis_R_f,5008,0.08
Area123 (09) troll 133 69,,Cowlitz_H_sp,5009,0.67,Spring_Cr_col,5030,0.22,Abernathy_NFH_F,5008,0.08,Elochoman_H,5030,0.01,Cowlitz_H_fa,5008,0.01
Area123 (09) troll 133 70,,Soos_H,5020,0.73,George_Adams_H,5005,0.22,Cedar_R_SuFa,5020,0.02,Samish_H,5016,0.02,Bear_Cr_SuFa,5020,0.01
Area123 (09) troll 133 71,,Cedar_R_SuFa,5020,0.60,Samish_H,5016,0.23,S_Prairie_Cr,5020,0.06,George_Adams_H,5005,0.04,Clear_Cr_H,5020,0.03
Area123 (09) troll 133 72,,Priest_Rapid_H,5026,0.27,Wells_H,5026,0.21,Hanford_Reach,5026,0.21,Methow_R,5026,0.15,Lyons_Ferry_H,5021,0.07
Area123 (09) troll 133 73,,Cowlitz_H_sp,5009,0.69,Spring_Cr_col,5030,0.17,Washougal_R_Fa,5008,0.10,Green_R_Fa,5008,0.02,Abernathy_NFH_F,5008,0.01
Area123 (09) troll 133 74,,Washougal_R_Fa,5008,0.77,Abernathy_NFH_F,5008,0.17,Green_R_Fa,5008,0.04,Cowlitz_H_fa,5008,0.01,Lyons_Ferry_H,5021,0.00
Area123 (09) troll 133 75,,Washougal_R_Fa,5008,0.63,Green_R_Fa,5008,0.28,Cowlitz_H_fa,5008,0.07,Lewis_R_f,5008,0.02,Abernathy_Cr_Fa,5008,0.00
Area123 (09) troll 133 76,,George_Adams_H,5005,0.80,Hamma_Hamma_R,5005,0.17,Soos_H,5020,0.02,Clear_Cr_H,5020,0.01,Cedar_R_SuFa,5020,0.00
Area123 (09) troll 133 77,,Lewis_R_f,5008,0.55,Lewis_R_Su,5008,0.19,Washougal_R_Fa,5008,0.16,Cowlitz_H_fa,5008,0.08,Sol_Duc_H,5028,0.01
Area123 (09) troll 133 78,,Spring_Cr_col,5030,0.98,Abernathy_NFH_F,5008,0.01,Cowlitz_H_fa,5008,0.00,Abernathy_Cr_Fa,5008,0.00,Washougal_R_Fa,5008,0.00
Area123 (09) troll 133 79,,Puntledge_F,7,0.82,Cowichan,7,0.18,Puntledge_BackX,7,0.00,,,,,,
Area123 (09) troll 133 80,,Methow_R,5026,0.69,Priest_Rapid_H,5026,0.11,Hanford_Reach,5026,0.08,Wells_H,5026,0.08,Priest_Rapids_H,5026,0.03
Area123 (09) troll 133 81,,George_Adams_H,5005,0.99,Hamma_Hamma_R,5005,0.00,Clear_Cr_H,5020,0.00,Samish_H,5016,0.00,Grovers_Cr_H,5020,0.00
Area123 (09) troll 133 82,,George_Adams_H,5005,0.22,Samish_H,5016,0.21,Cedar_R_SuFa,5020,0.15,Clear_Cr_H,5020,0.13,Soos_H,5020,0.13
Area123 (09) troll 133 83,,Hanford_Reach,5026,0.39,Wells_H,5026,0.30,Priest_Rapid_H,5026,0.18,Methow_R,5026,0.07,Priest_Rapids_H,5026,0.06
Area123 (09) troll 133 84,,Cowlitz_H_fa,5008,0.64,Lewis_R_Su,5008,0.21,Lewis_R_f,5008,0.15,Washougal_R_Fa,5008,0.00,Coweeman_R_Fa,5008,0.00
Area123 (09) troll 134 100,,Spring_Cr_col,5030,0.66,Abernathy_NFH_F,5008,0.32,Elochoman_H,5030,0.01,Washougal_R_Fa,5008,0.00,Big_Cr_H_Col,5030,0.00
Area123 (09) troll 134 101,,Hanford_Reach,5026,0.55,George_Adams_H,5005,0.16,Priest_Rapids_H,5026,0.09,Hamma_Hamma_R,5005,0.07,Soos_H,5020,0.05
Area123 (09) troll 134 102,,Spring_Cr_col,5030,0.73,Abernathy_NFH_F,5008,0.22,Washougal_R_Fa,5008,0.03,Cowlitz_H_fa,5008,0.01,Abernathy_Cr_Fa,5008,0.01
Area123 (09) troll 134 103,,Cowlitz_H_fa,5008,0.41,Washougal_R_Fa,5008,0.35,Abernathy_NFH_F,5008,0.13,Spring_Cr_col,5030,0.10,Lewis_R_f,5008,0.00
Area123 (09) troll 134 104,,U_Sauk_R,5016,0.54,Cedar_R_SuFa,5020,0.22,Marblemount_HSp,5016,0.10,Skykomish_R,5016,0.07,U_Sauk_R_SpSu,5016,0.03
Area123 (09) troll 134 105,,Spring_Cr_col,5030,1.00,Bowron,1,0.00,Green_R_Fa,5008,0.00,Dome,1,0.00,,,
Area123 (09) troll 134 106,,Hamma_Hamma_R,5005,0.43,Samish_H,5016,0.43,George_Adams_H,5005,0.09,Soos_H,5020,0.03,Clear_Cr_H,5020,0.01
Area123 (09) troll 134 107,,Cedar_R_SuFa,5020,0.59,George_Adams_H,5005,0.13,Soos_H,5020,0.08,Hamma_Hamma_R,5005,0.06,Clear_Cr_H,5020,0.05
Area123 (09) troll 134 108,,Methow_R,5026,0.49,Priest_Rapid_H,5026,0.25,Nez_PerceT_H,5021,0.11,Lyons_Ferry_H,5021,0.09,Hanford_Reach,5026,0.02
Area123 (09) troll 134 109,,Cowlitz_H_sp,5009,0.43,Lewis_R_f,5008,0.31,Cowlitz_H_fa,5008,0.23,Washougal_R_Fa,5008,0.02,Green_R_Fa,5008,0.01
Area123 (09) troll 134 110,,Washougal_R_Fa,5008,0.71,Cowlitz_H_fa,5008,0.29,Elochoman_H,5030,0.00,Green_R_Fa,5008,0.00,Lewis_R_Su,5008,0.00
Area123 (09) troll 134 111,,Cowlitz_H_fa,5008,0.27,Lewis_R_f,5008,0.22,Priest_Rapids_H,5026,0.13,Priest_Rapid_H,5026,0.12,Hanford_Reach,5026,0.09
Area123 (09) troll 134 112,,Cowlitz_H_sp,5009,0.66,Spring_Cr_col,5030,0.24,Abernathy_NFH_F,5008,0.07,Washougal_R_Fa,5008,0.01,Cowlitz_H_fa,5008,0.01
Area123 (09) troll 134 113,,Spring_Cr_col,5030,0.81,Abernathy_NFH_F,5008,0.19,Elochoman_H,5030,0.00,Abernathy_Cr_Fa,5008,0.00,,,
Area123 (09) troll 134 114,,George_Adams_H,5005,0.70,Hamma_Hamma_R,5005,0.13,Cedar_R_SuFa,5020,0.07,Clear_Cr_H,5020,0.06,Soos_H,5020,0.02
Area123 (09) troll 134 85,,Harrison,3,0.87,Spring_Cr_col,5030,0.09,Washougal_R_Fa,5008,0.02,Abernathy_NFH_F,5008,0.00,Elochoman_H,5030,0.00
Area123 (09) troll 134 86,,Hanford_Reach,5026,0.80,Priest_Rapid_H,5026,0.12,Priest_Rapids_H,5026,0.04,Wells_H,5026,0.03,Methow_R,5026,0.00
Area123 (09) troll 134 87,,Cowlitz_H_fa,5008,0.97,Lewis_R_f,5008,0.02,Cowlitz_H_sp,5009,0.01,Lewis_R_Su,5008,0.00,Methow_R,5026,0.00
Area123 (09) troll 134 88,,George_Adams_H,5005,0.55,Clear_Cr_H,5020,0.39,Samish_H,5016,0.02,Soos_H,5020,0.02,Hamma_Hamma_R,5005,0.01
Area123 (09) troll 134 89,,Harrison,3,0.99,Chilliwack_F,3,0.01,Samish_H,5016,0.00,,,,,,
Area123 (09) troll 134 90,,Hanford_Reach,5026,0.37,Priest_Rapids_H,5026,0.34,Lyons_Ferry_H,5021,0.13,Cedar_R_SuFa,5020,0.07,Harrison,3,0.04
Area123 (09) troll 134 91,,Harrison,3,0.71,Chilliwack_F,3,0.28,Samish_H,5016,0.00,Hoko_H_Fa,5028,0.00,U_Sauk_R,5016,0.00
Area123 (09) troll 134 92,,Harrison,3,0.91,Lewis_R_f,5008,0.08,Chilliwack_F,3,0.01,Abernathy_Cr_Fa,5008,0.00,Washougal_R_Fa,5008,0.00
Area123 (09) troll 134 93,,Harrison,3,0.88,Chilliwack_F,3,0.12,,,,,,,,,
Area123 (09) troll 134 94,,Priest_Rapids_H,5026,0.87,Hanford_Reach,5026,0.07,Lyons_Ferry_H,5021,0.06,Priest_Rapid_H,5026,0.00,Lewis_R_f,5008,0.00
Area123 (09) troll 134 95,,Samish_H,5016,0.35,Soos_H,5020,0.23,Bear_Cr_SuFa,5020,0.11,George_Adams_H,5005,0.09,Cedar_R_SuFa,5020,0.09
Area123 (09) troll 134 96,,Lyons_Ferry_H,5021,0.70,Priest_Rapids_H,5026,0.15,Priest_Rapid_H,5026,0.11,Umpqua_H,5011,0.02,Hanford_Reach,5026,0.01
Area123 (09) troll 134 97,,George_Adams_H,5005,0.51,Samish_H,5016,0.29,Clear_Cr_H,5020,0.12,Cedar_R_SuFa,5020,0.04,Hamma_Hamma_R,5005,0.03
Area123 (09) troll 134 98,,Spring_Cr_col,5030,0.99,Abernathy_NFH_F,5008,0.01,Elochoman_H,5030,0.00,Big_Cr_H_Col,5030,0.00,Green_R_Fa,5008,0.00
Area123 (09) troll 134 99,,Applegate_Cr,5019,0.83,Umpqua_H,5011,0.17,,,,,,,,,
Area123 (09) troll 135 115,,Cowlitz_H_fa,5008,0.43,Lewis_R_Su,5008,0.33,Lewis_R_f,5008,0.05,Hanford_Reach,5026,0.03,Umpqua_H,5011,0.03
Area123 (09) troll 135 116,,Harrison,3,0.77,Coos_H,5011,0.15,Cowichan,7,0.07,U_Skagit_R,5016,0.01,Puntledge_F,7,0.00
Area123 (09) troll 135 117,,Priest_Rapid_H,5026,0.76,Hanford_Reach,5026,0.20,Wells_H,5026,0.01,Methow_R,5026,0.01,Priest_Rapids_H,5026,0.01
Area123 (09) troll 135 118,,Washougal_R_Fa,5008,0.18,Lyons_Ferry_H,5021,0.16,Samish_H,5016,0.15,Hanford_Reach,5026,0.10,Priest_Rapid_H,5026,0.09
Area123 (09) troll 135 119,,Hanford_Reach,5026,0.73,Lyons_Ferry_H,5021,0.08,Wells_H,5026,0.08,Priest_Rapid_H,5026,0.07,Priest_Rapids_H,5026,0.03
Area123 (09) troll 135 120,,Cedar_R_SuFa,5020,0.47,Soos_H,5020,0.33,George_Adams_H,5005,0.11,Bear_Cr_SuFa,5020,0.05,Clear_Cr_H,5020,0.04
Area123 (09) troll 135 121,,Samish_H,5016,0.52,Hamma_Hamma_R,5005,0.23,George_Adams_H,5005,0.17,Soos_H,5020,0.04,Priest_Rapids_H,5026,0.03
Area123 (09) troll 135 122,,Priest_Rapids_H,5026,0.51,Priest_Rapid_H,5026,0.45,Hanford_Reach,5026,0.03,Umatilla_H,5026,0.00,Lyons_Ferry_H,5021,0.00
Area123 (09) troll 135 123,,Hanford_Reach,5026,0.50,Washougal_R_Fa,5008,0.37,Lewis_R_Su,5008,0.04,Lewis_R_f,5008,0.04,Priest_Rapids_H,5026,0.03
Area123 (09) troll 135 124,,Soos_H,5020,0.47,Cedar_R_SuFa,5020,0.33,George_Adams_H,5005,0.06,Hamma_Hamma_R,5005,0.05,Clear_Cr_H,5020,0.04
Area123 (09) troll 135 125,,L_Shuswap,5,0.98,M_Shuswap,5,0.01,Duteau_Cr,5,0.01,Little_R,5,0.00,,,
Area123 (09) troll 135 126,,Umpqua_H,5011,0.93,S_Umpqua_H,5011,0.03,Skykomish_R,5016,0.01,Little_R,5,0.01,Harrison,3,0.01
Area123 (09) troll 135 127,,Harrison,3,1.00,Priest_Rapids_H,5026,0.00,Umpqua_H,5011,0.00,Samish_H,5016,0.00,,,
Area123 (09) troll 135 128,,Umpqua_H,5011,0.52,Elk_H,5011,0.18,Cowlitz_H_fa,5008,0.09,Green_R_Fa,5008,0.08,Lewis_R_f,5008,0.03
Area123 (09) troll 135 129,,Cowlitz_H_fa,5008,0.75,Abernathy_NFH_F,5008,0.15,Washougal_R_Fa,5008,0.05,Lewis_R_f,5008,0.03,Lewis_R_Su,5008,0.01
Area123 (09) troll 135 130,,Wells_H,5026,0.37,Hanford_Reach,5026,0.34,Priest_Rapids_H,5026,0.14,Priest_Rapid_H,5026,0.09,Methow_R,5026,0.03
Area123 (09) troll 135 131,,Cowlitz_H_fa,5008,0.85,Washougal_R_Fa,5008,0.13,Lewis_R_Su,5008,0.01,Cowlitz_H_sp,5009,0.01,Green_R_Fa,5008,0.01
Area123 (09) troll 135 132,,Washougal_R_Fa,5008,0.95,Lewis_R_Su,5008,0.05,Cowlitz_H_fa,5008,0.00,Green_R_Fa,5008,0.00,Priest_Rapids_H,5026,0.00
Area123 (09) troll 135 133,,Priest_Rapids_H,5026,0.57,Priest_Rapid_H,5026,0.25,Wells_H,5026,0.08,Hanford_Reach,5026,0.08,Nez_PerceT_H,5021,0.01
Area123 (09) troll 135 134,,Cowlitz_H_fa,5008,0.46,Washougal_R_Fa,5008,0.28,Lewis_R_f,5008,0.13,Abernathy_NFH_F,5008,0.07,Spring_Cr_col,5030,0.02
Area123 (09) troll 135 135,,Hanford_Reach,5026,0.31,Priest_Rapid_H,5026,0.25,Priest_Rapids_H,5026,0.17,Wells_H,5026,0.17,Lyons_Ferry_H,5021,0.05
Area123 (09) troll 135 136,,Soos_H,5020,0.90,George_Adams_H,5005,0.03,Hamma_Hamma_R,5005,0.02,Clear_Cr_H,5020,0.02,Cedar_R_SuFa,5020,0.01
Area123 (09) troll 135 137,,Hanford_Reach,5026,0.89,Priest_Rapid_H,5026,0.11,Umatilla_H_Fa,5026,0.00,Methow_R,5026,0.00,Wells_H,5026,0.00
Area123 (09) troll 135 138,,Lewis_R_f,5008,0.23,Green_R_Fa,5008,0.18,Washougal_R_Fa,5008,0.12,Lewis_R_Su,5008,0.11,Morice_R,21,0.11
Area123 (09) troll 135 139,,N_Santiam_H,5029,0.99,McKenzie_H,5029,0.00,S_Umpqua_H,5011,0.00,Wells_H,5026,0.00,,,
Area123 (09) troll 135 140,,Priest_Rapids_H,5026,0.83,Hanford_Reach,5026,0.13,Lyons_Ferry_H,5021,0.02,Priest_Rapid_H,5026,0.01,Sandy_R,5008,0.00
Area123 (09) troll 135 141,,Lyons_Ferry_H,5021,0.28,Lewis_R_f,5008,0.17,Hanford_Reach,5026,0.17,Priest_Rapids_H,5026,0.15,Methow_R,5026,0.07
Area123 (09) troll 135 142,,Lyons_Ferry_H,5021,0.90,Hanford_Reach,5026,0.09,Methow_R,5026,0.01,Umatilla_H_Fa,5026,0.00,Priest_Rapid_H,5026,0.00
Area123 (09) troll 135 143,,Lewis_R_f,5008,0.54,Lewis_R_Su,5008,0.22,Cowlitz_H_sp,5009,0.08,Cowlitz_H_fa,5008,0.07,Abernathy_NFH_F,5008,0.06
Area123 (09) troll 135 144,,Soos_H,5020,0.82,Clear_Cr_H,5020,0.12,Cedar_R_SuFa,5020,0.02,George_Adams_H,5005,0.02,Samish_H,5016,0.01
Area123 (09) troll 135 145,,Lyons_Ferry_H,5021,0.98,Nez_PerceT_H,5021,0.01,Priest_Rapid_H,5026,0.01,Hanford_Reach,5026,0.00,ClearwaterRFa,5021,0.00
Area123 (09) troll 135 146,,Priest_Rapid_H,5026,0.62,Hanford_Reach,5026,0.14,Lyons_Ferry_H,5021,0.11,Wells_H,5026,0.06,Nez_PerceT_H,5021,0.03
Area123 (09) troll 135 147,,Soos_H,5020,0.53,Samish_H,5016,0.18,Clear_Cr_H,5020,0.15,George_Adams_H,5005,0.07,Bear_Cr_SuFa,5020,0.02
Area123 (09) troll 135 148,,Elk_H,5011,0.82,Sixes_R,5011,0.09,Coos_H,5011,0.05,Lewis_R_f,5008,0.03,Hanford_Reach,5026,0.01
Area123 (09) troll 135 149,,Clear_Cr_H,5020,0.34,George_Adams_H,5005,0.23,Cedar_R_SuFa,5020,0.16,Soos_H,5020,0.14,Hamma_Hamma_R,5005,0.11
Area123 (09) troll 135 150,,Spring_Cr_col,5030,0.93,Abernathy_NFH_F,5008,0.06,Abernathy_Cr_Fa,5008,0.01,Cowlitz_H_fa,5008,0.00,Elochoman_H,5030,0.00
Area123 (09) troll 135 151,,George_Adams_H,5005,0.74,Cedar_R_SuFa,5020,0.10,Soos_H,5020,0.09,Samish_H,5016,0.03,Clear_Cr_H,5020,0.02
Area123 (09) troll 135 152,,Cowlitz_H_sp,5009,0.26,Cowlitz_H_fa,5008,0.23,Umpqua_H,5011,0.20,Lewis_R_Su,5008,0.09,Hanford_Reach,5026,0.07
Area123 (09) troll 135 153,,Spring_Cr_col,5030,0.99,Abernathy_NFH_F,5008,0.01,Elochoman_H,5030,0.00,Abernathy_Cr_Fa,5008,0.00,Washougal_R_Fa,5008,0.00
Area123 (09) troll 135 154,,Cedar_R_SuFa,5020,0.62,George_Adams_H,5005,0.10,Hamma_Hamma_R,5005,0.07,Clear_Cr_H,5020,0.07,Soos_H,5020,0.06
Area123 (09) troll 135 155,,Cowlitz_H_fa,5008,0.84,Spring_Cr_col,5030,0.14,Washougal_R_Fa,5008,0.01,Abernathy_Cr_Fa,5008,0.00,Abernathy_NFH_F,5008,0.00
Area123 (09) troll 135 156,,Cedar_R_SuFa,5020,0.84,Bear_Cr_SuFa,5020,0.06,Cowlitz_H_fa,5008,0.03,Soos_H,5020,0.03,Clear_Cr_H,5020,0.01
Area123 (09) troll 135 157,,Spring_Cr_col,5030,1.00,Elochoman_H,5030,0.00,Abernathy_NFH_F,5008,0.00,,,,,,
Area123 (09) troll 135 158,,Cedar_R_SuFa,5020,0.49,Soos_H,5020,0.39,Puntledge_F,7,0.03,S_Prairie_Cr,5020,0.03,Samish_H,5016,0.02
Area123 (09) troll 135 159,,George_Adams_H,5005,0.75,Hamma_Hamma_R,5005,0.08,Samish_H,5016,0.07,Soos_H,5020,0.04,Cedar_R_SuFa,5020,0.03
Area123 (09) troll 135 160,,Spring_Cr_col,5030,0.91,Abernathy_NFH_F,5008,0.08,Cowlitz_H_fa,5008,0.01,Abernathy_Cr_Fa,5008,0.00,Lewis_R_f,5008,0.00
Area123 (09) troll 135 161,,Spring_Cr_col,5030,0.90,Abernathy_NFH_F,5008,0.10,Big_Cr_H_Col,5030,0.00,Coos_H,5011,0.00,,,
Area123 (09) troll 135 162,,Puntledge_F,7,0.83,Cowichan,7,0.17,L_Qualicum,7,0.00,Samish_H,5016,0.00,Cheakamus_F,9,0.00
Area123 (09) troll 135 163,,Hanford_Reach,5026,0.51,Priest_Rapids_H,5026,0.41,Priest_Rapid_H,5026,0.02,Harrison,3,0.02,Wells_H,5026,0.01
Area123 (09) troll 135 164,,Green_R_Fa,5008,0.44,Samish_H,5016,0.34,Washougal_R_Fa,5008,0.05,Soos_H,5020,0.05,Hamma_Hamma_R,5005,0.05
Area123 (09) troll 135 165,,George_Adams_H,5005,0.82,Cedar_R_SuFa,5020,0.09,Hamma_Hamma_R,5005,0.08,Bear_Cr_SuFa,5020,0.01,Soos_H,5020,0.00
Area123 (09) troll 135 166,,George_Adams_H,5005,0.75,Cedar_R_SuFa,5020,0.09,Samish_H,5016,0.08,Hamma_Hamma_R,5005,0.07,Bear_Cr_SuFa,5020,0.02
Area123 (09) troll 135 167,,Priest_Rapid_H,5026,0.83,Hanford_Reach,5026,0.11,Wells_H,5026,0.06,Lyons_Ferry_H,5021,0.00,Umatilla_H_Fa,5026,0.00
Area123 (09) troll 135 168,,Spring_Cr_col,5030,0.92,Abernathy_NFH_F,5008,0.07,Elochoman_H,5030,0.00,Abernathy_Cr_Fa,5008,0.00,Washougal_R_Fa,5008,0.00
Area123 (09) troll 135 169,,Cowlitz_H_fa,5008,0.45,Spring_Cr_col,5030,0.34,Lewis_R_Su,5008,0.09,Cowlitz_H_sp,5009,0.08,Lewis_R_f,5008,0.02
Area123 (09) troll 135 170,,Samish_H,5016,0.87,Clear_Cr_H,5020,0.07,George_Adams_H,5005,0.02,S_Prairie_Cr,5020,0.02,Soos_H,5020,0.01
Area123 (09) troll 135 171,,Methow_R,5026,0.96,Priest_Rapids_H,5026,0.03,Wenatchee_R_SF,5026,0.01,Priest_Rapid_H,5026,0.00,,,
Area123 (09) troll 135 172,,Samish_H,5016,0.85,George_Adams_H,5005,0.12,Skykomish_R,5016,0.01,Clear_Cr_H,5020,0.01,Cedar_R_SuFa,5020,0.01
Area123 (09) troll 135 173,,Washougal_R_Fa,5008,0.36,Cowlitz_H_fa,5008,0.23,Green_R_Fa,5008,0.15,Lewis_R_Su,5008,0.15,Cowlitz_H_sp,5009,0.06
Area123 (09) troll 135 174,,Chilliwack_F,3,0.51,Harrison,3,0.49,Priest_Rapids_H,5026,0.00,Wells_H,5026,0.00,Methow_R,5026,0.00
Area123 (09) troll 135 175,,Abernathy_NFH_F,5008,0.76,Washougal_R_Fa,5008,0.12,Green_R_Fa,5008,0.05,Elochoman_H,5030,0.03,Abernathy_Cr_Fa,5008,0.03
Area123 (09) troll 135 176,,Lyons_Ferry_H,5021,0.66,Priest_Rapids_H,5026,0.15,Hanford_Reach,5026,0.12,Priest_Rapid_H,5026,0.06,Nez_PerceT_H,5021,0.01
Area123 (09) troll 135 177,,Methow_R,5026,0.67,Priest_Rapids_H,5026,0.21,Priest_Rapid_H,5026,0.09,Nez_PerceT_H,5021,0.01,Wells_H,5026,0.01
Area123 (09) troll 135 178,,Priest_Rapids_H,5026,0.93,Hanford_Reach,5026,0.06,Lyons_Ferry_H,5021,0.00,Wells_H,5026,0.00,Priest_Rapid_H,5026,0.00
Area123 (09) troll 135 179,,Clear_Cr_H,5020,0.20,George_Adams_H,5005,0.20,Hamma_Hamma_R,5005,0.19,Soos_H,5020,0.17,Cedar_R_SuFa,5020,0.15
Area123 (09) troll 135 180,,Samish_H,5016,0.82,Cedar_R_SuFa,5020,0.10,Grovers_Cr_H,5020,0.05,Clear_Cr_H,5020,0.01,Bear_Cr_SuFa,5020,0.01
Area123 (09) troll 135 181,,Wells_H,5026,0.30,Cowlitz_H_fa,5008,0.12,Methow_R,5026,0.12,Priest_Rapid_H,5026,0.12,Washougal_R_Fa,5008,0.11
Area123 (09) troll 135 182,,Cowlitz_H_fa,5008,0.98,Lewis_R_f,5008,0.01,Lewis_R_Su,5008,0.01,Washougal_R_Fa,5008,0.00,Green_R_Fa,5008,0.00
Area123 (09) troll 135 183,,George_Adams_H,5005,0.45,Clear_Cr_H,5020,0.38,Soos_H,5020,0.10,Cedar_R_SuFa,5020,0.03,Hamma_Hamma_R,5005,0.02
Area123 (09) troll 135 184,,Washougal_R_Fa,5008,0.83,Priest_Rapids_H,5026,0.06,Lewis_R_Su,5008,0.04,Green_R_Fa,5008,0.03,Sandy_R,5008,0.01
Area123 (09) troll 135 185,,Clear_Cr_H,5020,0.59,Cedar_R_SuFa,5020,0.19,Soos_H,5020,0.07,Samish_H,5016,0.06,George_Adams_H,5005,0.04
Area123 (09) troll 135 186,,George_Adams_H,5005,1.00,Hamma_Hamma_R,5005,0.00,Clear_Cr_H,5020,0.00,,,,,,
Area123 (09) troll 135 187,,Spring_Cr_col,5030,0.90,Abernathy_NFH_F,5008,0.10,Elochoman_H,5030,0.00,Big_Cr_H_Col,5030,0.00,Cowlitz_H_fa,5008,0.00
Area123 (09) troll 139 188,,Priest_Rapid_H,5026,0.46,Hanford_Reach,5026,0.31,Methow_R,5026,0.16,Priest_Rapids_H,5026,0.06,Wells_H,5026,0.00
Area123 (09) troll 139 189,,Priest_Rapid_H,5026,0.43,Wells_H,5026,0.38,Hanford_Reach,5026,0.10,Priest_Rapids_H,5026,0.06,Methow_R,5026,0.02
Area123 (09) troll 139 190,,Cowlitz_H_sp,5009,0.71,Washougal_R_Fa,5008,0.22,Cowlitz_H_fa,5008,0.05,Lewis_R_f,5008,0.02,Abernathy_Cr_Fa,5008,0.00
Area123 (09) troll 139 191,,Priest_Rapid_H,5026,0.85,Methow_R,5026,0.06,Priest_Rapids_H,5026,0.04,Hanford_Reach,5026,0.03,Little_R,5,0.02
Area123 (09) troll 139 192,,Elk_H,5011,0.75,Sixes_R,5011,0.24,Coos_H,5011,0.01,Applegate_Cr,5019,0.00,Umpqua_H,5011,0.00
Area123 (09) troll 139 193,,Harrison,3,0.65,Chilliwack_F,3,0.35,,,,,,,,,
Area123 (09) troll 139 194,,Spring_Cr_col,5030,0.60,Washougal_R_Fa,5008,0.27,Abernathy_NFH_F,5008,0.12,Abernathy_Cr_Fa,5008,0.00,Elochoman_H,5030,0.00
Area123 (09) troll 139 195,,Harrison,3,0.82,Chilliwack_F,3,0.16,Clear_Cr_H,5020,0.00,Soos_H,5020,0.00,Cedar_R_SuFa,5020,0.00
Area123 (09) troll 139 196,,Lewis_R_f,5008,0.49,Cowlitz_H_fa,5008,0.16,Green_R_Fa,5008,0.12,Lewis_R_Su,5008,0.12,Washougal_R_Fa,5008,0.11
Area123 (09) troll 139 197,,Washougal_R_Fa,5008,0.50,Lewis_R_f,5008,0.39,Lewis_R_Su,5008,0.04,Cowlitz_H_fa,5008,0.03,Green_R_Fa,5008,0.02
Area123 (09) troll 139 198,,Harrison,3,1.00,NF_Nooksack_H,5016,0.00,,,,,,,,,
Area123 (09) troll 139 199,,Lyons_Ferry_H,5021,0.32,Umpqua_H,5011,0.29,Hanford_Reach,5026,0.25,Priest_Rapid_H,5026,0.12,Umatilla_H_Fa,5026,0.01
Area123 (09) troll 139 200,,Samish_H,5016,0.72,Soos_H,5020,0.15,Clear_Cr_H,5020,0.04,Cedar_R_SuFa,5020,0.04,George_Adams_H,5005,0.03
Area123 (09) troll 139 201,,Hamma_Hamma_R,5005,0.42,Cedar_R_SuFa,5020,0.25,Samish_H,5016,0.15,George_Adams_H,5005,0.14,Soos_H,5020,0.01
Area123 (09) troll 139 202,,Lewis_R_f,5008,0.37,Harrison,3,0.18,Cowlitz_H_fa,5008,0.15,Green_R_Fa,5008,0.12,Washougal_R_Fa,5008,0.09
Area123 (09) troll 139 203,,Harrison,3,0.99,Chilliwack_F,3,0.01,Chilliwac@Stav,3,0.00,Kitimat,10,0.00,L_Cariboo,2,0.00
Area123 (09) troll 139 204,,Chilliwack_F,3,0.53,Harrison,3,0.46,Washougal_R_Fa,5008,0.00,Samish_H,5016,0.00,Chilliwac@Stav,3,0.00
Area123 (09) troll 139 205,,Applegate_Cr,5019,0.42,U_Skagit_R,5016,0.29,Harrison,3,0.14,Skykomish_R,5016,0.09,U_Sauk_R,5016,0.02
Area123 (09) troll 139 206,,Harrison,3,0.94,Chilliwack_F,3,0.03,Little_R,5,0.02,L_Thompson,5,0.01,Cranberry,11,0.00
Area123 (09) troll 139 207,,U_Sauk_R,5016,0.82,Puntledge_F,7,0.10,U_Skagit_R,5016,0.02,Cowichan,7,0.02,Coos_H,5011,0.01
Area123 (09) troll 139 208,,Lewis_R_f,5008,0.48,Cowlitz_H_fa,5008,0.40,Lewis_R_Su,5008,0.10,Cowlitz_H_sp,5009,0.02,Washougal_R_Fa,5008,0.00
Area123 (09) troll 139 209,,Harrison,3,0.96,Chilliwack_F,3,0.04,Marblemount_Hsu,5016,0.00,Hoko_H_Fa,5028,0.00,Chilliwac@Stav,3,0.00
Area123 (09) troll 139 210,,Chilliwack_F,3,0.91,Harrison,3,0.08,Chilliwac@Stav,3,0.00,,,,,,
Area123 (09) troll 139 211,,NF_Nooksack_H,5016,0.97,Cedar_R_SuFa,5020,0.01,Hanford_Reach,5026,0.01,Lyons_Ferry_H,5021,0.00,Hamma_Hamma_R,5005,0.00
Area123 (09) troll 139 212,,George_Adams_H,5005,0.78,Hamma_Hamma_R,5005,0.16,Clear_Cr_H,5020,0.03,Cedar_R_SuFa,5020,0.02,S_Prairie_Cr,5020,0.01
Area123 (09) troll 139 213,,Samish_H,5016,0.62,Clear_Cr_H,5020,0.17,Soos_H,5020,0.13,George_Adams_H,5005,0.04,Hamma_Hamma_R,5005,0.03
Area123 (09) troll 139 214,,Samish_H,5016,0.55,Hamma_Hamma_R,5005,0.33,Cedar_R_SuFa,5020,0.03,Clear_Cr_H,5020,0.02,George_Adams_H,5005,0.02
Area123 (09) troll 139 215,,Lyons_Ferry_H,5021,0.49,ClearwaterRFa,5021,0.10,Hanford_Reach,5026,0.10,George_Adams_H,5005,0.08,Soos_H,5020,0.06
Area123 (09) troll 139 216,,Spring_Cr_col,5030,0.92,Abernathy_NFH_F,5008,0.06,Elochoman_H,5030,0.01,Cowlitz_H_sp,5009,0.00,Cowlitz_H_fa,5008,0.00
Area123 (09) troll 139 217,,Washougal_R_Fa,5008,0.40,Cowlitz_H_sp,5009,0.36,Cowlitz_H_fa,5008,0.14,Lewis_R_f,5008,0.07,Lewis_R_Su,5008,0.04
Area123 (09) troll 139 218,,George_Adams_H,5005,0.64,Hamma_Hamma_R,5005,0.22,Soos_H,5020,0.07,Samish_H,5016,0.03,Cedar_R_SuFa,5020,0.02
Area123 (09) troll 139 219,,George_Adams_H,5005,0.50,Cedar_R_SuFa,5020,0.23,Hamma_Hamma_R,5005,0.19,Bear_Cr_SuFa,5020,0.06,Soos_H,5020,0.01
Area123 (09) troll 139 220,,Priest_Rapid_H,5026,0.80,Hanford_Reach,5026,0.07,Priest_Rapids_H,5026,0.04,Methow_R,5026,0.04,Wells_H,5026,0.04
Area123 (09) troll 139 221,,Hanford_Reach,5026,0.90,Priest_Rapid_H,5026,0.07,Harrison,3,0.01,Umatilla_H_Fa,5026,0.01,ClearwaterRFa,5021,0.00
Area123 (09) troll 139 222,,George_Adams_H,5005,0.53,Samish_H,5016,0.19,Hamma_Hamma_R,5005,0.13,Clear_Cr_H,5020,0.08,Cedar_R_SuFa,5020,0.03
Area123 (09) troll 139 223,,Samish_H,5016,0.39,Cedar_R_SuFa,5020,0.21,Clear_Cr_H,5020,0.20,Soos_H,5020,0.15,George_Adams_H,5005,0.02
Area123 (09) troll 139 224,,Hamma_Hamma_R,5005,0.86,George_Adams_H,5005,0.05,Soos_H,5020,0.04,Cedar_R_SuFa,5020,0.02,Samish_H,5016,0.01
Area123 (09) troll 139 225,,Soos_H,5020,0.76,Cedar_R_SuFa,5020,0.10,Clear_Cr_H,5020,0.06,Hamma_Hamma_R,5005,0.02,Samish_H,5016,0.02
Area123 (09) troll 139 226,,Methow_R,5026,0.98,Hanford_Reach,5026,0.01,Priest_Rapids_H,5026,0.00,Wells_H,5026,0.00,Wenatchee_R_SF,5026,0.00
Area123 (09) troll 139 227,,Washougal_R_Fa,5008,0.94,Green_R_Fa,5008,0.03,Cowlitz_H_fa,5008,0.02,Abernathy_NFH_F,5008,0.00,Abernathy_Cr_Fa,5008,0.00
Area123 (09) troll 139 228,,Lyons_Ferry_H,5021,0.57,Wells_H,5026,0.34,Priest_Rapid_H,5026,0.06,Methow_R,5026,0.01,Hanford_Reach,5026,0.01
Area123 (09) troll 139 229,,George_Adams_H,5005,0.79,Hamma_Hamma_R,5005,0.13,Grovers_Cr_H,5020,0.04,Soos_H,5020,0.02,White_H,5020,0.01
Area123 (09) troll 139 230,,Priest_Rapids_H,5026,0.79,Priest_Rapid_H,5026,0.11,Washougal_R_Fa,5008,0.03,Nez_PerceT_H,5021,0.03,Methow_R,5026,0.02
Area123 (09) troll 139 231,,Soos_H,5020,0.50,Samish_H,5016,0.13,George_Adams_H,5005,0.13,Cedar_R_SuFa,5020,0.11,Clear_Cr_H,5020,0.09
Area123 (09) troll 139 232,,Soos_H,5020,0.59,Clear_Cr_H,5020,0.17,George_Adams_H,5005,0.10,Cedar_R_SuFa,5020,0.09,Hamma_Hamma_R,5005,0.02
Area123 (09) troll 139 233,,Spring_Cr_col,5030,0.70,Washougal_R_Fa,5008,0.25,Green_R_Fa,5008,0.02,Cowlitz_H_fa,5008,0.01,Abernathy_NFH_F,5008,0.01
Area123 (09) troll 139 234,,Wells_H,5026,0.63,Methow_R,5026,0.35,Hanford_Reach,5026,0.01,Wenatchee_R_SF,5026,0.01,Priest_Rapid_H,5026,0.01
Area123 (09) troll 139 235,,Spring_Cr_col,5030,0.44,Green_R_Fa,5008,0.35,Abernathy_NFH_F,5008,0.18,Washougal_R_Fa,5008,0.01,Cowlitz_H_fa,5008,0.01
Area123 (09) troll 139 236,,George_Adams_H,5005,0.49,Hamma_Hamma_R,5005,0.14,Cedar_R_SuFa,5020,0.10,Soos_H,5020,0.08,Marblemount_HSp,5016,0.05
Area123 (09) troll 139 237,,Washougal_R_Fa,5008,0.36,Spring_Cr_col,5030,0.35,Cowlitz_H_sp,5009,0.14,Green_R_Fa,5008,0.08,Abernathy_NFH_F,5008,0.03
Area123 (09) troll 139 238,,Lyons_Ferry_H,5021,0.39,Hanford_Reach,5026,0.37,ClearwaterRFa,5021,0.20,Wells_H,5026,0.02,Nez_PerceT_H,5021,0.01
Area123 (09) troll 139 239,,N_Santiam_H,5029,0.97,Spring_Cr_col,5030,0.01,Hanford_Reach,5026,0.01,S_Umpqua_H,5011,0.00,McKenzie_H,5029,0.00
Area123 (09) troll 139 240,,George_Adams_H,5005,0.94,Samish_H,5016,0.05,Clear_Cr_H,5020,0.00,Hamma_Hamma_R,5005,0.00,S_Prairie_Cr,5020,0.00
Area123 (09) troll 139 241,,Clear_Cr_H,5020,0.77,Samish_H,5016,0.12,Soos_H,5020,0.08,S_Prairie_Cr,5020,0.01,George_Adams_H,5005,0.01
Area123 (09) troll 139 242,,George_Adams_H,5005,0.88,Clear_Cr_H,5020,0.06,Hamma_Hamma_R,5005,0.05,Bear_Cr_SuFa,5020,0.01,Soos_H,5020,0.01
Area123 (09) troll 139 243,,NF_Nooksack_H,5016,0.80,Hamma_Hamma_R,5005,0.11,Clear_Cr_H,5020,0.06,Cedar_R_SuFa,5020,0.01,George_Adams_H,5005,0.01
Area123 (09) troll 139 244,,Samish_H,5016,0.68,George_Adams_H,5005,0.17,Cedar_R_SuFa,5020,0.05,Soos_H,5020,0.04,Hamma_Hamma_R,5005,0.03
Area123 (09) troll 139 245,,Lyons_Ferry_H,5021,0.47,Priest_Rapid_H,5026,0.26,Nez_PerceT_H,5021,0.11,Hanford_Reach,5026,0.10,Priest_Rapids_H,5026,0.05
Area123 (09) troll 139 246,,George_Adams_H,5005,0.39,Soos_H,5020,0.36,Hamma_Hamma_R,5005,0.15,Samish_H,5016,0.05,Clear_Cr_H,5020,0.02
Area123 (09) troll 139 247,,Soos_H,5020,0.61,George_Adams_H,5005,0.23,Samish_H,5016,0.05,Clear_Cr_H,5020,0.05,Hamma_Hamma_R,5005,0.03
Area123 (09) troll 139 248,,Samish_H,5016,0.96,Soos_H,5020,0.02,Cedar_R_SuFa,5020,0.01,Hamma_Hamma_R,5005,0.01,Bear_Cr_SuFa,5020,0.00
Area123 (09) troll 139 249,,George_Adams_H,5005,0.50,Hamma_Hamma_R,5005,0.32,Clear_Cr_H,5020,0.09,Cedar_R_SuFa,5020,0.07,S_Prairie_Cr,5020,0.01
Area123 (09) troll 139 250,,Soos_H,5020,0.55,Clear_Cr_H,5020,0.26,Cedar_R_SuFa,5020,0.11,S_Prairie_Cr,5020,0.03,Bear_Cr_SuFa,5020,0.02
Area123 (09) troll 139 251,,Cowlitz_H_fa,5008,0.57,Lewis_R_f,5008,0.25,Lewis_R_Su,5008,0.14,Abernathy_Cr_Fa,5008,0.03,Washougal_R_Fa,5008,0.01
Area123 (09) troll 139 252,,Priest_Rapid_H,5026,0.34,Methow_R,5026,0.33,Hanford_Reach,5026,0.31,Priest_Rapids_H,5026,0.01,Wells_H,5026,0.00
Area123 (09) troll 139 253,,Soos_H,5020,0.68,George_Adams_H,5005,0.15,Cedar_R_SuFa,5020,0.08,Clear_Cr_H,5020,0.05,Samish_H,5016,0.01
Area123 (09) troll 139 254,,Cowlitz_H_fa,5008,0.53,N_Santiam_H,5029,0.34,Washougal_R_Fa,5008,0.09,Spring_Cr_col,5030,0.03,Abernathy_Cr_Fa,5008,0.00
Area123 (09) troll 139 255,,Wells_H,5026,0.33,Hanford_Reach,5026,0.16,Priest_Rapid_H,5026,0.10,Skykomish_R,5016,0.09,Methow_R,5026,0.08
Area123 (09) troll 139 256,,Priest_Rapid_H,5026,0.48,Hanford_Reach,5026,0.41,ClearwaterRFa,5021,0.03,Methow_R,5026,0.03,Umpqua_H,5011,0.02
Area123 (09) troll 139 257,,Spring_Cr_col,5030,0.76,Abernathy_NFH_F,5008,0.24,Elochoman_H,5030,0.00,Abernathy_Cr_Fa,5008,0.00,Cowlitz_H_fa,5008,0.00
Area123 (09) troll 139 258,,Hanford_Reach,5026,0.69,ClearwaterRFa,5021,0.20,Nez_PerceT_H,5021,0.04,Wells_H,5026,0.03,Washougal_R_Fa,5008,0.02
Area123 (09) troll 139 259,,Hanford_Reach,5026,0.74,Priest_Rapid_H,5026,0.11,Priest_Rapids_H,5026,0.11,Methow_R,5026,0.02,Wells_H,5026,0.02
Area123 (09) troll 139 260,,Hanford_Reach,5026,0.65,Priest_Rapid_H,5026,0.18,Lyons_Ferry_H,5021,0.14,ClearwaterRFa,5021,0.02,Priest_Rapids_H,5026,0.01
Area123 (09) troll 139 261,,Cedar_R_SuFa,5020,0.45,Samish_H,5016,0.14,Soos_H,5020,0.14,George_Adams_H,5005,0.10,Clear_Cr_H,5020,0.10
Area123 (09) troll 139 262,,U_Sauk_R,5016,0.83,Marblemount_HSp,5016,0.14,U_Skagit_R,5016,0.01,Marblemount_Hsu,5016,0.01,U_Sauk_R_SpSu,5016,0.01
Area123 (09) troll 139 263,,Cedar_R_SuFa,5020,0.66,Soos_H,5020,0.23,Samish_H,5016,0.07,S_Prairie_Cr,5020,0.02,Bear_Cr_SuFa,5020,0.01
Area123 (09) troll 139 264,,Spring_Cr_col,5030,0.89,Abernathy_NFH_F,5008,0.11,Washougal_R_Fa,5008,0.00,Elochoman_H,5030,0.00,Cowlitz_H_sp,5009,0.00
Area123 (09) troll 139 265,,Clear_Cr_H,5020,0.39,Cedar_R_SuFa,5020,0.27,George_Adams_H,5005,0.20,Soos_H,5020,0.06,Bear_Cr_SuFa,5020,0.04
Area123 (09) troll 139 266,,Lyons_Ferry_H,5021,0.47,Priest_Rapid_H,5026,0.34,Priest_Rapids_H,5026,0.07,Nez_PerceT_H,5021,0.06,Hanford_Reach,5026,0.04
Area123 (09) troll 139 267,,Cedar_R_SuFa,5020,0.46,Samish_H,5016,0.19,George_Adams_H,5005,0.15,Clear_Cr_H,5020,0.11,Soos_H,5020,0.05
Area123 (09) troll 139 268,,Umpqua_H,5011,0.95,Hanford_Reach,5026,0.02,Lewis_R_Su,5008,0.01,Priest_Rapid_H,5026,0.01,Cowlitz_H_fa,5008,0.01
Area123 (09) troll 139 269,,Methow_R,5026,0.92,Priest_Rapid_H,5026,0.03,Hanford_Reach,5026,0.02,Priest_Rapids_H,5026,0.02,Wells_H,5026,0.00
Area123 (09) troll 139 270,,Spring_Cr_col,5030,0.65,Hanford_Reach,5026,0.08,Priest_Rapid_H,5026,0.08,Abernathy_NFH_F,5008,0.05,Washougal_R_Fa,5008,0.05
Area123 (09) troll 139 271,,Washougal_R_Fa,5008,0.85,Cowlitz_H_fa,5008,0.09,Lewis_R_Su,5008,0.05,Lewis_R_f,5008,0.00,Green_R_Fa,5008,0.00
Area123 (09) troll 139 272,,Washougal_R_Fa,5008,0.43,Spring_Cr_col,5030,0.35,Abernathy_NFH_F,5008,0.16,Lewis_R_Su,5008,0.03,Abernathy_Cr_Fa,5008,0.01
Area123 (09) troll 139 273,,George_Adams_H,5005,0.51,Hamma_Hamma_R,5005,0.23,Clear_Cr_H,5020,0.18,Soos_H,5020,0.07,Cedar_R_SuFa,5020,0.01
Area123 (09) troll 139 274,,Hanford_Reach,5026,0.91,N_Santiam_H,5029,0.08,McKenzie_H,5029,0.01,Priest_Rapid_H,5026,0.00,Priest_Rapids_H,5026,0.00
Area123 (09) troll 139 275,,Samish_H,5016,0.34,Soos_H,5020,0.21,Cedar_R_SuFa,5020,0.21,Clear_Cr_H,5020,0.17,George_Adams_H,5005,0.07
Area123 (09) troll 139 276,,Puntledge_F,7,0.42,Samish_H,5016,0.32,George_Adams_H,5005,0.17,Soos_H,5020,0.06,Cedar_R_SuFa,5020,0.03
Area123 (09) troll 139 277,,Puntledge_F,7,0.31,George_Adams_H,5005,0.20,Cedar_R_SuFa,5020,0.16,Hamma_Hamma_R,5005,0.13,Soos_H,5020,0.13
Area123 (09) troll 139 278,,S_Umpqua_H,5011,0.60,Coos_H,5011,0.27,Coquille_R,5011,0.06,Cowlitz_H_sp,5009,0.04,Cowlitz_H_fa,5008,0.02
Area123 (09) troll 139 279,,Harrison,3,0.42,George_Adams_H,5005,0.24,Skykomish_R,5016,0.11,Samish_H,5016,0.07,Clear_Cr_H,5020,0.06
Area123 (09) troll 139 280,,Washougal_R_Fa,5008,0.50,Abernathy_NFH_F,5008,0.30,Green_R_Fa,5008,0.11,Abernathy_Cr_Fa,5008,0.06,Elochoman_H,5030,0.01
Area123 (09) troll 139 281,,Priest_Rapid_H,5026,0.61,Hanford_Reach,5026,0.32,Methow_R,5026,0.06,Priest_Rapids_H,5026,0.00,Nez_PerceT_H,5021,0.00
Area123 (09) troll 139 282,,Spring_Cr_col,5030,0.44,Washougal_R_Fa,5008,0.29,Abernathy_NFH_F,5008,0.09,Cowlitz_H_sp,5009,0.07,Cowlitz_H_fa,5008,0.07
Area123 (09) troll 139 283,,Coos_H,5011,0.96,Elk_H,5011,0.04,Wilson_R,5015,0.00,Washougal_R_Fa,5008,0.00,Coquille_R,5011,0.00
Area123 (09) troll 139 284,,Hamma_Hamma_R,5005,0.41,Cedar_R_SuFa,5020,0.23,Samish_H,5016,0.15,Soos_H,5020,0.10,George_Adams_H,5005,0.10
Area123 (09) troll 139 285,,Soos_H,5020,0.71,Bear_Cr_SuFa,5020,0.08,Hamma_Hamma_R,5005,0.05,George_Adams_H,5005,0.04,Cedar_R_SuFa,5020,0.03
Area123 (09) troll 139 286,,Spring_Cr_col,5030,0.98,Abernathy_NFH_F,5008,0.01,Abernathy_Cr_Fa,5008,0.00,Coweeman_R_Fa,5008,0.00,Lewis_R_Su,5008,0.00
Area123 (09) troll 139 287,,Spring_Cr_col,5030,1.00,Abernathy_NFH_F,5008,0.00,Cowlitz_H_fa,5008,0.00,Green_R_Fa,5008,0.00,Abernathy_Cr_Fa,5008,0.00
Area123 (09) troll 139 288,,Cowlitz_H_sp,5009,0.95,Cowlitz_H_fa,5008,0.04,Green_R_Fa,5008,0.01,Lewis_R_f,5008,0.00,Lewis_R_Su,5008,0.00
Area123 (09) troll 139 289,,Spring_Cr_col,5030,0.63,Cowlitz_H_fa,5008,0.22,Abernathy_NFH_F,5008,0.10,Washougal_R_Fa,5008,0.04,Abernathy_Cr_Fa,5008,0.00
Area123 (09) troll 139 290,,George_Adams_H,5005,0.95,Soos_H,5020,0.04,Hamma_Hamma_R,5005,0.01,Cedar_R_SuFa,5020,0.00,Samish_H,5016,0.00
Area123 (09) troll 139 291,,Samish_H,5016,0.37,George_Adams_H,5005,0.20,Clear_Cr_H,5020,0.19,Soos_H,5020,0.14,Hamma_Hamma_R,5005,0.04
Area123 (09) troll 139 292,,Spring_Cr_col,5030,0.84,Abernathy_NFH_F,5008,0.14,Elochoman_H,5030,0.01,Cowlitz_H_fa,5008,0.01,Washougal_R_Fa,5008,0.00
Area123 (09) troll 139 293,,Clear_Cr_H,5020,0.42,Soos_H,5020,0.26,Samish_H,5016,0.15,George_Adams_H,5005,0.12,Cedar_R_SuFa,5020,0.04
Area123 (09) troll 139 294,,George_Adams_H,5005,0.93,Hamma_Hamma_R,5005,0.07,Clear_Cr_H,5020,0.00,Cedar_R_SuFa,5020,0.00,Samish_H,5016,0.00
Area123 (09) troll 139 295,,Green_R_Fa,5008,0.83,Spring_Cr_col,5030,0.11,Elochoman_H,5030,0.03,Abernathy_Cr_Fa,5008,0.01,Cowlitz_H_fa,5008,0.01
Area123 (09) troll 139 296,,Spring_Cr_col,5030,0.96,Abernathy_NFH_F,5008,0.02,Elochoman_H,5030,0.01,Green_R_Fa,5008,0.00,Cowlitz_H_fa,5008,0.00
Area123 (09) troll 139 297,,Soos_H,5020,0.78,George_Adams_H,5005,0.09,Cedar_R_SuFa,5020,0.07,Bear_Cr_SuFa,5020,0.03,Clear_Cr_H,5020,0.02
Area123 (09) troll 139 298,,George_Adams_H,5005,0.50,Hamma_Hamma_R,5005,0.47,Clear_Cr_H,5020,0.02,Soos_H,5020,0.01,Cedar_R_SuFa,5020,0.00
Area123 (09) troll 139 299,,Cedar_R_SuFa,5020,0.63,George_Adams_H,5005,0.25,Clear_Cr_H,5020,0.05,Bear_Cr_SuFa,5020,0.04,Hamma_Hamma_R,5005,0.01
Area123 (09) troll 139 300,,Washougal_R_Fa,5008,0.59,Green_R_Fa,5008,0.22,Spring_Cr_col,5030,0.09,Abernathy_NFH_F,5008,0.06,Abernathy_Cr_Fa,5008,0.04
Area123 (09) troll 139 301,,Spring_Cr_col,5030,0.79,Abernathy_NFH_F,5008,0.07,Green_R_Fa,5008,0.04,Washougal_R_Fa,5008,0.04,Abernathy_Cr_Fa,5008,0.03
Area123 (09) troll 139 302,,George_Adams_H,5005,0.60,Hamma_Hamma_R,5005,0.18,Soos_H,5020,0.12,Clear_Cr_H,5020,0.08,Bear_Cr_SuFa,5020,0.01
Area123 (09) troll 139 303,,Green_R_Fa,5008,0.83,Washougal_R_Fa,5008,0.13,Abernathy_Cr_Fa,5008,0.02,Lewis_R_f,5008,0.01,Cowlitz_H_fa,5008,0.00
Area123 (09) troll 139 304,,Cedar_R_SuFa,5020,0.83,Bear_Cr_SuFa,5020,0.08,Samish_H,5016,0.04,George_Adams_H,5005,0.04,Soos_H,5020,0.01
Area123 (09) troll 139 305,,Cowlitz_H_fa,5008,0.94,Green_R_Fa,5008,0.02,Abernathy_NFH_F,5008,0.01,Lewis_R_f,5008,0.01,Washougal_R_Fa,5008,0.01
Area123 (09) troll 139 306,,Washougal_R_Fa,5008,0.48,Spring_Cr_col,5030,0.27,Green_R_Fa,5008,0.13,Cowlitz_H_fa,5008,0.05,Elochoman_H,5030,0.03
Area123 (09) troll 139 307,,George_Adams_H,5005,0.75,Clear_Cr_H,5020,0.09,Cedar_R_SuFa,5020,0.08,Soos_H,5020,0.03,Hamma_Hamma_R,5005,0.02
Area123 (09) troll 139 308,,Cedar_R_SuFa,5020,0.82,Bear_Cr_SuFa,5020,0.12,Soos_H,5020,0.05,George_Adams_H,5005,0.01,Clear_Cr_H,5020,0.00
Area123 (09) troll 139 309,,Spring_Cr_col,5030,0.96,Abernathy_NFH_F,5008,0.04,Cowlitz_H_fa,5008,0.00,,,,,,
Area123 (09) troll 139 310,,Hamma_Hamma_R,5005,0.44,George_Adams_H,5005,0.38,Clear_Cr_H,5020,0.06,Cedar_R_SuFa,5020,0.05,Soos_H,5020,0.03
Area123 (09) troll 139 311,,Hoko_H_Fa,5028,0.97,Puntledge_F,7,0.01,Hamma_Hamma_R,5005,0.01,Cedar_R_SuFa,5020,0.00,Clear_Cr_H,5020,0.00
Area123 (09) troll 139 312,,Cedar_R_SuFa,5020,0.53,Soos_H,5020,0.32,Hamma_Hamma_R,5005,0.10,Clear_Cr_H,5020,0.02,George_Adams_H,5005,0.01
Area123 (09) troll 139 313,,Spring_Cr_col,5030,1.00,Abernathy_NFH_F,5008,0.00,,,,,,,,,
Area123 (09) troll 139 314,,Methow_R,5026,0.50,Wells_H,5026,0.24,Harrison,3,0.13,Hanford_Reach,5026,0.06,Priest_Rapid_H,5026,0.04
Area123 (09) troll 139 315,,Spring_Cr_col,5030,0.70,Abernathy_NFH_F,5008,0.30,Green_R_Fa,5008,0.00,Abernathy_Cr_Fa,5008,0.00,Washougal_R_Fa,5008,0.00
Area123 (09) troll 139 316,,Lyons_Ferry_H,5021,0.85,Priest_Rapid_H,5026,0.11,Nez_PerceT_H,5021,0.02,Hanford_Reach,5026,0.01,Priest_Rapids_H,5026,0.01
Area123 (09) troll 139 317,,Samish_H,5016,0.34,George_Adams_H,5005,0.30,Clear_Cr_H,5020,0.21,Soos_H,5020,0.07,Hamma_Hamma_R,5005,0.05
Area123 (09) troll 139 318,,Priest_Rapids_H,5026,0.90,Lyons_Ferry_H,5021,0.04,Nez_PerceT_H,5021,0.03,Priest_Rapid_H,5026,0.02,Hanford_Reach,5026,0.00
Area123 (09) troll 139 319,,Lyons_Ferry_H,5021,0.93,Priest_Rapid_H,5026,0.04,Nez_PerceT_H,5021,0.03,ClearwaterRFa,5021,0.00,Hanford_Reach,5026,0.00
Area123 (09) troll 139 320,,Methow_R,5026,0.79,Hanford_Reach,5026,0.13,Priest_Rapid_H,5026,0.05,Priest_Rapids_H,5026,0.02,Wells_H,5026,0.01
Area123 (09) troll 139 321,,Harrison,3,0.52,Chilliwack_F,3,0.48,,,,,,,,,
Area123 (09) troll 139 322,,Spring_Cr_col,5030,0.97,Lewis_R_f,5008,0.01,Cowlitz_H_fa,5008,0.01,Elochoman_H,5030,0.00,Green_R_Fa,5008,0.00
Area123 (09) troll 139 323,,Harrison,3,0.91,Chilliwack_F,3,0.04,Skykomish_R,5016,0.02,Samish_H,5016,0.02,U_Sauk_R,5016,0.00
Area123 (09) troll 139 324,,Elk_H,5011,0.77,Coos_H,5011,0.11,Sixes_R,5011,0.10,Lewis_R_Su,5008,0.01,Lewis_R_f,5008,0.01
Area123 (09) troll 139 325,,Hanford_Reach,5026,0.49,Priest_Rapid_H,5026,0.48,Methow_R,5026,0.02,ClearwaterRFa,5021,0.00,Lyons_Ferry_H,5021,0.00
Area123 (09) troll 139 326,,Harrison,3,0.94,Chilliwack_F,3,0.06,Wells_H,5026,0.00,,,,,,
Area123 (09) troll 139 327,,Priest_Rapid_H,5026,0.50,Hanford_Reach,5026,0.24,Methow_R,5026,0.07,Lyons_Ferry_H,5021,0.07,Priest_Rapids_H,5026,0.05
Area123 (09) troll 139 328,,Harrison,3,0.94,Skykomish_R,5016,0.05,Priest_Rapid_H,5026,0.00,Snoqualmie_R,5016,0.00,Lewis_R_f,5008,0.00
Area123 (09) troll 139 329,,Hanford_Reach,5026,0.87,Lyons_Ferry_H,5021,0.11,Umatilla_H_Fa,5026,0.01,Priest_Rapid_H,5026,0.00,L_Wh_Sal_H_SF,5026,0.00
Area123 (09) troll 139 330,,Hanford_Reach,5026,0.40,Priest_Rapid_H,5026,0.25,ClearwaterRFa,5021,0.14,Lyons_Ferry_H,5021,0.12,Nez_PerceT_H,5021,0.03
Area123 (09) troll 139 331,Dupe with 351,George_Adams_H,5005,0.98,Clear_Cr_H,5020,0.01,Hamma_Hamma_R,5005,0.01,Soos_H,5020,0.00,Cedar_R_SuFa,5020,0.00
Area123 (09) troll 139 332,,Hanford_Reach,5026,0.44,Priest_Rapid_H,5026,0.41,Priest_Rapids_H,5026,0.08,Umatilla_H_Fa,5026,0.03,Lyons_Ferry_H,5021,0.02
Area123 (09) troll 139 333,,Cowlitz_H_fa,5008,0.51,Washougal_R_Fa,5008,0.45,Green_R_Fa,5008,0.03,Abernathy_NFH_F,5008,0.01,Lewis_R_Su,5008,0.00
Area123 (09) troll 139 334,,Methow_R,5026,0.38,Priest_Rapid_H,5026,0.28,Hanford_Reach,5026,0.22,Priest_Rapids_H,5026,0.09,Umatilla_H_Fa,5026,0.02
Area123 (09) troll 139 335,,Harrison,3,0.83,Cedar_R_SuFa,5020,0.05,Soos_H,5020,0.05,N_Santiam_H,5029,0.03,Clear_Cr_H,5020,0.02
Area123 (09) troll 139 336,,Harrison,3,0.99,Samish_H,5016,0.01,Cedar_R_SuFa,5020,0.00,Chilliwack_F,3,0.00,Umpqua_H,5011,0.00
Area123 (09) troll 139 337,,Chilliwack_F,3,0.95,Harrison,3,0.05,,,,,,,,,
Area123 (09) troll 139 338,,Priest_Rapid_H,5026,0.78,Nez_PerceT_H,5021,0.11,Lyons_Ferry_H,5021,0.10,Wells_H,5026,0.00,Methow_R,5026,0.00
Area123 (09) troll 139 339,,Spring_Cr_col,5030,0.81,Abernathy_NFH_F,5008,0.18,Green_R_Fa,5008,0.00,Washougal_R_Fa,5008,0.00,Cowlitz_H_fa,5008,0.00
Area123 (09) troll 139 340,,Priest_Rapid_H,5026,0.60,Priest_Rapids_H,5026,0.34,Hanford_Reach,5026,0.04,L_Deschutes_R,5004,0.00,Umatilla_H_Fa,5026,0.00
Area123 (09) troll 139 341,,Chilliwack_F,3,0.89,Harrison,3,0.11,Chilliwac@Stav,3,0.00,,,,,,
Area123 (09) troll 139 342,,Harrison,3,0.67,Chilliwack_F,3,0.33,,,,,,,,,
Area123 (09) troll 139 343,,Harrison,3,0.76,Priest_Rapids_H,5026,0.22,Methow_R,5026,0.01,Little_R,5,0.01,Nez_PerceT_H,5021,0.00
Area123 (09) troll 139 344,,Green_R_Fa,5008,0.70,Washougal_R_Fa,5008,0.26,Elochoman_H,5030,0.02,Lewis_R_Su,5008,0.01,Cowlitz_H_fa,5008,0.00
Area123 (09) troll 139 345,,Chilliwack_F,3,0.50,Harrison,3,0.50,Cowlitz_H_fa,5008,0.00,Coos_H,5011,0.00,,,
Area123 (09) troll 139 346,,Harrison,3,0.77,Chilliwack_F,3,0.16,Elochoman_H,5030,0.02,Cowlitz_H_fa,5008,0.01,Washougal_R_Fa,5008,0.01
Area123 (09) troll 139 347,,Cowlitz_H_fa,5008,0.42,Lewis_R_f,5008,0.30,Lewis_R_Su,5008,0.28,Green_R_Fa,5008,0.00,Cowlitz_H_sp,5009,0.00
Area123 (09) troll 139 348,,Harrison,3,0.88,Chilliwack_F,3,0.12,,,,,,,,,
Area123 (09) troll 139 349,,Harrison,3,0.60,Chilliwack_F,3,0.40,,,,,,,,,
Area123 (09) troll 139 350,,Spring_Cr_col,5030,0.96,Abernathy_NFH_F,5008,0.02,Elochoman_H,5030,0.01,Washougal_R_Fa,5008,0.00,Big_Cr_H_Col,5030,0.00
Area123 (09) troll 139 351,Dupe with 331,George_Adams_H,5005,0.97,Clear_Cr_H,5020,0.02,Hamma_Hamma_R,5005,0.01,Soos_H,5020,0.00,Cedar_R_SuFa,5020,0.00
Area123 (09) troll 139 352,,Little_R,5,0.81,L_Thompson,5,0.14,L_Adams,5,0.03,Priest_Rapid_H,5026,0.01,L_Shuswap,5,0.01
Area123 (09) troll 139 353,,Little_R,5,0.67,Hanford_Reach,5026,0.19,Priest_Rapid_H,5026,0.06,L_Thompson,5,0.02,ClearwaterRFa,5021,0.02
Area123 (09) troll 139 354,,Methow_R,5026,0.68,Hanford_Reach,5026,0.10,Wells_H,5026,0.09,Lewis_R_Su,5008,0.04,Nez_PerceT_H,5021,0.02
Area123 (09) troll 139 355,,Lyons_Ferry_H,5021,0.56,Priest_Rapid_H,5026,0.26,Hanford_Reach,5026,0.15,Methow_R,5026,0.01,Nez_PerceT_H,5021,0.00
Area123 (09) troll 139 356,,Harrison,3,0.92,Chilliwack_F,3,0.08,Keta_R,5023,0.00,Chilliwac@Stav,3,0.00,,,
Area123 (09) troll 139 357,,Hanford_Reach,5026,0.72,Priest_Rapids_H,5026,0.27,Priest_Rapid_H,5026,0.01,Methow_R,5026,0.00,Sandy_R,5008,0.00
Area123 (09) troll 139 358,,Harrison,3,0.96,Chilliwack_F,3,0.03,L_Cariboo,2,0.00,Chilliwac@Stav,3,0.00,Capilano,9,0.00
Area123 (09) troll 139 359,,Samish_H,5016,0.35,Clear_Cr_H,5020,0.32,Soos_H,5020,0.14,Cedar_R_SuFa,5020,0.13,Bear_Cr_SuFa,5020,0.04
Area123 (09) troll 139 360,,Priest_Rapids_H,5026,0.40,Hanford_Reach,5026,0.26,Lyons_Ferry_H,5021,0.23,Nez_PerceT_H,5021,0.08,Priest_Rapid_H,5026,0.03
Area123 (09) troll 139 361,,Applegate_Cr,5019,0.75,Umpqua_H,5011,0.10,Harrison,3,0.05,Methow_R,5026,0.03,Hanford_Reach,5026,0.03
Area123 (09) troll 139 362,,Hanford_Reach,5026,0.38,Priest_Rapid_H,5026,0.33,Methow_R,5026,0.14,Washougal_R_Fa,5008,0.08,Lewis_R_Su,5008,0.03
Area123 (09) troll 139 363,,Lewis_R_f,5008,0.54,Cowlitz_H_sp,5009,0.31,Lewis_R_Su,5008,0.08,Cowlitz_H_fa,5008,0.05,Washougal_R_Fa,5008,0.02
Area123 (09) troll 139 364,,Lewis_R_f,5008,0.50,Green_R_Fa,5008,0.31,Lewis_R_Su,5008,0.07,Washougal_R_Fa,5008,0.04,Abernathy_Cr_Fa,5008,0.03
Area123 (09) troll 139 365,,Harrison,3,0.99,Chilliwack_F,3,0.01,Clear_Cr_H,5020,0.00,Soos_H,5020,0.00,,,
Area123 (09) troll 139 366,,Chilliwack_F,3,0.66,Harrison,3,0.34,U_Sauk_R,5016,0.00,ClearwaterRFa,5021,0.00,Lyons_Ferry_H,5021,0.00
Area123 (09) troll 139 367,,Chilliwack_F,3,1.00,Harrison,3,0.00,,,,,,,,,
Area123 (09) troll 139 368,,Nehalem_R,5015,0.90,Coos_H,5011,0.04,U_Sauk_R,5016,0.02,Kilchis_R,5015,0.01,Green_R_Fa,5008,0.01
Area123 (09) troll 139 369,,Lyons_Ferry_H,5021,0.48,ClearwaterRFa,5021,0.27,Priest_Rapid_H,5026,0.21,Nez_PerceT_H,5021,0.04,Hanford_Reach,5026,0.00
Area123 (09) troll 139 370,,Hamma_Hamma_R,5005,0.62,Samish_H,5016,0.12,George_Adams_H,5005,0.07,Cedar_R_SuFa,5020,0.05,Bear_Cr_SuFa,5020,0.05
Area123 (09) troll 139 371,,Clear_Cr_H,5020,0.65,Cedar_R_SuFa,5020,0.25,Hamma_Hamma_R,5005,0.05,Soos_H,5020,0.02,Samish_H,5016,0.01
Area123 (09) troll 139 372,,Cedar_R_SuFa,5020,0.63,Clear_Cr_H,5020,0.16,George_Adams_H,5005,0.08,Bear_Cr_SuFa,5020,0.05,Hamma_Hamma_R,5005,0.05
Area123 (09) troll 139 373,,Cowlitz_H_sp,5009,0.54,Cowlitz_H_fa,5008,0.35,Lewis_R_Su,5008,0.08,Washougal_R_Fa,5008,0.01,Lewis_R_f,5008,0.01
Area123 (09) troll 139 374,,Cowlitz_H_fa,5008,0.35,Lewis_R_f,5008,0.27,Umpqua_H,5011,0.13,Washougal_R_Fa,5008,0.12,Lewis_R_Su,5008,0.08
Area123 (09) troll 139 375,,S_Umpqua_H,5011,0.59,Wilson_R,5015,0.09,Kilchis_R,5015,0.05,Washougal_R_Fa,5008,0.04,Abernathy_NFH_F,5008,0.03
Area123 (09) troll 139 376,,Dome,1,0.42,Kenneth_Cr,1,0.37,U_Cariboo,2,0.10,Morkill,1,0.03,Torpy,1,0.02
Area123 (09) troll 139 377,,Hanford_Reach,5026,0.26,Methow_R,5026,0.23,Cowlitz_H_fa,5008,0.19,Wells_H,5026,0.18,Lewis_R_Su,5008,0.04
Area123 (09) troll 139 378,,Washougal_R_Fa,5008,0.72,ClearwaterRFa,5021,0.12,S_Umpqua_H,5011,0.10,Hanford_Reach,5026,0.03,Lyons_Ferry_H,5021,0.01
Area123 (09) troll 139 379,,Samish_H,5016,0.97,George_Adams_H,5005,0.02,Clear_Cr_H,5020,0.00,Cedar_R_SuFa,5020,0.00,Hamma_Hamma_R,5005,0.00
Area123 (09) troll 139 380,,Coweeman_R_Fa,5008,0.21,Washougal_R_Fa,5008,0.20,Lewis_R_f,5008,0.17,Cowlitz_H_fa,5008,0.17,Lewis_R_Su,5008,0.15
Area123 (09) troll 220 577,,Clear_Cr_H,5020,0.59,George_Adams_H,5005,0.34,Hamma_Hamma_R,5005,0.03,Bear_Cr_SuFa,5020,0.02,Soos_H,5020,0.01
Area123 (09) troll 220 578,,Cedar_R_SuFa,5020,0.31,Soos_H,5020,0.23,Clear_Cr_H,5020,0.17,George_Adams_H,5005,0.16,Samish_H,5016,0.11
Area123 (09) troll 220 579,,Washougal_R_Fa,5008,0.91,Cowlitz_H_fa,5008,0.04,Abernathy_NFH_F,5008,0.02,Green_R_Fa,5008,0.01,Lewis_R_f,5008,0.01
Area123 (09) troll 220 580,,Spring_Cr_col,5030,0.58,Cowlitz_H_fa,5008,0.32,Green_R_Fa,5008,0.05,Abernathy_NFH_F,5008,0.02,Lewis_R_f,5008,0.02
Area123 (09) troll 220 581,,Coos_H,5011,0.59,Umpqua_H,5011,0.18,Washougal_R_Fa,5008,0.06,Alsea_R,5015,0.02,Necanicum_H,5015,0.02
Area123 (09) troll 220 582,,Hamma_Hamma_R,5005,0.59,Cedar_R_SuFa,5020,0.23,Samish_H,5016,0.09,Clear_Cr_H,5020,0.05,George_Adams_H,5005,0.03
Area123 (09) troll 220 583,,Spring_Cr_col,5030,0.98,Abernathy_NFH_F,5008,0.02,Elochoman_H,5030,0.00,Green_R_Fa,5008,0.00,Big_Cr_H_Col,5030,0.00
Area123 (09) troll 220 584,,Washougal_R_Fa,5008,0.77,Lewis_R_f,5008,0.13,Spring_Cr_col,5030,0.07,Elochoman_H,5030,0.01,Cowlitz_H_fa,5008,0.01
Area123 (09) troll 220 585,,Harrison,3,0.68,Chilliwack_F,3,0.32,,,,,,,,,
Area123 (09) troll 220 586,,Harrison,3,0.81,Samish_H,5016,0.12,Soos_H,5020,0.04,Skykomish_R,5016,0.00,Umpqua_H,5011,0.00
Area123 (09) troll 220 587,,Harrison,3,0.83,Kitimat,10,0.10,Keta_R,5023,0.03,Chilliwack_F,3,0.03,Washougal_R_Fa,5008,0.00
Area123 (09) troll 220 588,,Priest_Rapid_H,5026,0.67,Wells_H,5026,0.30,Priest_Rapids_H,5026,0.01,Nez_PerceT_H,5021,0.01,Hanford_Reach,5026,0.00
Area123 (09) troll 220 589,,Harrison,3,0.65,Chilliwack_F,3,0.35,Soos_H,5020,0.00,Chilliwac@Stav,3,0.00,Cedar_R_SuFa,5020,0.00
Area123 (09) troll 220 590,,Harrison,3,0.70,Bear_Cr_SuFa,5020,0.09,Cowlitz_H_fa,5008,0.08,Cedar_R_SuFa,5020,0.04,Soos_H,5020,0.02
Area123 (09) troll 220 591,,Puntledge_F,7,0.82,Cowichan,7,0.17,Puntledge_BackX,7,0.00,Nanaimo_F,7,0.00,L_Qualicum,7,0.00
Area123 (09) troll 220 592,,Harrison,3,0.92,Cowlitz_H_fa,5008,0.06,Lewis_R_Su,5008,0.00,Capilano,9,0.00,Chilliwack_F,3,0.00
Area123 (09) troll 220 593,,Chilliwack_F,3,0.99,Harrison,3,0.01,,,,,,,,,
Area123 (09) troll 220 594,,Little_R,5,0.71,L_Thompson,5,0.24,L_Shuswap,5,0.02,Umpqua_H,5011,0.01,Maria_Slough,13,0.01
Area123 (09) troll 220 595,,Cowlitz_H_fa,5008,0.68,Washougal_R_Fa,5008,0.11,Abernathy_NFH_F,5008,0.05,Cowlitz_H_sp,5009,0.04,Spring_Cr_col,5030,0.03
Area123 (09) troll 220 596,,Hanford_Reach,5026,0.76,Priest_Rapid_H,5026,0.13,Methow_R,5026,0.05,Lyons_Ferry_H,5021,0.05,Nez_PerceT_H,5021,0.00
Area123 (09) troll 222 597,,Washougal_R_Fa,5008,0.43,Abernathy_NFH_F,5008,0.30,Green_R_Fa,5008,0.12,Cowlitz_H_fa,5008,0.11,Abernathy_Cr_Fa,5008,0.03
Area123 (09) troll 222 598,,Samish_H,5016,0.62,Hamma_Hamma_R,5005,0.10,Soos_H,5020,0.08,Hanford_Reach,5026,0.06,Clear_Cr_H,5020,0.04
Area123 (09) troll 222 599,,Spring_Cr_col,5030,0.82,Abernathy_NFH_F,5008,0.16,Cowlitz_H_fa,5008,0.01,Washougal_R_Fa,5008,0.00,Abernathy_Cr_Fa,5008,0.00
Area123 (09) troll 222 600,,Hanford_Reach,5026,1.00,Priest_Rapid_H,5026,0.00,Nez_PerceT_H,5021,0.00,,,,,,
Area123 (09) troll 222 601,,Lewis_R_f,5008,0.54,Cowlitz_H_fa,5008,0.17,Lewis_R_Su,5008,0.17,Abernathy_NFH_F,5008,0.09,Abernathy_Cr_Fa,5008,0.01
Area123 (09) troll 222 602,,Washougal_R_Fa,5008,0.39,Green_R_Fa,5008,0.28,Spring_Cr_col,5030,0.15,Cowlitz_H_fa,5008,0.11,Abernathy_Cr_Fa,5008,0.03
Area123 (09) troll 222 603,,Little_R,5,0.85,L_Adams,5,0.09,L_Thompson,5,0.06,Methow_R,5026,0.00,Priest_Rapid_H,5026,0.00
Area123 (09) troll 222 604,,Umpqua_H,5011,0.58,Applegate_Cr,5019,0.14,Priest_Rapids_H,5026,0.12,Harrison,3,0.05,Chilliwack_F,3,0.03
Area123 (09) troll 222 605,,Harrison,3,0.99,Chilliwack_F,3,0.01,,,,,,,,,
Area123 (09) troll 223 606,,Cedar_R_SuFa,5020,0.64,Skykomish_R,5016,0.11,Bear_Cr_SuFa,5020,0.05,Puntledge_F,7,0.04,Harrison,3,0.03
Area123 (09) troll 223 607,,Harrison,3,0.87,Chilliwack_F,3,0.12,Wells_H,5026,0.01,Methow_R,5026,0.00,Hanford_Reach,5026,0.00
Area123 (09) troll 223 608,,Spring_Cr_col,5030,0.74,Abernathy_NFH_F,5008,0.22,Cowlitz_H_fa,5008,0.02,Washougal_R_Fa,5008,0.01,Elochoman_H,5030,0.00
Area123 (09) troll 223 609,,Methow_R,5026,0.72,Hanford_Reach,5026,0.20,Priest_Rapid_H,5026,0.04,Wells_H,5026,0.03,Priest_Rapids_H,5026,0.01
Area123 (09) troll 223 610,,Hanford_Reach,5026,0.97,Priest_Rapids_H,5026,0.01,Lewis_R_f,5008,0.01,Priest_Rapid_H,5026,0.01,ClearwaterRFa,5021,0.00
Area123 (09) troll 223 611,Dupe with 419,Methow_R,5026,0.48,Priest_Rapid_H,5026,0.33,Priest_Rapids_H,5026,0.14,Hanford_Reach,5026,0.03,Wells_H,5026,0.02
Area123 (09) troll 223 612,,George_Adams_H,5005,0.26,Samish_H,5016,0.22,Soos_H,5020,0.21,Clear_Cr_H,5020,0.13,Cedar_R_SuFa,5020,0.11
Area123 (09) troll 223 613,,Necanicum_H,5015,0.42,Kilchis_R,5015,0.24,Wilson_R,5015,0.13,Coos_H,5011,0.07,Elk_H,5011,0.04
Area123 (09) troll 223 614,,Cowlitz_H_sp,5009,0.65,Washougal_R_Fa,5008,0.14,Cowlitz_H_fa,5008,0.08,Lewis_R_Su,5008,0.04,Coos_H,5011,0.02
Area123 (09) troll 223 615,Dupe with 415,Methow_R,5026,0.47,Priest_Rapid_H,5026,0.34,Priest_Rapids_H,5026,0.13,Hanford_Reach,5026,0.03,Wells_H,5026,0.02
Area123 (09) troll 223 616,,Hamma_Hamma_R,5005,0.45,Soos_H,5020,0.44,Samish_H,5016,0.04,Clear_Cr_H,5020,0.04,George_Adams_H,5005,0.03
Area123 (09) troll 223 617,,Spring_Cr_col,5030,0.74,Abernathy_NFH_F,5008,0.25,Green_R_Fa,5008,0.01,Abernathy_Cr_Fa,5008,0.00,Elochoman_H,5030,0.00
Area123 (09) troll 223 618,,Lewis_R_f,5008,0.28,Spring_Cr_col,5030,0.22,Cowlitz_H_fa,5008,0.14,Abernathy_NFH_F,5008,0.14,Washougal_R_Fa,5008,0.12
Area123 (09) troll 223 619,,Harrison,3,0.86,Chilliwack_F,3,0.14,Chilliwac@Stav,3,0.00,Clear_Cr_H,5020,0.00,Samish_H,5016,0.00
Area123 (09) troll 223 620,,Priest_Rapid_H,5026,0.49,Priest_Rapids_H,5026,0.18,Hanford_Reach,5026,0.12,Wells_H,5026,0.12,Methow_R,5026,0.04
Area123 (09) troll 223 621,,Little_R,5,0.63,L_Thompson,5,0.26,Duteau_Cr,5,0.03,L_Shuswap,5,0.02,Methow_R,5026,0.02
Area123 (09) troll 223 622,,Lyons_Ferry_H,5021,0.86,Nez_PerceT_H,5021,0.06,Umatilla_H_Fa,5026,0.04,Priest_Rapid_H,5026,0.03,Hanford_Reach,5026,0.02
Area123 (09) troll 223 623,,Chilliwack_F,3,0.62,Harrison,3,0.38,Samish_H,5016,0.00,,,,,,
Area123 (09) troll 223 624,,Harrison,3,0.42,Samish_H,5016,0.29,Priest_Rapid_H,5026,0.22,Nez_PerceT_H,5021,0.02,Chilliwack_F,3,0.01
Area123 (09) troll 223 625,,Harrison,3,0.90,Chilliwack_F,3,0.10,,,,,,,,,
Area123 (09) troll 223 626,,Samish_H,5016,0.38,Clear_Cr_H,5020,0.23,Hamma_Hamma_R,5005,0.14,Soos_H,5020,0.12,George_Adams_H,5005,0.10
Area123 (09) troll 223 627,,Priest_Rapids_H,5026,0.69,Methow_R,5026,0.26,Wells_H,5026,0.04,Hanford_Reach,5026,0.01,Priest_Rapid_H,5026,0.00
Area123 (09) troll 223 628,,Lewis_R_f,5008,0.51,Lewis_R_Su,5008,0.27,Cowlitz_H_fa,5008,0.08,Washougal_R_Fa,5008,0.05,Cowlitz_H_sp,5009,0.04
Area123 (09) troll 223 629,,Puntledge_F,7,0.83,Cowichan,7,0.15,Puntledge_BackX,7,0.01,L_Qualicum,7,0.00,Big_Qualicum,7,0.00
Area123 (09) troll 223 630,,Harrison,3,1.00,Cowichan,7,0.00,Puntledge_F,7,0.00,Chilliwack_F,3,0.00,,,
Area123 (09) troll 223 631,,Chilliwack_F,3,0.83,Harrison,3,0.17,Chilliwac@Stav,3,0.00,,,,,,
Area123 (09) troll 223 632,,Hamma_Hamma_R,5005,0.31,George_Adams_H,5005,0.27,Clear_Cr_H,5020,0.16,Soos_H,5020,0.16,Cedar_R_SuFa,5020,0.05
Area123 (09) troll 223 633,,Harrison,3,0.56,Chilliwack_F,3,0.44,,,,,,,,,
Area123 (09) troll 223 634,,Chilliwack_F,3,0.99,Harrison,3,0.01,,,,,,,,,
Area123 (09) troll 223 635,,Lyons_Ferry_H,5021,0.89,Hanford_Reach,5026,0.09,Priest_Rapid_H,5026,0.02,Nez_PerceT_H,5021,0.00,ClearwaterRFa,5021,0.00
Area123 (09) troll 223 636,,Puntledge_F,7,0.47,Hanford_Reach,5026,0.21,Lyons_Ferry_H,5021,0.16,Hamma_Hamma_R,5005,0.06,Clear_Cr_H,5020,0.05
Area123 (09) troll 223 637,,George_Adams_H,5005,0.85,Clear_Cr_H,5020,0.07,Hamma_Hamma_R,5005,0.06,Soos_H,5020,0.01,Bear_Cr_SuFa,5020,0.01
Area123 (09) troll 223 638,,Abernathy_NFH_F,5008,0.82,Lewis_R_Su,5008,0.05,Cowlitz_H_fa,5008,0.04,Green_R_Fa,5008,0.04,Elochoman_H,5030,0.02
Area123 (09) troll 223 639,,U_Sauk_R,5016,0.66,U_Skagit_R,5016,0.32,Harrison,3,0.01,Soos_H,5020,0.00,Lewis_R_f,5008,0.00
Area123 (09) troll 223 640,,George_Adams_H,5005,0.64,Hamma_Hamma_R,5005,0.20,Clear_Cr_H,5020,0.08,Bear_Cr_SuFa,5020,0.02,Little_R,5,0.01
Area123 (09) troll 223 641,,Cowlitz_H_sp,5009,0.69,Washougal_R_Fa,5008,0.16,Cowlitz_H_fa,5008,0.14,Spring_Cr_col,5030,0.01,Green_R_Fa,5008,0.00
Area123 (09) troll 223 642,,George_Adams_H,5005,0.30,Clear_Cr_H,5020,0.29,Soos_H,5020,0.14,Cedar_R_SuFa,5020,0.13,Hamma_Hamma_R,5005,0.03
Area123 (09) troll 223 643,,Harrison,3,0.50,Chilliwack_F,3,0.48,Applegate_Cr,5019,0.01,Lewis_R_Su,5008,0.00,Hanford_Reach,5026,0.00
Area123 (09) troll 223 644,,Puntledge_F,7,0.83,Cowichan,7,0.17,Cheakamus_F,9,0.00,L_Qualicum,7,0.00,Puntledge_BackX,7,0.00
Area123 (09) troll 223 645,,L_Shuswap,5,0.94,Little_R,5,0.02,M_Shuswap,5,0.01,Duteau_Cr,5,0.01,L_Adams,5,0.01
Area123 (09) troll 223 646,,Methow_R,5026,0.66,Hanford_Reach,5026,0.18,Priest_Rapid_H,5026,0.12,Wells_H,5026,0.03,Lyons_Ferry_H,5021,0.01
Area123 (09) troll 223 647,,Samish_H,5016,0.73,George_Adams_H,5005,0.10,Green_R_Fa,5008,0.06,Clear_Cr_H,5020,0.04,Bear_Cr_SuFa,5020,0.02
Area123 (09) troll 223 648,,Hanford_Reach,5026,0.59,Priest_Rapid_H,5026,0.29,Lyons_Ferry_H,5021,0.06,Nez_PerceT_H,5021,0.04,ClearwaterRFa,5021,0.01
Area123 (09) troll 223 649,,Chilliwack_F,3,0.84,Harrison,3,0.16,Umpqua_H,5011,0.00,Chilliwac@Stav,3,0.00,,,
Area123 (09) troll 223 650,,Harrison,3,0.96,Chilliwack_F,3,0.04,L_Cariboo,2,0.00,Klickitat_H,5010,0.00,,,
Area123 (09) troll 223 651,,Little_R,5,0.86,L_Adams,5,0.10,L_Thompson,5,0.03,L_Shuswap,5,0.00,South_Thom,5,0.00
Area123 (09) troll 223 652,,Harrison,3,0.97,Chilliwack_F,3,0.02,Chilliwac@Stav,3,0.00,Skykomish_R,5016,0.00,L_Thompson,5,0.00
Area123 (09) troll 223 653,,Coweeman_R_Fa,5008,0.52,Washougal_R_Fa,5008,0.24,Lewis_R_f,5008,0.09,Green_R_Fa,5008,0.06,Lewis_R_Su,5008,0.04
Area123 (09) troll 223 654,,George_Adams_H,5005,0.39,Samish_H,5016,0.19,Clear_Cr_H,5020,0.19,Cedar_R_SuFa,5020,0.17,Bear_Cr_SuFa,5020,0.03
Area123 (09) troll 223 655,,Cedar_R_SuFa,5020,0.70,Soos_H,5020,0.07,Clear_Cr_H,5020,0.06,Samish_H,5016,0.06,Bear_Cr_SuFa,5020,0.05
Area123 (09) troll 223 656,,Cowlitz_H_fa,5008,0.86,Washougal_R_Fa,5008,0.09,Lewis_R_f,5008,0.03,Lewis_R_Su,5008,0.02,Spring_Cr_col,5030,0.00
Area123 (09) troll 223 657,,Lewis_R_f,5008,0.69,Cowlitz_H_sp,5009,0.28,Cowlitz_H_fa,5008,0.03,Green_R_Fa,5008,0.00,Lewis_R_Su,5008,0.00
Area123 (09) troll 223 658,,George_Adams_H,5005,0.80,Hamma_Hamma_R,5005,0.10,Cedar_R_SuFa,5020,0.06,Clear_Cr_H,5020,0.02,Bear_Cr_SuFa,5020,0.01
Area123 (09) troll 223 659,,Spring_Cr_col,5030,0.98,Cowlitz_H_fa,5008,0.01,Lewis_R_f,5008,0.00,Lewis_R_Su,5008,0.00,Green_R_Fa,5008,0.00
Area123 (09) troll 223 660,,Cedar_R_SuFa,5020,0.66,Soos_H,5020,0.26,Clear_Cr_H,5020,0.04,Bear_Cr_SuFa,5020,0.02,S_Prairie_Cr,5020,0.01
Area123 (09) troll 223 661,,George_Adams_H,5005,0.87,Hamma_Hamma_R,5005,0.07,Clear_Cr_H,5020,0.02,Cedar_R_SuFa,5020,0.02,Soos_H,5020,0.01
Area123 (09) troll 223 662,,Harrison,3,0.56,Chilliwack_F,3,0.43,Chilliwac@Stav,3,0.00,Cowlitz_H_fa,5008,0.00,Coos_H,5011,0.00
Area123 (09) troll 223 663,,Cowlitz_H_fa,5008,0.71,Lewis_R_Su,5008,0.21,Lewis_R_f,5008,0.06,Abernathy_Cr_Fa,5008,0.02,Green_R_Fa,5008,0.00
Area123 (09) troll 223 664,,Hanford_Reach,5026,0.40,Priest_Rapids_H,5026,0.28,Priest_Rapid_H,5026,0.20,Harrison,3,0.04,Nez_PerceT_H,5021,0.02
Area123 (09) troll 223 665,,Hanford_Reach,5026,0.60,Priest_Rapid_H,5026,0.21,Umpqua_H,5011,0.05,Lyons_Ferry_H,5021,0.03,Priest_Rapids_H,5026,0.02
Area123 (09) troll 223 666,,Cowlitz_H_fa,5008,0.72,Cowlitz_H_sp,5009,0.19,Lewis_R_f,5008,0.06,Lewis_R_Su,5008,0.02,Washougal_R_Fa,5008,0.01
Area123 (09) troll 223 667,,Clear_Cr_H,5020,0.55,Samish_H,5016,0.30,George_Adams_H,5005,0.09,Soos_H,5020,0.04,Hamma_Hamma_R,5005,0.01
Area123 (09) troll 223 668,,Chilliwack_F,3,0.57,Harrison,3,0.35,Priest_Rapids_H,5026,0.05,Lyons_Ferry_H,5021,0.01,George_Adams_H,5005,0.01
Area123 (09) troll 223 669,,Harrison,3,0.88,Chilliwack_F,3,0.12,Chilliwac@Stav,3,0.00,Hamma_Hamma_R,5005,0.00,,,
Area123 (09) troll 223 670,,Priest_Rapids_H,5026,0.63,Priest_Rapid_H,5026,0.16,Hanford_Reach,5026,0.13,Wells_H,5026,0.04,Methow_R,5026,0.02
Area123 (09) troll 223 671,,Priest_Rapids_H,5026,0.23,Hanford_Reach,5026,0.22,Methow_R,5026,0.18,Priest_Rapid_H,5026,0.17,Lyons_Ferry_H,5021,0.12
Area123 (09) troll 223 672,,Harrison,3,0.94,U_Sauk_R,5016,0.03,Umpqua_H,5011,0.02,Kilchis_R,5015,0.00,Lewis_R_Su,5008,0.00
Area123 (09) troll 223 673,,Cowlitz_H_sp,5009,0.97,Lewis_R_f,5008,0.02,Cowlitz_H_fa,5008,0.00,Lewis_R_Su,5008,0.00,Hamma_Hamma_R,5005,0.00
Area123 (09) troll 223 674,,N_Santiam_H,5029,1.00,McKenzie_H,5029,0.00,,,,,,,,,
Area123 (09) troll 223 675,,Green_R_Fa,5008,0.35,Lewis_R_f,5008,0.21,Cowlitz_H_fa,5008,0.15,Spring_Cr_col,5030,0.13,Abernathy_NFH_F,5008,0.06
Area123 (09) troll 223 676,,Priest_Rapid_H,5026,0.93,Hanford_Reach,5026,0.06,Methow_R,5026,0.00,Priest_Rapids_H,5026,0.00,Umatilla_H,5026,0.00
Area123 (09) troll 223 677,,Washougal_R_Fa,5008,0.89,Green_R_Fa,5008,0.05,Abernathy_Cr_Fa,5008,0.02,Elochoman_H,5030,0.02,Lewis_R_Su,5008,0.01
Area123 (09) troll 223 678,,Samish_H,5016,0.36,Cedar_R_SuFa,5020,0.30,Clear_Cr_H,5020,0.19,S_Prairie_Cr,5020,0.05,Soos_H,5020,0.03
Area123 (09) troll 223 679,,Priest_Rapid_H,5026,0.45,Hanford_Reach,5026,0.31,Priest_Rapids_H,5026,0.16,Wells_H,5026,0.02,George_Adams_H,5005,0.01
Area123 (09) troll 223 680,,Necanicum_H,5015,0.42,Kilchis_R,5015,0.19,Coos_H,5011,0.14,Wilson_R,5015,0.10,U_Sauk_R,5016,0.04
Area123 (09) troll 223 681,,Hanford_Reach,5026,0.57,Methow_R,5026,0.22,Wells_H,5026,0.07,Priest_Rapid_H,5026,0.04,Lyons_Ferry_H,5021,0.04
Area123 (09) troll 223 682,,Harrison,3,0.93,Chilliwack_F,3,0.05,U_Sauk_R,5016,0.01,U_Skagit_R,5016,0.00,Keta_R,5023,0.00
Area123 (09) troll 223 683,,Cowlitz_H_fa,5008,0.77,Washougal_R_Fa,5008,0.15,Abernathy_NFH_F,5008,0.04,Abernathy_Cr_Fa,5008,0.02,Spring_Cr_col,5030,0.01
Area123 (09) troll 223 684,,Washougal_R_Fa,5008,0.56,Spring_Cr_col,5030,0.31,Cowlitz_H_sp,5009,0.06,Abernathy_NFH_F,5008,0.04,Green_R_Fa,5008,0.01
Area123 (09) troll 223 685,,N_Santiam_H,5029,0.99,Lewis_R_f,5008,0.01,Cowlitz_H_fa,5008,0.00,,,,,,
Area123 (09) troll 223 686,,Soos_H,5020,0.51,Samish_H,5016,0.26,Cedar_R_SuFa,5020,0.10,George_Adams_H,5005,0.07,Bear_Cr_SuFa,5020,0.04
Area123 (09) troll 223 687,,Hanford_Reach,5026,0.91,Priest_Rapids_H,5026,0.05,Priest_Rapid_H,5026,0.02,Little_R,5,0.02,Lyons_Ferry_H,5021,0.01
Area123 (09) troll 223 688,,Hanford_Reach,5026,0.58,Priest_Rapid_H,5026,0.30,Lyons_Ferry_H,5021,0.05,Priest_Rapids_H,5026,0.02,Lewis_R_f,5008,0.01
Area123 (09) troll 223 689,,Lyons_Ferry_H,5021,0.34,Hanford_Reach,5026,0.31,Priest_Rapid_H,5026,0.30,Nez_PerceT_H,5021,0.04,Priest_Rapids_H,5026,0.01
Area123 (09) troll 223 690,,Hanford_Reach,5026,0.73,Lyons_Ferry_H,5021,0.09,Priest_Rapid_H,5026,0.06,Methow_R,5026,0.05,Priest_Rapids_H,5026,0.05
Area123 (09) troll 223 691,,L_Cariboo,2,0.75,U_Cariboo,2,0.20,Baezaeko,2,0.01,Harrison,3,0.01,Horsefly,2,0.01
Area123 (09) troll 223 692,,Abernathy_NFH_F,5008,0.73,Washougal_R_Fa,5008,0.22,Abernathy_Cr_Fa,5008,0.02,Elochoman_H,5030,0.01,Spring_Cr_col,5030,0.01
Area123 (09) troll 223 693,,George_Adams_H,5005,0.85,Hamma_Hamma_R,5005,0.06,Soos_H,5020,0.03,Clear_Cr_H,5020,0.03,Samish_H,5016,0.01
Area123 (09) troll 223 694,,Priest_Rapids_H,5026,0.84,Hanford_Reach,5026,0.09,Priest_Rapid_H,5026,0.05,Methow_R,5026,0.01,Wells_H,5026,0.01
Area123 (09) troll 223 695,,Soos_H,5020,0.60,Hamma_Hamma_R,5005,0.24,Cedar_R_SuFa,5020,0.08,Bear_Cr_SuFa,5020,0.03,Samish_H,5016,0.02
Area123 (09) troll 223 696,,Cowlitz_H_sp,5009,0.42,Cowlitz_H_fa,5008,0.39,Spring_Cr_col,5030,0.04,Lewis_R_f,5008,0.03,Green_R_Fa,5008,0.03
Area123 (09) troll 223 697,,Washougal_R_Fa,5008,0.82,Cowlitz_H_fa,5008,0.14,Coos_H,5011,0.03,Umpqua_H,5011,0.00,Cowlitz_H_sp,5009,0.00
Area123 (09) troll 223 698,,Priest_Rapid_H,5026,0.38,Hanford_Reach,5026,0.34,Priest_Rapids_H,5026,0.16,Wells_H,5026,0.08,Lyons_Ferry_H,5021,0.02
Area123 (09) troll 223 699,,Harrison,3,1.00,Chilliwack_F,3,0.00,Capilano,9,0.00,,,,,,
Area123 (09) troll 223 700,,Harrison,3,1.00,,,,,,,,,,,,
Area123 (09) troll 223 701,,Harrison,3,0.83,Chilliwack_F,3,0.17,Lewis_R_Su,5008,0.00,Washougal_R_Fa,5008,0.00,Umpqua_H,5011,0.00
Area123 (09) troll 223 702,,Green_R_Fa,5008,0.67,Washougal_R_Fa,5008,0.14,Spring_Cr_col,5030,0.13,Abernathy_NFH_F,5008,0.04,Abernathy_Cr_Fa,5008,0.01
Area123 (09) troll 223 703,,Chilliwack_F,3,0.64,Harrison,3,0.36,,,,,,,,,
Area123 (09) troll 223 704,,Washougal_R_Fa,5008,0.50,Lewis_R_f,5008,0.24,Lewis_R_Su,5008,0.23,Cowlitz_H_fa,5008,0.03,Sandy_R,5008,0.00
Area123 (09) troll 223 705,,Spring_Cr_col,5030,0.76,Abernathy_NFH_F,5008,0.16,Green_R_Fa,5008,0.05,Elochoman_H,5030,0.01,Cowlitz_H_fa,5008,0.01
Area123 (09) troll 223 706,,Soos_H,5020,0.33,Clear_Cr_H,5020,0.20,Samish_H,5016,0.18,George_Adams_H,5005,0.13,Hamma_Hamma_R,5005,0.06
Area123 (09) troll 223 707,,Priest_Rapids_H,5026,0.65,Priest_Rapid_H,5026,0.27,Lyons_Ferry_H,5021,0.03,Methow_R,5026,0.02,Hanford_Reach,5026,0.01
Area123 (09) troll 223 708,,N_Santiam_H,5029,0.94,McKenzie_H,5029,0.06,Wells_H,5026,0.00,Priest_Rapids_H,5026,0.00,Hanford_Reach,5026,0.00
Area123 (09) troll 223 709,,Puntledge_F,7,0.69,Harrison,3,0.25,Cowichan,7,0.03,Chilliwack_F,3,0.01,Hamma_Hamma_R,5005,0.01
Area123 (09) troll 223 710,,L_Cariboo,2,0.71,U_Cariboo,2,0.15,L_Thompson,5,0.06,Hoko_H_Fa,5028,0.02,Yeth_Cr,17,0.02
Area123 (09) troll 223 711,,Priest_Rapids_H,5026,0.37,Priest_Rapid_H,5026,0.26,Lyons_Ferry_H,5021,0.20,Hanford_Reach,5026,0.11,ClearwaterRFa,5021,0.05
Area123 (09) troll 223 712,,S_Umpqua_H,5011,0.91,Umpqua_H,5011,0.09,Applegate_Cr,5019,0.00,Abernathy_Cr_Fa,5008,0.00,Washougal_R_Fa,5008,0.00
Area123 (09) troll 223 713,,Chilliwack_F,3,0.64,Harrison,3,0.36,Chilliwac@Stav,3,0.00,Grovers_Cr_H,5020,0.00,,,
Area123 (09) troll 223 714,,Harrison,3,0.92,Chilliwack_F,3,0.08,Lyons_Ferry_H,5021,0.00,Wells_H,5026,0.00,Clear_Cr_H,5020,0.00
Area123 (09) troll 223 715,,Harrison,3,0.70,Chilliwack_F,3,0.30,Lewis_R_f,5008,0.00,Clear_Cr_H,5020,0.00,Soos_H,5020,0.00
Area123 (09) troll 223 716,,Hanford_Reach,5026,0.99,Wells_H,5026,0.00,Lyons_Ferry_H,5021,0.00,Priest_Rapids_H,5026,0.00,L_Wh_Sal_H_SF,5026,0.00
Area123 (09) troll 223 717,,Cowlitz_H_fa,5008,0.49,Washougal_R_Fa,5008,0.40,Green_R_Fa,5008,0.10,Lewis_R_f,5008,0.00,Abernathy_NFH_F,5008,0.00
Area123 (09) troll 223 718,,Little_R,5,0.81,L_Thompson,5,0.17,L_Adams,5,0.02,South_Thom,5,0.00,Umpqua_H,5011,0.00
Area123 (09) troll 223 719,,Washougal_R_Fa,5008,0.50,Lewis_R_f,5008,0.31,Cowlitz_H_fa,5008,0.11,Cowlitz_H_sp,5009,0.04,Lewis_R_Su,5008,0.03
Area123 (09) troll 223 720,,Wells_H,5026,0.32,Cowlitz_H_sp,5009,0.21,Lewis_R_f,5008,0.20,Methow_R,5026,0.13,Lewis_R_Su,5008,0.05
Area123 (09) troll 223 721,,Samish_H,5016,0.63,Hamma_Hamma_R,5005,0.17,George_Adams_H,5005,0.11,Soos_H,5020,0.07,Clear_Cr_H,5020,0.02
Area123 (09) troll 223 722,,Lyons_Ferry_H,5021,0.55,Hanford_Reach,5026,0.18,Nez_PerceT_H,5021,0.08,Priest_Rapids_H,5026,0.06,Priest_Rapid_H,5026,0.06
Area123 (09) troll 223 723,,Chilliwack_F,3,0.90,Harrison,3,0.10,,,,,,,,,
Area123 (09) troll 223 724,,Harrison,3,0.92,Chilliwack_F,3,0.08,,,,,,,,,
Area123 (09) troll 253 381,,George_Adams_H,5005,0.88,Clear_Cr_H,5020,0.10,Samish_H,5016,0.02,Hamma_Hamma_R,5005,0.00,Cedar_R_SuFa,5020,0.00
Area123 (09) troll 253 382,,Washougal_R_Fa,5008,0.62,Green_R_Fa,5008,0.14,Cowlitz_H_fa,5008,0.14,Lewis_R_f,5008,0.06,Coweeman_R_Fa,5008,0.02
Area123 (09) troll 253 383,,Clear_Cr_H,5020,0.38,George_Adams_H,5005,0.28,Cedar_R_SuFa,5020,0.15,Soos_H,5020,0.13,Hamma_Hamma_R,5005,0.04
Area123 (09) troll 253 384,,Spring_Cr_col,5030,0.64,Abernathy_NFH_F,5008,0.12,Green_R_Fa,5008,0.11,Cowlitz_H_fa,5008,0.10,Washougal_R_Fa,5008,0.03
Area123 (09) troll 253 385,,Priest_Rapid_H,5026,0.42,Wells_H,5026,0.42,Hanford_Reach,5026,0.07,Priest_Rapids_H,5026,0.07,Lyons_Ferry_H,5021,0.01
Area123 (09) troll 253 386,,Lyons_Ferry_H,5021,0.57,Priest_Rapid_H,5026,0.38,Hanford_Reach,5026,0.03,Priest_Rapids_H,5026,0.01,Nez_PerceT_H,5021,0.01
Area123 (09) troll 253 387,,Hanford_Reach,5026,0.70,Priest_Rapid_H,5026,0.23,Nez_PerceT_H,5021,0.03,Lyons_Ferry_H,5021,0.03,ClearwaterRFa,5021,0.00
Area123 (09) troll 253 388,,Hanford_Reach,5026,0.60,Priest_Rapid_H,5026,0.26,Lyons_Ferry_H,5021,0.06,Nez_PerceT_H,5021,0.03,Priest_Rapids_H,5026,0.01
Area123 (09) troll 253 389,,Spring_Cr_col,5030,0.81,Abernathy_NFH_F,5008,0.18,Green_R_Fa,5008,0.01,Washougal_R_Fa,5008,0.00,Elochoman_H,5030,0.00
Area123 (09) troll 253 390,,Priest_Rapid_H,5026,0.51,Wells_H,5026,0.33,Hanford_Reach,5026,0.15,Lewis_R_f,5008,0.01,L_Thompson,5,0.00
Area123 (09) troll 253 391,,Cowlitz_H_fa,5008,0.65,Lewis_R_Su,5008,0.12,Umpqua_H,5011,0.09,Green_R_Fa,5008,0.05,Washougal_R_Fa,5008,0.04
Area123 (09) troll 253 392,,Soos_H,5020,0.94,Cedar_R_SuFa,5020,0.03,Clear_Cr_H,5020,0.02,Samish_H,5016,0.01,George_Adams_H,5005,0.01
Area123 (09) troll 253 393,,Methow_R,5026,0.90,Priest_Rapid_H,5026,0.04,Priest_Rapids_H,5026,0.03,Hanford_Reach,5026,0.02,Wells_H,5026,0.01
Area123 (09) troll 253 394,,Priest_Rapids_H,5026,0.66,Priest_Rapid_H,5026,0.17,Wells_H,5026,0.05,Lyons_Ferry_H,5021,0.04,Cowlitz_H_fa,5008,0.03
Area123 (09) troll 254 395,,Lewis_R_f,5008,0.54,Lewis_R_Su,5008,0.30,Cowlitz_H_fa,5008,0.12,Abernathy_Cr_Fa,5008,0.03,Sandy_R,5008,0.01
Area123 (09) troll 254 396,,Cowlitz_H_sp,5009,0.90,Lewis_R_f,5008,0.07,Cowlitz_H_fa,5008,0.02,Lewis_R_Su,5008,0.00,Washougal_R_Fa,5008,0.00
Area123 (09) troll 254 397,,Coos_H,5011,0.99,Lewis_R_f,5008,0.00,Kilchis_R,5015,0.00,Coquille_R,5011,0.00,Sol_Duc_H,5028,0.00
Area123 (09) troll 254 398,,Soos_H,5020,0.39,Samish_H,5016,0.24,Bear_Cr_SuFa,5020,0.14,Clear_Cr_H,5020,0.11,Cedar_R_SuFa,5020,0.08
Area123 (09) troll 254 399,,N_Santiam_H,5029,0.63,Priest_Rapid_H,5026,0.19,Methow_R,5026,0.07,Cowlitz_H_sp,5009,0.05,Hanford_Reach,5026,0.03
Area123 (09) troll 254 400,,George_Adams_H,5005,0.89,Samish_H,5016,0.07,Hamma_Hamma_R,5005,0.03,Soos_H,5020,0.01,Cedar_R_SuFa,5020,0.00
Area123 (09) troll 254 401,,Hanford_Reach,5026,0.93,Harrison,3,0.05,Wells_H,5026,0.01,Coos_H,5011,0.01,Priest_Rapid_H,5026,0.00
Area123 (09) troll 254 402,,Priest_Rapids_H,5026,0.61,Hanford_Reach,5026,0.25,Nez_PerceT_H,5021,0.12,ClearwaterRFa,5021,0.01,Umatilla_H_Fa,5026,0.01
Area123 (09) troll 254 403,,Applegate_Cr,5019,0.86,S_Umpqua_H,5011,0.09,Umpqua_H,5011,0.04,Chetco_R,5012,0.00,Priest_Rapid_H,5026,0.00
Area123 (09) troll 254 404,,Spring_Cr_col,5030,0.98,Abernathy_NFH_F,5008,0.01,Washougal_R_Fa,5008,0.00,Lewis_R_Su,5008,0.00,Cowlitz_H_sp,5009,0.00
Area123 (09) troll 254 405,,Umpqua_H,5011,0.25,Applegate_Cr,5019,0.21,Priest_Rapid_H,5026,0.21,Lyons_Ferry_H,5021,0.10,Nez_PerceT_H,5021,0.09
Area123 (09) troll 254 406,,Wells_H,5026,0.38,Hanford_Reach,5026,0.24,Priest_Rapid_H,5026,0.15,Priest_Rapids_H,5026,0.14,Methow_R,5026,0.06
Area123 (09) troll 254 407,,Priest_Rapids_H,5026,0.57,Priest_Rapid_H,5026,0.20,Hanford_Reach,5026,0.18,Methow_R,5026,0.03,Nez_PerceT_H,5021,0.01
Area123 (09) troll 254 515,,Priest_Rapid_H,5026,0.96,Hanford_Reach,5026,0.03,Lyons_Ferry_H,5021,0.01,Cowlitz_H_fa,5008,0.00,Nez_PerceT_H,5021,0.00
Area123 (09) troll 254 516,,Umpqua_H,5011,0.96,Priest_Rapid_H,5026,0.01,Hanford_Reach,5026,0.01,Washougal_R_Fa,5008,0.01,Lewis_R_f,5008,0.00
Area123 (09) troll 254 517,,Methow_R,5026,0.83,Hanford_Reach,5026,0.06,Priest_Rapids_H,5026,0.05,Wells_H,5026,0.03,Priest_Rapid_H,5026,0.02
Area123 (09) troll 254 518,,Spring_Cr_col,5030,0.92,Abernathy_NFH_F,5008,0.05,Cowlitz_H_fa,5008,0.02,Abernathy_Cr_Fa,5008,0.01,Cowlitz_H_sp,5009,0.00
Area123 (09) troll 254 519,,Cowlitz_H_fa,5008,0.47,Washougal_R_Fa,5008,0.15,Spring_Cr_col,5030,0.14,Methow_R,5026,0.08,Abernathy_NFH_F,5008,0.05
Area123 (09) troll 254 520,,Spring_Cr_col,5030,1.00,Abernathy_Cr_Fa,5008,0.00,Abernathy_NFH_F,5008,0.00,,,,,,
Area123 (09) troll 254 521,,Priest_Rapids_H,5026,0.49,Hanford_Reach,5026,0.35,Lyons_Ferry_H,5021,0.08,Nez_PerceT_H,5021,0.05,Umatilla_H_Fa,5026,0.01
Area123 (09) troll 254 522,,Spring_Cr_col,5030,0.99,Cowlitz_H_fa,5008,0.00,Abernathy_NFH_F,5008,0.00,Washougal_R_Fa,5008,0.00,Lyons_Ferry_H,5021,0.00
Area123 (09) troll 254 523,,Washougal_R_Fa,5008,0.30,Lewis_R_f,5008,0.26,Lewis_R_Su,5008,0.19,Cowlitz_H_fa,5008,0.18,Spring_Cr_col,5030,0.06
Area123 (09) troll 254 524,,George_Adams_H,5005,0.91,Hamma_Hamma_R,5005,0.06,Clear_Cr_H,5020,0.02,Cedar_R_SuFa,5020,0.00,Samish_H,5016,0.00
Area123 (09) troll 254 525,,Elk_H,5011,0.56,Coos_H,5011,0.29,Sixes_R,5011,0.13,Necanicum_H,5015,0.01,Coquille_R,5011,0.00
Area123 (09) troll 254 526,,George_Adams_H,5005,0.44,Hamma_Hamma_R,5005,0.32,Soos_H,5020,0.09,Clear_Cr_H,5020,0.08,Cedar_R_SuFa,5020,0.03
Area123 (09) troll 254 527,,Hanford_Reach,5026,0.42,Wells_H,5026,0.37,Methow_R,5026,0.11,Lyons_Ferry_H,5021,0.06,Priest_Rapid_H,5026,0.01
Area123 (09) troll 254 528,Number of missing Loci exceeded,,,,,,,,,,,,,,,
Area123 (09) troll 254 529,,Samish_H,5016,0.68,Soos_H,5020,0.22,Clear_Cr_H,5020,0.03,Cedar_R_SuFa,5020,0.03,George_Adams_H,5005,0.01
Area123 (09) troll 254 530,,Priest_Rapid_H,5026,0.76,Hanford_Reach,5026,0.08,Methow_R,5026,0.04,Wells_H,5026,0.03,Nez_PerceT_H,5021,0.03
Area123 (09) troll 254 531,,Hanford_Reach,5026,0.47,Methow_R,5026,0.20,Priest_Rapids_H,5026,0.19,Priest_Rapid_H,5026,0.09,Wells_H,5026,0.04
Area123 (09) troll 254 532,,Spring_Cr_col,5030,0.99,Abernathy_NFH_F,5008,0.01,Green_R_Fa,5008,0.00,Big_Cr_H_Col,5030,0.00,Abernathy_Cr_Fa,5008,0.00
Area123 (09) troll 254 533,,Harrison,3,0.98,Little_R,5,0.01,Chilliwack_F,3,0.00,Puntledge_F,7,0.00,U_Skagit_R,5016,0.00
Area123 (09) troll 254 534,,Harrison,3,0.49,Lewis_R_f,5008,0.10,Cowlitz_H_fa,5008,0.09,Priest_Rapids_H,5026,0.04,Samish_H,5016,0.04
Area123 (09) troll 254 535,,Cowlitz_H_fa,5008,0.89,Washougal_R_Fa,5008,0.11,Abernathy_Cr_Fa,5008,0.00,Elochoman_H,5030,0.00,,,
Area123 (09) troll 254 536,,Priest_Rapid_H,5026,0.57,Hanford_Reach,5026,0.41,Methow_R,5026,0.01,Wells_H,5026,0.01,Priest_Rapids_H,5026,0.00
Area123 (09) troll 254 537,,Chilliwack_F,3,0.91,Harrison,3,0.09,Chilliwac@Stav,3,0.00,,,,,,
Area123 (09) troll 254 538,,Spring_Cr_col,5030,0.74,Abernathy_NFH_F,5008,0.14,Cowlitz_H_fa,5008,0.05,Abernathy_Cr_Fa,5008,0.04,Elochoman_H,5030,0.02
Area123 (09) troll 254 539,,Priest_Rapids_H,5026,0.92,Hanford_Reach,5026,0.03,Priest_Rapid_H,5026,0.03,Lyons_Ferry_H,5021,0.02,Nez_PerceT_H,5021,0.01
Area123 (09) troll 254 540,,Lyons_Ferry_H,5021,0.92,ClearwaterRFa,5021,0.07,Hanford_Reach,5026,0.00,Wells_H,5026,0.00,Priest_Rapid_H,5026,0.00
Area123 (09) troll 254 541,,Hanford_Reach,5026,0.36,Priest_Rapids_H,5026,0.22,Priest_Rapid_H,5026,0.12,Lyons_Ferry_H,5021,0.10,Umpqua_H,5011,0.05
Area123 (09) troll 254 542,,Hanford_Reach,5026,0.79,Priest_Rapid_H,5026,0.17,Wells_H,5026,0.03,Priest_Rapids_H,5026,0.01,Umatilla_H_Fa,5026,0.01
Area123 (09) troll 254 543,,Wells_H,5026,0.44,Umpqua_H,5011,0.26,Cowlitz_H_sp,5009,0.19,Methow_R,5026,0.04,Cowlitz_H_fa,5008,0.02
Area123 (09) troll 255 408,,Cowlitz_H_sp,5009,0.94,Cowlitz_H_fa,5008,0.02,Washougal_R_Fa,5008,0.02,Spring_Cr_col,5030,0.01,Green_R_Fa,5008,0.00
Area123 (09) troll 255 409,Number of missing Loci exceeded,,,,,,,,,,,,,,,
Area123 (09) troll 255 411,Number of missing Loci exceeded,,,,,,,,,,,,,,,
Area123 (09) troll 255 413,Number of missing Loci exceeded,,,,,,,,,,,,,,,
Area123 (09) troll 255 414,Number of missing Loci exceeded,,,,,,,,,,,,,,,
Area123 (09) troll 255 415,Number of missing Loci exceeded,,,,,,,,,,,,,,,
Area123 (09) troll 255 416,Number of missing Loci exceeded,,,,,,,,,,,,,,,
Area123 (09) troll 255 417,Number of missing Loci exceeded,,,,,,,,,,,,,,,
Area123 (09) troll 255 418,,Hanford_Reach,5026,0.91,Priest_Rapid_H,5026,0.06,Methow_R,5026,0.02,Priest_Rapids_H,5026,0.00,Lyons_Ferry_H,5021,0.00
Area123 (09) troll 255 420,,Soos_H,5020,0.37,Samish_H,5016,0.28,George_Adams_H,5005,0.20,Cedar_R_SuFa,5020,0.08,Clear_Cr_H,5020,0.04
Area123 (09) troll 255 421,Number of missing Loci exceeded,,,,,,,,,,,,,,,
Area123 (09) troll 255 422,,Applegate_Cr,5019,0.92,Umpqua_H,5011,0.07,S_Umpqua_H,5011,0.00,Cole_Rivers_H,5019,0.00,Elk_H,5011,0.00
Area123 (09) troll 255 423,,Cowlitz_H_fa,5008,0.76,Lewis_R_Su,5008,0.12,Lewis_R_f,5008,0.11,Cowlitz_H_sp,5009,0.01,Green_R_Fa,5008,0.00
Area123 (09) troll 255 424,Number of missing Loci exceeded,,,,,,,,,,,,,,,
Area123 (09) troll 255 425,Number of missing Loci exceeded,,,,,,,,,,,,,,,
Area123 (09) troll 255 429,Number of missing Loci exceeded,,,,,,,,,,,,,,,
Area123 (09) troll 255 431,Number of missing Loci exceeded,,,,,,,,,,,,,,,
Area123 (09) troll 255 432,Number of missing Loci exceeded,,,,,,,,,,,,,,,
Area123 (09) troll 255 433,,George_Adams_H,5005,0.72,Hamma_Hamma_R,5005,0.07,S_Umpqua_H,5011,0.06,Soos_H,5020,0.03,Samish_H,5016,0.02
Area123 (09) troll 255 434,Number of missing Loci exceeded,,,,,,,,,,,,,,,
Area123 (09) troll 255 435,,Cowlitz_H_fa,5008,0.78,Lewis_R_Su,5008,0.07,Lewis_R_f,5008,0.06,Green_R_Fa,5008,0.04,Washougal_R_Fa,5008,0.01
Area123 (09) troll 255 436,,Spring_Cr_col,5030,0.92,Cowlitz_H_sp,5009,0.02,Abernathy_NFH_F,5008,0.02,Cowlitz_H_fa,5008,0.02,Green_R_Fa,5008,0.02
Area123 (09) troll 255 437,,Spring_Cr_col,5030,0.97,Abernathy_NFH_F,5008,0.02,Abernathy_Cr_Fa,5008,0.00,Green_R_Fa,5008,0.00,Elochoman_H,5030,0.00
Area123 (09) troll 255 438,,Eel_R,5000,1.00,,,,,,,,,,,,
Area123 (09) troll 255 439,,Chilliwack_F,3,0.99,Harrison,3,0.01,,,,,,,,,
Area123 (09) troll 255 440,,Spring_Cr_col,5030,0.99,Elochoman_H,5030,0.01,Abernathy_NFH_F,5008,0.00,Cowlitz_H_fa,5008,0.00,Washougal_R_Fa,5008,0.00
Area123 (09) troll 255 441,,NF_Nooksack_H,5016,0.98,Harrison,3,0.01,Samish_H,5016,0.00,Clear_Cr_H,5020,0.00,Soos_H,5020,0.00
Area123 (09) troll 255 442,,Cowlitz_H_sp,5009,0.98,Kalama_H_sp,5009,0.01,Cowlitz_H_fa,5008,0.01,Lewis_R_Su,5008,0.00,Lyons_Ferry_H,5021,0.00
Area123 (09) troll 255 443,,Hanford_Reach,5026,0.53,Priest_Rapids_H,5026,0.08,Lyons_Ferry_H,5021,0.08,Methow_R,5026,0.06,Priest_Rapid_H,5026,0.06
Area123 (09) troll 255 444,,Harrison,3,0.51,Hanford_Reach,5026,0.13,Methow_R,5026,0.11,Wells_H,5026,0.05,Lyons_Ferry_H,5021,0.04
Area123 (09) troll 255 445,,Hamma_Hamma_R,5005,0.40,George_Adams_H,5005,0.36,Cedar_R_SuFa,5020,0.19,Clear_Cr_H,5020,0.03,Samish_H,5016,0.01
Area123 (09) troll 255 446,,Umpqua_H,5011,1.00,Hanford_Reach,5026,0.00,Applegate_Cr,5019,0.00,Washougal_R_Fa,5008,0.00,Coos_H,5011,0.00
Area123 (09) troll 255 447,,Cedar_R_SuFa,5020,0.55,George_Adams_H,5005,0.26,Samish_H,5016,0.16,Bear_Cr_SuFa,5020,0.02,Hamma_Hamma_R,5005,0.01
Area123 (09) troll 255 448,,Hanford_Reach,5026,0.89,Priest_Rapid_H,5026,0.08,Little_R,5,0.01,Umatilla_H_Fa,5026,0.01,Priest_Rapids_H,5026,0.00
Area123 (09) troll 255 449,,Spring_Cr_col,5030,0.77,Cowlitz_H_fa,5008,0.19,Abernathy_NFH_F,5008,0.02,Cowlitz_H_sp,5009,0.01,Elochoman_H,5030,0.00
Area123 (09) troll 255 450,,Lewis_R_f,5008,0.63,Cowlitz_H_sp,5009,0.22,Lewis_R_Su,5008,0.07,Coweeman_R_Fa,5008,0.05,Cowlitz_H_fa,5008,0.04
Area123 (09) troll 255 451,,Coos_H,5011,0.21,L_Shuswap,5,0.14,Cowlitz_H_fa,5008,0.11,Umpqua_H,5011,0.11,Little_R,5,0.10
Area123 (09) troll 256 452,,S_Umpqua_H,5011,0.98,Elk_H,5011,0.01,Coquille_R,5011,0.01,Coos_H,5011,0.00,Washougal_R_Fa,5008,0.00
Area123 (09) troll 256 453,,Lyons_Ferry_H,5021,0.35,Nez_PerceT_H,5021,0.26,Clear_Cr_H,5020,0.11,Lewis_R_f,5008,0.09,Hanford_Reach,5026,0.04
Area123 (09) troll 256 454,,Clear_Cr_H,5020,0.50,George_Adams_H,5005,0.48,Hamma_Hamma_R,5005,0.01,Cedar_R_SuFa,5020,0.00,NF_Skokomish_F,5005,0.00
Area123 (09) troll 256 455,,Harrison,3,0.92,Chilliwack_F,3,0.04,Samish_H,5016,0.03,Washougal_R_Fa,5008,0.01,Bear_Cr_SuFa,5020,0.00
Area123 (09) troll 256 456,,Priest_Rapids_H,5026,0.68,Hanford_Reach,5026,0.15,Priest_Rapid_H,5026,0.11,Wells_H,5026,0.04,Methow_R,5026,0.02
Area123 (09) troll 256 457,,Priest_Rapids_H,5026,0.35,Priest_Rapid_H,5026,0.22,Methow_R,5026,0.19,Hanford_Reach,5026,0.15,Wells_H,5026,0.07
Area123 (09) troll 256 458,,Lyons_Ferry_H,5021,0.66,Hanford_Reach,5026,0.12,Nez_PerceT_H,5021,0.09,ClearwaterRFa,5021,0.05,Priest_Rapid_H,5026,0.05
Area123 (09) troll 256 460,Number of missing Loci exceeded,,,,,,,,,,,,,,,
Area123 (09) troll 256 461,Number of missing Loci exceeded,,,,,,,,,,,,,,,
Area123 (09) troll 256 462,Number of missing Loci exceeded,,,,,,,,,,,,,,,
Area123 (09) troll 256 463,,Priest_Rapid_H,5026,0.72,Hanford_Reach,5026,0.16,Priest_Rapids_H,5026,0.05,Methow_R,5026,0.03,ClearwaterRFa,5021,0.01
Area123 (09) troll 256 464,,Cowlitz_H_fa,5008,0.43,Lewis_R_f,5008,0.31,Lewis_R_Su,5008,0.09,Washougal_R_Fa,5008,0.09,Hanford_Reach,5026,0.07
Area123 (09) troll 256 465,,Washougal_R_Fa,5008,0.91,Lewis_R_f,5008,0.04,Lewis_R_Su,5008,0.04,Coweeman_R_Fa,5008,0.01,Cowlitz_H_fa,5008,0.01
Area123 (09) troll 256 466,Number of missing Loci exceeded,,,,,,,,,,,,,,,
Area123 (09) troll 256 467,,Spring_Cr_col,5030,0.89,Abernathy_NFH_F,5008,0.08,Elochoman_H,5030,0.02,Abernathy_Cr_Fa,5008,0.01,Washougal_R_Fa,5008,0.00
Area123 (09) troll 256 468,,Applegate_Cr,5019,0.76,Umpqua_H,5011,0.21,Elk_H,5011,0.02,Sixes_R,5011,0.00,Methow_R,5026,0.00
Area123 (09) troll 256 469,Number of missing Loci exceeded,,,,,,,,,,,,,,,
Area123 (09) troll 256 470,,Hanford_Reach,5026,0.88,Nez_PerceT_H,5021,0.07,Priest_Rapid_H,5026,0.03,Wells_H,5026,0.01,Priest_Rapids_H,5026,0.00
Area123 (09) troll 256 471,,Nez_PerceT_H,5021,0.39,Lyons_Ferry_H,5021,0.35,Priest_Rapids_H,5026,0.13,Methow_R,5026,0.06,Hanford_Reach,5026,0.02
Area123 (09) troll 256 472,,Washougal_R_Fa,5008,0.72,Abernathy_NFH_F,5008,0.19,Spring_Cr_col,5030,0.05,Green_R_Fa,5008,0.02,Abernathy_Cr_Fa,5008,0.01
Area123 (09) troll 256 473,Number of missing Loci exceeded,,,,,,,,,,,,,,,
Area123 (09) troll 256 474,Number of missing Loci exceeded,,,,,,,,,,,,,,,
Area123 (09) troll 256 475,Number of missing Loci exceeded,,,,,,,,,,,,,,,
Area123 (09) troll 256 476,,Cowlitz_H_fa,5008,0.65,Washougal_R_Fa,5008,0.15,Lewis_R_f,5008,0.07,Abernathy_NFH_F,5008,0.05,Abernathy_Cr_Fa,5008,0.03
Area123 (09) troll 256 477,,Spring_Cr_col,5030,0.32,Cowlitz_H_fa,5008,0.14,Abernathy_NFH_F,5008,0.13,Cowlitz_H_sp,5009,0.13,Washougal_R_Fa,5008,0.10
Area123 (09) troll 256 478,,Coos_H,5011,0.89,S_Umpqua_H,5011,0.07,Elk_H,5011,0.03,Lyons_Ferry_H,5021,0.00,Umpqua_H,5011,0.00
Area123 (09) troll 256 479,Number of missing Loci exceeded,,,,,,,,,,,,,,,
Area123 (09) troll 256 480,,Priest_Rapid_H,5026,0.50,Cowlitz_H_fa,5008,0.13,Washougal_R_Fa,5008,0.10,Hanford_Reach,5026,0.08,Priest_Rapids_H,5026,0.06
Area123 (09) troll 256 481,Number of missing Loci exceeded,,,,,,,,,,,,,,,
Area123 (09) troll 256 482,,Hanford_Reach,5026,0.28,Lyons_Ferry_H,5021,0.21,Priest_Rapid_H,5026,0.18,ClearwaterRFa,5021,0.12,Priest_Rapids_H,5026,0.08
Area123 (09) troll 256 483,,Umpqua_H,5011,0.27,L_Thompson,5,0.22,Priest_Rapid_H,5026,0.13,U_Sauk_R,5016,0.09,Hanford_Reach,5026,0.07
Area123 (09) troll 256 484,,Nez_PerceT_H,5021,0.42,Lyons_Ferry_H,5021,0.35,Priest_Rapids_H,5026,0.11,Hanford_Reach,5026,0.08,Priest_Rapid_H,5026,0.02
Area123 (09) troll 257 485,Number of missing Loci exceeded,,,,,,,,,,,,,,,
Area123 (09) troll 257 487,Number of missing Loci exceeded,,,,,,,,,,,,,,,
Area123 (09) troll 257 488,Number of missing Loci exceeded,,,,,,,,,,,,,,,
Area123 (09) troll 257 491,Number of missing Loci exceeded,,,,,,,,,,,,,,,
Area123 (09) troll 257 492,Number of missing Loci exceeded,,,,,,,,,,,,,,,
Area123 (09) troll 257 493,Number of missing Loci exceeded,,,,,,,,,,,,,,,
Area123 (09) troll 257 496,Number of missing Loci exceeded,,,,,,,,,,,,,,,
Area123 (09) troll 257 497,Number of missing Loci exceeded,,,,,,,,,,,,,,,
Area123 (09) troll 257 498,Number of missing Loci exceeded,,,,,,,,,,,,,,,
Area123 (09) troll 257 499,Number of missing Loci exceeded,,,,,,,,,,,,,,,
Area123 (09) troll 257 501,Number of missing Loci exceeded,,,,,,,,,,,,,,,
Area123 (09) troll 257 502,Number of missing Loci exceeded,,,,,,,,,,,,,,,
Area123 (09) troll 257 503,Number of missing Loci exceeded,,,,,,,,,,,,,,,
Area123 (09) troll 257 504,,Harrison,3,1.00,,,,,,,,,,,,
Area123 (09) troll 257 507,Number of missing Loci exceeded,,,,,,,,,,,,,,,
Area123 (09) troll 257 509,Number of missing Loci exceeded,,,,,,,,,,,,,,,
Area123 (09) troll 257 512,Number of missing Loci exceeded,,,,,,,,,,,,,,,
Area123 (09) troll 257 513,,Lyons_Ferry_H,5021,0.38,Washougal_R_Fa,5008,0.09,Cowlitz_H_sp,5009,0.09,Abernathy_NFH_F,5008,0.08,Lewis_R_Su,5008,0.07
Area123 (09) troll 257 544,Number of missing Loci exceeded,,,,,,,,,,,,,,,
Area123 (09) troll 257 547,Number of missing Loci exceeded,,,,,,,,,,,,,,,
Area123 (09) troll 257 553,Number of missing Loci exceeded,,,,,,,,,,,,,,,
Area123 (09) troll 257 554,Number of missing Loci exceeded,,,,,,,,,,,,,,,
Area123 (09) troll 257 558,Number of missing Loci exceeded,,,,,,,,,,,,,,,
Area123 (09) troll 257 559,,Spring_Cr_col,5030,0.93,Abernathy_NFH_F,5008,0.05,Washougal_R_Fa,5008,0.01,Lyons_Ferry_H,5021,0.00,Abernathy_Cr_Fa,5008,0.00
Area123 (09) troll 257 563,Number of missing Loci exceeded,,,,,,,,,,,,,,,
Area123 (09) troll 257 564,Number of missing Loci exceeded,,,,,,,,,,,,,,,
Area123 (09) troll 257 566,,Clear_Cr_H,5020,0.35,Chilliwack_F,3,0.20,Hamma_Hamma_R,5005,0.10,George_Adams_H,5005,0.08,Priest_Rapid_H,5026,0.05
Area123 (09) troll 257 568,Number of missing Loci exceeded,,,,,,,,,,,,,,,
Area123 (09) troll 257 570,,Lyons_Ferry_H,5021,0.57,Hanford_Reach,5026,0.26,Priest_Rapid_H,5026,0.12,Priest_Rapids_H,5026,0.03,Methow_R,5026,0.00
Area123 (09) troll 257 571,Number of missing Loci exceeded,,,,,,,,,,,,,,,
,,,,,,,,,,,,,,,,
Sample: 17, Area124,2009, troll, Jun04-Aug11,,,,,,,,,,,,
Area124 (09) troll 155 1,,L_Skagit_R_Fa,5016,0.37,George_Adams_H,5005,0.16,Cedar_R_SuFa,5020,0.14,S_Prairie_Cr,5020,0.10,Clear_Cr_H,5020,0.06
Area124 (09) troll 155 10,,Cowlitz_H_fa,5008,0.92,Washougal_R_Fa,5008,0.06,Cowlitz_H_sp,5009,0.00,Coweeman_R_Fa,5008,0.00,Abernathy_Cr_Fa,5008,0.00
Area124 (09) troll 155 100,,S_Prairie_Cr,5020,0.26,George_Adams_H,5005,0.24,Clear_Cr_H,5020,0.20,Cedar_R_SuFa,5020,0.19,NF_Skokomish_F,5005,0.07
Area124 (09) troll 155 101,,George_Adams_H,5005,0.36,S_Prairie_Cr,5020,0.28,Hamma_Hamma_R,5005,0.14,Cedar_R_SuFa,5020,0.05,Grovers_Cr_H,5020,0.05
Area124 (09) troll 155 102,,Forks_Cr_H,5028,1.00,,,,,,,,,,,,
Area124 (09) troll 155 103,,Priest_Rapid_H,5026,0.23,Hanford_Reach,5026,0.21,Lyons_Ferry_H,5021,0.20,Wenatchee_R_SF,5026,0.13,Umatilla_H_Fa,5026,0.11
Area124 (09) troll 155 104,,Spring_Cr_col,5030,0.72,Elochoman_H,5030,0.17,Big_Cr_H_Col,5030,0.07,Abernathy_Cr_Fa,5008,0.03,Cowlitz_H_fa,5008,0.00
Area124 (09) troll 155 105,,Umatilla_H_Fa,5026,0.76,Priest_Rapid_H,5026,0.12,Hanford_Reach,5026,0.06,Wenatchee_R_SF,5026,0.06,Wells_H,5026,0.00
Area124 (09) troll 155 106,,Cheakamus_F,9,0.95,Puntledge_F,7,0.03,Puntledge_BackX,7,0.02,Umatilla_H_Fa,5026,0.00,L_Qualicum,7,0.00
Area124 (09) troll 155 107,,Big_Qualicum,7,0.90,Puntledge_F,7,0.10,U_Sauk_R_SpSu,5016,0.00,Cowichan,7,0.00,Cheakamus_F,9,0.00
Area124 (09) troll 155 108,,Big_Qualicum,7,0.52,Cheakamus_F,9,0.40,Puntledge_F,7,0.07,Puntledge_BackX,7,0.00,L_Qualicum,7,0.00
Area124 (09) troll 155 109,,Harrison,3,0.56,Chilliwack_F,3,0.21,S_Prairie_Cr,5020,0.08,L_Skagit_R_Fa,5016,0.07,Cheakamus_F,9,0.02
Area124 (09) troll 155 11,,S_Prairie_Cr,5020,0.80,George_Adams_H,5005,0.11,Cedar_R_SuFa,5020,0.03,NF_Skokomish_F,5005,0.02,Grovers_Cr_H,5020,0.01
Area124 (09) troll 155 110,,Spring_Cr_col,5030,0.98,Washougal_R_Fa,5008,0.01,Elochoman_H,5030,0.00,Abernathy_Cr_Fa,5008,0.00,Big_Cr_H_Col,5030,0.00
Area124 (09) troll 155 111,,L_Thompson,5,0.63,Clearwater,4,0.12,Umatilla_H_Fa,5026,0.07,South_Thom,5,0.05,Little_R,5,0.03
Area124 (09) troll 155 112,,Cedar_R_SuFa,5020,0.38,Hamma_Hamma_R,5005,0.25,George_Adams_H,5005,0.13,Clear_Cr_H,5020,0.10,S_Prairie_Cr,5020,0.08
Area124 (09) troll 155 113,,Cedar_R_SuFa,5020,0.44,Hamma_Hamma_R,5005,0.13,Samish_H,5016,0.11,S_Prairie_Cr,5020,0.09,Bear_Cr_SuFa,5020,0.06
Area124 (09) troll 155 114,,L_Thompson,5,0.93,South_Thom,5,0.04,L_Adams,5,0.03,Little_R,5,0.00,Priest_Rapid_H,5026,0.00
Area124 (09) troll 155 115,,Priest_Rapid_H,5026,0.84,Wenatchee_R_SF,5026,0.06,Hanford_Reach,5026,0.05,Umatilla_H_Fa,5026,0.02,Wells_H,5026,0.02
Area124 (09) troll 155 116,,Lyons_Ferry_H,5021,0.82,Priest_Rapid_H,5026,0.10,Hanford_Reach,5026,0.04,Umatilla_H_Fa,5026,0.03,Wenatchee_R_SF,5026,0.00
Area124 (09) troll 155 117,,Wenatchee_R_SF,5026,0.46,Priest_Rapid_H,5026,0.31,Hanford_Reach,5026,0.17,Wells_H,5026,0.03,Umatilla_H_Fa,5026,0.02
Area124 (09) troll 155 118,,L_Skagit_R_Fa,5016,0.50,U_Sauk_R_SpSu,5016,0.42,U_Skagit_R,5016,0.05,Big_Qualicum,7,0.01,Harrison,3,0.00
Area124 (09) troll 155 119,,George_Adams_H,5005,0.70,Hamma_Hamma_R,5005,0.09,Cedar_R_SuFa,5020,0.08,Clear_Cr_H,5020,0.06,NF_Skokomish_F,5005,0.05
Area124 (09) troll 155 12,,S_Prairie_Cr,5020,0.33,Clear_Cr_H,5020,0.27,George_Adams_H,5005,0.20,Cedar_R_SuFa,5020,0.11,U_Sauk_R_SpSu,5016,0.02
Area124 (09) troll 155 120,,Cowlitz_H_fa,5008,0.67,Washougal_R_Fa,5008,0.25,Abernathy_Cr_Fa,5008,0.06,Big_Cr_H_Col,5030,0.02,Elochoman_H,5030,0.01
Area124 (09) troll 155 121,,Hanford_Reach,5026,0.81,Marion_Drain_Fa,5026,0.06,Lyons_Ferry_H,5021,0.05,Nez_PerceT_H,5021,0.04,L_Thompson,5,0.02
Area124 (09) troll 155 122,,Spring_Cr_col,5030,0.56,Big_Cr_H_Col,5030,0.30,Cowlitz_H_fa,5008,0.10,Elochoman_H,5030,0.03,Abernathy_Cr_Fa,5008,0.00
Area124 (09) troll 155 123,,Cedar_R_SuFa,5020,0.57,S_Prairie_Cr,5020,0.17,NF_Skokomish_F,5005,0.09,Clear_Cr_H,5020,0.07,George_Adams_H,5005,0.04
Area124 (09) troll 155 124,,Tete_Jaune,1,0.94,Kenneth_Cr,1,0.03,Fontoniko,1,0.01,James,1,0.01,U_Cariboo,2,0.00
Area124 (09) troll 155 125,,U_Sauk_R_SpSu,5016,0.45,L_Skagit_R_Fa,5016,0.42,Priest_Rapid_H,5026,0.03,Skykomish_R,5016,0.03,Cowlitz_H_fa,5008,0.02
Area124 (09) troll 155 126,,George_Adams_H,5005,0.37,Hamma_Hamma_R,5005,0.28,Clear_Cr_H,5020,0.15,S_Prairie_Cr,5020,0.14,NF_Skokomish_F,5005,0.04
Area124 (09) troll 155 127,,Chilliwack_F,3,0.72,Harrison,3,0.28,Chilliwac@Stav,3,0.00,,,,,,
Area124 (09) troll 155 128,,Priest_Rapid_H,5026,0.91,Umatilla_H_Fa,5026,0.04,Lyons_Ferry_H,5021,0.03,Hanford_Reach,5026,0.01,U_Skagit_R,5016,0.00
Area124 (09) troll 155 129,,Wenatchee_R_SF,5026,0.98,Priest_Rapid_H,5026,0.01,Wells_H,5026,0.01,Hanford_Reach,5026,0.00,,,
Area124 (09) troll 155 13,,S_Prairie_Cr,5020,0.41,Cedar_R_SuFa,5020,0.32,George_Adams_H,5005,0.17,NF_Skokomish_F,5005,0.04,Clear_Cr_H,5020,0.02
Area124 (09) troll 155 130,,L_Skagit_R_Fa,5016,0.68,Hamma_Hamma_R,5005,0.15,Cedar_R_SuFa,5020,0.03,George_Adams_H,5005,0.03,Washougal_R_Fa,5008,0.02
Area124 (09) troll 155 131,,Lyons_Ferry_H,5021,0.67,Priest_Rapid_H,5026,0.26,Hanford_Reach,5026,0.04,Marion_Drain_Fa,5026,0.01,Umpqua_H,5011,0.01
Area124 (09) troll 155 132,,Hanford_Reach,5026,0.63,Priest_Rapid_H,5026,0.28,Umatilla_H_Fa,5026,0.06,Lyons_Ferry_H,5021,0.01,Wenatchee_R_SF,5026,0.01
Area124 (09) troll 155 133,,Priest_Rapid_H,5026,0.56,Hanford_Reach,5026,0.41,Umatilla_H_Fa,5026,0.03,Wells_H,5026,0.00,L_Wh_Sal_H_SF,5026,0.00
Area124 (09) troll 155 14,,Spring_Cr_col,5030,0.87,Elochoman_H,5030,0.10,Washougal_R_Fa,5008,0.02,Cowlitz_H_fa,5008,0.00,Abernathy_NFH_F,5008,0.00
Area124 (09) troll 155 15,,Washougal_R_Fa,5008,0.72,Cowlitz_H_fa,5008,0.27,Lewis_R_Su,5008,0.01,Big_Cr_H_Col,5030,0.00,Abernathy_Cr_Fa,5008,0.00
Area124 (09) troll 155 16,,S_Prairie_Cr,5020,0.37,Cedar_R_SuFa,5020,0.17,George_Adams_H,5005,0.15,Grovers_Cr_H,5020,0.09,L_Skagit_R_Fa,5016,0.06
Area124 (09) troll 155 17,,Hamma_Hamma_R,5005,0.42,L_Skagit_R_Fa,5016,0.28,George_Adams_H,5005,0.16,Snoqualmie_R,5016,0.04,Cedar_R_SuFa,5020,0.04
Area124 (09) troll 155 18,,Priest_Rapid_H,5026,0.45,Hanford_Reach,5026,0.39,Umatilla_H_Fa,5026,0.10,Wells_H,5026,0.04,Wenatchee_R_SF,5026,0.01
Area124 (09) troll 155 19,,George_Adams_H,5005,0.77,Cedar_R_SuFa,5020,0.14,Hamma_Hamma_R,5005,0.04,Bear_Cr_SuFa,5020,0.02,S_Prairie_Cr,5020,0.02
Area124 (09) troll 155 2,,S_Prairie_Cr,5020,0.31,George_Adams_H,5005,0.22,L_Skagit_R_Fa,5016,0.15,Samish_H,5016,0.08,Clear_Cr_H,5020,0.08
Area124 (09) troll 155 20,,Umatilla_H_Fa,5026,0.60,Wenatchee_R_SF,5026,0.20,Hanford_Reach,5026,0.10,Wells_H,5026,0.05,Priest_Rapid_H,5026,0.04
Area124 (09) troll 155 21,,Cedar_R_SuFa,5020,0.40,Hamma_Hamma_R,5005,0.22,George_Adams_H,5005,0.11,S_Prairie_Cr,5020,0.08,Bear_Cr_SuFa,5020,0.06
Area124 (09) troll 155 22,,Spring_Cr_col,5030,0.98,Abernathy_NFH_F,5008,0.01,Big_Cr_H_Col,5030,0.01,Abernathy_Cr_Fa,5008,0.00,Elochoman_H,5030,0.00
Area124 (09) troll 155 23,,Priest_Rapid_H,5026,0.57,Hanford_Reach,5026,0.25,Wenatchee_R_SF,5026,0.10,Wells_H,5026,0.06,Umatilla_H_Fa,5026,0.01
Area124 (09) troll 155 24,,Hanford_Reach,5026,0.31,Priest_Rapid_H,5026,0.22,Lyons_Ferry_H,5021,0.19,Washougal_R_Fa,5008,0.06,Chilliwack_F,3,0.06
Area124 (09) troll 155 25,,Big_Qualicum,7,0.43,S_Prairie_Cr,5020,0.19,L_Skagit_R_Fa,5016,0.15,Cheakamus_F,9,0.15,Puntledge_F,7,0.02
Area124 (09) troll 155 26,,Cowlitz_H_fa,5008,0.67,Washougal_R_Fa,5008,0.26,Sandy_R,5008,0.07,Lyons_Ferry_H,5021,0.00,Elochoman_H,5030,0.00
Area124 (09) troll 155 27,,Harrison,3,0.98,Chilliwack_F,3,0.02,Chilliwac@Stav,3,0.00,,,,,,
Area124 (09) troll 155 28,,L_Skagit_R_Fa,5016,0.30,Umatilla_H_Fa,5026,0.10,S_Prairie_Cr,5020,0.10,Hanford_Reach,5026,0.07,McKenzie_H,5029,0.07
Area124 (09) troll 155 29,,Priest_Rapid_H,5026,0.89,Wenatchee_R_SF,5026,0.05,Hanford_Reach,5026,0.04,Wells_H,5026,0.01,Priest_Rapids_H,5026,0.00
Area124 (09) troll 155 3,,George_Adams_H,5005,0.49,Cedar_R_SuFa,5020,0.24,Grovers_Cr_H,5020,0.16,Hamma_Hamma_R,5005,0.04,Bear_Cr_SuFa,5020,0.02
Area124 (09) troll 155 30,,Priest_Rapid_H,5026,0.46,Lyons_Ferry_H,5021,0.25,Umatilla_H_Fa,5026,0.10,Hanford_Reach,5026,0.10,Cowlitz_H_fa,5008,0.04
Area124 (09) troll 155 31,,Harrison,3,0.98,Chilliwack_F,3,0.02,L_Skagit_R_Fa,5016,0.00,U_Skagit_R,5016,0.00,Craig,18,0.00
Area124 (09) troll 155 32,,Chilliwack_F,3,0.78,Harrison,3,0.22,Umatilla_H_Fa,5026,0.00,U_Sauk_R_SpSu,5016,0.00,L_Skagit_R_Fa,5016,0.00
Area124 (09) troll 155 33,,Priest_Rapid_H,5026,0.92,Wells_H,5026,0.07,Umatilla_H_Fa,5026,0.01,Hanford_Reach,5026,0.00,Methow_R,5026,0.00
Area124 (09) troll 155 34,,Washougal_R_Fa,5008,0.74,Priest_Rapid_H,5026,0.07,Wenatchee_R_SF,5026,0.06,Spring_Cr_col,5030,0.04,Hanford_Reach,5026,0.03
Area124 (09) troll 155 35,,Taseko,2,0.80,Clearwater,4,0.15,Chilko,2,0.02,N_Thom@Main,4,0.02,Blue,4,0.00
Area124 (09) troll 155 36,,Lyons_Ferry_H,5021,0.42,Hanford_Reach,5026,0.31,Priest_Rapid_H,5026,0.20,Wells_H,5026,0.03,Wenatchee_R_SF,5026,0.02
Area124 (09) troll 155 37,,Umatilla_H_Fa,5026,0.89,Hanford_Reach,5026,0.10,Wenatchee_R_SF,5026,0.01,U_Sauk_R_SpSu,5016,0.00,L_Thompson,5,0.00
Area124 (09) troll 155 38,,L_Thompson,5,0.26,George_Adams_H,5005,0.19,Priest_Rapid_H,5026,0.14,Umatilla_H_Fa,5026,0.10,Hanford_Reach,5026,0.09
Area124 (09) troll 155 39,,Cedar_R_SuFa,5020,0.33,Priest_Rapid_H,5026,0.17,Washougal_R_Fa,5008,0.12,Hanford_Reach,5026,0.11,Umatilla_H_Fa,5026,0.07
Area124 (09) troll 155 4,,Hamma_Hamma_R,5005,0.51,George_Adams_H,5005,0.41,Clear_Cr_H,5020,0.03,S_Prairie_Cr,5020,0.02,NF_Skokomish_F,5005,0.02
Area124 (09) troll 155 40,,Lyons_Ferry_H,5021,1.00,Priest_Rapid_H,5026,0.00,,,,,,,,,
Area124 (09) troll 155 41,,Umatilla_H_Fa,5026,0.87,Priest_Rapid_H,5026,0.09,Wells_H,5026,0.02,Hanford_Reach,5026,0.01,L_Wh_Sal_H_SF,5026,0.00
Area124 (09) troll 155 42,,L_Thompson,5,0.59,L_Adams,5,0.17,South_Thom,5,0.13,Little_R,5,0.06,Bessette,5,0.05
Area124 (09) troll 155 43,,Sixes_R,5011,0.25,NanaimoSu_BackX,7,0.19,Washougal_R_Fa,5008,0.14,Coos_H,5011,0.11,Umpqua_H,5011,0.09
Area124 (09) troll 155 44,,Priest_Rapid_H,5026,0.57,Hanford_Reach,5026,0.22,Umatilla_H_Fa,5026,0.20,Wells_H,5026,0.01,Lyons_Ferry_H,5021,0.00
Area124 (09) troll 155 45,,Lyons_Ferry_H,5021,0.99,Nez_PerceT_H,5021,0.01,Hanford_Reach,5026,0.00,Priest_Rapid_H,5026,0.00,McKenzie_H,5029,0.00
Area124 (09) troll 155 46,,Cheakamus_F,9,0.76,Big_Qualicum,7,0.14,Puntledge_F,7,0.06,U_Sauk_R_SpSu,5016,0.02,L_Skagit_R_Fa,5016,0.01
Area124 (09) troll 155 47,,Morice_R,21,0.29,Nakina_R,5025,0.11,Andrew_Cr,5024,0.09,Nahlin_R_U,5025,0.07,Clear_Cr,5023,0.06
Area124 (09) troll 155 48,,Hanford_Reach,5026,0.49,Cowlitz_H_fa,5008,0.11,Lyons_Ferry_H,5021,0.11,Priest_Rapid_H,5026,0.11,Wenatchee_R_SF,5026,0.05
Area124 (09) troll 155 49,,U_Sauk_R_SpSu,5016,0.75,Cedar_R_SuFa,5020,0.11,Bear_Cr_SuFa,5020,0.04,Harrison,3,0.02,L_Skagit_R_Fa,5016,0.02
Area124 (09) troll 155 5,,Hanford_Reach,5026,0.47,Priest_Rapid_H,5026,0.37,Lyons_Ferry_H,5021,0.12,Nez_PerceT_H,5021,0.02,Umatilla_H_Fa,5026,0.01
Area124 (09) troll 155 50,,Umpqua_H,5011,1.00,Hanford_Reach,5026,0.00,Applegate_Cr,5019,0.00,,,,,,
Area124 (09) troll 155 51,,Spring_Cr_col,5030,1.00,Washougal_R_Fa,5008,0.00,,,,,,,,,
Area124 (09) troll 155 52,,George_Adams_H,5005,0.67,Hamma_Hamma_R,5005,0.12,L_Thompson,5,0.10,Clear_Cr_H,5020,0.04,NF_Skokomish_F,5005,0.04
Area124 (09) troll 155 53,,George_Adams_H,5005,0.37,Cedar_R_SuFa,5020,0.31,S_Prairie_Cr,5020,0.19,L_Skagit_R_Fa,5016,0.08,Bear_Cr_SuFa,5020,0.02
Area124 (09) troll 155 54,,Hamma_Hamma_R,5005,0.50,George_Adams_H,5005,0.44,S_Prairie_Cr,5020,0.03,NF_Skokomish_F,5005,0.01,Cedar_R_SuFa,5020,0.01
Area124 (09) troll 155 55,,Cedar_R_SuFa,5020,0.46,Clear_Cr_H,5020,0.14,Bear_Cr_SuFa,5020,0.12,NF_Skokomish_F,5005,0.07,George_Adams_H,5005,0.06
Area124 (09) troll 155 56,,George_Adams_H,5005,0.53,S_Prairie_Cr,5020,0.17,Cedar_R_SuFa,5020,0.11,NF_Skokomish_F,5005,0.05,Clear_Cr_H,5020,0.05
Area124 (09) troll 155 57,,Priest_Rapid_H,5026,0.85,Hanford_Reach,5026,0.05,Wells_H,5026,0.04,Umatilla_H_Fa,5026,0.03,Washougal_R_Fa,5008,0.02
Area124 (09) troll 155 58,,Big_Qualicum,7,0.63,Coos_H,5011,0.19,Puntledge_F,7,0.06,Morice_R,21,0.04,Harrison,3,0.03
Area124 (09) troll 155 59,,Hamma_Hamma_R,5005,0.24,Cedar_R_SuFa,5020,0.23,Clear_Cr_H,5020,0.17,George_Adams_H,5005,0.16,Bear_Cr_SuFa,5020,0.07
Area124 (09) troll 155 6,,Priest_Rapid_H,5026,0.48,Hanford_Reach,5026,0.26,Wenatchee_R_SF,5026,0.24,Umatilla_H_Fa,5026,0.02,Methow_R,5026,0.00
Area124 (09) troll 155 60,,Clear_Cr_H,5020,0.41,George_Adams_H,5005,0.29,S_Prairie_Cr,5020,0.21,Cedar_R_SuFa,5020,0.05,NF_Skokomish_F,5005,0.02
Area124 (09) troll 155 61,,Washougal_R_Fa,5008,0.95,Cowlitz_H_fa,5008,0.03,Lewis_R_Su,5008,0.02,Green_R_Fa,5008,0.00,Abernathy_Cr_Fa,5008,0.00
Area124 (09) troll 155 62,,Spring_Cr_col,5030,0.97,Big_Cr_H_Col,5030,0.02,Elochoman_H,5030,0.01,Abernathy_NFH_F,5008,0.00,,,
Area124 (09) troll 155 63,,Spring_Cr_col,5030,0.99,Elochoman_H,5030,0.00,Washougal_R_Fa,5008,0.00,Lewis_R_Su,5008,0.00,Big_Cr_H_Col,5030,0.00
Area124 (09) troll 155 64,,Cedar_R_SuFa,5020,0.80,Clear_Cr_H,5020,0.12,NF_Skokomish_F,5005,0.04,Hamma_Hamma_R,5005,0.02,George_Adams_H,5005,0.01
Area124 (09) troll 155 65,,McKenzie_H,5029,0.95,N_Santiam_H,5029,0.04,Kalama_H_sp,5009,0.00,Washougal_R_Fa,5008,0.00,Lewis_H_sp,5009,0.00
Area124 (09) troll 155 66,,Clear_Cr_H,5020,0.30,Cedar_R_SuFa,5020,0.19,Hamma_Hamma_R,5005,0.15,George_Adams_H,5005,0.11,Bear_Cr_SuFa,5020,0.11
Area124 (09) troll 155 67,,George_Adams_H,5005,0.98,NF_Skokomish_F,5005,0.01,Grovers_Cr_H,5020,0.00,Hamma_Hamma_R,5005,0.00,U_Sauk_R_SpSu,5016,0.00
Area124 (09) troll 155 68,,George_Adams_H,5005,0.76,Clear_Cr_H,5020,0.11,Hamma_Hamma_R,5005,0.06,NF_Skokomish_F,5005,0.05,S_Prairie_Cr,5020,0.03
Area124 (09) troll 155 69,,Cowlitz_H_fa,5008,0.49,Washougal_R_Fa,5008,0.48,Cedar_R_SuFa,5020,0.02,Lewis_R_Su,5008,0.00,S_Prairie_Cr,5020,0.00
Area124 (09) troll 155 7,,Spring_Cr_col,5030,0.76,Washougal_R_Fa,5008,0.19,Elochoman_H,5030,0.02,Big_Cr_H_Col,5030,0.02,Lewis_R_Su,5008,0.01
Area124 (09) troll 155 70,,Washougal_R_Fa,5008,0.94,Cowlitz_H_fa,5008,0.05,Elochoman_H,5030,0.01,Abernathy_Cr_Fa,5008,0.00,Lewis_R_Su,5008,0.00
Area124 (09) troll 155 71,,U_Sauk_R_SpSu,5016,0.75,L_Skagit_R_Fa,5016,0.08,George_Adams_H,5005,0.06,S_Prairie_Cr,5020,0.02,Cedar_R_SuFa,5020,0.02
Area124 (09) troll 155 72,,George_Adams_H,5005,0.52,Hamma_Hamma_R,5005,0.28,Cedar_R_SuFa,5020,0.09,S_Prairie_Cr,5020,0.05,Samish_H,5016,0.02
Area124 (09) troll 155 73,,S_Prairie_Cr,5020,0.43,Clear_Cr_H,5020,0.35,George_Adams_H,5005,0.07,L_Skagit_R_Fa,5016,0.06,Bear_Cr_SuFa,5020,0.05
Area124 (09) troll 155 74,,Cowlitz_H_fa,5008,0.65,Washougal_R_Fa,5008,0.34,Lewis_R_Su,5008,0.01,,,,,,
Area124 (09) troll 155 75,,S_Prairie_Cr,5020,0.45,Hamma_Hamma_R,5005,0.21,Big_Qualicum,7,0.16,Puntledge_F,7,0.06,Cedar_R_SuFa,5020,0.03
Area124 (09) troll 155 76,,Hamma_Hamma_R,5005,0.27,George_Adams_H,5005,0.22,Cedar_R_SuFa,5020,0.18,Clear_Cr_H,5020,0.12,L_Skagit_R_Fa,5016,0.07
Area124 (09) troll 155 77,,George_Adams_H,5005,0.55,S_Prairie_Cr,5020,0.21,Hamma_Hamma_R,5005,0.15,Cedar_R_SuFa,5020,0.04,NF_Skokomish_F,5005,0.03
Area124 (09) troll 155 78,,Marblemount_HSp,5016,0.52,U_Sauk_R_SpSu,5016,0.39,U_Skagit_R,5016,0.06,Harrison,3,0.01,Skykomish_R,5016,0.01
Area124 (09) troll 155 79,,U_Sauk_R_SpSu,5016,0.85,L_Skagit_R_Fa,5016,0.09,Thomas_Cr,23,0.03,Coos_H,5011,0.02,Harrison,3,0.01
Area124 (09) troll 155 8,,L_Skagit_R_Fa,5016,0.53,S_Prairie_Cr,5020,0.19,U_Sauk_R_SpSu,5016,0.10,Snoqualmie_R,5016,0.06,Skykomish_R,5016,0.03
Area124 (09) troll 155 80,,Cowlitz_H_fa,5008,1.00,Lewis_R_Su,5008,0.00,Washougal_R_Fa,5008,0.00,Abernathy_Cr_Fa,5008,0.00,,,
Area124 (09) troll 155 81,,S_Prairie_Cr,5020,0.75,Bear_Cr_SuFa,5020,0.08,Clear_Cr_H,5020,0.06,Cedar_R_SuFa,5020,0.06,Samish_H,5016,0.02
Area124 (09) troll 155 82,,Umpqua_H,5011,1.00,Washougal_R_Fa,5008,0.00,Umatilla_H_Fa,5026,0.00,,,,,,
Area124 (09) troll 155 83,,S_Prairie_Cr,5020,0.46,George_Adams_H,5005,0.42,Cedar_R_SuFa,5020,0.07,Clear_Cr_H,5020,0.02,Hamma_Hamma_R,5005,0.02
Area124 (09) troll 155 84,,Spring_Cr_col,5030,0.98,Abernathy_Cr_Fa,5008,0.00,Washougal_R_Fa,5008,0.00,Elochoman_H,5030,0.00,Cowlitz_H_fa,5008,0.00
Area124 (09) troll 155 85,,Cowlitz_H_fa,5008,0.90,Umatilla_H_Fa,5026,0.07,Elochoman_H,5030,0.02,Hanford_Reach,5026,0.01,Sandy_R,5008,0.01
Area124 (09) troll 155 86,,Spring_Cr_col,5030,0.88,Washougal_R_Fa,5008,0.05,Abernathy_Cr_Fa,5008,0.04,Cowlitz_H_fa,5008,0.03,Elochoman_H,5030,0.01
Area124 (09) troll 155 87,,S_Prairie_Cr,5020,0.95,Bear_Cr_SuFa,5020,0.02,Cedar_R_SuFa,5020,0.01,Clear_Cr_H,5020,0.00,Soos_H,5020,0.00
Area124 (09) troll 155 88,,S_Prairie_Cr,5020,0.89,Clear_Cr_H,5020,0.06,George_Adams_H,5005,0.03,NF_Skokomish_F,5005,0.01,Cedar_R_SuFa,5020,0.00
Area124 (09) troll 155 89,,Priest_Rapid_H,5026,0.72,Hanford_Reach,5026,0.15,Umatilla_H_Fa,5026,0.11,Wenatchee_R_SF,5026,0.01,Wells_H,5026,0.00
Area124 (09) troll 155 9,,Cedar_R_SuFa,5020,0.74,S_Prairie_Cr,5020,0.10,Bear_Cr_SuFa,5020,0.05,Clear_Cr_H,5020,0.03,L_Skagit_R_Fa,5016,0.02
Area124 (09) troll 155 90,,Lyons_Ferry_H,5021,0.67,Priest_Rapid_H,5026,0.19,Hanford_Reach,5026,0.09,Umatilla_H_Fa,5026,0.04,Marion_Drain_Fa,5026,0.00
Area124 (09) troll 155 91,,L_Thompson,5,0.69,L_Adams,5,0.12,South_Thom,5,0.09,Little_R,5,0.05,Clear_Cr,5023,0.01
Area124 (09) troll 155 92,,Cedar_R_SuFa,5020,0.45,S_Prairie_Cr,5020,0.22,George_Adams_H,5005,0.21,NF_Skokomish_F,5005,0.05,Hamma_Hamma_R,5005,0.04
Area124 (09) troll 155 93,,Priest_Rapid_H,5026,0.51,Umatilla_H_Fa,5026,0.44,Hanford_Reach,5026,0.05,Wells_H,5026,0.00,Methow_R,5026,0.00
Area124 (09) troll 155 94,,Spring_Cr_col,5030,1.00,Big_Cr_H_Col,5030,0.00,,,,,,,,,
Area124 (09) troll 155 95,,Washougal_R_Fa,5008,0.57,Cowlitz_H_fa,5008,0.42,Sandy_R,5008,0.00,Elochoman_H,5030,0.00,Coos_H,5011,0.00
Area124 (09) troll 155 96,,Cowlitz_H_fa,5008,0.60,Washougal_R_Fa,5008,0.39,Lewis_R_Su,5008,0.00,Umpqua_H,5011,0.00,Elochoman_H,5030,0.00
Area124 (09) troll 155 97,,Spring_Cr_col,5030,0.97,Big_Cr_H_Col,5030,0.02,Elochoman_H,5030,0.01,Abernathy_NFH_F,5008,0.00,Abernathy_Cr_Fa,5008,0.00
Area124 (09) troll 155 98,,Washougal_R_Fa,5008,0.85,Big_Cr_H_Col,5030,0.08,Elochoman_H,5030,0.04,Abernathy_Cr_Fa,5008,0.02,Spring_Cr_col,5030,0.02
Area124 (09) troll 155 99,,S_Prairie_Cr,5020,0.57,Clear_Cr_H,5020,0.24,Cedar_R_SuFa,5020,0.11,Grovers_Cr_H,5020,0.04,Soos_H,5020,0.01
Area124 (09) troll 156 134,,Cowlitz_H_fa,5008,0.97,Abernathy_Cr_Fa,5008,0.02,Elochoman_H,5030,0.01,Spring_Cr_col,5030,0.00,Washougal_R_Fa,5008,0.00
Area124 (09) troll 156 135,,Cedar_R_SuFa,5020,0.65,Hamma_Hamma_R,5005,0.10,Bear_Cr_SuFa,5020,0.07,NF_Skokomish_F,5005,0.05,George_Adams_H,5005,0.04
Area124 (09) troll 156 136,,Washougal_R_Fa,5008,0.92,U_Sauk_R_SpSu,5016,0.03,Hamma_Hamma_R,5005,0.02,Snoqualmie_R,5016,0.01,Clear_Cr_H,5020,0.00
Area124 (09) troll 156 137,,Cedar_R_SuFa,5020,0.68,Hamma_Hamma_R,5005,0.15,Bear_Cr_SuFa,5020,0.06,Clear_Cr_H,5020,0.06,S_Prairie_Cr,5020,0.03
Area124 (09) troll 156 138,,Washougal_R_Fa,5008,0.67,Cowlitz_H_fa,5008,0.26,Elochoman_H,5030,0.03,Abernathy_Cr_Fa,5008,0.02,Lewis_R_Su,5008,0.01
Area124 (09) troll 156 139,,Wenatchee_R_SF,5026,0.80,Priest_Rapid_H,5026,0.09,Umatilla_H_Fa,5026,0.08,Hanford_Reach,5026,0.03,Wells_H,5026,0.00
Area124 (09) troll 156 140,,Washougal_R_Fa,5008,0.54,Cowlitz_H_fa,5008,0.26,Elochoman_H,5030,0.18,Umatilla_H_Fa,5026,0.01,Spring_Cr_col,5030,0.01
Area124 (09) troll 156 141,,S_Prairie_Cr,5020,0.90,NF_Skokomish_F,5005,0.03,Cedar_R_SuFa,5020,0.02,Grovers_Cr_H,5020,0.02,George_Adams_H,5005,0.02
Area124 (09) troll 156 142,,Priest_Rapid_H,5026,0.51,Lyons_Ferry_H,5021,0.34,Hanford_Reach,5026,0.10,Umatilla_H_Fa,5026,0.02,Marion_Drain_Fa,5026,0.01
Area124 (09) troll 156 143,,George_Adams_H,5005,0.36,Hamma_Hamma_R,5005,0.30,Cedar_R_SuFa,5020,0.12,NF_Skokomish_F,5005,0.11,Clear_Cr_H,5020,0.06
Area124 (09) troll 156 144,,Spring_Cr_col,5030,0.90,Big_Cr_H_Col,5030,0.10,Elochoman_H,5030,0.00,Lewis_R_Su,5008,0.00,Sandy_R,5008,0.00
Area124 (09) troll 156 145,,S_Prairie_Cr,5020,0.59,Clear_Cr_H,5020,0.20,George_Adams_H,5005,0.07,Bear_Cr_SuFa,5020,0.04,NF_Skokomish_F,5005,0.04
Area124 (09) troll 156 146,,Umatilla_H_Fa,5026,0.80,Priest_Rapid_H,5026,0.09,Hanford_Reach,5026,0.05,Wenatchee_R_SF,5026,0.03,Washougal_R_Fa,5008,0.02
Area124 (09) troll 156 147,,George_Adams_H,5005,0.85,Samish_H,5016,0.08,Hamma_Hamma_R,5005,0.03,NF_Skokomish_F,5005,0.03,Cedar_R_SuFa,5020,0.00
Area124 (09) troll 156 148,,George_Adams_H,5005,0.52,Hamma_Hamma_R,5005,0.37,Cedar_R_SuFa,5020,0.06,Bear_Cr_SuFa,5020,0.03,Grovers_Cr_H,5020,0.01
Area124 (09) troll 156 149,,Harrison,3,0.41,Cedar_R_SuFa,5020,0.39,S_Prairie_Cr,5020,0.06,U_Sauk_R_SpSu,5016,0.05,George_Adams_H,5005,0.04
Area124 (09) troll 156 150,,George_Adams_H,5005,0.83,Hamma_Hamma_R,5005,0.04,Cedar_R_SuFa,5020,0.03,Clear_Cr_H,5020,0.03,S_Prairie_Cr,5020,0.03
Area124 (09) troll 156 151,,S_Prairie_Cr,5020,0.79,L_Skagit_R_Fa,5016,0.09,Cedar_R_SuFa,5020,0.05,Clear_Cr_H,5020,0.04,Grovers_Cr_H,5020,0.02
Area124 (09) troll 156 152,,L_Skagit_R_Fa,5016,0.34,Hamma_Hamma_R,5005,0.15,George_Adams_H,5005,0.14,Cheakamus_F,9,0.14,S_Prairie_Cr,5020,0.08
Area124 (09) troll 156 153,,George_Adams_H,5005,0.46,Hamma_Hamma_R,5005,0.27,Cedar_R_SuFa,5020,0.16,S_Prairie_Cr,5020,0.08,NF_Skokomish_F,5005,0.01
Area124 (09) troll 156 154,,George_Adams_H,5005,0.70,NF_Skokomish_F,5005,0.18,Clear_Cr_H,5020,0.08,Hamma_Hamma_R,5005,0.02,S_Prairie_Cr,5020,0.01
Area124 (09) troll 156 155,,George_Adams_H,5005,0.51,Hamma_Hamma_R,5005,0.46,S_Prairie_Cr,5020,0.02,Bear_Cr_SuFa,5020,0.01,Grovers_Cr_H,5020,0.00
Area124 (09) troll 156 156,Dupe with 174,Harrison,3,0.76,Chilliwac@Stav,3,0.19,Chilliwack_F,3,0.05,Clearwater,4,0.00,,,
Area124 (09) troll 156 157,,Hamma_Hamma_R,5005,0.43,George_Adams_H,5005,0.37,S_Prairie_Cr,5020,0.11,Clear_Cr_H,5020,0.04,Cedar_R_SuFa,5020,0.03
Area124 (09) troll 156 158,,Big_Qualicum,7,0.78,Puntledge_F,7,0.19,Puntledge_BackX,7,0.02,Cheakamus_F,9,0.00,Cowichan,7,0.00
Area124 (09) troll 156 159,,Priest_Rapid_H,5026,0.53,Hanford_Reach,5026,0.26,Umatilla_H_Fa,5026,0.15,Lyons_Ferry_H,5021,0.03,Washougal_R_Fa,5008,0.01
Area124 (09) troll 156 160,,Cowlitz_H_fa,5008,0.54,Washougal_R_Fa,5008,0.23,Elochoman_H,5030,0.09,Lewis_R_Su,5008,0.06,Sixes_R,5011,0.05
Area124 (09) troll 156 161,,Cedar_R_SuFa,5020,0.63,Bear_Cr_SuFa,5020,0.13,S_Prairie_Cr,5020,0.11,George_Adams_H,5005,0.06,Clear_Cr_H,5020,0.03
Area124 (09) troll 156 162,,L_Skagit_R_Fa,5016,0.87,Puntledge_F,7,0.06,U_Sauk_R_SpSu,5016,0.05,Big_Qualicum,7,0.01,Skagit_R,5016,0.00
Area124 (09) troll 156 163,,L_Skagit_R_Fa,5016,0.67,Skykomish_R,5016,0.10,Hamma_Hamma_R,5005,0.09,U_Sauk_R_SpSu,5016,0.08,George_Adams_H,5005,0.02
Area124 (09) troll 156 164,,Cowlitz_H_fa,5008,1.00,Lewis_R_Su,5008,0.00,Washougal_R_Fa,5008,0.00,Abernathy_Cr_Fa,5008,0.00,Elochoman_H,5030,0.00
Area124 (09) troll 156 165,,Hanford_Reach,5026,0.64,Priest_Rapid_H,5026,0.16,Umatilla_H_Fa,5026,0.15,Lyons_Ferry_H,5021,0.03,Wells_H,5026,0.01
Area124 (09) troll 156 166,,Cowlitz_H_fa,5008,0.99,Sandy_R,5008,0.00,Elochoman_H,5030,0.00,Big_Cr_H_Col,5030,0.00,Washougal_R_Fa,5008,0.00
Area124 (09) troll 156 168,,Wenatchee_R_SF,5026,0.85,Hanford_Reach,5026,0.08,Priest_Rapid_H,5026,0.04,U_Sauk_R_SpSu,5016,0.01,Lyons_Ferry_H,5021,0.01
Area124 (09) troll 156 169,,Coos_H,5011,0.29,U_Sauk_R_SpSu,5016,0.18,Wilson_R,5015,0.15,Umpqua_H,5011,0.12,S_Coos_R,5011,0.08
Area124 (09) troll 156 170,,Eagle_R,5,0.52,Bessette,5,0.32,L_Shuswap,5,0.12,Seymour@Thomp,5,0.03,L_Thompson,5,0.00
Area124 (09) troll 156 171,,Cedar_R_SuFa,5020,0.65,Bear_Cr_SuFa,5020,0.15,S_Prairie_Cr,5020,0.12,Samish_H,5016,0.04,George_Adams_H,5005,0.04
Area124 (09) troll 156 172,,Harrison,3,0.31,Chilliwack_F,3,0.26,Lyons_Ferry_H,5021,0.11,U_Sauk_R_SpSu,5016,0.08,Cedar_R_SuFa,5020,0.07
Area124 (09) troll 156 173,,Hanford_Reach,5026,0.79,Priest_Rapid_H,5026,0.21,Nez_PerceT_H,5021,0.00,Umatilla_H_Fa,5026,0.00,Methow_R,5026,0.00
Area124 (09) troll 156 174,,S_Prairie_Cr,5020,0.62,Cedar_R_SuFa,5020,0.11,NF_Skokomish_F,5005,0.08,Bear_Cr_SuFa,5020,0.05,L_Skagit_R_Fa,5016,0.04
Area124 (09) troll 156 175,Dupe with 156,Harrison,3,0.76,Chilliwac@Stav,3,0.19,Chilliwack_F,3,0.05,Clearwater,4,0.00,N_Thom@Main,4,0.00
Area124 (09) troll 156 176,,Priest_Rapid_H,5026,0.30,Hanford_Reach,5026,0.22,Cowlitz_H_fa,5008,0.19,Washougal_R_Fa,5008,0.19,Wells_H,5026,0.04
Area124 (09) troll 156 177,,Cedar_R_SuFa,5020,0.50,Grovers_Cr_H,5020,0.17,Samish_H,5016,0.13,Clear_Cr_H,5020,0.07,NF_Skokomish_F,5005,0.05
Area124 (09) troll 156 178,,Washougal_R_Fa,5008,0.57,Cowlitz_H_fa,5008,0.37,Lewis_R_Su,5008,0.06,McKenzie_H,5029,0.00,Green_R_Fa,5008,0.00
Area124 (09) troll 156 179,,McKenzie_H,5029,0.83,N_Santiam_H,5029,0.05,Hanford_Reach,5026,0.05,Cowlitz_H_fa,5008,0.02,Priest_Rapid_H,5026,0.02
Area124 (09) troll 156 180,,George_Adams_H,5005,0.46,Hamma_Hamma_R,5005,0.21,Clear_Cr_H,5020,0.06,S_Prairie_Cr,5020,0.06,Cedar_R_SuFa,5020,0.06
Area124 (09) troll 156 181,,Spring_Cr_col,5030,0.83,Big_Cr_H_Col,5030,0.14,Elochoman_H,5030,0.02,Cowlitz_H_fa,5008,0.01,Abernathy_Cr_Fa,5008,0.00
Area124 (09) troll 156 182,,Washougal_R_Fa,5008,0.89,Cowlitz_H_fa,5008,0.10,Elochoman_H,5030,0.01,Abernathy_Cr_Fa,5008,0.00,Spring_Cr_col,5030,0.00
Area124 (09) troll 156 183,,S_Prairie_Cr,5020,0.80,Soos_H,5020,0.06,George_Adams_H,5005,0.04,Cedar_R_SuFa,5020,0.04,Hamma_Hamma_R,5005,0.02
Area124 (09) troll 156 184,,McKenzie_H,5029,0.96,N_Santiam_H,5029,0.04,Chilliwac@Stav,3,0.00,Hanford_Reach,5026,0.00,Umatilla_H_Fa,5026,0.00
Area124 (09) troll 156 185,,George_Adams_H,5005,0.56,Hamma_Hamma_R,5005,0.24,Cedar_R_SuFa,5020,0.09,S_Prairie_Cr,5020,0.05,Clear_Cr_H,5020,0.02
Area124 (09) troll 156 186,,Cowlitz_H_fa,5008,0.69,Washougal_R_Fa,5008,0.23,Lewis_R_Su,5008,0.04,Lewis_H_sp,5009,0.01,Cowlitz_H_sp,5009,0.01
Area124 (09) troll 156 187,,S_Prairie_Cr,5020,0.36,Cedar_R_SuFa,5020,0.28,George_Adams_H,5005,0.15,Clear_Cr_H,5020,0.08,NF_Skokomish_F,5005,0.07
Area124 (09) troll 156 188,,Priest_Rapid_H,5026,0.89,Hanford_Reach,5026,0.04,Nez_PerceT_H,5021,0.04,Lyons_Ferry_H,5021,0.02,ClearwaterRFa,5021,0.01
Area124 (09) troll 156 189,,Hanford_Reach,5026,0.61,Umatilla_H_Fa,5026,0.27,Priest_Rapid_H,5026,0.12,Nez_PerceT_H,5021,0.00,Lyons_Ferry_H,5021,0.00
Area124 (09) troll 156 190,,L_Thompson,5,0.35,Bessette,5,0.31,Harrison,3,0.12,Hamma_Hamma_R,5005,0.07,L_Shuswap,5,0.03
Area124 (09) troll 156 191,,U_Sauk_R_SpSu,5016,0.56,Hanford_Reach,5026,0.28,NanaimoSu_BackX,7,0.08,L_Thompson,5,0.05,Sandy_R,5008,0.02
Area124 (09) troll 156 192,,L_Skagit_R_Fa,5016,0.93,U_Sauk_R_SpSu,5016,0.05,S_Prairie_Cr,5020,0.01,Hanford_Reach,5026,0.00,L_Thompson,5,0.00
Area124 (09) troll 156 193,,Washougal_R_Fa,5008,0.25,Chilliwac@Stav,3,0.15,Harrison,3,0.08,Spring_Cr_col,5030,0.07,Cowlitz_H_fa,5008,0.05
Area124 (09) troll 156 194,,Chilliwack_F,3,0.51,Harrison,3,0.37,S_Prairie_Cr,5020,0.08,L_Skagit_R_Fa,5016,0.02,Chilliwac@Stav,3,0.01
Area124 (09) troll 156 195,,Priest_Rapid_H,5026,0.72,Hanford_Reach,5026,0.26,Umatilla_H_Fa,5026,0.01,Lyons_Ferry_H,5021,0.00,Wenatchee_R_SF,5026,0.00
Area124 (09) troll 156 196,,Priest_Rapid_H,5026,0.65,Lyons_Ferry_H,5021,0.18,Hanford_Reach,5026,0.15,Umatilla_H_Fa,5026,0.01,Wenatchee_R_SF,5026,0.00
Area124 (09) troll 156 197,,Priest_Rapid_H,5026,0.37,Umatilla_H_Fa,5026,0.33,Hanford_Reach,5026,0.30,Wells_H,5026,0.00,Marion_Drain_Fa,5026,0.00
Area124 (09) troll 156 198,,Clear_Cr_H,5020,0.27,S_Prairie_Cr,5020,0.23,Grovers_Cr_H,5020,0.11,Cedar_R_SuFa,5020,0.10,NF_Skokomish_F,5005,0.08
Area124 (09) troll 156 199,,Cowlitz_H_fa,5008,0.94,Washougal_R_Fa,5008,0.05,Sandy_R,5008,0.00,Lewis_R_Su,5008,0.00,Elochoman_H,5030,0.00
Area124 (09) troll 156 200,,L_Thompson,5,0.44,Priest_Rapid_H,5026,0.16,Umatilla_H_Fa,5026,0.15,Hanford_Reach,5026,0.13,Little_R,5,0.04
Area124 (09) troll 156 201,,Harrison,3,0.90,L_Skagit_R_Fa,5016,0.08,Chilliwac@Stav,3,0.01,Chilliwack_F,3,0.00,Skykomish_R,5016,0.00
Area124 (09) troll 156 202,Dupe with 244,Hanford_Reach,5026,0.72,Priest_Rapid_H,5026,0.22,Umatilla_H_Fa,5026,0.06,Wells_H,5026,0.00,Cowlitz_H_fa,5008,0.00
Area124 (09) troll 156 203,,Priest_Rapid_H,5026,0.39,Lyons_Ferry_H,5021,0.29,Wenatchee_R_SF,5026,0.14,Hanford_Reach,5026,0.09,Wells_H,5026,0.02
Area124 (09) troll 156 205,,L_Thompson,5,0.36,Bessette,5,0.29,L_Shuswap,5,0.19,Lyons_Ferry_H,5021,0.07,Priest_Rapid_H,5026,0.05
Area124 (09) troll 156 206,,Big_Qualicum,7,0.55,Wenatchee_R_SF,5026,0.19,L_Thompson,5,0.11,Puntledge_F,7,0.05,Hanford_Reach,5026,0.03
Area124 (09) troll 156 207,,Forks_Cr_H,5028,1.00,Hoko_H_Fa,5028,0.00,Lewis_R_Su,5008,0.00,,,,,,
Area124 (09) troll 156 208,,Priest_Rapid_H,5026,0.52,Hanford_Reach,5026,0.31,Lyons_Ferry_H,5021,0.07,Wells_H,5026,0.04,Umatilla_H_Fa,5026,0.02
Area124 (09) troll 156 209,,Priest_Rapid_H,5026,0.65,Hanford_Reach,5026,0.34,Umatilla_H_Fa,5026,0.02,Nez_PerceT_H,5021,0.00,Methow_R,5026,0.00
Area124 (09) troll 156 210,,Harrison,3,0.86,Chilliwack_F,3,0.12,Chilliwac@Stav,3,0.01,L_Skagit_R_Fa,5016,0.00,Babine,20,0.00
Area124 (09) troll 156 211,,Hanford_Reach,5026,0.71,Umatilla_H_Fa,5026,0.12,Priest_Rapid_H,5026,0.08,Lyons_Ferry_H,5021,0.07,Nez_PerceT_H,5021,0.01
Area124 (09) troll 156 212,,Coos_H,5011,0.84,Harrison,3,0.10,Snoqualmie_R,5016,0.03,Chilliwac@Stav,3,0.03,Hanford_Reach,5026,0.00
Area124 (09) troll 156 213,,Priest_Rapid_H,5026,0.69,Hanford_Reach,5026,0.31,Wenatchee_R_SF,5026,0.00,Umatilla_H_Fa,5026,0.00,Nez_PerceT_H,5021,0.00
Area124 (09) troll 156 214,,Umatilla_H_Fa,5026,0.71,Priest_Rapid_H,5026,0.14,Hanford_Reach,5026,0.14,Nez_PerceT_H,5021,0.00,Lyons_Ferry_H,5021,0.00
Area124 (09) troll 160 215,,George_Adams_H,5005,0.70,Clear_Cr_H,5020,0.14,NF_Skokomish_F,5005,0.06,S_Prairie_Cr,5020,0.05,Hamma_Hamma_R,5005,0.03
Area124 (09) troll 160 216,,Chilliwack_F,3,0.76,Chilliwac@Stav,3,0.14,Harrison,3,0.10,L_Skagit_R_Fa,5016,0.00,Snoqualmie_R,5016,0.00
Area124 (09) troll 160 217,,Priest_Rapid_H,5026,0.77,Lyons_Ferry_H,5021,0.15,Hanford_Reach,5026,0.06,Umatilla_H_Fa,5026,0.01,Wenatchee_R_SF,5026,0.00
Area124 (09) troll 160 218,,Conuma,8,0.65,Tlupana,8,0.21,Tahsis,8,0.06,Moyeha_R,8,0.03,Zeballos,8,0.03
Area124 (09) troll 160 219,,Priest_Rapid_H,5026,0.60,Hanford_Reach,5026,0.36,Umatilla_H_Fa,5026,0.04,Wells_H,5026,0.00,Wenatchee_R_SF,5026,0.00
Area124 (09) troll 160 220,,L_Thompson,5,0.88,Elochoman_H,5030,0.04,Cowlitz_H_fa,5008,0.03,NanaimoSu_BackX,7,0.03,Clearwater,4,0.01
Area124 (09) troll 160 221,,S_Prairie_Cr,5020,0.48,George_Adams_H,5005,0.23,NF_Skokomish_F,5005,0.11,Hamma_Hamma_R,5005,0.05,Cedar_R_SuFa,5020,0.04
Area124 (09) troll 160 222,,Priest_Rapid_H,5026,0.89,Hanford_Reach,5026,0.09,Umatilla_H_Fa,5026,0.02,Umatilla_H,5026,0.00,Wells_H,5026,0.00
Area124 (09) troll 160 223,,Cowlitz_H_fa,5008,0.85,Washougal_R_Fa,5008,0.07,Elochoman_H,5030,0.04,Abernathy_Cr_Fa,5008,0.03,Lewis_R_Su,5008,0.01
Area124 (09) troll 160 224,,Cowlitz_H_fa,5008,0.74,Washougal_R_Fa,5008,0.16,Lewis_R_Su,5008,0.09,McKenzie_H,5029,0.00,Abernathy_Cr_Fa,5008,0.00
Area124 (09) troll 160 225,,Washougal_R_Fa,5008,0.86,Spring_Cr_col,5030,0.06,Cowlitz_H_fa,5008,0.04,Lewis_R_Su,5008,0.03,Abernathy_NFH_F,5008,0.00
Area124 (09) troll 160 226,,Chilliwack_F,3,0.66,Harrison,3,0.23,L_Thompson,5,0.04,George_Adams_H,5005,0.02,NanaimoSu_BackX,7,0.02
Area124 (09) troll 160 227,,Sustut,19,1.00,,,,,,,,,,,,
Area124 (09) troll 160 228,,Big_Qualicum,7,0.63,Cheakamus_F,9,0.16,Puntledge_F,7,0.10,S_Prairie_Cr,5020,0.08,Cedar_R_SuFa,5020,0.02
Area124 (09) troll 160 229,,Chilliwack_F,3,0.91,Harrison,3,0.08,Chilliwac@Stav,3,0.00,Clearwater,4,0.00,Taseko,2,0.00
Area124 (09) troll 160 230,,Priest_Rapid_H,5026,0.97,Lyons_Ferry_H,5021,0.02,Hanford_Reach,5026,0.01,Wenatchee_R_SF,5026,0.00,Nez_PerceT_H,5021,0.00
Area124 (09) troll 160 231,,George_Adams_H,5005,0.35,Clear_Cr_H,5020,0.25,Hamma_Hamma_R,5005,0.13,S_Prairie_Cr,5020,0.13,Cedar_R_SuFa,5020,0.06
Area124 (09) troll 160 232,,Priest_Rapid_H,5026,0.45,Lyons_Ferry_H,5021,0.26,Umatilla_H_Fa,5026,0.15,Hanford_Reach,5026,0.06,Washougal_R_Fa,5008,0.05
Area124 (09) troll 160 233,,Elochoman_H,5030,0.21,Cowlitz_H_fa,5008,0.21,Priest_Rapid_H,5026,0.20,Hanford_Reach,5026,0.14,Umatilla_H_Fa,5026,0.11
Area124 (09) troll 160 234,,Spring_Cr_col,5030,0.75,Big_Cr_H_Col,5030,0.14,Washougal_R_Fa,5008,0.04,Abernathy_Cr_Fa,5008,0.02,Cowlitz_H_fa,5008,0.02
Area124 (09) troll 160 235,,Harrison,3,0.78,Chilliwack_F,3,0.22,Chilliwac@Stav,3,0.00,,,,,,
Area124 (09) troll 160 236,,Umpqua_H,5011,0.35,Umatilla_H_Fa,5026,0.21,Cowlitz_H_fa,5008,0.17,Hanford_Reach,5026,0.15,Washougal_R_Fa,5008,0.06
Area124 (09) troll 160 237,,Hanford_Reach,5026,0.36,Washougal_R_Fa,5008,0.17,Priest_Rapid_H,5026,0.17,Lyons_Ferry_H,5021,0.12,Cowlitz_H_fa,5008,0.05
Area124 (09) troll 160 238,,Hanford_Reach,5026,0.63,Umatilla_H_Fa,5026,0.28,Priest_Rapid_H,5026,0.07,Washougal_R_Fa,5008,0.01,Lyons_Ferry_H,5021,0.00
Area124 (09) troll 160 239,,Hanford_Reach,5026,0.50,Priest_Rapid_H,5026,0.40,Umatilla_H_Fa,5026,0.09,Nez_PerceT_H,5021,0.01,Wenatchee_R_SF,5026,0.00
Area124 (09) troll 160 240,,Hamma_Hamma_R,5005,0.55,George_Adams_H,5005,0.15,S_Prairie_Cr,5020,0.14,Forks_Cr_H,5028,0.12,Clear_Cr_H,5020,0.02
Area124 (09) troll 160 241,,Hanford_Reach,5026,0.73,Priest_Rapid_H,5026,0.22,Umatilla_H_Fa,5026,0.02,George_Adams_H,5005,0.01,Cheakamus_F,9,0.00
Area124 (09) troll 160 242,,Umatilla_H_Fa,5026,0.50,Priest_Rapid_H,5026,0.49,Cedar_R_SuFa,5020,0.00,Lyons_Ferry_H,5021,0.00,Hanford_Reach,5026,0.00
Area124 (09) troll 160 243,,Forks_Cr_H,5028,0.32,Wilson_R,5015,0.19,Nestucca_H,5015,0.14,Necanicum_H,5015,0.11,Trask_R,5015,0.08
Area124 (09) troll 160 244,,L_Thompson,5,0.38,Cowlitz_H_fa,5008,0.26,Washougal_R_Fa,5008,0.10,Spring_Cr_col,5030,0.09,Priest_Rapid_H,5026,0.04
Area124 (09) troll 160 245,,Priest_Rapid_H,5026,0.37,Hanford_Reach,5026,0.32,L_Thompson,5,0.13,South_Thom,5,0.07,NanaimoSu_BackX,7,0.06
Area124 (09) troll 160 246,Dupe with 201,Hanford_Reach,5026,0.72,Priest_Rapid_H,5026,0.21,Umatilla_H_Fa,5026,0.06,Wells_H,5026,0.00,Cowlitz_H_fa,5008,0.00
Area124 (09) troll 160 247,,Cowlitz_H_fa,5008,0.50,Washougal_R_Fa,5008,0.46,Abernathy_Cr_Fa,5008,0.02,Cowlitz_H_sp,5009,0.01,Kalama_H_sp,5009,0.00
Area124 (09) troll 160 248,,Lyons_Ferry_H,5021,0.55,Priest_Rapid_H,5026,0.21,Hanford_Reach,5026,0.14,Umatilla_H_Fa,5026,0.07,U_Sauk_R_SpSu,5016,0.03
Area124 (09) troll 160 249,,George_Adams_H,5005,0.26,Hamma_Hamma_R,5005,0.24,U_Sauk_R_SpSu,5016,0.13,Harrison,3,0.08,L_Skagit_R_Fa,5016,0.07
Area124 (09) troll 160 250,,San_Juan,8,1.00,Zeballos,8,0.00,,,,,,,,,
Area124 (09) troll 160 251,,Big_Qualicum,7,0.88,Puntledge_F,7,0.12,Puntledge_BackX,7,0.00,L_Qualicum,7,0.00,Nanaimo_F,7,0.00
Area124 (09) troll 160 252,,Morice_R,21,0.90,Harrison,3,0.02,Little_Tahltan,18,0.02,Babine,20,0.01,Cedar_Early,23,0.01
Area124 (09) troll 160 253,,Hanford_Reach,5026,0.47,Priest_Rapid_H,5026,0.40,Umatilla_H_Fa,5026,0.06,Lyons_Ferry_H,5021,0.05,U_Sauk_R_SpSu,5016,0.00
Area124 (09) troll 160 254,,Spring_Cr_col,5030,0.99,Big_Cr_H_Col,5030,0.01,Elochoman_H,5030,0.00,Abernathy_NFH_F,5008,0.00,,,
Area124 (09) troll 160 255,,Washougal_R_Fa,5008,0.91,Cowlitz_H_fa,5008,0.08,Big_Cr_H_Col,5030,0.01,Green_R_Fa,5008,0.00,Sandy_R,5008,0.00
Area124 (09) troll 160 256,,George_Adams_H,5005,0.37,L_Skagit_R_Fa,5016,0.32,Hamma_Hamma_R,5005,0.12,S_Prairie_Cr,5020,0.12,Grovers_Cr_H,5020,0.04
Area124 (09) troll 160 257,,Priest_Rapid_H,5026,0.95,Hanford_Reach,5026,0.02,Umatilla_H_Fa,5026,0.02,Methow_R,5026,0.00,Sandy_R,5008,0.00
Area124 (09) troll 160 258,,George_Adams_H,5005,0.72,Clear_Cr_H,5020,0.11,S_Prairie_Cr,5020,0.08,Hamma_Hamma_R,5005,0.03,NF_Skokomish_F,5005,0.03
Area124 (09) troll 160 259,,Spring_Cr_col,5030,0.99,Big_Cr_H_Col,5030,0.01,Abernathy_NFH_F,5008,0.00,Elochoman_H,5030,0.00,,,
Area124 (09) troll 160 260,,S_Prairie_Cr,5020,0.27,George_Adams_H,5005,0.20,Cedar_R_SuFa,5020,0.20,Hamma_Hamma_R,5005,0.14,Clear_Cr_H,5020,0.11
Area124 (09) troll 160 261,Dupe with 287,Sixes_R,5011,1.00,,,,,,,,,,,,
Area124 (09) troll 160 262,,George_Adams_H,5005,0.49,Cedar_R_SuFa,5020,0.17,Hamma_Hamma_R,5005,0.14,L_Skagit_R_Fa,5016,0.08,U_Sauk_R_SpSu,5016,0.06
Area124 (09) troll 160 263,,Priest_Rapid_H,5026,0.80,Hanford_Reach,5026,0.20,L_Thompson,5,0.00,Umatilla_H_Fa,5026,0.00,Wells_H,5026,0.00
Area124 (09) troll 160 264,,Cowlitz_H_fa,5008,0.69,Spring_Cr_col,5030,0.29,Washougal_R_Fa,5008,0.01,Elochoman_H,5030,0.00,Big_Cr_H_Col,5030,0.00
Area124 (09) troll 160 265,,George_Adams_H,5005,0.47,Cedar_R_SuFa,5020,0.35,Clear_Cr_H,5020,0.08,Bear_Cr_SuFa,5020,0.05,S_Prairie_Cr,5020,0.01
Area124 (09) troll 160 266,,Umatilla_H_Fa,5026,0.73,Cowlitz_H_fa,5008,0.10,Washougal_R_Fa,5008,0.06,Lewis_R_Su,5008,0.04,Elochoman_H,5030,0.03
Area124 (09) troll 160 267,,Priest_Rapid_H,5026,0.85,Hanford_Reach,5026,0.06,Umatilla_H_Fa,5026,0.04,Nez_PerceT_H,5021,0.02,Lyons_Ferry_H,5021,0.02
Area124 (09) troll 160 268,,Cedar_R_SuFa,5020,0.45,George_Adams_H,5005,0.27,Clear_Cr_H,5020,0.11,S_Prairie_Cr,5020,0.08,Hamma_Hamma_R,5005,0.06
Area124 (09) troll 160 269,,Spring_Cr_col,5030,0.87,Big_Cr_H_Col,5030,0.13,Cowlitz_H_fa,5008,0.00,Elochoman_H,5030,0.00,Abernathy_Cr_Fa,5008,0.00
Area124 (09) troll 160 270,,Hanford_Reach,5026,0.53,Wenatchee_R_SF,5026,0.27,Priest_Rapid_H,5026,0.14,Umatilla_H_Fa,5026,0.04,Nez_PerceT_H,5021,0.01
Area124 (09) troll 160 271,,Big_Cr_H_Col,5030,0.62,Elochoman_H,5030,0.24,Cowlitz_H_fa,5008,0.07,Spring_Cr_col,5030,0.06,Washougal_R_Fa,5008,0.01
Area124 (09) troll 160 272,,Cedar_R_SuFa,5020,0.50,Hamma_Hamma_R,5005,0.11,S_Prairie_Cr,5020,0.09,NF_Skokomish_F,5005,0.09,George_Adams_H,5005,0.08
Area124 (09) troll 160 273,,Hamma_Hamma_R,5005,0.46,Cedar_R_SuFa,5020,0.19,Clear_Cr_H,5020,0.14,George_Adams_H,5005,0.11,S_Prairie_Cr,5020,0.03
Area124 (09) troll 160 274,,Cedar_R_SuFa,5020,0.56,George_Adams_H,5005,0.10,NF_Skokomish_F,5005,0.10,S_Prairie_Cr,5020,0.09,Bear_Cr_SuFa,5020,0.05
Area124 (09) troll 160 275,,Big_Cr_H_Col,5030,0.36,Spring_Cr_col,5030,0.34,Elochoman_H,5030,0.26,Abernathy_NFH_F,5008,0.02,Cowlitz_H_fa,5008,0.01
Area124 (09) troll 160 276,,McKenzie_H,5029,0.97,Lewis_H_sp,5009,0.02,N_Santiam_H,5029,0.01,Hanford_Reach,5026,0.00,Umatilla_H_Fa,5026,0.00
Area124 (09) troll 160 277,,Hanford_Reach,5026,0.62,Priest_Rapid_H,5026,0.36,U_Sauk_R_SpSu,5016,0.01,Wells_H,5026,0.00,Lyons_Ferry_H,5021,0.00
Area124 (09) troll 160 278,,Cowlitz_H_fa,5008,0.60,Washougal_R_Fa,5008,0.35,Elochoman_H,5030,0.03,Lewis_R_Su,5008,0.01,McKenzie_H,5029,0.01
Area124 (09) troll 160 279,,Cedar_R_SuFa,5020,0.50,Clear_Cr_H,5020,0.19,George_Adams_H,5005,0.09,Hamma_Hamma_R,5005,0.08,Bear_Cr_SuFa,5020,0.05
Area124 (09) troll 160 280,,Hanford_Reach,5026,0.59,Umatilla_H_Fa,5026,0.28,Priest_Rapid_H,5026,0.08,Wenatchee_R_SF,5026,0.04,Wells_H,5026,0.02
Area124 (09) troll 160 281,,Cowlitz_H_fa,5008,0.54,Spring_Cr_col,5030,0.34,Big_Cr_H_Col,5030,0.06,Elochoman_H,5030,0.03,Washougal_R_Fa,5008,0.03
Area124 (09) troll 160 282,,Spring_Cr_col,5030,0.72,Cowlitz_H_fa,5008,0.22,Washougal_R_Fa,5008,0.03,Abernathy_Cr_Fa,5008,0.03,Elochoman_H,5030,0.00
Area124 (09) troll 160 283,,Spring_Cr_col,5030,0.87,Big_Cr_H_Col,5030,0.09,Elochoman_H,5030,0.04,Abernathy_NFH_F,5008,0.00,Washougal_R_Fa,5008,0.00
Area124 (09) troll 160 284,,Harrison,3,0.32,Marblemount_HSp,5016,0.14,Washougal_R_Fa,5008,0.12,Nakina_R,5025,0.09,U_Sauk_R_SpSu,5016,0.07
Area124 (09) troll 160 285,,George_Adams_H,5005,0.54,NF_Skokomish_F,5005,0.17,Cedar_R_SuFa,5020,0.13,Grovers_Cr_H,5020,0.09,Bear_Cr_SuFa,5020,0.03
Area124 (09) troll 160 286,,Cowlitz_H_fa,5008,0.90,Washougal_R_Fa,5008,0.09,Cowlitz_H_sp,5009,0.01,Priest_Rapid_H,5026,0.00,Lewis_R_Su,5008,0.00
Area124 (09) troll 160 287,,U_Sauk_R_SpSu,5016,0.54,Marblemount_HSp,5016,0.44,L_Skagit_R_Fa,5016,0.01,S_Prairie_Cr,5020,0.00,Skagit_R,5016,0.00
Area124 (09) troll 160 288,,Priest_Rapid_H,5026,0.38,Umatilla_H_Fa,5026,0.30,Hanford_Reach,5026,0.24,Lyons_Ferry_H,5021,0.07,Nez_PerceT_H,5021,0.00
Area124 (09) troll 160 289,Dupe with 259,Sixes_R,5011,1.00,,,,,,,,,,,,
Area124 (09) troll 160 290,,S_Prairie_Cr,5020,0.47,Clear_Cr_H,5020,0.29,George_Adams_H,5005,0.12,Bear_Cr_SuFa,5020,0.04,NF_Skokomish_F,5005,0.04
Area124 (09) troll 160 291,,George_Adams_H,5005,0.38,S_Prairie_Cr,5020,0.30,NF_Skokomish_F,5005,0.09,Clear_Cr_H,5020,0.07,Cedar_R_SuFa,5020,0.06
Area124 (09) troll 160 292,,S_Prairie_Cr,5020,0.64,George_Adams_H,5005,0.21,Clear_Cr_H,5020,0.08,L_Skagit_R_Fa,5016,0.03,Soos_H,5020,0.02
Area124 (09) troll 160 293,,S_Prairie_Cr,5020,0.43,George_Adams_H,5005,0.17,Hamma_Hamma_R,5005,0.15,NF_Skokomish_F,5005,0.11,Clear_Cr_H,5020,0.07
Area124 (09) troll 160 294,,L_Skagit_R_Fa,5016,0.96,Clear_Cr_H,5020,0.04,S_Prairie_Cr,5020,0.00,NF_Skokomish_F,5005,0.00,Cedar_R_SuFa,5020,0.00
Area124 (09) troll 160 295,,Wenatchee_R_SF,5026,0.88,Hanford_Reach,5026,0.04,Umatilla_H_Fa,5026,0.03,Priest_Rapid_H,5026,0.02,Wells_H,5026,0.01
Area124 (09) troll 160 296,,Spring_Cr_col,5030,0.96,Washougal_R_Fa,5008,0.02,Big_Cr_H_Col,5030,0.01,Elochoman_H,5030,0.00,Abernathy_NFH_F,5008,0.00
Area124 (09) troll 160 297,,Cedar_R_SuFa,5020,0.39,Hamma_Hamma_R,5005,0.22,George_Adams_H,5005,0.17,L_Skagit_R_Fa,5016,0.05,Umpqua_H,5011,0.05
Area124 (09) troll 160 298,,Cowlitz_H_fa,5008,0.29,Spring_Cr_col,5030,0.28,Washougal_R_Fa,5008,0.24,Big_Cr_H_Col,5030,0.15,Elochoman_H,5030,0.02
Area124 (09) troll 160 299,,Cedar_R_SuFa,5020,0.35,S_Prairie_Cr,5020,0.20,George_Adams_H,5005,0.19,NF_Skokomish_F,5005,0.10,Bear_Cr_SuFa,5020,0.06
Area124 (09) troll 160 300,,Clear_Cr_H,5020,0.23,S_Prairie_Cr,5020,0.21,L_Skagit_R_Fa,5016,0.17,George_Adams_H,5005,0.12,NF_Skokomish_F,5005,0.10
Area124 (09) troll 221 301,,Priest_Rapid_H,5026,0.76,Wenatchee_R_SF,5026,0.12,Hanford_Reach,5026,0.07,Umatilla_H_Fa,5026,0.03,Wells_H,5026,0.01
Area124 (09) troll 221 302,,Big_Cr_H_Col,5030,0.55,Spring_Cr_col,5030,0.44,Elochoman_H,5030,0.00,Abernathy_NFH_F,5008,0.00,Washougal_R_Fa,5008,0.00
Area124 (09) troll 221 303,,Harrison,3,0.39,U_Sauk_R_SpSu,5016,0.18,Coos_H,5011,0.09,Sixes_R,5011,0.09,L_Thompson,5,0.06
Area124 (09) troll 221 304,,Cowlitz_H_fa,5008,0.66,Coos_H,5011,0.15,Washougal_R_Fa,5008,0.12,Lewis_R_Su,5008,0.05,Sandy_R,5008,0.02
Area124 (09) troll 221 305,,Spring_Cr_col,5030,0.99,Elochoman_H,5030,0.01,Cowlitz_H_fa,5008,0.00,Washougal_R_Fa,5008,0.00,Big_Cr_H_Col,5030,0.00
Area124 (09) troll 221 306,,Cowlitz_H_fa,5008,0.98,Washougal_R_Fa,5008,0.02,Lewis_R_Su,5008,0.00,Abernathy_Cr_Fa,5008,0.00,,,
Area124 (09) troll 221 307,,Spring_Cr_col,5030,0.79,Cowlitz_H_fa,5008,0.10,Washougal_R_Fa,5008,0.06,Big_Cr_H_Col,5030,0.03,Abernathy_NFH_F,5008,0.02
Area124 (09) troll 221 308,,L_Thompson,5,0.71,South_Thom,5,0.10,Harrison,3,0.10,L_Adams,5,0.04,Little_R,5,0.03
Area124 (09) troll 221 309,,Chilliwack_F,3,0.92,Harrison,3,0.03,Chilliwac@Stav,3,0.03,NanaimoSu_BackX,7,0.01,Washougal_R_Fa,5008,0.00
Area124 (09) troll 221 310,,Chilliwack_F,3,0.47,Harrison,3,0.43,Craig,18,0.02,L_Thompson,5,0.01,Wenatchee_R_SF,5026,0.01
Area124 (09) troll 221 311,,Chilliwack_F,3,0.57,Harrison,3,0.40,Cedar_R_SuFa,5020,0.02,Chilliwac@Stav,3,0.01,S_Prairie_Cr,5020,0.00
Area124 (09) troll 221 312,Dupe with 349,Washougal_R_Fa,5008,0.99,Elochoman_H,5030,0.01,Cowlitz_H_fa,5008,0.00,Lewis_R_Su,5008,0.00,Abernathy_NFH_F,5008,0.00
Area124 (09) troll 221 313,,Priest_Rapid_H,5026,0.80,Hanford_Reach,5026,0.20,Umatilla_H,5026,0.00,Lyons_Ferry_H,5021,0.00,Wenatchee_R_SF,5026,0.00
Area124 (09) troll 221 314,,Clearwater,4,0.52,N_Thom@Main,4,0.12,Coos_H,5011,0.07,L_Cariboo,2,0.06,Taseko,2,0.05
Area124 (09) troll 221 315,,Priest_Rapid_H,5026,0.84,Lyons_Ferry_H,5021,0.15,Hanford_Reach,5026,0.01,Nez_PerceT_H,5021,0.00,,,
Area124 (09) troll 221 316,,Coos_H,5011,0.82,Washougal_R_Fa,5008,0.17,S_Coos_R,5011,0.01,Chilliwac@Stav,3,0.00,,,
Area124 (09) troll 221 317,,Harrison,3,0.89,Chilliwac@Stav,3,0.06,Chilliwack_F,3,0.05,N_Thom@Main,4,0.00,L_Skagit_R_Fa,5016,0.00
Area124 (09) troll 223 318,,Priest_Rapid_H,5026,0.61,Wenatchee_R_SF,5026,0.36,Wells_H,5026,0.02,Hanford_Reach,5026,0.01,Umatilla_H_Fa,5026,0.00
Area124 (09) troll 223 319,,Washougal_R_Fa,5008,0.78,Cowlitz_H_fa,5008,0.22,Elochoman_H,5030,0.00,Abernathy_NFH_F,5008,0.00,Big_Cr_H_Col,5030,0.00
Area124 (09) troll 223 320,,Umatilla_H_Fa,5026,0.59,Wenatchee_R_SF,5026,0.25,Hanford_Reach,5026,0.13,Priest_Rapid_H,5026,0.02,Methow_R,5026,0.01
Area124 (09) troll 223 321,,Cowlitz_H_fa,5008,0.80,Coos_H,5011,0.07,Washougal_R_Fa,5008,0.03,Necanicum_H,5015,0.03,Trask_R,5015,0.01
Area124 (09) troll 223 322,,Cowlitz_H_fa,5008,0.86,Washougal_R_Fa,5008,0.10,Elochoman_H,5030,0.02,Abernathy_Cr_Fa,5008,0.01,Big_Cr_H_Col,5030,0.00
Area124 (09) troll 223 323,,Lyons_Ferry_H,5021,0.96,Priest_Rapid_H,5026,0.03,Nez_PerceT_H,5021,0.01,Hanford_Reach,5026,0.00,Umatilla_H_Fa,5026,0.00
Area124 (09) troll 223 324,,S_Prairie_Cr,5020,0.33,George_Adams_H,5005,0.23,Hamma_Hamma_R,5005,0.21,Samish_H,5016,0.11,Clear_Cr_H,5020,0.08
Area124 (09) troll 223 325,,Priest_Rapid_H,5026,0.70,Wenatchee_R_SF,5026,0.26,Umatilla_H_Fa,5026,0.01,Wells_H,5026,0.01,Hanford_Reach,5026,0.01
Area124 (09) troll 223 326,,Wenatchee_R_SF,5026,0.95,Priest_Rapid_H,5026,0.04,Hanford_Reach,5026,0.01,Umatilla_H_Fa,5026,0.01,Methow_R,5026,0.00
Area124 (09) troll 223 327,Dupe with 326,Washougal_R_Fa,5008,0.60,Cowlitz_H_fa,5008,0.24,NanaimoSu_BackX,7,0.15,Abernathy_Cr_Fa,5008,0.00,Spring_Cr_col,5030,0.00
Area124 (09) troll 223 328,Dupe with 325,Washougal_R_Fa,5008,0.60,Cowlitz_H_fa,5008,0.24,NanaimoSu_BackX,7,0.15,Abernathy_Cr_Fa,5008,0.00,Spring_Cr_col,5030,0.00
Area124 (09) troll 223 329,,S_Prairie_Cr,5020,0.44,George_Adams_H,5005,0.30,Hamma_Hamma_R,5005,0.09,Clear_Cr_H,5020,0.06,Bear_Cr_SuFa,5020,0.05
Area124 (09) troll 223 330,,Harrison,3,0.86,Chilliwack_F,3,0.14,Chilliwac@Stav,3,0.00,Lyons_Ferry_H,5021,0.00,Priest_Rapid_H,5026,0.00
Area124 (09) troll 223 331,,Coos_H,5011,0.84,Wilson_R,5015,0.06,L_Skagit_R_Fa,5016,0.05,Cowlitz_H_fa,5008,0.01,Nestucca_H,5015,0.01
Area124 (09) troll 223 332,,Forks_Cr_H,5028,1.00,Coos_H,5011,0.00,Washougal_R_Fa,5008,0.00,,,,,,
Area124 (09) troll 223 333,,Umatilla_H_Fa,5026,0.62,Priest_Rapid_H,5026,0.21,Hanford_Reach,5026,0.14,L_Thompson,5,0.03,Little_R,5,0.00
Area124 (09) troll 223 334,,Harrison,3,0.95,Chilliwac@Stav,3,0.05,Chilliwack_F,3,0.00,,,,,,
Area124 (09) troll 223 335,Dupe with 334,George_Adams_H,5005,0.50,Hamma_Hamma_R,5005,0.18,Clear_Cr_H,5020,0.16,S_Prairie_Cr,5020,0.06,NF_Skokomish_F,5005,0.04
Area124 (09) troll 223 336,Dupe with 333,George_Adams_H,5005,0.50,Hamma_Hamma_R,5005,0.18,Clear_Cr_H,5020,0.16,S_Prairie_Cr,5020,0.06,NF_Skokomish_F,5005,0.03
Area124 (09) troll 223 337,,L_Thompson,5,0.74,South_Thom,5,0.13,L_Adams,5,0.10,Little_R,5,0.04,Umatilla_H_Fa,5026,0.00
Area124 (09) troll 223 338,,L_Thompson,5,0.93,South_Thom,5,0.07,Little_R,5,0.00,L_Adams,5,0.00,,,
Area124 (09) troll 223 339,,Umatilla_H_Fa,5026,0.59,U_Sauk_R_SpSu,5016,0.06,NanaimoSu_BackX,7,0.05,Harrison,3,0.04,Chilliwack_F,3,0.04
Area124 (09) troll 223 340,,Hanford_Reach,5026,0.57,Umatilla_H_Fa,5026,0.39,Priest_Rapid_H,5026,0.01,Wells_H,5026,0.01,Nez_PerceT_H,5021,0.00
Area124 (09) troll 223 341,,Clear_Cr_H,5020,0.35,S_Prairie_Cr,5020,0.27,Cedar_R_SuFa,5020,0.11,NF_Skokomish_F,5005,0.08,Soos_H,5020,0.06
Area124 (09) troll 223 342,,Umatilla_H_Fa,5026,0.55,Hanford_Reach,5026,0.35,Wenatchee_R_SF,5026,0.05,Lyons_Ferry_H,5021,0.03,Priest_Rapid_H,5026,0.01
Area124 (09) troll 223 343,,Harrison,3,0.99,Chilliwac@Stav,3,0.01,Chilliwack_F,3,0.00,,,,,,
Area124 (09) troll 223 344,,Priest_Rapid_H,5026,0.48,Umatilla_H_Fa,5026,0.26,Hanford_Reach,5026,0.20,Lyons_Ferry_H,5021,0.05,Wells_H,5026,0.01
Area124 (09) troll 223 345,,S_Prairie_Cr,5020,0.52,Clear_Cr_H,5020,0.26,George_Adams_H,5005,0.15,Samish_H,5016,0.03,Bear_Cr_SuFa,5020,0.03
Area124 (09) troll 223 346,,Cowlitz_H_fa,5008,0.86,Washougal_R_Fa,5008,0.08,Lewis_R_Su,5008,0.03,Cowlitz_H_sp,5009,0.01,Abernathy_Cr_Fa,5008,0.01
Area124 (09) troll 223 347,,Cowlitz_H_fa,5008,0.95,Washougal_R_Fa,5008,0.04,George_Adams_H,5005,0.00,Forks_Cr_H,5028,0.00,S_Prairie_Cr,5020,0.00
Area124 (09) troll 223 348,,Washougal_R_Fa,5008,1.00,Cowlitz_H_fa,5008,0.00,Lewis_R_Su,5008,0.00,Elochoman_H,5030,0.00,Abernathy_Cr_Fa,5008,0.00
Area124 (09) troll 223 349,Dupe with 351,Harrison,3,0.99,Chilliwac@Stav,3,0.01,,,,,,,,,
Area124 (09) troll 223 350,,Chilliwack_F,3,0.57,Harrison,3,0.42,Chilliwac@Stav,3,0.00,L_Skagit_R_Fa,5016,0.00,NanaimoSu_BackX,7,0.00
Area124 (09) troll 223 351,Dupe with 310,Washougal_R_Fa,5008,0.99,Elochoman_H,5030,0.01,Cowlitz_H_fa,5008,0.00,Lewis_R_Su,5008,0.00,Elochoman_R_Fa,5008,0.00
Area124 (09) troll 223 352,,Harrison,3,0.85,Chilliwack_F,3,0.13,Chilliwac@Stav,3,0.02,,,,,,
Area124 (09) troll 223 353,Dupe with 347,Harrison,3,0.99,Chilliwac@Stav,3,0.01,,,,,,,,,
,,,,,,,,,,,,,,,,
Sample: 18, Area125,2009, troll, Aug08-Aug09,,,,,,,,,,,,
Area125 (09) troll 220 1,,Cowlitz_H_fa,5008,0.80,Abernathy_NFH_F,5008,0.09,Lewis_R_f,5008,0.07,Washougal_R_Fa,5008,0.03,Spring_Cr_col,5030,0.01
Area125 (09) troll 221 2,,Methow_R,5026,0.54,Wells_H,5026,0.34,Wenatchee_R_SF,5026,0.09,Umatilla_H,5026,0.03,L_Deschutes_R,5004,0.00
,,,,,,,,,,,,,,,,
Sample: 19, Area126,2009, troll, Jan16-Aug08,,,,,,,,,,,,
Area126 (09) troll 114 601,,Harrison,3,0.96,S_Umpqua_H,5011,0.04,Umatilla_H_Fa,5026,0.00,Chilliwack_F,3,0.00,S_Coos_R,5011,0.00
Area126 (09) troll 114 602,,Lewis_R_Su,5008,0.64,Cowlitz_H_fa,5008,0.30,Washougal_R_Fa,5008,0.05,Big_Cr_H_Col,5030,0.00,Sandy_R,5008,0.00
Area126 (09) troll 114 603,,Harrison,3,0.97,Chilliwack_F,3,0.01,Snoqualmie_R,5016,0.00,Umpqua_H,5011,0.00,Otsi_Cr,19,0.00
Area126 (09) troll 114 604,,Wells_H,5026,0.65,Priest_Rapid_H,5026,0.31,Umatilla_H_Fa,5026,0.02,L_Thompson,5,0.01,Nez_PerceT_H,5021,0.00
Area126 (09) troll 114 605,,Skagit_R,5016,0.73,Harrison,3,0.19,Chilliwack_F,3,0.05,L_Skagit_R_Fa,5016,0.02,Snoqualmie_R,5016,0.01
Area126 (09) troll 114 606,,Wells_H,5026,0.64,Priest_Rapid_H,5026,0.18,Umatilla_H_Fa,5026,0.17,Hanford_Reach,5026,0.01,Wenatchee_R_SF,5026,0.00
Area126 (09) troll 114 607,,S_Coos_R,5011,0.95,Coos_H,5011,0.03,Millicoma_R,5011,0.02,Coquille_R,5011,0.00,Harrison,3,0.00
Area126 (09) troll 114 608,,Owegee,11,0.76,Kwinageese,11,0.11,Damdochax,11,0.06,Kitwanga,22,0.02,Cranberry,11,0.01
Area126 (09) troll 114 609,,Grovers_Cr_H,5020,0.99,George_Adams_H,5005,0.01,NF_Skokomish_F,5005,0.00,Hamma_Hamma_R,5005,0.00,Skagit_R,5016,0.00
Area126 (09) troll 114 610,,Priest_Rapid_H,5026,0.59,Methow_R,5026,0.19,Wenatchee_R_SF,5026,0.13,Hanford_Reach,5026,0.05,Wells_H,5026,0.03
Area126 (09) troll 114 611,,Washougal_R_Fa,5008,0.77,Elochoman_H,5030,0.13,Green_R_Fa,5008,0.03,Elochoman_R_Fa,5008,0.03,Lewis_R_Su,5008,0.02
Area126 (09) troll 114 612,,Wells_H,5026,0.81,Wenatchee_R_SF,5026,0.19,Hanford_Reach,5026,0.00,Umatilla_H_Fa,5026,0.00,Methow_R,5026,0.00
Area126 (09) troll 114 613,,Wenatchee_R_SF,5026,0.66,Methow_R,5026,0.13,Wells_H,5026,0.11,Priest_Rapid_H,5026,0.06,Umatilla_H_Fa,5026,0.02
Area126 (09) troll 115 614,,Wells_H,5026,0.33,Umatilla_H_Fa,5026,0.28,Priest_Rapid_H,5026,0.28,Wenatchee_R_SF,5026,0.06,Hanford_Reach,5026,0.03
Area126 (09) troll 115 615,,Spring_Cr_col,5030,0.95,Abernathy_Cr_Fa,5008,0.02,Umatilla_H,5026,0.01,Abernathy_NFH_F,5008,0.01,Hanford_Reach,5026,0.00
Area126 (09) troll 115 616,,Trask_R,5015,1.00,Sixes_R,5011,0.00,Alsea_R,5015,0.00,S_Umpqua_H,5011,0.00,Skagit_R,5016,0.00
Area126 (09) troll 115 617,,Bowron,1,0.58,U_Cariboo,2,0.23,Slim_C,1,0.08,Nechako,2,0.04,Chilko,2,0.03
Area126 (09) troll 115 618,,Nez_PerceT_H,5021,0.32,Hanford_Reach,5026,0.32,Umatilla_H_Fa,5026,0.11,Priest_Rapid_H,5026,0.11,Priest_Rapids_H,5026,0.03
Area126 (09) troll 115 619,,Harrison,3,0.77,Chilliwack_F,3,0.23,South_Thom,5,0.00,L_Thompson,5,0.00,L_Skagit_R_Fa,5016,0.00
Area126 (09) troll 115 620,,Harrison,3,0.66,Chilliwack_F,3,0.05,Skagit_R,5016,0.04,Wells_H,5026,0.04,Wenatchee_R_SF,5026,0.04
Area126 (09) troll 115 621,,Kitwanga,22,0.85,Otsi_Cr,19,0.10,Sweetin,22,0.02,Kitsumkalum_R,23,0.01,Harrison,3,0.01
Area126 (09) troll 115 622,,Harrison,3,0.98,Nazko,2,0.01,Chilliwack_F,3,0.01,Snoqualmie_R,5016,0.00,Stuart,2,0.00
Area126 (09) troll 115 623,,Umpqua_H,5011,0.98,Umatilla_H_Fa,5026,0.01,Hanford_Reach,5026,0.00,S_Umpqua_H,5011,0.00,L_Deschutes_R,5004,0.00
Area126 (09) troll 115 624,,Cedar_R_SuFa,5020,0.20,S_Prairie_Cr,5020,0.20,Clear_Cr_H,5020,0.17,Bear_Cr_SuFa,5020,0.14,Snoqualmie_R,5016,0.09
Area126 (09) troll 115 625,,George_Adams_H,5005,0.45,Cedar_R_SuFa,5020,0.27,S_Prairie_Cr,5020,0.15,Clear_Cr_H,5020,0.05,NF_Skokomish_F,5005,0.03
Area126 (09) troll 115 626,,Priest_Rapid_H,5026,0.35,Skagit_R,5016,0.16,L_Skagit_R_Fa,5016,0.14,Green_R_Fa,5008,0.13,U_Sauk_R_SpSu,5016,0.07
Area126 (09) troll 115 627,,NF_Skokomish_F,5005,0.49,Cedar_R_SuFa,5020,0.20,Clear_Cr_H,5020,0.16,George_Adams_H,5005,0.05,Snoqualmie_R,5016,0.02
Area126 (09) troll 115 628,,Spring_Cr_col,5030,0.59,Abernathy_NFH_F,5008,0.23,Elochoman_H,5030,0.09,Big_Cr_H_Col,5030,0.08,Abernathy_Cr_Fa,5008,0.01
Area126 (09) troll 115 629,,Wenatchee_R_SF,5026,0.65,Wells_H,5026,0.27,Hanford_Reach,5026,0.02,Umpqua_H,5011,0.02,Umatilla_H_Fa,5026,0.02
Area126 (09) troll 115 630,,Priest_Rapid_H,5026,0.92,Hanford_Reach,5026,0.05,Wells_H,5026,0.01,Umatilla_H_Fa,5026,0.01,Nez_PerceT_H,5021,0.01
Area126 (09) troll 115 631,,Harrison,3,0.96,Chilliwack_F,3,0.03,L_Skagit_R_Fa,5016,0.01,Raft_R,4,0.00,L_Thompson,5,0.00
Area126 (09) troll 115 632,,Umatilla_H_Fa,5026,0.77,Hanford_Reach,5026,0.14,Priest_Rapid_H,5026,0.05,Umatilla_H,5026,0.03,Nez_PerceT_H,5021,0.01
Area126 (09) troll 115 633,,Priest_Rapid_H,5026,0.81,Hanford_Reach,5026,0.08,Wells_H,5026,0.07,Nez_PerceT_H,5021,0.02,Priest_Rapids_H,5026,0.00
Area126 (09) troll 115 634,,Harrison,3,0.91,Skagit_R,5016,0.07,U_Sauk_R_SpSu,5016,0.01,Chilliwack_F,3,0.01,Spring_Cr_col,5030,0.00
Area126 (09) troll 115 635,,Cedar_R_SuFa,5020,0.46,L_Skagit_R_Fa,5016,0.18,Snoqualmie_R,5016,0.11,Samish_H,5016,0.09,Clear_Cr_H,5020,0.03
Area126 (09) troll 115 636,,Queets_R,5028,0.76,Hoh_R,5028,0.24,S_Coos_R,5011,0.01,Washougal_R_Fa,5008,0.00,Forks_Cr_H,5028,0.00
Area126 (09) troll 115 637,,Bowron,1,0.35,Nazko,2,0.26,Slim_C,1,0.09,Stuart,2,0.09,Chilako,2,0.07
Area126 (09) troll 115 638,,Cowlitz_H_fa,5008,0.40,Lewis_R_Su,5008,0.33,Washougal_R_Fa,5008,0.13,Sandy_R,5008,0.04,Elochoman_R_Fa,5008,0.03
Area126 (09) troll 115 639,,Hanford_Reach,5026,0.48,L_Deschutes_R,5004,0.34,Umatilla_H_Fa,5026,0.08,Priest_Rapid_H,5026,0.07,Wenatchee_R_SF,5026,0.02
Area126 (09) troll 115 640,,Spring_Cr_col,5030,0.71,Big_Cr_H_Col,5030,0.27,Elochoman_H,5030,0.02,Abernathy_Cr_Fa,5008,0.00,Abernathy_NFH_F,5008,0.00
Area126 (09) troll 115 641,,Forks_Cr_H,5028,0.95,Trask_R,5015,0.04,Lewis_R_Su,5008,0.01,S_Coos_R,5011,0.00,Cowlitz_H_fa,5008,0.00
Area126 (09) troll 115 642,,Wenatchee_R_SF,5026,0.72,Hanford_Reach,5026,0.11,Umatilla_H_Fa,5026,0.07,Methow_R,5026,0.05,Priest_Rapid_H,5026,0.03
Area126 (09) troll 115 643,,Lewis_R_Su,5008,0.93,Coos_H,5011,0.05,Cowlitz_H_fa,5008,0.01,Washougal_R_Fa,5008,0.01,Abernathy_Cr_Fa,5008,0.00
Area126 (09) troll 115 644,,Hanford_Reach,5026,0.44,Priest_Rapid_H,5026,0.28,Umatilla_H_Fa,5026,0.15,Methow_R,5026,0.03,Nez_PerceT_H,5021,0.03
Area126 (09) troll 115 645,,Morice_R,21,1.00,,,,,,,,,,,,
Area126 (09) troll 115 646,,Chilliwack_F,3,0.89,Harrison,3,0.11,,,,,,,,,
Area126 (09) troll 115 647,,Chilliwack_F,3,0.73,Harrison,3,0.10,Skagit_R,5016,0.04,L_Skagit_R_Fa,5016,0.04,Snoqualmie_R,5016,0.02
Area126 (09) troll 115 648,,Wells_H,5026,0.71,Priest_Rapid_H,5026,0.13,Priest_Rapids_H,5026,0.11,Wenatchee_R_SF,5026,0.02,L_Thompson,5,0.01
Area126 (09) troll 115 649,,L_Thompson,5,0.52,Skagit_R,5016,0.22,Harrison,3,0.09,Wenatchee_R_SF,5026,0.04,Elochoman_H,5030,0.03
Area126 (09) troll 115 650,,Hanford_Reach,5026,0.78,Priest_Rapid_H,5026,0.14,Umatilla_H_Fa,5026,0.03,Methow_R,5026,0.02,Wenatchee_R_SF,5026,0.02
Area126 (09) troll 115 651,,Wells_H,5026,0.76,Wenatchee_R_SF,5026,0.13,Hanford_Reach,5026,0.05,Priest_Rapid_H,5026,0.03,L_Deschutes_R,5004,0.01
Area126 (09) troll 115 652,,Kitwanga,22,0.68,Otsi_Cr,19,0.18,Teigen,11,0.03,Kitsumkalum_R,23,0.03,Sweetin,22,0.03
Area126 (09) troll 115 653,,Abernathy_NFH_F,5008,0.52,Cowlitz_H_fa,5008,0.32,Lewis_R_Su,5008,0.13,Elochoman_H,5030,0.01,Green_R_Fa,5008,0.01
Area126 (09) troll 115 654,,Forks_Cr_H,5028,0.25,Trask_R,5015,0.20,Skagit_R,5016,0.11,Morice_R,21,0.10,Kitwanga,22,0.09
Area126 (09) troll 115 655,,Wenatchee_R_SF,5026,0.37,Priest_Rapid_H,5026,0.32,Hanford_Reach,5026,0.23,Wells_H,5026,0.03,Umatilla_H_Fa,5026,0.03
Area126 (09) troll 115 656,,Wells_H,5026,0.89,Priest_Rapid_H,5026,0.05,Hanford_Reach,5026,0.05,Umatilla_H_Fa,5026,0.01,Wenatchee_R_SF,5026,0.00
Area126 (09) troll 115 657,,Cowlitz_H_fa,5008,0.36,Spring_Cr_col,5030,0.20,Abernathy_Cr_Fa,5008,0.12,Green_R_Fa,5008,0.09,Washougal_R_Fa,5008,0.07
Area126 (09) troll 115 658,,Harrison,3,0.91,Chilliwack_F,3,0.09,Skagit_R,5016,0.00,,,,,,
Area126 (09) troll 115 659,,Washougal_R_Fa,5008,0.62,Spring_Cr_col,5030,0.23,Cowlitz_H_fa,5008,0.06,Abernathy_NFH_F,5008,0.03,Elochoman_H,5030,0.03
Area126 (09) troll 115 660,,Priest_Rapid_H,5026,0.92,Wells_H,5026,0.07,Hanford_Reach,5026,0.01,Umatilla_H_Fa,5026,0.00,Umatilla_H,5026,0.00
Area126 (09) troll 115 661,,Harrison,3,0.99,L_Skagit_R_Fa,5016,0.00,S_Prairie_Cr,5020,0.00,Puntledge_F,7,0.00,Otsi_Cr,19,0.00
Area126 (09) troll 115 662,,Priest_Rapid_H,5026,0.69,Hanford_Reach,5026,0.14,Wenatchee_R_SF,5026,0.05,Nez_PerceT_H,5021,0.03,Priest_Rapids_H,5026,0.03
Area126 (09) troll 115 663,,N_Santiam_H,5029,0.51,Spring_Cr_col,5030,0.15,Lewis_R_Su,5008,0.11,Cowlitz_H_fa,5008,0.07,Big_Cr_H_Col,5030,0.06
Area126 (09) troll 115 664,,Harrison,3,0.99,Chilliwack_F,3,0.01,,,,,,,,,
Area126 (09) troll 115 665,,L_Skagit_R_Fa,5016,0.34,Harrison,3,0.17,L_Thompson,5,0.14,Chilliwack_F,3,0.10,South_Thom,5,0.08
Area126 (09) troll 115 666,,Harrison,3,0.59,Chilliwack_F,3,0.40,Kitsumkalum_R,23,0.01,Owegee,11,0.00,L_Thompson,5,0.00
Area126 (09) troll 115 667,,Harrison,3,0.67,South_Thom,5,0.24,L_Thompson,5,0.02,Methow_R,5026,0.02,Wells_H,5026,0.02
Area126 (09) troll 115 668,,Washougal_R_Fa,5008,0.99,Lewis_R_Su,5008,0.00,Abernathy_NFH_F,5008,0.00,Elochoman_H,5030,0.00,Big_Cr_H_Col,5030,0.00
Area126 (09) troll 115 669,,Hanford_Reach,5026,0.67,Priest_Rapid_H,5026,0.24,Umatilla_H_Fa,5026,0.06,Methow_R,5026,0.02,Wells_H,5026,0.01
Area126 (09) troll 115 670,,Kildala,10,0.73,Otsi_Cr,19,0.09,Forks_Cr_H,5028,0.04,Kitimat,10,0.04,Kateen,10,0.01
Area126 (09) troll 115 671,,Wells_H,5026,0.45,Hanford_Reach,5026,0.17,Wenatchee_R_SF,5026,0.15,Priest_Rapid_H,5026,0.07,Umatilla_H_Fa,5026,0.07
Area126 (09) troll 115 672,,Washougal_R_Fa,5008,0.91,Lewis_R_Su,5008,0.04,Elochoman_H,5030,0.02,Green_R_Fa,5008,0.01,Cowlitz_H_fa,5008,0.01
Area126 (09) troll 115 673,,Wenatchee_R_SF,5026,0.50,Wells_H,5026,0.21,Priest_Rapid_H,5026,0.20,Methow_R,5026,0.04,Hanford_Reach,5026,0.04
Area126 (09) troll 115 674,,Washougal_R_Fa,5008,0.33,Cowlitz_H_fa,5008,0.28,Lewis_R_Su,5008,0.27,Green_R_Fa,5008,0.09,Abernathy_Cr_Fa,5008,0.01
Area126 (09) troll 115 675,,Wenatchee_R_SF,5026,0.67,Wells_H,5026,0.09,Hanford_Reach,5026,0.08,Methow_R,5026,0.06,Umatilla_H_Fa,5026,0.06
Area126 (09) troll 115 676,,Wells_H,5026,0.40,Priest_Rapid_H,5026,0.33,Hanford_Reach,5026,0.13,Nez_PerceT_H,5021,0.07,Priest_Rapids_H,5026,0.03
Area126 (09) troll 115 677,,Wells_H,5026,0.48,Priest_Rapid_H,5026,0.41,Methow_R,5026,0.04,Umatilla_H_Fa,5026,0.02,Hanford_Reach,5026,0.01
Area126 (09) troll 115 678,,Samish_H,5016,0.36,Puntledge_F,7,0.18,George_Adams_H,5005,0.15,Cedar_R_SuFa,5020,0.07,NF_Skokomish_F,5005,0.05
Area126 (09) troll 115 679,,Hanford_Reach,5026,0.74,Umatilla_H_Fa,5026,0.16,Nez_PerceT_H,5021,0.07,Wells_H,5026,0.01,Priest_Rapid_H,5026,0.01
Area126 (09) troll 115 680,,Green_R_Fa,5008,0.72,Cowlitz_H_fa,5008,0.17,Coos_H,5011,0.05,Washougal_R_Fa,5008,0.03,Abernathy_Cr_Fa,5008,0.01
Area126 (09) troll 115 681,,Spring_Cr_col,5030,0.96,Big_Cr_H_Col,5030,0.03,Abernathy_NFH_F,5008,0.01,Elochoman_H,5030,0.01,Lewis_R_Su,5008,0.00
Area126 (09) troll 116 682,,Spring_Cr_col,5030,0.90,Abernathy_NFH_F,5008,0.08,Green_R_Fa,5008,0.01,Cowlitz_H_fa,5008,0.00,Abernathy_Cr_Fa,5008,0.00
Area126 (09) troll 116 683,,Priest_Rapid_H,5026,0.46,Wells_H,5026,0.26,Umatilla_H_Fa,5026,0.13,Hanford_Reach,5026,0.11,Priest_Rapids_H,5026,0.02
Area126 (09) troll 116 684,,N_Santiam_H,5029,0.73,McKenzie_H,5029,0.24,Cowlitz_H_fa,5008,0.01,Priest_Rapid_H,5026,0.01,Green_R_Fa,5008,0.00
Area126 (09) troll 116 685,,Snoqualmie_R,5016,0.29,Grovers_Cr_H,5020,0.24,Cedar_R_SuFa,5020,0.18,Bear_Cr_SuFa,5020,0.11,Soos_H,5020,0.05
Area126 (09) troll 116 686,,George_Adams_H,5005,0.49,Snoqualmie_R,5016,0.14,Clear_Cr_H,5020,0.12,Cedar_R_SuFa,5020,0.09,NF_Skokomish_F,5005,0.06
Area126 (09) troll 116 687,,Wells_H,5026,0.85,Wenatchee_R_SF,5026,0.08,Nez_PerceT_H,5021,0.02,Priest_Rapid_H,5026,0.02,L_Deschutes_R,5004,0.01
Area126 (09) troll 116 688,,Priest_Rapid_H,5026,0.65,Wells_H,5026,0.25,Hanford_Reach,5026,0.05,Nez_PerceT_H,5021,0.01,Wenatchee_R_SF,5026,0.01
Area126 (09) troll 116 689,,Chilliwack_F,3,1.00,L_Skagit_R_Fa,5016,0.00,Harrison,3,0.00,Wells_H,5026,0.00,Capilano,9,0.00
Area126 (09) troll 116 690,,S_Coos_R,5011,0.95,Umatilla_H_Fa,5026,0.02,Kitwanga,22,0.01,Hanford_Reach,5026,0.01,Umpqua_H,5011,0.00
Area126 (09) troll 116 691,,Lewis_R_Su,5008,0.41,Sandy_R,5008,0.20,Nez_PerceT_H,5021,0.13,Hanford_Reach,5026,0.12,Skagit_R,5016,0.08
Area126 (09) troll 116 692,,Trask_R,5015,0.60,Coos_H,5011,0.37,Alsea_R,5015,0.02,Nestucca_H,5015,0.00,Yaquina_R,5015,0.00
Area126 (09) troll 116 693,,Clear_Cr_H,5020,0.56,L_Skagit_R_Fa,5016,0.35,Snoqualmie_R,5016,0.02,Forks_Cr_H,5028,0.02,Queets_R,5028,0.01
Area126 (09) troll 116 694,,Harrison,3,0.86,Chilliwack_F,3,0.09,L_Skagit_R_Fa,5016,0.01,Gold_R,8,0.01,Snoqualmie_R,5016,0.01
Area126 (09) troll 116 695,,Harrison,3,1.00,,,,,,,,,,,,
Area126 (09) troll 116 696,,Abernathy_NFH_F,5008,0.30,Big_Cr_H_Col,5030,0.24,Lewis_R_Su,5008,0.21,Cowlitz_H_fa,5008,0.07,Spring_Cr_col,5030,0.05
Area126 (09) troll 116 697,,Priest_Rapid_H,5026,0.61,Hanford_Reach,5026,0.28,L_Deschutes_R,5004,0.05,Nez_PerceT_H,5021,0.04,Umatilla_H_Fa,5026,0.01
Area126 (09) troll 116 698,,Wenatchee_R_SF,5026,0.62,Wells_H,5026,0.32,Umatilla_H_Fa,5026,0.04,Priest_Rapid_H,5026,0.02,Little_R,5,0.01
Area126 (09) troll 116 699,,Hanford_Reach,5026,1.00,Marion_Drain_Fa,5026,0.00,Priest_Rapid_H,5026,0.00,Snoqualmie_R,5016,0.00,Wells_H,5026,0.00
Area126 (09) troll 116 700,,Kildala,10,0.76,Kitimat,10,0.14,Takia,10,0.03,Kateen,10,0.02,Coos_H,5011,0.01
Area126 (09) troll 116 701,,Chilliwack_F,3,0.83,Harrison,3,0.16,Snoqualmie_R,5016,0.00,L_Skagit_R_Fa,5016,0.00,Elochoman_R_Fa,5008,0.00
Area126 (09) troll 116 702,,L_Thompson,5,0.88,South_Thom,5,0.05,Washougal_R_Fa,5008,0.03,Wenatchee_R_SF,5026,0.03,Umatilla_H_Fa,5026,0.00
Area126 (09) troll 116 703,,S_Prairie_Cr,5020,0.34,Clear_Cr_H,5020,0.20,Cedar_R_SuFa,5020,0.14,Grovers_Cr_H,5020,0.09,Snoqualmie_R,5016,0.06
Area126 (09) troll 116 704,,Wenatchee_R_SF,5026,0.82,Wells_H,5026,0.13,Priest_Rapid_H,5026,0.02,Methow_R,5026,0.01,Umatilla_H_Fa,5026,0.01
Area126 (09) troll 116 705,,Clear_Cr_H,5020,0.48,Samish_H,5016,0.20,S_Prairie_Cr,5020,0.15,Soos_H,5020,0.08,Bear_Cr_SuFa,5020,0.03
Area126 (09) troll 116 706,,Umatilla_H_Fa,5026,0.39,Hanford_Reach,5026,0.22,Wenatchee_R_SF,5026,0.18,Methow_R,5026,0.10,Priest_Rapid_H,5026,0.07
Area126 (09) troll 116 707,,Wells_H,5026,0.57,Wenatchee_R_SF,5026,0.24,Hanford_Reach,5026,0.12,Priest_Rapids_H,5026,0.04,Priest_Rapid_H,5026,0.03
Area126 (09) troll 116 708,,Wenatchee_R_SF,5026,0.72,Wells_H,5026,0.14,Hanford_Reach,5026,0.06,Umatilla_H_Fa,5026,0.05,Methow_R,5026,0.02
Area126 (09) troll 116 709,,Cowlitz_H_fa,5008,0.43,Lewis_R_Su,5008,0.33,Hanford_Reach,5026,0.20,Priest_Rapid_H,5026,0.01,Wells_H,5026,0.01
Area126 (09) troll 116 710,,George_Adams_H,5005,0.61,Clear_Cr_H,5020,0.21,Cedar_R_SuFa,5020,0.07,Samish_H,5016,0.04,S_Prairie_Cr,5020,0.01
Area126 (09) troll 116 711,,Spring_Cr_col,5030,0.55,Big_Cr_H_Col,5030,0.40,Abernathy_NFH_F,5008,0.04,Elochoman_H,5030,0.01,Washougal_R_Fa,5008,0.00
Area126 (09) troll 116 712,,Spring_Cr_col,5030,0.85,Big_Cr_H_Col,5030,0.14,Abernathy_NFH_F,5008,0.00,Elochoman_H,5030,0.00,,,
Area126 (09) troll 116 713,,Washougal_R_Fa,5008,0.68,Big_Cr_H_Col,5030,0.17,Abernathy_Cr_Fa,5008,0.10,Spring_Cr_col,5030,0.03,Elochoman_H,5030,0.01
Area126 (09) troll 116 714,,S_Umpqua_H,5011,0.93,Sixes_R,5011,0.07,Coos_H,5011,0.00,Trask_R,5015,0.00,,,
Area126 (09) troll 116 715,,Washougal_R_Fa,5008,0.88,Cowlitz_H_fa,5008,0.05,Elochoman_H,5030,0.02,Lewis_R_Su,5008,0.02,Abernathy_NFH_F,5008,0.01
Area126 (09) troll 116 716,,Washougal_R_Fa,5008,0.59,Spring_Cr_col,5030,0.31,Cowlitz_H_fa,5008,0.07,Big_Cr_H_Col,5030,0.02,Green_R_Fa,5008,0.01
Area126 (09) troll 116 717,,Washougal_R_Fa,5008,0.99,Lewis_R_Su,5008,0.01,Green_R_Fa,5008,0.00,Elochoman_R_Fa,5008,0.00,Cowlitz_H_fa,5008,0.00
Area126 (09) troll 116 718,,Big_Cr_H_Col,5030,0.80,Spring_Cr_col,5030,0.10,Elochoman_H,5030,0.06,Abernathy_Cr_Fa,5008,0.02,Abernathy_NFH_F,5008,0.02
Area126 (09) troll 116 719,,Elochoman_H,5030,0.35,Spring_Cr_col,5030,0.20,Abernathy_NFH_F,5008,0.14,Washougal_R_Fa,5008,0.10,Abernathy_Cr_Fa,5008,0.08
Area126 (09) troll 116 720,,Wenatchee_R_SF,5026,0.38,Hanford_Reach,5026,0.18,Priest_Rapid_H,5026,0.17,Methow_R,5026,0.12,Nez_PerceT_H,5021,0.07
Area126 (09) troll 116 721,,Washougal_R_Fa,5008,0.75,Abernathy_Cr_Fa,5008,0.19,Elochoman_H,5030,0.03,Lewis_R_Su,5008,0.02,S_Coos_R,5011,0.01
Area126 (09) troll 116 722,,Chilliwack_F,3,0.43,Priest_Rapid_H,5026,0.13,Snoqualmie_R,5016,0.12,L_Skagit_R_Fa,5016,0.10,Hanford_Reach,5026,0.05
Area126 (09) troll 116 723,,Priest_Rapid_H,5026,0.62,Umatilla_H_Fa,5026,0.27,Hanford_Reach,5026,0.05,Wells_H,5026,0.03,Nez_PerceT_H,5021,0.02
Area126 (09) troll 116 724,,Puntledge_F,7,0.99,Big_Qualicum,7,0.01,Cowichan,7,0.00,L_Qualicum,7,0.00,,,
Area126 (09) troll 116 725,,Green_R_Fa,5008,0.34,Washougal_R_Fa,5008,0.28,Spring_Cr_col,5030,0.19,Abernathy_Cr_Fa,5008,0.06,Abernathy_NFH_F,5008,0.06
Area126 (09) troll 116 726,,Hanford_Reach,5026,0.45,Wells_H,5026,0.21,Umatilla_H_Fa,5026,0.11,Nez_PerceT_H,5021,0.10,Priest_Rapid_H,5026,0.07
Area126 (09) troll 116 727,,Robertson,8,0.85,Gold_R,8,0.08,Thornton,8,0.07,Kildala,10,0.00,Kaouk_R,8,0.00
Area126 (09) troll 116 728,,Wenatchee_R_SF,5026,0.89,Wells_H,5026,0.04,L_Deschutes_R,5004,0.03,Priest_Rapid_H,5026,0.01,Umatilla_H_Fa,5026,0.01
Area126 (09) troll 116 729,,Puntledge_F,7,0.86,L_Skagit_R_Fa,5016,0.05,Snoqualmie_R,5016,0.03,U_Sauk_R_SpSu,5016,0.02,Skagit_R,5016,0.01
Area126 (09) troll 116 730,,Umatilla_H_Fa,5026,0.42,Wells_H,5026,0.20,Wenatchee_R_SF,5026,0.16,Hanford_Reach,5026,0.12,Priest_Rapid_H,5026,0.06
Area126 (09) troll 116 731,,Harrison,3,0.48,L_Thompson,5,0.26,Kitwanga,22,0.21,Chilliwack_F,3,0.01,Snoqualmie_R,5016,0.00
Area126 (09) troll 116 732,,Wenatchee_R_SF,5026,0.66,Priest_Rapid_H,5026,0.10,Hanford_Reach,5026,0.10,Umatilla_H_Fa,5026,0.07,Wells_H,5026,0.05
Area126 (09) troll 116 733,,Cowlitz_H_fa,5008,0.76,Abernathy_Cr_Fa,5008,0.19,Washougal_R_Fa,5008,0.02,Green_R_Fa,5008,0.01,Lewis_R_Su,5008,0.00
Area126 (09) troll 116 734,,Harrison,3,0.82,Chilliwack_F,3,0.16,Kitwanga,22,0.01,L_Thompson,5,0.00,Skagit_R,5016,0.00
Area126 (09) troll 116 735,,Priest_Rapid_H,5026,0.72,Wenatchee_R_SF,5026,0.15,Hanford_Reach,5026,0.12,L_Wh_Sal_H_SF,5026,0.00,Nez_PerceT_H,5021,0.00
Area126 (09) troll 116 736,,Harrison,3,0.44,Hanford_Reach,5026,0.11,Puntledge_F,7,0.08,Skagit_R,5016,0.07,Priest_Rapid_H,5026,0.06
Area126 (09) troll 116 737,,South_Thom,5,0.92,L_Thompson,5,0.05,Little_R,5,0.03,Wenatchee_R_SF,5026,0.00,Hanford_Reach,5026,0.00
Area126 (09) troll 116 738,,Priest_Rapid_H,5026,0.52,Wenatchee_R_SF,5026,0.23,Wells_H,5026,0.13,Hanford_Reach,5026,0.09,Umatilla_H_Fa,5026,0.01
Area126 (09) troll 116 739,,Chilliwack_F,3,1.00,Harrison,3,0.00,,,,,,,,,
Area126 (09) troll 116 740,,Hanford_Reach,5026,0.58,Wells_H,5026,0.17,Methow_R,5026,0.11,Priest_Rapid_H,5026,0.06,Wenatchee_R_SF,5026,0.05
Area126 (09) troll 116 741,,Priest_Rapid_H,5026,0.74,Methow_R,5026,0.06,Umatilla_H_Fa,5026,0.06,Wenatchee_R_SF,5026,0.05,Hanford_Reach,5026,0.04
Area126 (09) troll 116 742,,Chilliwack_F,3,0.93,Harrison,3,0.07,,,,,,,,,
Area126 (09) troll 116 743,,Hanford_Reach,5026,0.48,Wells_H,5026,0.20,Priest_Rapid_H,5026,0.13,Umatilla_H_Fa,5026,0.08,Nez_PerceT_H,5021,0.06
Area126 (09) troll 116 744,,Chilliwack_F,3,0.98,Harrison,3,0.02,,,,,,,,,
Area126 (09) troll 116 745,,Hanford_Reach,5026,0.81,Nez_PerceT_H,5021,0.11,Umatilla_H_Fa,5026,0.04,Wenatchee_R_SF,5026,0.02,L_Wh_Sal_H_SF,5026,0.01
Area126 (09) troll 116 746,,Wenatchee_R_SF,5026,0.97,Wells_H,5026,0.01,Methow_R,5026,0.01,Nez_PerceT_H,5021,0.00,Priest_Rapids_H,5026,0.00
Area126 (09) troll 116 747,,George_Adams_H,5005,0.61,Cedar_R_SuFa,5020,0.18,Clear_Cr_H,5020,0.10,S_Prairie_Cr,5020,0.06,Bear_Cr_SuFa,5020,0.01
Area126 (09) troll 116 748,,Cedar_R_SuFa,5020,0.43,Grovers_Cr_H,5020,0.18,NF_Skokomish_F,5005,0.15,S_Prairie_Cr,5020,0.11,Snoqualmie_R,5016,0.05
Area126 (09) troll 116 749,,Hanford_Reach,5026,0.65,Samish_H,5016,0.27,Soos_H,5020,0.03,Bear_Cr_SuFa,5020,0.02,Umatilla_H_Fa,5026,0.01
Area126 (09) troll 116 750,,S_Prairie_Cr,5020,0.26,NF_Skokomish_F,5005,0.26,Wenatchee_R_SF,5026,0.20,Grovers_Cr_H,5020,0.11,Wells_H,5026,0.04
Area126 (09) troll 116 751,,Wells_H,5026,0.54,L_Deschutes_R,5004,0.18,U_Sauk_R_SpSu,5016,0.06,Priest_Rapid_H,5026,0.04,Methow_R,5026,0.04
Area126 (09) troll 116 752,,Wells_H,5026,0.49,L_Deschutes_R,5004,0.30,Priest_Rapids_H,5026,0.06,Hanford_Reach,5026,0.06,Wenatchee_R_SF,5026,0.04
Area126 (09) troll 116 753,,Priest_Rapid_H,5026,0.66,Umatilla_H_Fa,5026,0.24,Wenatchee_R_SF,5026,0.04,Hanford_Reach,5026,0.02,Priest_Rapids_H,5026,0.02
Area126 (09) troll 116 754,,Spring_Cr_col,5030,0.96,Abernathy_NFH_F,5008,0.02,Big_Cr_H_Col,5030,0.01,Elochoman_H,5030,0.01,Abernathy_Cr_Fa,5008,0.00
Area126 (09) troll 116 755,,Spring_Cr_col,5030,0.31,Abernathy_NFH_F,5008,0.18,Washougal_R_Fa,5008,0.17,Cowlitz_H_fa,5008,0.10,Big_Cr_H_Col,5030,0.08
Area126 (09) troll 116 756,,NF_Nooksack_H,5016,1.00,,,,,,,,,,,,
Area126 (09) troll 116 757,,Hanford_Reach,5026,0.32,Wells_H,5026,0.31,Wenatchee_R_SF,5026,0.21,Priest_Rapid_H,5026,0.14,Priest_Rapids_H,5026,0.01
Area126 (09) troll 116 758,,Grovers_Cr_H,5020,0.77,George_Adams_H,5005,0.10,S_Prairie_Cr,5020,0.04,Clear_Cr_H,5020,0.03,Cedar_R_SuFa,5020,0.02
Area126 (09) troll 116 759,,Wenatchee_R_SF,5026,0.57,Wells_H,5026,0.24,Methow_R,5026,0.07,Hanford_Reach,5026,0.05,Priest_Rapid_H,5026,0.05
Area126 (09) troll 116 760,,Wenatchee_R_SF,5026,0.88,Wells_H,5026,0.09,Hanford_Reach,5026,0.02,Umatilla_H_Fa,5026,0.01,Priest_Rapid_H,5026,0.00
Area126 (09) troll 116 761,,Hanford_Reach,5026,0.49,Wenatchee_R_SF,5026,0.42,Priest_Rapid_H,5026,0.02,Methow_R,5026,0.02,Umatilla_H_Fa,5026,0.02
Area126 (09) troll 116 762,,George_Adams_H,5005,0.34,Clear_Cr_H,5020,0.27,Snoqualmie_R,5016,0.16,NF_Skokomish_F,5005,0.15,Cedar_R_SuFa,5020,0.03
Area126 (09) troll 116 763,,Hanford_Reach,5026,0.97,Wells_H,5026,0.02,Priest_Rapid_H,5026,0.01,Harrison,3,0.00,Wenatchee_R_SF,5026,0.00
Area126 (09) troll 116 764,,Chilliwack_F,3,0.55,Harrison,3,0.25,Green_R_Fa,5008,0.07,Abernathy_Cr_Fa,5008,0.02,Elochoman_R_Fa,5008,0.02
Area126 (09) troll 116 765,,Robertson,8,0.85,Gold_R,8,0.08,Thornton,8,0.07,Kaouk_R,8,0.00,Nahmint,8,0.00
Area126 (09) troll 116 766,,Snoqualmie_R,5016,0.74,L_Skagit_R_Fa,5016,0.07,Priest_Rapid_H,5026,0.07,Samish_H,5016,0.03,Wenatchee_R_SF,5026,0.01
Area126 (09) troll 116 767,,Skagit_R,5016,0.99,L_Skagit_R_Fa,5016,0.01,U_Skagit_R,5016,0.00,U_Sauk_R_SpSu,5016,0.00,Snoqualmie_R,5016,0.00
Area126 (09) troll 116 768,,Grovers_Cr_H,5020,1.00,George_Adams_H,5005,0.00,NF_Skokomish_F,5005,0.00,Snoqualmie_R,5016,0.00,Clear_Cr_H,5020,0.00
Area126 (09) troll 116 769,,L_Deschutes_R,5004,0.97,U_Deschutes_R,5004,0.02,Nez_PerceT_H,5021,0.01,Hanford_Reach,5026,0.00,Umatilla_H_Fa,5026,0.00
Area126 (09) troll 116 770,,Big_Cr_H_Col,5030,0.95,Washougal_R_Fa,5008,0.02,Spring_Cr_col,5030,0.02,Abernathy_NFH_F,5008,0.01,Elochoman_H,5030,0.01
Area126 (09) troll 116 771,,Puntledge_F,7,0.99,Cedar_R_SuFa,5020,0.00,L_Qualicum,7,0.00,Puntledge_BackX,7,0.00,S_Prairie_Cr,5020,0.00
Area126 (09) troll 116 772,,L_Thompson,5,0.79,South_Thom,5,0.17,Little_R,5,0.03,L_Adams,5,0.00,Bessette,5,0.00
Area126 (09) troll 116 773,,Chilliwack_F,3,0.62,Harrison,3,0.38,L_Thompson,5,0.00,Blue,4,0.00,L_Skagit_R_Fa,5016,0.00
Area126 (09) troll 116 774,,Kaouk_R,8,0.60,Zeballos,8,0.25,Robertson,8,0.05,Burman,8,0.04,Gold_R,8,0.03
Area126 (09) troll 116 775,,Hanford_Reach,5026,0.52,Priest_Rapid_H,5026,0.40,Priest_Rapids_H,5026,0.03,L_Thompson,5,0.01,Umatilla_H_Fa,5026,0.01
Area126 (09) troll 116 776,,Priest_Rapid_H,5026,0.50,Wells_H,5026,0.26,Hanford_Reach,5026,0.18,Wenatchee_R_SF,5026,0.04,L_Wh_Sal_H_SF,5026,0.01
Area126 (09) troll 116 777,,NF_Nooksack_H,5016,0.75,Skagit_R,5016,0.23,U_Sauk_R_SpSu,5016,0.01,Snoqualmie_R,5016,0.01,Chilliwack_F,3,0.00
Area126 (09) troll 116 778,,Wenatchee_R_SF,5026,0.57,Wells_H,5026,0.26,Methow_R,5026,0.12,Priest_Rapid_H,5026,0.04,Umatilla_H_Fa,5026,0.01
Area126 (09) troll 116 779,,Wenatchee_R_SF,5026,0.29,Hanford_Reach,5026,0.25,Umatilla_H_Fa,5026,0.18,Wells_H,5026,0.10,Nez_PerceT_H,5021,0.06
Area126 (09) troll 116 780,,Spring_Cr_col,5030,0.89,Elochoman_H,5030,0.05,Abernathy_NFH_F,5008,0.03,Big_Cr_H_Col,5030,0.02,Green_R_Fa,5008,0.00
Area126 (09) troll 116 781,,Wells_H,5026,0.55,Wenatchee_R_SF,5026,0.17,Hanford_Reach,5026,0.14,Priest_Rapid_H,5026,0.13,Umatilla_H_Fa,5026,0.01
Area126 (09) troll 116 782,,Priest_Rapid_H,5026,0.49,Hanford_Reach,5026,0.27,Umatilla_H_Fa,5026,0.18,Wells_H,5026,0.02,Methow_R,5026,0.02
Area126 (09) troll 116 783,,McKenzie_H,5029,0.96,N_Santiam_H,5029,0.04,,,,,,,,,
Area126 (09) troll 116 784,,Wells_H,5026,0.48,Hanford_Reach,5026,0.18,Wenatchee_R_SF,5026,0.16,Priest_Rapid_H,5026,0.13,Methow_R,5026,0.03
Area126 (09) troll 116 785,,Nahmint,8,0.87,Robertson,8,0.08,Gold_R,8,0.04,Kaouk_R,8,0.01,Kitwanga,22,0.00
Area126 (09) troll 116 786,,Green_R_Fa,5008,0.40,Washougal_R_Fa,5008,0.25,Cowlitz_H_fa,5008,0.25,Lewis_R_Su,5008,0.11,Abernathy_Cr_Fa,5008,0.00
Area126 (09) troll 116 787,,Chilliwack_F,3,0.66,Harrison,3,0.30,Bowron,1,0.02,Takia,10,0.01,U_Cariboo,2,0.00
Area126 (09) troll 116 788,,Washougal_R_Fa,5008,0.90,Abernathy_Cr_Fa,5008,0.04,Green_R_Fa,5008,0.03,Abernathy_NFH_F,5008,0.01,Cowlitz_H_fa,5008,0.00
Area126 (09) troll 116 789,,Wells_H,5026,0.54,Priest_Rapid_H,5026,0.29,Wenatchee_R_SF,5026,0.11,Methow_R,5026,0.05,Hanford_Reach,5026,0.01
Area126 (09) troll 116 790,,Skagit_R,5016,0.88,Snoqualmie_R,5016,0.06,Forks_Cr_H,5028,0.02,Harrison,3,0.01,U_Skagit_R,5016,0.01
Area126 (09) troll 116 791,,Wenatchee_R_SF,5026,0.49,Priest_Rapid_H,5026,0.31,Wells_H,5026,0.15,Hanford_Reach,5026,0.03,Methow_R,5026,0.01
Area126 (09) troll 116 792,,L_Thompson,5,0.94,Raft_R,4,0.03,Harrison,3,0.01,Clearwater,4,0.01,N_Thom@Main,4,0.00
Area126 (09) troll 116 793,,Umatilla_H_Fa,5026,0.33,Hanford_Reach,5026,0.21,Wenatchee_R_SF,5026,0.17,Wells_H,5026,0.14,Methow_R,5026,0.09
Area126 (09) troll 116 794,,Priest_Rapid_H,5026,0.95,Hanford_Reach,5026,0.03,Umatilla_H,5026,0.01,Nez_PerceT_H,5021,0.01,L_Deschutes_R,5004,0.00
Area126 (09) troll 116 795,,Spring_Cr_col,5030,0.77,Abernathy_Cr_Fa,5008,0.13,Big_Cr_H_Col,5030,0.04,Abernathy_NFH_F,5008,0.04,Elochoman_H,5030,0.02
Area126 (09) troll 116 796,,Puntledge_F,7,0.98,Hanford_Reach,5026,0.00,Umatilla_H_Fa,5026,0.00,Cowichan,7,0.00,Skagit_R,5016,0.00
Area126 (09) troll 116 797,,Chilliwack_F,3,0.77,Harrison,3,0.14,L_Thompson,5,0.07,Robertson,8,0.01,Nahmint,8,0.01
Area126 (09) troll 116 798,,Washougal_R_Fa,5008,0.99,Abernathy_Cr_Fa,5008,0.00,Green_R_Fa,5008,0.00,Spring_Cr_col,5030,0.00,Lewis_R_Su,5008,0.00
Area126 (09) troll 116 799,,Hanford_Reach,5026,0.97,Priest_Rapid_H,5026,0.01,Umatilla_H,5026,0.00,Lewis_R_Su,5008,0.00,Priest_Rapids_H,5026,0.00
Area126 (09) troll 116 800,,Owegee,11,0.81,Kwinageese,11,0.08,Damdochax,11,0.06,Cranberry,11,0.03,Teigen,11,0.00
Area126 (09) troll 121 801,,Spring_Cr_col,5030,0.79,Washougal_R_Fa,5008,0.09,Elochoman_H,5030,0.08,Abernathy_NFH_F,5008,0.03,Cowlitz_H_fa,5008,0.01
Area126 (09) troll 121 802,,Samish_H,5016,0.48,George_Adams_H,5005,0.13,White_H,5020,0.10,S_Prairie_Cr,5020,0.09,Cedar_R_SuFa,5020,0.04
Area126 (09) troll 121 803,,Forks_Cr_H,5028,0.46,Harrison,3,0.12,Sixes_R,5011,0.08,Coos_H,5011,0.07,Chilliwack_F,3,0.03
Area126 (09) troll 121 804,,Abernathy_NFH_F,5008,0.57,Big_Cr_H_Col,5030,0.30,Spring_Cr_col,5030,0.11,Elochoman_H,5030,0.02,Elochoman_R_Fa,5008,0.00
Area126 (09) troll 121 805,,Stuart,2,0.90,Nechako,2,0.10,Chilliwack_F,3,0.00,Westroad,2,0.00,,,
Area126 (09) troll 121 806,,Harrison,3,0.99,Chilliwack_F,3,0.01,,,,,,,,,
Area126 (09) troll 121 807,,Spring_Cr_col,5030,0.97,Big_Cr_H_Col,5030,0.02,Abernathy_NFH_F,5008,0.01,Elochoman_H,5030,0.00,Abernathy_Cr_Fa,5008,0.00
Area126 (09) troll 121 808,,Wells_H,5026,0.33,Wenatchee_R_SF,5026,0.31,Priest_Rapid_H,5026,0.17,Hanford_Reach,5026,0.11,Umatilla_H_Fa,5026,0.05
Area126 (09) troll 121 809,,Coos_H,5011,0.71,S_Coos_R,5011,0.13,S_Umpqua_H,5011,0.05,Umpqua_H,5011,0.05,Elochoman_R_Fa,5008,0.04
Area126 (09) troll 121 810,,Lewis_R_Su,5008,0.76,Washougal_R_Fa,5008,0.08,Spring_Cr_col,5030,0.06,Abernathy_Cr_Fa,5008,0.04,Elochoman_H,5030,0.03
Area126 (09) troll 121 811,,Umatilla_H_Fa,5026,0.80,Hanford_Reach,5026,0.19,Wells_H,5026,0.00,Priest_Rapid_H,5026,0.00,S_Umpqua_H,5011,0.00
Area126 (09) troll 121 812,,Harrison,3,0.96,Umatilla_H_Fa,5026,0.02,Priest_Rapid_H,5026,0.01,NF_Nooksack_H,5016,0.01,Chilliwack_F,3,0.00
Area126 (09) troll 121 813,,Nez_PerceT_H,5021,0.49,Hanford_Reach,5026,0.19,Priest_Rapid_H,5026,0.13,Umatilla_H_Fa,5026,0.08,L_Thompson,5,0.04
Area126 (09) troll 121 814,,Owegee,11,0.79,Kwinageese,11,0.07,Cranberry,11,0.03,Otsi_Cr,19,0.03,Kitwanga,22,0.03
Area126 (09) troll 121 815,,Stuart,2,0.87,Nechako,2,0.10,U_Cariboo,2,0.01,Raft_R,4,0.00,Chilliwack_F,3,0.00
Area126 (09) troll 121 816,,Chilliwack_F,3,0.97,Harrison,3,0.03,Barriere,4,0.00,Chilliwac@Stav,3,0.00,,,
Area126 (09) troll 121 817,,Coos_H,5011,0.76,Queets_R,5028,0.13,Cowlitz_H_fa,5008,0.06,Abernathy_Cr_Fa,5008,0.02,Lewis_R_Su,5008,0.01
Area126 (09) troll 121 818,,Trask_R,5015,1.00,Alsea_R,5015,0.00,Washougal_R_Fa,5008,0.00,Kilchis_R,5015,0.00,Coos_H,5011,0.00
Area126 (09) troll 121 819,,L_Thompson,5,0.86,South_Thom,5,0.13,Little_R,5,0.01,L_Shuswap,5,0.00,Bessette,5,0.00
Area126 (09) troll 121 820,,Harrison,3,0.55,Grovers_Cr_H,5020,0.32,Snoqualmie_R,5016,0.05,Soos_H,5020,0.02,Chilliwack_F,3,0.01
Area126 (09) troll 121 821,,Coos_H,5011,0.71,Green_R_Fa,5008,0.12,Elochoman_R_Fa,5008,0.06,Washougal_R_Fa,5008,0.06,S_Coos_R,5011,0.03
Area126 (09) troll 121 822,,Finn,4,0.74,Raft_R,4,0.12,Blue,4,0.07,L_Thompson,5,0.04,N_Thom@Main,4,0.02
Area126 (09) troll 121 823,,Eel_R,5000,0.46,Umpqua_H,5011,0.17,S_Umpqua_H,5011,0.13,Coos_H,5011,0.10,Forks_Cr_H,5028,0.06
Area126 (09) troll 121 824,,Harrison,3,0.43,Chilliwack_F,3,0.33,L_Thompson,5,0.07,Priest_Rapid_H,5026,0.07,Umatilla_H_Fa,5026,0.02
Area126 (09) troll 121 825,,Hanford_Reach,5026,0.96,Umatilla_H_Fa,5026,0.03,Wells_H,5026,0.01,Priest_Rapid_H,5026,0.01,Umatilla_H,5026,0.00
Area126 (09) troll 121 826,,Wells_H,5026,0.72,Nez_PerceT_H,5021,0.10,Wenatchee_R_SF,5026,0.07,Hanford_Reach,5026,0.05,Harrison,3,0.03
Area126 (09) troll 121 827,,S_Prairie_Cr,5020,0.42,Cedar_R_SuFa,5020,0.32,Clear_Cr_H,5020,0.12,Voights_H,5020,0.03,Bear_Cr_SuFa,5020,0.02
Area126 (09) troll 121 828,,Chilliwack_F,3,0.94,Harrison,3,0.06,Chilliwac@Stav,3,0.00,L_Thompson,5,0.00,,,
Area126 (09) troll 121 829,,Harrison,3,0.47,L_Skagit_R_Fa,5016,0.44,Snoqualmie_R,5016,0.05,Skagit_R,5016,0.02,Coos_H,5011,0.00
Area126 (09) troll 121 830,,Skagit_R,5016,0.74,L_Skagit_R_Fa,5016,0.10,Hoh_R,5028,0.03,S_Prairie_Cr,5020,0.02,Cedar_R_SuFa,5020,0.02
Area126 (09) troll 121 831,,NF_Nooksack_H,5016,0.99,Skagit_R,5016,0.01,L_Sauk_R,5016,0.00,,,,,,
Area126 (09) troll 121 832,,Hanford_Reach,5026,0.50,Priest_Rapid_H,5026,0.39,Priest_Rapids_H,5026,0.04,Methow_R,5026,0.04,Umatilla_H_Fa,5026,0.01
Area126 (09) troll 121 833,,Hanford_Reach,5026,0.59,Priest_Rapid_H,5026,0.31,Umatilla_H_Fa,5026,0.06,Wenatchee_R_SF,5026,0.03,Methow_R,5026,0.00
Area126 (09) troll 121 834,,Priest_Rapid_H,5026,0.67,Hanford_Reach,5026,0.15,Nez_PerceT_H,5021,0.06,Umatilla_H_Fa,5026,0.05,Wells_H,5026,0.04
Area126 (09) troll 121 835,,Hanford_Reach,5026,0.38,Lewis_R_Su,5008,0.37,Priest_Rapid_H,5026,0.14,Wells_H,5026,0.06,Umatilla_H_Fa,5026,0.02
Area126 (09) troll 121 836,,Cowlitz_H_fa,5008,0.68,Lewis_R_Su,5008,0.13,Green_R_Fa,5008,0.11,Washougal_R_Fa,5008,0.06,Abernathy_Cr_Fa,5008,0.01
Area126 (09) troll 121 837,,Washougal_R_Fa,5008,0.56,Abernathy_NFH_F,5008,0.30,Green_R_Fa,5008,0.07,Elochoman_H,5030,0.04,Cowlitz_H_fa,5008,0.02
Area126 (09) troll 121 838,,L_Thompson,5,0.36,Umatilla_H_Fa,5026,0.35,South_Thom,5,0.21,Harrison,3,0.03,Hanford_Reach,5026,0.02
Area126 (09) troll 121 839,,Trask_R,5015,0.61,Alsea_R,5015,0.31,Forks_Cr_H,5028,0.04,Coos_H,5011,0.01,Lewis_R_Su,5008,0.01
Area126 (09) troll 121 840,,Kitwanga,22,0.52,Skagit_R,5016,0.34,Owegee,11,0.12,Kwinageese,11,0.01,Takia,10,0.00
Area126 (09) troll 121 841,,Priest_Rapid_H,5026,0.53,Umatilla_H_Fa,5026,0.21,Hanford_Reach,5026,0.12,Wenatchee_R_SF,5026,0.07,Priest_Rapids_H,5026,0.02
Area126 (09) troll 121 842,,Washougal_R_Fa,5008,0.24,Wenatchee_R_SF,5026,0.24,Green_R_Fa,5008,0.21,Lewis_R_Su,5008,0.14,Elochoman_H,5030,0.11
Area126 (09) troll 121 843,,Harrison,3,0.99,Chilliwack_F,3,0.00,Skagit_R,5016,0.00,Snoqualmie_R,5016,0.00,Stuart,2,0.00
Area126 (09) troll 121 844,,Trask_R,5015,0.47,Hoh_R,5028,0.24,Queets_R,5028,0.19,Coos_H,5011,0.04,Forks_Cr_H,5028,0.02
Area126 (09) troll 121 845,,South_Thom,5,0.92,Little_R,5,0.06,L_Thompson,5,0.02,Coos_H,5011,0.00,L_Adams,5,0.00
Area126 (09) troll 121 846,,Wells_H,5026,0.60,Wenatchee_R_SF,5026,0.32,Priest_Rapid_H,5026,0.05,Methow_R,5026,0.02,Hanford_Reach,5026,0.00
Area126 (09) troll 121 847,,Spring_Cr_col,5030,0.98,Abernathy_NFH_F,5008,0.01,Big_Cr_H_Col,5030,0.00,Elochoman_H,5030,0.00,Washougal_R_Fa,5008,0.00
Area126 (09) troll 121 848,,Coos_H,5011,0.61,S_Coos_R,5011,0.24,Nehalem_R,5015,0.07,S_Umpqua_H,5011,0.04,Trask_R,5015,0.01
Area126 (09) troll 121 849,,Washougal_R_Fa,5008,0.45,Spring_Cr_col,5030,0.45,Big_Cr_H_Col,5030,0.04,Green_R_Fa,5008,0.02,Abernathy_NFH_F,5008,0.02
Area126 (09) troll 121 850,,Wells_H,5026,0.73,Wenatchee_R_SF,5026,0.26,Priest_Rapid_H,5026,0.01,Methow_R,5026,0.00,Hanford_Reach,5026,0.00
Area126 (09) troll 121 851,,Wenatchee_R_SF,5026,0.93,Wells_H,5026,0.03,Priest_Rapid_H,5026,0.03,Hanford_Reach,5026,0.01,Methow_R,5026,0.00
Area126 (09) troll 121 852,,Hanford_Reach,5026,0.43,Priest_Rapid_H,5026,0.28,Umatilla_H,5026,0.07,L_Deschutes_R,5004,0.06,Wells_H,5026,0.06
Area126 (09) troll 121 853,,Spring_Cr_col,5030,0.64,Big_Cr_H_Col,5030,0.31,Abernathy_NFH_F,5008,0.03,Elochoman_H,5030,0.02,Abernathy_Cr_Fa,5008,0.00
Area126 (09) troll 121 854,,Skagit_R,5016,0.97,U_Sauk_R_SpSu,5016,0.01,Snoqualmie_R,5016,0.01,S_Prairie_Cr,5020,0.00,L_Skagit_R_Fa,5016,0.00
Area126 (09) troll 121 855,,Cowlitz_H_fa,5008,0.45,Washougal_R_Fa,5008,0.42,Lewis_R_Su,5008,0.07,Abernathy_Cr_Fa,5008,0.02,Big_Cr_H_Col,5030,0.02
Area126 (09) troll 121 856,,Hanford_Reach,5026,0.66,Priest_Rapid_H,5026,0.14,Nez_PerceT_H,5021,0.05,Wells_H,5026,0.04,Umatilla_H_Fa,5026,0.03
Area126 (09) troll 121 857,,Samish_H,5016,0.63,Cedar_R_SuFa,5020,0.14,Bear_Cr_SuFa,5020,0.12,S_Prairie_Cr,5020,0.05,Soos_H,5020,0.02
Area126 (09) troll 121 858,,Umatilla_H_Fa,5026,0.55,Hanford_Reach,5026,0.11,Wells_H,5026,0.07,Priest_Rapid_H,5026,0.06,Umpqua_H,5011,0.04
Area126 (09) troll 121 859,,Lewis_R_Su,5008,0.46,Cowlitz_H_sp,5009,0.39,Cowlitz_H_fa,5008,0.09,Abernathy_Cr_Fa,5008,0.02,Big_Cr_H_Col,5030,0.01
Area126 (09) troll 121 860,,Spring_Cr_col,5030,0.28,Big_Cr_H_Col,5030,0.26,Abernathy_NFH_F,5008,0.19,Abernathy_Cr_Fa,5008,0.06,Washougal_R_Fa,5008,0.05
Area126 (09) troll 121 861,,NF_Skokomish_F,5005,0.44,S_Prairie_Cr,5020,0.19,George_Adams_H,5005,0.15,Grovers_Cr_H,5020,0.09,Bear_Cr_SuFa,5020,0.03
Area126 (09) troll 121 862,,Hanford_Reach,5026,0.99,Methow_R,5026,0.01,Wenatchee_R_SF,5026,0.00,Umatilla_H_Fa,5026,0.00,Wells_H,5026,0.00
Area126 (09) troll 121 863,,Wells_H,5026,0.62,Umatilla_H_Fa,5026,0.16,Priest_Rapid_H,5026,0.10,Lewis_R_Su,5008,0.04,Wenatchee_R_SF,5026,0.02
Area126 (09) troll 121 864,,Priest_Rapid_H,5026,0.37,Hanford_Reach,5026,0.30,Wells_H,5026,0.17,Umatilla_H_Fa,5026,0.09,Wenatchee_R_SF,5026,0.06
Area126 (09) troll 121 865,,South_Thom,5,0.85,Little_R,5,0.07,L_Thompson,5,0.05,Harrison,3,0.03,Takia,10,0.00
Area126 (09) troll 121 866,,Morice_R,21,0.89,Stuart,2,0.04,Slim_C,1,0.02,Takia,10,0.02,Bowron,1,0.01
Area126 (09) troll 121 867,,Priest_Rapid_H,5026,0.57,Hanford_Reach,5026,0.18,Wells_H,5026,0.11,Wenatchee_R_SF,5026,0.06,Methow_R,5026,0.05
Area126 (09) troll 121 868,,Lewis_R_Su,5008,0.57,Washougal_R_Fa,5008,0.26,Coos_H,5011,0.08,S_Coos_R,5011,0.04,Umpqua_H,5011,0.01
Area126 (09) troll 121 869,,Clearwater,4,0.80,Kitwanga,22,0.08,L_Skagit_R_Fa,5016,0.03,N_Thom@Main,4,0.02,Raft_R,4,0.02
Area126 (09) troll 121 870,,Hanford_Reach,5026,0.75,Wells_H,5026,0.13,Nez_PerceT_H,5021,0.06,Priest_Rapids_H,5026,0.06,Wenatchee_R_SF,5026,0.00
Area126 (09) troll 121 871,,Chilliwack_F,3,0.55,Harrison,3,0.42,Snoqualmie_R,5016,0.01,S_Prairie_Cr,5020,0.00,Clear_Cr_H,5020,0.00
Area126 (09) troll 121 872,,Wenatchee_R_SF,5026,0.67,Wells_H,5026,0.26,Hanford_Reach,5026,0.03,Priest_Rapid_H,5026,0.02,Umatilla_H_Fa,5026,0.01
Area126 (09) troll 121 873,,Hanford_Reach,5026,0.73,Priest_Rapid_H,5026,0.15,Nez_PerceT_H,5021,0.07,Umatilla_H_Fa,5026,0.03,Wenatchee_R_SF,5026,0.01
Area126 (09) troll 133 874,,Cedar_R_SuFa,5020,0.30,S_Prairie_Cr,5020,0.15,NF_Skokomish_F,5005,0.13,Grovers_Cr_H,5020,0.11,Clear_Cr_H,5020,0.10
Area126 (09) troll 133 875,,Chilliwack_F,3,0.90,Lewis_R_Su,5008,0.03,Umpqua_H,5011,0.02,Harrison,3,0.02,Washougal_R_Fa,5008,0.01
Area126 (09) troll 133 876,,Cedar_R_SuFa,5020,0.35,S_Prairie_Cr,5020,0.22,Samish_H,5016,0.17,Harrison,3,0.08,L_Skagit_R_Fa,5016,0.04
Area126 (09) troll 133 877,,Spring_Cr_col,5030,0.99,Big_Cr_H_Col,5030,0.00,Elochoman_H,5030,0.00,Abernathy_NFH_F,5008,0.00,Washougal_R_Fa,5008,0.00
Area126 (09) troll 133 878,,Spring_Cr_col,5030,0.90,Big_Cr_H_Col,5030,0.07,Washougal_R_Fa,5008,0.01,Elochoman_H,5030,0.01,Abernathy_Cr_Fa,5008,0.00
Area126 (09) troll 133 879,,Green_R_Fa,5008,0.60,Hanford_Reach,5026,0.17,Priest_Rapid_H,5026,0.10,Cowlitz_H_fa,5008,0.04,Skagit_R,5016,0.03
Area126 (09) troll 133 880,,Cowlitz_H_fa,5008,0.56,Abernathy_Cr_Fa,5008,0.11,Hanford_Reach,5026,0.08,Nez_PerceT_H,5021,0.08,Wells_H,5026,0.03
Area126 (09) troll 133 881,,Harrison,3,0.65,Snoqualmie_R,5016,0.17,L_Skagit_R_Fa,5016,0.07,Chilliwack_F,3,0.05,U_Skagit_R,5016,0.01
Area126 (09) troll 133 882,,Spring_Cr_col,5030,0.87,Abernathy_NFH_F,5008,0.10,Big_Cr_H_Col,5030,0.03,Elochoman_H,5030,0.00,Elochoman_R_Fa,5008,0.00
Area126 (09) troll 133 883,,Wells_H,5026,0.51,Wenatchee_R_SF,5026,0.25,Priest_Rapid_H,5026,0.13,Methow_R,5026,0.06,Hanford_Reach,5026,0.03
Area126 (09) troll 133 884,,Wells_H,5026,0.34,Hanford_Reach,5026,0.24,Nez_PerceT_H,5021,0.12,Umatilla_H_Fa,5026,0.10,Cowlitz_H_fa,5008,0.07
Area126 (09) troll 133 885,,Skagit_R,5016,0.51,Otsi_Cr,19,0.13,Kitwanga,22,0.09,Snoqualmie_R,5016,0.06,Morice_R,21,0.04
Area126 (09) troll 133 886,,Wenatchee_R_SF,5026,0.51,Hanford_Reach,5026,0.24,Methow_R,5026,0.11,Priest_Rapid_H,5026,0.10,Wells_H,5026,0.03
Area126 (09) troll 133 887,,Priest_Rapid_H,5026,0.77,Wells_H,5026,0.07,Wenatchee_R_SF,5026,0.06,Hanford_Reach,5026,0.04,Methow_R,5026,0.03
Area126 (09) troll 133 888,,Nez_PerceT_H,5021,0.40,Hanford_Reach,5026,0.36,Umatilla_H_Fa,5026,0.16,Umatilla_H,5026,0.07,Priest_Rapids_H,5026,0.00
Area126 (09) troll 133 889,,McKenzie_H,5029,0.84,N_Santiam_H,5029,0.16,Green_R_Fa,5008,0.00,Washougal_R_Fa,5008,0.00,Umpqua_H,5011,0.00
Area126 (09) troll 133 890,,Wells_H,5026,0.55,Hanford_Reach,5026,0.20,Priest_Rapid_H,5026,0.15,Lewis_R_Su,5008,0.04,Washougal_R_Fa,5008,0.02
Area126 (09) troll 133 891,,Harrison,3,0.85,Chilliwack_F,3,0.13,Skagit_R,5016,0.01,Snoqualmie_R,5016,0.00,Hanford_Reach,5026,0.00
Area126 (09) troll 133 892,,Nehalem_R,5015,1.00,,,,,,,,,,,,
Area126 (09) troll 133 893,,Priest_Rapid_H,5026,0.49,Hanford_Reach,5026,0.47,Umatilla_H_Fa,5026,0.02,Priest_Rapids_H,5026,0.01,Wells_H,5026,0.01
Area126 (09) troll 133 894,,Harrison,3,0.99,Chilliwack_F,3,0.01,,,,,,,,,
Area126 (09) troll 133 895,,Priest_Rapid_H,5026,0.33,Umatilla_H_Fa,5026,0.32,Hanford_Reach,5026,0.25,Wells_H,5026,0.07,Wenatchee_R_SF,5026,0.02
Area126 (09) troll 133 896,,Hanford_Reach,5026,0.69,Priest_Rapid_H,5026,0.18,Methow_R,5026,0.04,Wells_H,5026,0.04,Umatilla_H_Fa,5026,0.01
Area126 (09) troll 133 897,,Harrison,3,0.94,Priest_Rapid_H,5026,0.02,Nez_PerceT_H,5021,0.02,South_Thom,5,0.01,Hanford_Reach,5026,0.00
Area126 (09) troll 133 898,,Owegee,11,0.76,Damdochax,11,0.08,Kwinageese,11,0.07,Cranberry,11,0.05,Snowbank,11,0.02
Area126 (09) troll 133 899,,Nehalem_R,5015,1.00,Coos_H,5011,0.00,,,,,,,,,
Area126 (09) troll 133 900,,Trask_R,5015,0.43,Umatilla_H_Fa,5026,0.18,Abernathy_Cr_Fa,5008,0.11,L_Skagit_R_Fa,5016,0.08,Harrison,3,0.04
Area126 (09) troll 133 901,,L_Shuswap,5,0.29,South_Thom,5,0.22,Bessette,5,0.18,L_Thompson,5,0.14,Little_R,5,0.06
Area126 (09) troll 133 902,,Hanford_Reach,5026,0.45,Wells_H,5026,0.24,Wenatchee_R_SF,5026,0.09,Priest_Rapid_H,5026,0.05,Grovers_Cr_H,5020,0.04
Area126 (09) troll 133 903,,Umatilla_H_Fa,5026,0.53,Priest_Rapid_H,5026,0.19,Wells_H,5026,0.10,Nez_PerceT_H,5021,0.08,Hanford_Reach,5026,0.03
Area126 (09) troll 133 904,,Snoqualmie_R,5016,0.57,S_Prairie_Cr,5020,0.20,Cedar_R_SuFa,5020,0.09,L_Skagit_R_Fa,5016,0.05,George_Adams_H,5005,0.04
Area126 (09) troll 133 905,,Samish_H,5016,0.43,S_Prairie_Cr,5020,0.16,L_Skagit_R_Fa,5016,0.11,Soos_H,5020,0.06,Clear_Cr_H,5020,0.05
Area126 (09) troll 133 906,,Spring_Cr_col,5030,0.98,Abernathy_Cr_Fa,5008,0.01,Green_R_Fa,5008,0.00,Abernathy_NFH_F,5008,0.00,Elochoman_R_Fa,5008,0.00
Area126 (09) troll 133 907,,Spring_Cr_col,5030,0.99,Big_Cr_H_Col,5030,0.01,Abernathy_NFH_F,5008,0.00,Elochoman_H,5030,0.00,,,
Area126 (09) troll 133 908,,Wenatchee_R_SF,5026,0.37,Wells_H,5026,0.24,Hanford_Reach,5026,0.19,Umatilla_H_Fa,5026,0.15,Priest_Rapid_H,5026,0.03
Area126 (09) troll 133 909,,NF_Skokomish_F,5005,0.28,L_Skagit_R_Fa,5016,0.27,Snoqualmie_R,5016,0.19,George_Adams_H,5005,0.17,Skagit_R,5016,0.04
Area126 (09) troll 133 910,,Skagit_R,5016,0.90,Harrison,3,0.03,Hanford_Reach,5026,0.03,Snoqualmie_R,5016,0.02,U_Sauk_R_SpSu,5016,0.01
Area126 (09) troll 133 911,,NF_Nooksack_H,5016,1.00,,,,,,,,,,,,
Area126 (09) troll 133 912,,Kitwanga,22,0.93,Sweetin,22,0.03,Otsi_Cr,19,0.02,Owegee,11,0.01,S_Coos_R,5011,0.01
Area126 (09) troll 133 913,,Spring_Cr_col,5030,0.48,Big_Cr_H_Col,5030,0.28,Elochoman_H,5030,0.14,Abernathy_Cr_Fa,5008,0.10,Washougal_R_Fa,5008,0.00
Area126 (09) troll 133 914,,Lewis_R_Su,5008,0.60,Cowlitz_H_fa,5008,0.16,Washougal_R_Fa,5008,0.11,Priest_Rapid_H,5026,0.09,Hanford_Reach,5026,0.03
Area126 (09) troll 133 915,,Kitwanga,22,0.74,Harrison,3,0.07,Kitimat,10,0.04,Sweetin,22,0.03,Sicintine_R,19,0.03
Area126 (09) troll 133 916,,Lewis_R_Su,5008,0.55,Washougal_R_Fa,5008,0.34,Cowlitz_H_fa,5008,0.09,Sandy_R,5008,0.03,Abernathy_Cr_Fa,5008,0.00
Area126 (09) troll 133 917,,L_Thompson,5,0.94,South_Thom,5,0.05,Clearwater,4,0.00,Kildala,10,0.00,Kitwanga,22,0.00
Area126 (09) troll 133 918,,Forks_Cr_H,5028,0.51,Trask_R,5015,0.29,Queets_R,5028,0.07,S_Coos_R,5011,0.04,Hoh_R,5028,0.03
Area126 (09) troll 133 919,,Umpqua_H,5011,0.51,Sixes_R,5011,0.29,S_Coos_R,5011,0.14,Harrison,3,0.01,Coos_H,5011,0.01
Area126 (09) troll 133 920,,Priest_Rapid_H,5026,0.56,Hanford_Reach,5026,0.42,Wenatchee_R_SF,5026,0.01,Umatilla_H_Fa,5026,0.00,Nez_PerceT_H,5021,0.00
Area126 (09) troll 133 921,,Chilliwack_F,3,0.92,Harrison,3,0.07,L_Thompson,5,0.01,South_Thom,5,0.00,Kitwanga,22,0.00
Area126 (09) troll 133 922,,Big_Cr_H_Col,5030,0.95,Green_R_Fa,5008,0.02,Spring_Cr_col,5030,0.01,Abernathy_NFH_F,5008,0.01,Elochoman_H,5030,0.01
Area126 (09) troll 133 923,,Cedar_R_SuFa,5020,0.23,Clear_Cr_H,5020,0.19,S_Prairie_Cr,5020,0.13,George_Adams_H,5005,0.09,Grovers_Cr_H,5020,0.07
Area126 (09) troll 133 924,,Kildala,10,0.54,L_Skagit_R_Fa,5016,0.18,Cedar_R_SuFa,5020,0.06,Snoqualmie_R,5016,0.05,S_Prairie_Cr,5020,0.04
Area126 (09) troll 133 925,,L_Thompson,5,0.52,Samish_H,5016,0.13,Clear_Cr_H,5020,0.09,George_Adams_H,5005,0.05,Snoqualmie_R,5016,0.03
Area126 (09) troll 133 926,,Queets_R,5028,0.77,Hoh_R,5028,0.22,Forks_Cr_H,5028,0.01,Quilayute_R,5028,0.00,Trask_R,5015,0.00
Area126 (09) troll 133 927,,Coos_H,5011,0.46,S_Coos_R,5011,0.34,L_Skagit_R_Fa,5016,0.09,Snoqualmie_R,5016,0.06,Harrison,3,0.04
Area126 (09) troll 133 928,,Wells_H,5026,0.69,Wenatchee_R_SF,5026,0.11,Priest_Rapid_H,5026,0.09,Umatilla_H_Fa,5026,0.08,Nez_PerceT_H,5021,0.02
Area126 (09) troll 133 929,,Wells_H,5026,0.53,Priest_Rapid_H,5026,0.43,Hanford_Reach,5026,0.03,Priest_Rapids_H,5026,0.01,Wenatchee_R_SF,5026,0.01
Area126 (09) troll 133 930,,L_Thompson,5,0.56,South_Thom,5,0.42,Little_R,5,0.02,Kitsumkalum_R,23,0.00,Coos_H,5011,0.00
Area126 (09) troll 133 931,,Puntledge_F,7,0.98,L_Qualicum,7,0.01,Puntledge_BackX,7,0.00,L_Skagit_R_Fa,5016,0.00,Nanaimo_F,7,0.00
Area126 (09) troll 133 932,,Washougal_R_Fa,5008,0.85,Lewis_R_Su,5008,0.06,Abernathy_Cr_Fa,5008,0.05,Cowlitz_H_fa,5008,0.02,Green_R_Fa,5008,0.01
Area126 (09) troll 133 933,,L_Thompson,5,0.51,Wenatchee_R_SF,5026,0.12,Skagit_R,5016,0.12,Lewis_R_Su,5008,0.06,South_Thom,5,0.04
Area126 (09) troll 133 934,,Kitwanga,22,0.43,Sixes_R,5011,0.09,Lewis_R_Su,5008,0.08,Gitnadoix,23,0.07,Seaskinnish,11,0.05
Area126 (09) troll 133 935,,Skagit_R,5016,0.61,Trask_R,5015,0.14,Morice_R,21,0.11,Coos_H,5011,0.04,Washougal_R_Fa,5008,0.02
Area126 (09) troll 133 936,,Hanford_Reach,5026,0.57,Priest_Rapid_H,5026,0.15,Wenatchee_R_SF,5026,0.12,Umatilla_H_Fa,5026,0.05,Wells_H,5026,0.04
Area126 (09) troll 133 937,,South_Thom,5,0.89,Little_R,5,0.09,L_Thompson,5,0.02,Nitinat,8,0.00,L_Adams,5,0.00
Area126 (09) troll 133 938,,Spring_Cr_col,5030,0.98,Abernathy_NFH_F,5008,0.01,Big_Cr_H_Col,5030,0.01,Elochoman_H,5030,0.00,Cowlitz_H_fa,5008,0.00
Area126 (09) troll 133 939,,Washougal_R_Fa,5008,0.88,Cowlitz_H_fa,5008,0.05,Elochoman_H,5030,0.05,Green_R_Fa,5008,0.01,Abernathy_Cr_Fa,5008,0.00
Area126 (09) troll 133 940,,Snoqualmie_R,5016,0.64,Skagit_R,5016,0.29,L_Skagit_R_Fa,5016,0.04,Grovers_Cr_H,5020,0.01,Skykomish_R,5016,0.00
Area126 (09) troll 133 941,,Wenatchee_R_SF,5026,0.38,Priest_Rapid_H,5026,0.25,Wells_H,5026,0.21,Hanford_Reach,5026,0.10,Umatilla_H_Fa,5026,0.05
Area126 (09) troll 133 942,,Lewis_R_Su,5008,0.64,Coos_H,5011,0.15,S_Coos_R,5011,0.06,S_Umpqua_H,5011,0.06,Elochoman_R_Fa,5008,0.03
Area126 (09) troll 133 943,,Harrison,3,0.84,Chilliwack_F,3,0.15,L_Thompson,5,0.00,Nahmint,8,0.00,South_Thom,5,0.00
Area126 (09) troll 133 944,,Wenatchee_R_SF,5026,0.50,Methow_R,5026,0.21,Hanford_Reach,5026,0.16,Priest_Rapid_H,5026,0.07,Wells_H,5026,0.05
Area126 (09) troll 133 945,,Priest_Rapid_H,5026,0.45,Wells_H,5026,0.33,Methow_R,5026,0.08,Umatilla_H_Fa,5026,0.06,Wenatchee_R_SF,5026,0.04
Area126 (09) troll 133 946,,Spring_Cr_col,5030,0.83,Big_Cr_H_Col,5030,0.16,Elochoman_H,5030,0.01,Abernathy_NFH_F,5008,0.00,Washougal_R_Fa,5008,0.00
Area126 (09) troll 133 947,,Lewis_R_Su,5008,0.94,Cowlitz_H_fa,5008,0.04,Washougal_R_Fa,5008,0.02,Lewis_R_f,5008,0.00,Cowlitz_H_sp,5009,0.00
Area126 (09) troll 133 948,,Umatilla_H_Fa,5026,0.83,Priest_Rapid_H,5026,0.08,Wenatchee_R_SF,5026,0.05,Wells_H,5026,0.02,Hanford_Reach,5026,0.02
Area126 (09) troll 133 949,,Cowlitz_H_fa,5008,0.37,Washougal_R_Fa,5008,0.33,Lewis_R_Su,5008,0.17,Elochoman_R_Fa,5008,0.03,Trask_R,5015,0.02
Area126 (09) troll 133 950,,Coos_H,5011,0.96,Grovers_Cr_H,5020,0.03,S_Umpqua_H,5011,0.00,L_Sauk_R,5016,0.00,Cowlitz_H_fa,5008,0.00
Area126 (09) troll 133 951,,Puntledge_F,7,0.95,Cowichan,7,0.04,Big_Qualicum,7,0.00,Puntledge_BackX,7,0.00,L_Qualicum,7,0.00
Area126 (09) troll 133 952,,Umatilla_H_Fa,5026,0.56,Priest_Rapid_H,5026,0.25,Hanford_Reach,5026,0.07,Wells_H,5026,0.04,Wenatchee_R_SF,5026,0.04
Area126 (09) troll 133 953,,Umatilla_H_Fa,5026,0.39,Wells_H,5026,0.18,Priest_Rapid_H,5026,0.15,Wenatchee_R_SF,5026,0.15,Hanford_Reach,5026,0.12
Area126 (09) troll 133 954,,Harrison,3,0.99,Chilliwack_F,3,0.01,Morice_R,21,0.00,NF_Skokomish_F,5005,0.00,Snoqualmie_R,5016,0.00
Area126 (09) troll 133 955,,Forks_Cr_H,5028,1.00,Coos_H,5011,0.00,,,,,,,,,
Area126 (09) troll 133 956,,Umatilla_H_Fa,5026,0.87,Hanford_Reach,5026,0.08,Wenatchee_R_SF,5026,0.02,Nez_PerceT_H,5021,0.02,L_Deschutes_R,5004,0.01
Area126 (09) troll 133 957,,Lewis_R_Su,5008,0.98,Washougal_R_Fa,5008,0.02,Elochoman_H,5030,0.00,Abernathy_Cr_Fa,5008,0.00,Cowlitz_H_fa,5008,0.00
Area126 (09) troll 133 958,,S_Umpqua_H,5011,0.42,Umatilla_H_Fa,5026,0.33,Green_R_Fa,5008,0.20,Hanford_Reach,5026,0.02,Lewis_R_Su,5008,0.02
Area126 (09) troll 133 959,,Washougal_R_Fa,5008,0.81,Abernathy_NFH_F,5008,0.06,Lewis_R_Su,5008,0.04,Cowlitz_H_fa,5008,0.02,Elochoman_R_Fa,5008,0.02
Area126 (09) troll 133 960,,South_Thom,5,0.30,L_Thompson,5,0.25,Harrison,3,0.24,Hanford_Reach,5026,0.11,Little_R,5,0.05
Area126 (09) troll 133 961,,Priest_Rapid_H,5026,0.79,Hanford_Reach,5026,0.13,Umatilla_H_Fa,5026,0.05,Wenatchee_R_SF,5026,0.02,Methow_R,5026,0.00
Area126 (09) troll 133 962,,Skagit_R,5016,0.85,U_Sauk_R_SpSu,5016,0.09,Marblemount_HSp,5016,0.02,L_Skagit_R_Fa,5016,0.02,Morice_R,21,0.01
Area126 (09) troll 133 963,,S_Umpqua_H,5011,0.91,S_Coos_R,5011,0.09,Coos_H,5011,0.00,Umatilla_H_Fa,5026,0.00,,,
Area126 (09) troll 133 964,,Wells_H,5026,0.67,Priest_Rapid_H,5026,0.09,Wenatchee_R_SF,5026,0.09,Hanford_Reach,5026,0.05,Methow_R,5026,0.04
Area126 (09) troll 133 965,,Wenatchee_R_SF,5026,0.38,Cowlitz_H_fa,5008,0.16,Spring_Cr_col,5030,0.07,Hanford_Reach,5026,0.06,Clear_Cr_H,5020,0.06
Area126 (09) troll 133 966,,Washougal_R_Fa,5008,0.69,Hanford_Reach,5026,0.20,Sandy_R,5008,0.08,Lewis_R_Su,5008,0.01,Green_R_Fa,5008,0.01
Area126 (09) troll 133 967,,Wenatchee_R_SF,5026,0.88,Wells_H,5026,0.11,Methow_R,5026,0.01,Priest_Rapid_H,5026,0.00,Hanford_Reach,5026,0.00
Area126 (09) troll 133 968,,Puntledge_F,7,0.72,Harrison,3,0.24,Umatilla_H_Fa,5026,0.01,Priest_Rapid_H,5026,0.01,L_Thompson,5,0.01
Area126 (09) troll 133 969,,Trask_R,5015,0.99,Alsea_R,5015,0.00,Kilchis_R,5015,0.00,S_Coos_R,5011,0.00,Nehalem_R,5015,0.00
Area126 (09) troll 139 970,,Abernathy_Cr_Fa,5008,0.23,Lewis_R_Su,5008,0.21,Big_Cr_H_Col,5030,0.18,Cowlitz_H_fa,5008,0.17,Washougal_R_Fa,5008,0.10
Area126 (09) troll 139 971,,Wells_H,5026,0.98,Priest_Rapid_H,5026,0.01,Priest_Rapids_H,5026,0.00,Hanford_Reach,5026,0.00,Umatilla_H_Fa,5026,0.00
Area126 (09) troll 139 972,,Clear_Cr_H,5020,0.59,Cedar_R_SuFa,5020,0.08,Skagit_R,5016,0.06,George_Adams_H,5005,0.04,Snoqualmie_R,5016,0.04
Area126 (09) troll 139 973,,Harrison,3,1.00,South_Thom,5,0.00,Chilliwack_F,3,0.00,Little_R,5,0.00,L_Thompson,5,0.00
Area126 (09) troll 139 974,,Snoqualmie_R,5016,0.69,Skagit_R,5016,0.09,Puntledge_F,7,0.06,U_Sauk_R_SpSu,5016,0.04,Harrison,3,0.04
Area126 (09) troll 139 975,,Wells_H,5026,0.64,Priest_Rapid_H,5026,0.20,Hanford_Reach,5026,0.09,Umatilla_H,5026,0.02,Methow_R,5026,0.02
Area126 (09) troll 139 976,,Harrison,3,0.93,Chilliwack_F,3,0.07,Grovers_Cr_H,5020,0.00,Bear_Cr_SuFa,5020,0.00,,,
Area126 (09) troll 139 977,,L_Skagit_R_Fa,5016,0.41,Snoqualmie_R,5016,0.20,Cedar_R_SuFa,5020,0.19,Priest_Rapid_H,5026,0.11,Clear_Cr_H,5020,0.03
Area126 (09) troll 139 978,,Clear_Cr_H,5020,0.68,Cedar_R_SuFa,5020,0.20,S_Prairie_Cr,5020,0.03,Snoqualmie_R,5016,0.02,Samish_H,5016,0.02
Area126 (09) troll 139 979,,Skagit_R,5016,0.97,U_Sauk_R_SpSu,5016,0.02,L_Skagit_R_Fa,5016,0.01,U_Skagit_R,5016,0.01,Kildala,10,0.00
Area126 (09) troll 139 980,,Clear_Cr_H,5020,0.28,Skagit_R,5016,0.25,Washougal_R_Fa,5008,0.15,Lewis_R_Su,5008,0.07,Spring_Cr_col,5030,0.04
Area126 (09) troll 139 981,,Spring_Cr_col,5030,0.99,Abernathy_NFH_F,5008,0.01,Elochoman_H,5030,0.00,Abernathy_Cr_Fa,5008,0.00,Big_Cr_H_Col,5030,0.00
Area126 (09) troll 139 982,,L_Thompson,5,0.57,Harrison,3,0.27,South_Thom,5,0.08,N_Thom@Main,4,0.02,Barriere,4,0.02
Area126 (09) troll 139 983,,Harrison,3,0.72,Chilliwack_F,3,0.28,Snoqualmie_R,5016,0.00,,,,,,
Area126 (09) troll 141 1000,,Takia,10,0.27,Coos_H,5011,0.24,Trask_R,5015,0.15,S_Umpqua_H,5011,0.11,Morice_R,21,0.03
Area126 (09) troll 141 1001,,U_Cariboo,2,0.85,Harrison,3,0.03,Stuart,2,0.03,Horsefly,2,0.03,L_Thompson,5,0.02
Area126 (09) troll 141 1002,,Spring_Cr_col,5030,0.56,Elochoman_H,5030,0.32,Big_Cr_H_Col,5030,0.05,Abernathy_NFH_F,5008,0.03,Abernathy_Cr_Fa,5008,0.02
Area126 (09) troll 141 1003,,Washougal_R_Fa,5008,0.88,Elochoman_R_Fa,5008,0.05,Abernathy_Cr_Fa,5008,0.03,Lewis_R_Su,5008,0.02,Elochoman_H,5030,0.01
Area126 (09) troll 141 1004,,Chilliwack_F,3,0.85,Harrison,3,0.15,,,,,,,,,
Area126 (09) troll 141 1005,,Nahmint,8,0.89,Burman,8,0.04,Gold_R,8,0.03,Robertson,8,0.03,Kaouk_R,8,0.02
Area126 (09) troll 141 1006,,Nehalem_R,5015,0.41,Trask_R,5015,0.33,Coos_H,5011,0.20,Sixes_R,5011,0.03,S_Umpqua_H,5011,0.02
Area126 (09) troll 141 1007,,Wenatchee_R_SF,5026,0.83,Hanford_Reach,5026,0.14,Umatilla_H_Fa,5026,0.03,Harrison,3,0.00,L_Deschutes_R,5004,0.00
Area126 (09) troll 141 1008,,Bowron,1,0.86,Slim_C,1,0.13,N_Thom@Main,4,0.01,Coos_H,5011,0.00,Fontoniko,1,0.00
Area126 (09) troll 141 1009,,Washougal_R_Fa,5008,0.40,Lewis_R_Su,5008,0.33,Abernathy_Cr_Fa,5008,0.13,Cowlitz_H_fa,5008,0.08,Elochoman_R_Fa,5008,0.04
Area126 (09) troll 141 1010,,Chilliwack_F,3,0.81,Harrison,3,0.19,Chilliwac@Stav,3,0.00,,,,,,
Area126 (09) troll 141 1011,,L_Thompson,5,0.97,Washougal_R_Fa,5008,0.02,Green_R_Fa,5008,0.01,Elochoman_R_Fa,5008,0.00,Cowlitz_H_sp,5009,0.00
Area126 (09) troll 141 1012,,Harrison,3,0.99,South_Thom,5,0.00,Kitwanga,22,0.00,Priest_Rapid_H,5026,0.00,S_Umpqua_H,5011,0.00
Area126 (09) troll 141 1013,,Chilliwack_F,3,0.86,Harrison,3,0.07,Skagit_R,5016,0.06,Snoqualmie_R,5016,0.00,Priest_Rapid_H,5026,0.00
Area126 (09) troll 141 1014,,Spring_Cr_col,5030,0.36,Harrison,3,0.29,Snoqualmie_R,5016,0.14,Washougal_R_Fa,5008,0.06,L_Skagit_R_Fa,5016,0.05
Area126 (09) troll 141 1015,,Harrison,3,0.71,Chilliwack_F,3,0.29,Skagit_R,5016,0.00,,,,,,
Area126 (09) troll 141 1016,,N_Santiam_H,5029,0.99,McKenzie_H,5029,0.01,Washougal_R_Fa,5008,0.00,Green_R_Fa,5008,0.00,Wenatchee_R_SF,5026,0.00
Area126 (09) troll 141 1017,,Elochoman_H,5030,0.46,Abernathy_Cr_Fa,5008,0.45,Cowlitz_H_fa,5008,0.03,Lewis_R_Su,5008,0.02,Big_Cr_H_Col,5030,0.01
Area126 (09) troll 141 1018,,South_Thom,5,0.92,L_Thompson,5,0.07,Harrison,3,0.01,Little_R,5,0.00,Abernathy_Cr_Fa,5008,0.00
Area126 (09) troll 141 1019,,Wells_H,5026,0.46,Hanford_Reach,5026,0.27,Wenatchee_R_SF,5026,0.12,Priest_Rapid_H,5026,0.08,Umatilla_H_Fa,5026,0.06
Area126 (09) troll 141 1020,,Wells_H,5026,0.45,Wenatchee_R_SF,5026,0.37,Hanford_Reach,5026,0.16,Priest_Rapid_H,5026,0.02,Umatilla_H_Fa,5026,0.00
Area126 (09) troll 141 1021,,Spring_Cr_col,5030,0.99,Big_Cr_H_Col,5030,0.01,Abernathy_NFH_F,5008,0.00,Elochoman_H,5030,0.00,Abernathy_Cr_Fa,5008,0.00
Area126 (09) troll 141 1022,,Spring_Cr_col,5030,0.87,Cowlitz_H_fa,5008,0.09,Abernathy_NFH_F,5008,0.02,Abernathy_Cr_Fa,5008,0.01,Big_Cr_H_Col,5030,0.01
Area126 (09) troll 141 1023,,Wenatchee_R_SF,5026,0.88,Priest_Rapid_H,5026,0.04,Wells_H,5026,0.04,Nez_PerceT_H,5021,0.03,Methow_R,5026,0.01
Area126 (09) troll 141 1024,,S_Coos_R,5011,0.50,Hanford_Reach,5026,0.11,L_Deschutes_R,5004,0.08,Washougal_R_Fa,5008,0.06,Priest_Rapid_H,5026,0.06
Area126 (09) troll 141 1025,,Skagit_R,5016,0.52,Snoqualmie_R,5016,0.37,L_Skagit_R_Fa,5016,0.06,Harrison,3,0.03,U_Sauk_R_SpSu,5016,0.01
Area126 (09) troll 141 1026,,Harrison,3,0.96,Chilliwack_F,3,0.02,Skagit_R,5016,0.01,Snoqualmie_R,5016,0.01,Green_R_Fa,5008,0.00
Area126 (09) troll 141 1027,,Morice_R,21,0.99,Otsi_Cr,19,0.00,Harrison,3,0.00,Kitwanga,22,0.00,Stuart,2,0.00
Area126 (09) troll 141 1028,,Lewis_R_Su,5008,0.55,Cowlitz_H_fa,5008,0.25,Cowlitz_H_sp,5009,0.20,Washougal_R_Fa,5008,0.00,Green_R_Fa,5008,0.00
Area126 (09) troll 141 1029,,Wells_H,5026,0.43,Wenatchee_R_SF,5026,0.35,Washougal_R_Fa,5008,0.06,Hanford_Reach,5026,0.06,Umatilla_H_Fa,5026,0.03
Area126 (09) troll 141 1030,,Trask_R,5015,0.99,Salmon_R_f,5015,0.00,Alsea_R,5015,0.00,Forks_Cr_H,5028,0.00,S_Coos_R,5011,0.00
Area126 (09) troll 141 1031,,L_Thompson,5,0.59,South_Thom,5,0.41,Cowlitz_H_fa,5008,0.00,Little_R,5,0.00,Lewis_R_Su,5008,0.00
Area126 (09) troll 141 1032,,Washougal_R_Fa,5008,0.41,Cowlitz_H_fa,5008,0.25,Green_R_Fa,5008,0.24,Abernathy_Cr_Fa,5008,0.05,Lewis_R_Su,5008,0.04
Area126 (09) troll 141 1033,,Sixes_R,5011,0.78,Coos_H,5011,0.14,S_Coos_R,5011,0.04,Elk_H,5011,0.02,S_Umpqua_H,5011,0.01
Area126 (09) troll 141 1034,,S_Umpqua_H,5011,0.87,S_Coos_R,5011,0.11,Skagit_R,5016,0.00,Coos_H,5011,0.00,Forks_Cr_H,5028,0.00
Area126 (09) troll 141 1035,,Coos_H,5011,0.46,S_Umpqua_H,5011,0.46,S_Coos_R,5011,0.04,Coquille_R,5011,0.03,Sixes_R,5011,0.01
Area126 (09) troll 141 1036,,Wenatchee_R_SF,5026,0.64,Hanford_Reach,5026,0.21,Nez_PerceT_H,5021,0.06,Methow_R,5026,0.05,Priest_Rapid_H,5026,0.03
Area126 (09) troll 141 1037,,Chilliwack_F,3,0.98,Harrison,3,0.02,,,,,,,,,
Area126 (09) troll 141 1038,,South_Thom,5,0.96,Little_R,5,0.04,L_Thompson,5,0.00,Harrison,3,0.00,Bowron,1,0.00
Area126 (09) troll 141 1039,,Washougal_R_Fa,5008,0.92,Lewis_R_Su,5008,0.07,Green_R_Fa,5008,0.00,Spring_Cr_col,5030,0.00,Cowlitz_H_fa,5008,0.00
Area126 (09) troll 141 1040,,Bowron,1,0.72,U_Cariboo,2,0.13,Slim_C,1,0.10,Stuart,2,0.03,Nechako,2,0.01
Area126 (09) troll 141 1041,,Sixes_R,5011,0.98,Elk_H,5011,0.02,S_Coos_R,5011,0.00,S_Umpqua_H,5011,0.00,Coos_H,5011,0.00
Area126 (09) troll 141 1042,,Wells_H,5026,0.59,Priest_Rapid_H,5026,0.20,Hanford_Reach,5026,0.17,Nez_PerceT_H,5021,0.02,Skagit_R,5016,0.01
Area126 (09) troll 141 1043,,Wenatchee_R_SF,5026,0.68,Umatilla_H_Fa,5026,0.18,Hanford_Reach,5026,0.06,Wells_H,5026,0.05,Methow_R,5026,0.02
Area126 (09) troll 141 1044,,Washougal_R_Fa,5008,0.51,Big_Cr_H_Col,5030,0.45,Cowlitz_H_fa,5008,0.02,Abernathy_NFH_F,5008,0.01,Elochoman_H,5030,0.01
Area126 (09) troll 141 1045,,Stuart,2,0.57,Harrison,3,0.14,Slim_C,1,0.08,Clearwater,4,0.06,Chilko,2,0.04
Area126 (09) troll 141 1046,,Puntledge_F,7,0.99,Clear_Cr_H,5020,0.00,Big_Qualicum,7,0.00,Samish_H,5016,0.00,Nanaimo_SU,7,0.00
Area126 (09) troll 141 1047,,Spring_Cr_col,5030,0.83,Big_Cr_H_Col,5030,0.12,Washougal_R_Fa,5008,0.02,Abernathy_NFH_F,5008,0.01,Elochoman_H,5030,0.01
Area126 (09) troll 141 1048,,South_Thom,5,0.92,L_Thompson,5,0.05,Little_R,5,0.03,Skagit_R,5016,0.01,Nanaimo_SP,7,0.00
Area126 (09) troll 141 984,,Cedar_R_SuFa,5020,0.42,George_Adams_H,5005,0.23,Grovers_Cr_H,5020,0.15,S_Prairie_Cr,5020,0.08,Clear_Cr_H,5020,0.06
Area126 (09) troll 141 985,,George_Adams_H,5005,0.58,Clear_Cr_H,5020,0.35,NF_Skokomish_F,5005,0.03,Cedar_R_SuFa,5020,0.01,S_Prairie_Cr,5020,0.01
Area126 (09) troll 141 986,,S_Prairie_Cr,5020,0.34,Snoqualmie_R,5016,0.18,NF_Skokomish_F,5005,0.18,George_Adams_H,5005,0.15,L_Skagit_R_Fa,5016,0.09
Area126 (09) troll 141 987,,Skagit_R,5016,0.56,Snoqualmie_R,5016,0.20,L_Thompson,5,0.07,Kildala,10,0.07,L_Skagit_R_Fa,5016,0.03
Area126 (09) troll 141 988,,Wenatchee_R_SF,5026,0.72,Priest_Rapid_H,5026,0.18,Umatilla_H_Fa,5026,0.04,Wells_H,5026,0.03,Hanford_Reach,5026,0.02
Area126 (09) troll 141 989,,George_Adams_H,5005,0.51,Snoqualmie_R,5016,0.21,Cedar_R_SuFa,5020,0.11,Grovers_Cr_H,5020,0.10,L_Skagit_R_Fa,5016,0.02
Area126 (09) troll 141 990,,Umpqua_H,5011,0.64,Cowlitz_H_fa,5008,0.10,Abernathy_Cr_Fa,5008,0.07,Big_Cr_H_Col,5030,0.04,Green_R_Fa,5008,0.03
Area126 (09) troll 141 991,,Hanford_Reach,5026,0.57,Priest_Rapid_H,5026,0.30,Wells_H,5026,0.07,Umatilla_H_Fa,5026,0.02,Sandy_R,5008,0.01
Area126 (09) troll 141 992,,Chilliwack_F,3,1.00,Harrison,3,0.00,,,,,,,,,
Area126 (09) troll 141 993,,Morice_R,21,0.95,Otsi_Cr,19,0.04,Teigen,11,0.00,Tseta,17,0.00,Kitsumkalum_R,23,0.00
Area126 (09) troll 141 994,,South_Thom,5,0.60,L_Thompson,5,0.22,Clear_Cr_H,5020,0.05,Skagit_R,5016,0.05,Little_R,5,0.03
Area126 (09) troll 141 995,,Harrison,3,0.91,Chilliwack_F,3,0.09,Snoqualmie_R,5016,0.00,,,,,,
Area126 (09) troll 141 996,,Harrison,3,0.97,Umpqua_H,5011,0.02,Robertson,8,0.00,Gold_R,8,0.00,L_Thompson,5,0.00
Area126 (09) troll 141 997,,Harrison,3,0.96,Snoqualmie_R,5016,0.02,Chilliwack_F,3,0.01,Skagit_R,5016,0.01,L_Skagit_R_Fa,5016,0.00
Area126 (09) troll 141 998,,Chilliwack_F,3,0.90,Harrison,3,0.10,Umpqua_H,5011,0.00,Elochoman_H,5030,0.00,Abernathy_Cr_Fa,5008,0.00
Area126 (09) troll 141 999,,Spring_Cr_col,5030,0.95,Washougal_R_Fa,5008,0.02,Abernathy_NFH_F,5008,0.02,Elochoman_H,5030,0.01,Lewis_R_Su,5008,0.00
Area126 (09) troll 145 1049,,Hanford_Reach,5026,0.40,Wenatchee_R_SF,5026,0.27,Nez_PerceT_H,5021,0.07,Methow_R,5026,0.06,Priest_Rapid_H,5026,0.05
Area126 (09) troll 145 1050,,Wells_H,5026,0.23,Priest_Rapid_H,5026,0.21,Nez_PerceT_H,5021,0.18,Hanford_Reach,5026,0.16,Wenatchee_R_SF,5026,0.08
Area126 (09) troll 145 1051,,Umatilla_H_Fa,5026,0.88,Grovers_Cr_H,5020,0.05,L_Deschutes_R,5004,0.01,S_Coos_R,5011,0.01,Hanford_Reach,5026,0.01
Area126 (09) troll 145 1052,,Washougal_R_Fa,5008,0.81,Cowlitz_H_fa,5008,0.13,Abernathy_Cr_Fa,5008,0.04,Elochoman_R_Fa,5008,0.02,Green_R_Fa,5008,0.01
Area126 (09) troll 145 1053,,Bowron,1,0.83,Slim_C,1,0.13,U_Cariboo,2,0.03,Holmes,1,0.00,Willow_R,1,0.00
Area126 (09) troll 145 1054,,Lewis_R_Su,5008,0.98,Washougal_R_Fa,5008,0.01,Abernathy_Cr_Fa,5008,0.00,Cowlitz_H_fa,5008,0.00,Hanford_Reach,5026,0.00
Area126 (09) troll 145 1055,,Hanford_Reach,5026,0.38,Wenatchee_R_SF,5026,0.21,Priest_Rapid_H,5026,0.18,Wells_H,5026,0.07,Umatilla_H_Fa,5026,0.05
Area126 (09) troll 145 1056,,Skagit_R,5016,0.28,U_Sauk_R_SpSu,5016,0.20,L_Skagit_R_Fa,5016,0.17,Snoqualmie_R,5016,0.12,U_Skagit_R,5016,0.05
Area126 (09) troll 145 1057,,Hanford_Reach,5026,0.74,L_Deschutes_R,5004,0.24,Priest_Rapids_H,5026,0.01,Priest_Rapid_H,5026,0.00,Umatilla_H_Fa,5026,0.00
Area126 (09) troll 145 1058,,Priest_Rapid_H,5026,0.59,Hanford_Reach,5026,0.20,Wenatchee_R_SF,5026,0.10,Umatilla_H,5026,0.06,Nez_PerceT_H,5021,0.04
Area126 (09) troll 145 1059,,Samish_H,5016,0.43,Cedar_R_SuFa,5020,0.27,George_Adams_H,5005,0.12,S_Prairie_Cr,5020,0.11,Soos_H,5020,0.02
Area126 (09) troll 145 1060,,McKenzie_H,5029,0.95,N_Santiam_H,5029,0.05,,,,,,,,,
Area126 (09) troll 145 1061,,Harrison,3,0.71,George_Adams_H,5005,0.17,Skagit_R,5016,0.03,NF_Skokomish_F,5005,0.02,Clear_Cr_H,5020,0.02
Area126 (09) troll 145 1062,,Hanford_Reach,5026,0.61,Wells_H,5026,0.20,Priest_Rapid_H,5026,0.13,Umatilla_H_Fa,5026,0.05,Nez_PerceT_H,5021,0.00
Area126 (09) troll 145 1063,,Snoqualmie_R,5016,0.60,Clear_Cr_H,5020,0.15,Samish_H,5016,0.06,Cedar_R_SuFa,5020,0.05,S_Prairie_Cr,5020,0.04
Area126 (09) troll 145 1064,,Coos_H,5011,0.98,S_Coos_R,5011,0.01,L_Skagit_R_Fa,5016,0.00,Harrison,3,0.00,Lewis_R_Su,5008,0.00
Area126 (09) troll 145 1065,,Priest_Rapid_H,5026,0.94,Hanford_Reach,5026,0.03,L_Deschutes_R,5004,0.01,Wells_H,5026,0.01,Umatilla_H_Fa,5026,0.01
Area126 (09) troll 145 1066,,Clearwater,4,0.85,Harrison,3,0.06,Raft_R,4,0.04,N_Thom@Main,4,0.03,Finn,4,0.01
Area126 (09) troll 145 1067,,Harrison,3,0.80,Chilliwack_F,3,0.20,Grovers_Cr_H,5020,0.00,Snoqualmie_R,5016,0.00,,,
Area126 (09) troll 145 1068,,L_Thompson,5,0.79,South_Thom,5,0.20,Little_R,5,0.01,Kitlope,10,0.00,Chilliwack_F,3,0.00
Area126 (09) troll 145 1069,,Washougal_R_Fa,5008,0.95,Cowlitz_H_fa,5008,0.05,Abernathy_Cr_Fa,5008,0.00,Elochoman_H,5030,0.00,Green_R_Fa,5008,0.00
Area126 (09) troll 145 1070,,Puntledge_F,7,0.98,Chemainus,7,0.01,Cowichan,7,0.01,Big_Qualicum,7,0.00,Puntledge_BackX,7,0.00
Area126 (09) troll 145 1071,,Skagit_R,5016,0.42,George_Adams_H,5005,0.36,NF_Skokomish_F,5005,0.07,L_Skagit_R_Fa,5016,0.06,Samish_H,5016,0.03
Area126 (09) troll 145 1072,,Sixes_R,5011,0.98,Elk_H,5011,0.02,,,,,,,,,
Area126 (09) troll 145 1073,,Cedar_R_SuFa,5020,0.22,Clear_Cr_H,5020,0.12,S_Prairie_Cr,5020,0.10,Samish_H,5016,0.09,Grovers_Cr_H,5020,0.09
Area126 (09) troll 145 1074,,Cedar_R_SuFa,5020,0.94,S_Prairie_Cr,5020,0.05,Bear_Cr_SuFa,5020,0.00,Clear_Cr_H,5020,0.00,L_Skagit_R_Fa,5016,0.00
Area126 (09) troll 145 1075,,Clear_Cr_H,5020,0.67,S_Prairie_Cr,5020,0.07,Cedar_R_SuFa,5020,0.07,George_Adams_H,5005,0.05,Snoqualmie_R,5016,0.04
Area126 (09) troll 145 1076,,Abernathy_NFH_F,5008,0.49,Umatilla_H_Fa,5026,0.15,L_Deschutes_R,5004,0.14,Lewis_R_Su,5008,0.11,Spring_Cr_col,5030,0.02
Area126 (09) troll 145 1077,,Priest_Rapid_H,5026,0.64,Umatilla_H_Fa,5026,0.23,Wells_H,5026,0.05,Nez_PerceT_H,5021,0.04,Wenatchee_R_SF,5026,0.01
Area126 (09) troll 145 1078,,NF_Nooksack_H,5016,1.00,Skagit_R,5016,0.00,George_Adams_H,5005,0.00,Snoqualmie_R,5016,0.00,NF_Skokomish_F,5005,0.00
Area126 (09) troll 145 1079,,Chilliwack_F,3,0.52,Harrison,3,0.48,Priest_Rapid_H,5026,0.00,Skagit_R,5016,0.00,Snoqualmie_R,5016,0.00
Area126 (09) troll 145 1080,,Puntledge_F,7,0.68,Samish_H,5016,0.12,Cedar_R_SuFa,5020,0.07,Skagit_R,5016,0.06,Bear_Cr_SuFa,5020,0.03
Area126 (09) troll 145 1081,,L_Skagit_R_Fa,5016,0.50,Puntledge_F,7,0.48,Big_Qualicum,7,0.01,Samish_H,5016,0.01,Robertson,8,0.00
Area126 (09) troll 145 1082,,Wenatchee_R_SF,5026,0.87,Wells_H,5026,0.07,Priest_Rapid_H,5026,0.04,Hanford_Reach,5026,0.01,L_Deschutes_R,5004,0.01
Area126 (09) troll 145 1083,,Puntledge_F,7,0.98,Puntledge_BackX,7,0.01,Big_Qualicum,7,0.00,Coos_H,5011,0.00,George_Adams_H,5005,0.00
Area126 (09) troll 145 1084,,Hanford_Reach,5026,0.38,Priest_Rapid_H,5026,0.28,Wenatchee_R_SF,5026,0.20,Umatilla_H_Fa,5026,0.07,Methow_R,5026,0.03
Area126 (09) troll 145 1085,,Harrison,3,1.00,Chilliwack_F,3,0.00,,,,,,,,,
Area126 (09) troll 145 1086,,Morice_R,21,0.93,Owegee,11,0.04,Kitsumkalum_R,23,0.01,Babine,20,0.01,Kitwanga,22,0.01
Area126 (09) troll 145 1087,,Snoqualmie_R,5016,0.23,Clear_Cr_H,5020,0.20,L_Skagit_R_Fa,5016,0.20,S_Prairie_Cr,5020,0.11,George_Adams_H,5005,0.06
Area126 (09) troll 145 1088,,Snoqualmie_R,5016,0.34,NF_Skokomish_F,5005,0.22,L_Skagit_R_Fa,5016,0.21,Cedar_R_SuFa,5020,0.12,S_Prairie_Cr,5020,0.05
Area126 (09) troll 145 1089,,Stuart,2,0.49,Kitwanga,22,0.26,Otsi_Cr,19,0.04,Harrison,3,0.04,Kitimat,10,0.04
Area126 (09) troll 145 1090,,Harrison,3,0.51,Nitinat,8,0.28,Kaouk_R,8,0.05,Chilliwack_F,3,0.04,L_Skagit_R_Fa,5016,0.03
Area126 (09) troll 145 1091,,Wenatchee_R_SF,5026,0.55,L_Deschutes_R,5004,0.33,Priest_Rapid_H,5026,0.10,Harrison,3,0.01,Hanford_Reach,5026,0.00
Area126 (09) troll 145 1092,,Priest_Rapid_H,5026,0.65,Hanford_Reach,5026,0.26,Wenatchee_R_SF,5026,0.05,Umatilla_H_Fa,5026,0.03,Nez_PerceT_H,5021,0.01
Area126 (09) troll 145 1093,,Chilliwack_F,3,0.78,Harrison,3,0.22,Chilliwac@Stav,3,0.00,,,,,,
Area126 (09) troll 145 1094,,South_Thom,5,0.79,L_Thompson,5,0.19,Little_R,5,0.02,,,,,,
Area126 (09) troll 145 1095,,Owegee,11,0.27,Kitwanga,22,0.20,Otsi_Cr,19,0.20,Teigen,11,0.05,Harrison,3,0.05
Area126 (09) troll 145 1096,,Samish_H,5016,0.56,Snoqualmie_R,5016,0.10,Bear_Cr_SuFa,5020,0.09,L_Skagit_R_Fa,5016,0.09,Cedar_R_SuFa,5020,0.07
Area126 (09) troll 145 1097,,Skagit_R,5016,0.49,Green_R_Fa,5008,0.22,Snoqualmie_R,5016,0.08,Hanford_Reach,5026,0.08,Elochoman_H,5030,0.03
Area126 (09) troll 145 1098,,Hanford_Reach,5026,0.35,Nez_PerceT_H,5021,0.15,Wenatchee_R_SF,5026,0.13,Wells_H,5026,0.08,Lewis_R_Su,5008,0.07
Area126 (09) troll 145 1099,,Priest_Rapid_H,5026,0.48,Wells_H,5026,0.37,Hanford_Reach,5026,0.07,Umatilla_H_Fa,5026,0.05,L_Deschutes_R,5004,0.02
Area126 (09) troll 145 1100,,Trask_R,5015,1.00,Alsea_R,5015,0.00,S_Coos_R,5011,0.00,Kitsumkalum_R,23,0.00,Hoh_R,5028,0.00
Area126 (09) troll 145 1101,,Kaouk_R,8,0.61,Zeballos,8,0.32,Burman,8,0.02,Tahsis,8,0.02,Conuma,8,0.01
Area126 (09) troll 145 1102,,Nehalem_R,5015,1.00,,,,,,,,,,,,
Area126 (09) troll 145 1103,,Lewis_R_Su,5008,0.84,Washougal_R_Fa,5008,0.16,Elochoman_R_Fa,5008,0.00,Abernathy_Cr_Fa,5008,0.00,Green_R_Fa,5008,0.00
Area126 (09) troll 16 1,,Cowlitz_H_fa,5008,0.95,Washougal_R_Fa,5008,0.04,Wells_H,5026,0.00,Priest_Rapid_H,5026,0.00,Sandy_R,5008,0.00
Area126 (09) troll 16 10,,Wenatchee_R_SF,5026,0.50,Wells_H,5026,0.27,Umatilla_H_Fa,5026,0.17,Methow_R,5026,0.04,Priest_Rapid_H,5026,0.01
Area126 (09) troll 16 100,,Umatilla_H_Fa,5026,0.99,Hanford_Reach,5026,0.01,Priest_Rapid_H,5026,0.00,Umatilla_H,5026,0.00,Nez_PerceT_H,5021,0.00
Area126 (09) troll 16 101,,Skagit_R,5016,0.23,L_Skagit_R_Fa,5016,0.18,S_Prairie_Cr,5020,0.17,Snoqualmie_R,5016,0.15,George_Adams_H,5005,0.07
Area126 (09) troll 16 102,,Skagit_R,5016,0.91,Snoqualmie_R,5016,0.04,L_Skagit_R_Fa,5016,0.02,U_Sauk_R_SpSu,5016,0.01,NF_Skokomish_F,5005,0.00
Area126 (09) troll 16 103,,Washougal_R_Fa,5008,0.46,Lewis_R_Su,5008,0.29,Cowlitz_H_fa,5008,0.22,Green_R_Fa,5008,0.02,Cowlitz_H_sp,5009,0.01
Area126 (09) troll 16 104,,Nez_PerceT_H,5021,0.38,Washougal_R_Fa,5008,0.23,Lewis_R_Su,5008,0.13,Cowlitz_H_fa,5008,0.10,Hanford_Reach,5026,0.06
Area126 (09) troll 16 105,,N_Santiam_H,5029,0.92,McKenzie_H,5029,0.07,S_Umpqua_H,5011,0.01,U_Skagit_R,5016,0.00,Snoqualmie_R,5016,0.00
Area126 (09) troll 16 106,,L_Thompson,5,0.93,South_Thom,5,0.04,Little_R,5,0.01,Hanford_Reach,5026,0.01,Wenatchee_R_SF,5026,0.00
Area126 (09) troll 16 11,,George_Adams_H,5005,0.89,NF_Skokomish_F,5005,0.09,Clear_Cr_H,5020,0.01,Samish_H,5016,0.00,Grovers_Cr_H,5020,0.00
Area126 (09) troll 16 12,,Wenatchee_R_SF,5026,0.77,Wells_H,5026,0.13,Priest_Rapid_H,5026,0.04,Methow_R,5026,0.03,Hanford_Reach,5026,0.02
Area126 (09) troll 16 13,,Priest_Rapid_H,5026,0.55,Hanford_Reach,5026,0.22,Wells_H,5026,0.12,Wenatchee_R_SF,5026,0.10,Priest_Rapids_H,5026,0.01
Area126 (09) troll 16 14,,Wells_H,5026,0.38,Umatilla_H_Fa,5026,0.36,Priest_Rapid_H,5026,0.16,Hanford_Reach,5026,0.04,Wenatchee_R_SF,5026,0.04
Area126 (09) troll 16 15,,Puntledge_F,7,0.97,Cowichan,7,0.03,Big_Qualicum,7,0.00,Puntledge_BackX,7,0.00,L_Qualicum,7,0.00
Area126 (09) troll 16 16,,Clear_Cr_H,5020,0.26,Snoqualmie_R,5016,0.26,Harrison,3,0.25,L_Skagit_R_Fa,5016,0.10,S_Prairie_Cr,5020,0.07
Area126 (09) troll 16 17,,Wells_H,5026,0.89,Wenatchee_R_SF,5026,0.09,Priest_Rapid_H,5026,0.01,Hanford_Reach,5026,0.00,Priest_Rapids_H,5026,0.00
Area126 (09) troll 16 18,,Spring_Cr_col,5030,0.92,Big_Cr_H_Col,5030,0.04,Abernathy_NFH_F,5008,0.04,Elochoman_H,5030,0.00,Abernathy_Cr_Fa,5008,0.00
Area126 (09) troll 16 19,,L_Thompson,5,0.76,Harrison,3,0.16,South_Thom,5,0.04,Little_R,5,0.03,Bessette,5,0.01
Area126 (09) troll 16 2,,NF_Skokomish_F,5005,0.46,George_Adams_H,5005,0.38,Grovers_Cr_H,5020,0.13,Snoqualmie_R,5016,0.01,Puntledge_F,7,0.00
Area126 (09) troll 16 20,,Umatilla_H_Fa,5026,0.72,Wells_H,5026,0.20,Nez_PerceT_H,5021,0.05,Priest_Rapid_H,5026,0.02,L_Deschutes_R,5004,0.00
Area126 (09) troll 16 21,,Chilliwack_F,3,0.57,Harrison,3,0.43,Snoqualmie_R,5016,0.00,,,,,,
Area126 (09) troll 16 22,,Clear_Cr_H,5020,0.54,Cedar_R_SuFa,5020,0.12,S_Prairie_Cr,5020,0.10,NF_Skokomish_F,5005,0.07,George_Adams_H,5005,0.05
Area126 (09) troll 16 23,,Priest_Rapid_H,5026,0.68,Hanford_Reach,5026,0.26,Umatilla_H_Fa,5026,0.03,L_Deschutes_R,5004,0.01,Methow_R,5026,0.00
Area126 (09) troll 16 24,,Hanford_Reach,5026,0.52,Nez_PerceT_H,5021,0.45,Priest_Rapid_H,5026,0.01,Umatilla_H_Fa,5026,0.01,L_Deschutes_R,5004,0.01
Area126 (09) troll 16 25,,Samish_H,5016,0.58,George_Adams_H,5005,0.10,Snoqualmie_R,5016,0.08,Bear_Cr_SuFa,5020,0.07,Soos_H,5020,0.06
Area126 (09) troll 16 26,,Wenatchee_R_SF,5026,0.91,Wells_H,5026,0.07,Priest_Rapid_H,5026,0.01,Methow_R,5026,0.00,Umatilla_H_Fa,5026,0.00
Area126 (09) troll 16 27,,George_Adams_H,5005,0.57,Cedar_R_SuFa,5020,0.23,Clear_Cr_H,5020,0.08,Snoqualmie_R,5016,0.04,Samish_H,5016,0.04
Area126 (09) troll 16 28,,George_Adams_H,5005,0.81,Clear_Cr_H,5020,0.15,Grovers_Cr_H,5020,0.03,NF_Skokomish_F,5005,0.01,Puntledge_F,7,0.00
Area126 (09) troll 16 29,,Clear_Cr_H,5020,0.75,Skagit_R,5016,0.14,Samish_H,5016,0.03,Snoqualmie_R,5016,0.01,S_Prairie_Cr,5020,0.01
Area126 (09) troll 16 3,,George_Adams_H,5005,0.84,S_Prairie_Cr,5020,0.07,Clear_Cr_H,5020,0.04,NF_Skokomish_F,5005,0.02,Samish_H,5016,0.01
Area126 (09) troll 16 30,,Wells_H,5026,0.50,Priest_Rapid_H,5026,0.22,Methow_R,5026,0.08,Wenatchee_R_SF,5026,0.07,Hanford_Reach,5026,0.04
Area126 (09) troll 16 31,,Spring_Cr_col,5030,0.94,Washougal_R_Fa,5008,0.03,Big_Cr_H_Col,5030,0.02,Elochoman_H,5030,0.01,Abernathy_NFH_F,5008,0.01
Area126 (09) troll 16 32,,Snoqualmie_R,5016,0.69,L_Skagit_R_Fa,5016,0.19,Kildala,10,0.07,Harrison,3,0.01,S_Prairie_Cr,5020,0.01
Area126 (09) troll 16 33,,Umpqua_H,5011,0.99,McKenzie_H,5029,0.01,S_Umpqua_H,5011,0.00,Cole_Rivers_H,5019,0.00,Queets_R,5028,0.00
Area126 (09) troll 16 34,,Lewis_R_Su,5008,0.88,Cowlitz_H_fa,5008,0.10,Washougal_R_Fa,5008,0.01,Cowlitz_H_sp,5009,0.00,Abernathy_Cr_Fa,5008,0.00
Area126 (09) troll 16 35,,Wenatchee_R_SF,5026,0.82,Wells_H,5026,0.12,Hanford_Reach,5026,0.03,Priest_Rapid_H,5026,0.02,Methow_R,5026,0.01
Area126 (09) troll 16 36,,Lewis_R_Su,5008,0.70,Abernathy_Cr_Fa,5008,0.20,Washougal_R_Fa,5008,0.03,Sandy_R,5008,0.02,Elochoman_H,5030,0.01
Area126 (09) troll 16 37,,George_Adams_H,5005,0.86,Clear_Cr_H,5020,0.10,Cedar_R_SuFa,5020,0.01,Puntledge_F,7,0.01,Samish_H,5016,0.01
Area126 (09) troll 16 38,,Washougal_R_Fa,5008,0.64,Lewis_R_Su,5008,0.33,Cowlitz_H_fa,5008,0.01,Green_R_Fa,5008,0.01,Elochoman_H,5030,0.00
Area126 (09) troll 16 39,,Snoqualmie_R,5016,0.37,L_Skagit_R_Fa,5016,0.22,Clear_Cr_H,5020,0.16,S_Prairie_Cr,5020,0.08,Cedar_R_SuFa,5020,0.05
Area126 (09) troll 16 4,,Cowlitz_H_fa,5008,0.36,Green_R_Fa,5008,0.28,Washougal_R_Fa,5008,0.17,Elochoman_H,5030,0.07,Abernathy_Cr_Fa,5008,0.03
Area126 (09) troll 16 40,,Washougal_R_Fa,5008,0.92,Abernathy_Cr_Fa,5008,0.03,Lewis_R_Su,5008,0.03,Cowlitz_H_fa,5008,0.01,Abernathy_NFH_F,5008,0.01
Area126 (09) troll 16 41,,Cowlitz_H_fa,5008,0.42,Washougal_R_Fa,5008,0.33,Green_R_Fa,5008,0.20,Cowlitz_H_sp,5009,0.02,Lewis_R_Su,5008,0.02
Area126 (09) troll 16 42,,Harrison,3,0.70,Chilliwack_F,3,0.30,,,,,,,,,
Area126 (09) troll 16 43,,Cedar_R_SuFa,5020,0.47,Samish_H,5016,0.20,NF_Skokomish_F,5005,0.13,Bear_Cr_SuFa,5020,0.10,George_Adams_H,5005,0.05
Area126 (09) troll 16 44,,L_Skagit_R_Fa,5016,0.34,Kaouk_R,8,0.22,Nitinat,8,0.18,Skagit_R,5016,0.07,U_Sauk_R_SpSu,5016,0.06
Area126 (09) troll 16 45,,Wells_H,5026,0.40,Priest_Rapid_H,5026,0.19,Wenatchee_R_SF,5026,0.13,Hanford_Reach,5026,0.07,L_Deschutes_R,5004,0.05
Area126 (09) troll 16 46,,Wells_H,5026,0.47,Wenatchee_R_SF,5026,0.39,Methow_R,5026,0.05,Priest_Rapid_H,5026,0.05,Hanford_Reach,5026,0.03
Area126 (09) troll 16 47,,Nez_PerceT_H,5021,0.85,Hanford_Reach,5026,0.06,Priest_Rapid_H,5026,0.04,Wenatchee_R_SF,5026,0.03,Wells_H,5026,0.01
Area126 (09) troll 16 48,,Lewis_R_Su,5008,0.47,Abernathy_Cr_Fa,5008,0.28,Elochoman_H,5030,0.12,Washougal_R_Fa,5008,0.06,Green_R_Fa,5008,0.06
Area126 (09) troll 16 49,,Umatilla_H_Fa,5026,0.94,Hanford_Reach,5026,0.05,Nez_PerceT_H,5021,0.00,Priest_Rapid_H,5026,0.00,Umatilla_H,5026,0.00
Area126 (09) troll 16 5,,Big_Cr_H_Col,5030,0.83,Washougal_R_Fa,5008,0.11,Green_R_Fa,5008,0.02,Elochoman_H,5030,0.01,Abernathy_NFH_F,5008,0.01
Area126 (09) troll 16 50,,Skagit_R,5016,0.82,Marblemount_HSp,5016,0.09,U_Sauk_R_SpSu,5016,0.05,U_Sauk_R,5016,0.01,Snoqualmie_R,5016,0.01
Area126 (09) troll 16 51,,Puntledge_F,7,1.00,Big_Qualicum,7,0.00,Grovers_Cr_H,5020,0.00,,,,,,
Area126 (09) troll 16 52,,Washougal_R_Fa,5008,0.85,Green_R_Fa,5008,0.14,Hanford_Reach,5026,0.01,Cowlitz_H_fa,5008,0.00,Sandy_R,5008,0.00
Area126 (09) troll 16 53,,Hanford_Reach,5026,0.29,Umatilla_H_Fa,5026,0.27,Priest_Rapid_H,5026,0.17,Wenatchee_R_SF,5026,0.12,Methow_R,5026,0.06
Area126 (09) troll 16 54,,Wells_H,5026,0.28,Wenatchee_R_SF,5026,0.26,Priest_Rapid_H,5026,0.21,Nez_PerceT_H,5021,0.16,Hanford_Reach,5026,0.06
Area126 (09) troll 16 55,,George_Adams_H,5005,0.70,NF_Skokomish_F,5005,0.26,Clear_Cr_H,5020,0.01,Snoqualmie_R,5016,0.01,Soos_H,5020,0.01
Area126 (09) troll 16 56,,Hanford_Reach,5026,0.55,Priest_Rapid_H,5026,0.18,Wenatchee_R_SF,5026,0.18,Nez_PerceT_H,5021,0.05,Umatilla_H_Fa,5026,0.01
Area126 (09) troll 16 57,,Grovers_Cr_H,5020,0.88,George_Adams_H,5005,0.11,Snoqualmie_R,5016,0.01,Cedar_R_SuFa,5020,0.00,NF_Skokomish_F,5005,0.00
Area126 (09) troll 16 58,,Grovers_Cr_H,5020,0.45,NF_Skokomish_F,5005,0.31,George_Adams_H,5005,0.08,Snoqualmie_R,5016,0.05,Clear_Cr_H,5020,0.05
Area126 (09) troll 16 59,,George_Adams_H,5005,0.55,NF_Skokomish_F,5005,0.18,Clear_Cr_H,5020,0.17,Grovers_Cr_H,5020,0.09,Snoqualmie_R,5016,0.00
Area126 (09) troll 16 6,,Snoqualmie_R,5016,0.26,George_Adams_H,5005,0.20,S_Prairie_Cr,5020,0.18,Cedar_R_SuFa,5020,0.11,L_Skagit_R_Fa,5016,0.10
Area126 (09) troll 16 60,,Cedar_R_SuFa,5020,0.35,Clear_Cr_H,5020,0.24,George_Adams_H,5005,0.23,White_H,5020,0.10,Snoqualmie_R,5016,0.01
Area126 (09) troll 16 61,,NF_Nooksack_H,5016,1.00,,,,,,,,,,,,
Area126 (09) troll 16 62,,Umatilla_H_Fa,5026,0.35,Hanford_Reach,5026,0.29,Priest_Rapid_H,5026,0.24,Nez_PerceT_H,5021,0.08,L_Deschutes_R,5004,0.01
Area126 (09) troll 16 63,,George_Adams_H,5005,0.54,NF_Skokomish_F,5005,0.40,Snoqualmie_R,5016,0.03,Clear_Cr_H,5020,0.02,Samish_H,5016,0.01
Area126 (09) troll 16 64,,Clear_Cr_H,5020,0.33,Cedar_R_SuFa,5020,0.30,NF_Skokomish_F,5005,0.19,Grovers_Cr_H,5020,0.09,Samish_H,5016,0.06
Area126 (09) troll 16 65,,Umatilla_H_Fa,5026,0.24,L_Skagit_R_Fa,5016,0.13,S_Prairie_Cr,5020,0.10,Wells_H,5026,0.09,Priest_Rapid_H,5026,0.08
Area126 (09) troll 16 66,,Nez_PerceT_H,5021,0.24,L_Skagit_R_Fa,5016,0.21,Samish_H,5016,0.18,S_Prairie_Cr,5020,0.13,Clear_Cr_H,5020,0.09
Area126 (09) troll 16 67,,Spring_Cr_col,5030,0.96,Big_Cr_H_Col,5030,0.03,Abernathy_NFH_F,5008,0.01,Washougal_R_Fa,5008,0.00,Green_R_Fa,5008,0.00
Area126 (09) troll 16 68,,Wells_H,5026,0.56,Priest_Rapid_H,5026,0.31,Wenatchee_R_SF,5026,0.08,Hanford_Reach,5026,0.05,Methow_R,5026,0.00
Area126 (09) troll 16 69,,Wells_H,5026,0.87,Wenatchee_R_SF,5026,0.06,Hanford_Reach,5026,0.03,Green_R_Fa,5008,0.02,Priest_Rapid_H,5026,0.01
Area126 (09) troll 16 7,,Hanford_Reach,5026,0.46,Umatilla_H_Fa,5026,0.29,Priest_Rapid_H,5026,0.14,Nez_PerceT_H,5021,0.07,Methow_R,5026,0.02
Area126 (09) troll 16 70,,George_Adams_H,5005,0.47,Clear_Cr_H,5020,0.25,Grovers_Cr_H,5020,0.14,NF_Skokomish_F,5005,0.09,Cedar_R_SuFa,5020,0.03
Area126 (09) troll 16 71,,Big_Cr_H_Col,5030,0.81,Spring_Cr_col,5030,0.13,Elochoman_H,5030,0.03,Abernathy_NFH_F,5008,0.02,Abernathy_Cr_Fa,5008,0.00
Area126 (09) troll 16 72,,Wells_H,5026,0.54,Priest_Rapid_H,5026,0.33,Hanford_Reach,5026,0.05,Snoqualmie_R,5016,0.04,Wenatchee_R_SF,5026,0.02
Area126 (09) troll 16 73,,Spring_Cr_col,5030,0.84,Abernathy_NFH_F,5008,0.16,Big_Cr_H_Col,5030,0.00,Elochoman_H,5030,0.00,Cowlitz_H_fa,5008,0.00
Area126 (09) troll 16 74,,Spring_Cr_col,5030,0.97,Elochoman_H,5030,0.02,Abernathy_NFH_F,5008,0.00,Big_Cr_H_Col,5030,0.00,Green_R_Fa,5008,0.00
Area126 (09) troll 16 75,,Washougal_R_Fa,5008,0.75,Hanford_Reach,5026,0.11,S_Umpqua_H,5011,0.06,Abernathy_Cr_Fa,5008,0.02,Umpqua_H,5011,0.02
Area126 (09) troll 16 76,,Abernathy_NFH_F,5008,0.57,Big_Cr_H_Col,5030,0.41,Spring_Cr_col,5030,0.01,Abernathy_Cr_Fa,5008,0.00,Hanford_Reach,5026,0.00
Area126 (09) troll 16 77,,Skagit_R,5016,0.95,L_Skagit_R_Fa,5016,0.03,Coos_H,5011,0.01,Samish_H,5016,0.00,Cedar_R_SuFa,5020,0.00
Area126 (09) troll 16 78,,Priest_Rapid_H,5026,0.50,Hanford_Reach,5026,0.36,Umatilla_H_Fa,5026,0.09,Nez_PerceT_H,5021,0.02,Wells_H,5026,0.01
Area126 (09) troll 16 79,,Snoqualmie_R,5016,0.57,Skagit_R,5016,0.41,George_Adams_H,5005,0.01,U_Sauk_R_SpSu,5016,0.00,L_Skagit_R_Fa,5016,0.00
Area126 (09) troll 16 8,,Wenatchee_R_SF,5026,0.48,Hanford_Reach,5026,0.41,Priest_Rapid_H,5026,0.06,Wells_H,5026,0.02,Umatilla_H_Fa,5026,0.01
Area126 (09) troll 16 80,,Skagit_R,5016,0.43,Snoqualmie_R,5016,0.20,L_Skagit_R_Fa,5016,0.12,Hanford_Reach,5026,0.06,U_Sauk_R_SpSu,5016,0.04
Area126 (09) troll 16 81,,Abernathy_NFH_F,5008,0.76,Lewis_R_Su,5008,0.07,Hanford_Reach,5026,0.06,Cowlitz_H_fa,5008,0.03,Big_Cr_H_Col,5030,0.03
Area126 (09) troll 16 82,,Washougal_R_Fa,5008,1.00,Cowlitz_H_fa,5008,0.00,Abernathy_Cr_Fa,5008,0.00,,,,,,
Area126 (09) troll 16 83,,Cowlitz_H_fa,5008,0.55,Lewis_R_Su,5008,0.31,Cowlitz_H_sp,5009,0.10,Umpqua_H,5011,0.02,Washougal_R_Fa,5008,0.01
Area126 (09) troll 16 84,,Spring_Cr_col,5030,0.86,Big_Cr_H_Col,5030,0.07,Abernathy_NFH_F,5008,0.06,Abernathy_Cr_Fa,5008,0.01,Green_R_Fa,5008,0.00
Area126 (09) troll 16 85,,McKenzie_H,5029,0.68,N_Santiam_H,5029,0.32,Kalama_H_sp,5009,0.00,S_Umpqua_H,5011,0.00,,,
Area126 (09) troll 16 86,,Clear_Cr_H,5020,0.34,Cedar_R_SuFa,5020,0.16,Grovers_Cr_H,5020,0.09,Snoqualmie_R,5016,0.08,Samish_H,5016,0.06
Area126 (09) troll 16 87,,George_Adams_H,5005,0.90,NF_Skokomish_F,5005,0.04,Soos_H,5020,0.02,Snoqualmie_R,5016,0.01,Clear_Cr_H,5020,0.01
Area126 (09) troll 16 88,,Wells_H,5026,0.52,Wenatchee_R_SF,5026,0.43,Hanford_Reach,5026,0.02,Methow_R,5026,0.01,Priest_Rapid_H,5026,0.01
Area126 (09) troll 16 89,,Cedar_R_SuFa,5020,0.31,George_Adams_H,5005,0.20,Clear_Cr_H,5020,0.17,NF_Skokomish_F,5005,0.14,Grovers_Cr_H,5020,0.09
Area126 (09) troll 16 9,,Clear_Cr_H,5020,0.61,Samish_H,5016,0.15,Bear_Cr_SuFa,5020,0.06,S_Prairie_Cr,5020,0.05,George_Adams_H,5005,0.04
Area126 (09) troll 16 90,,Lewis_R_Su,5008,0.62,Coos_H,5011,0.20,Cowlitz_H_fa,5008,0.09,Washougal_R_Fa,5008,0.04,Queets_R,5028,0.02
Area126 (09) troll 16 91,,Cedar_R_SuFa,5020,0.88,Soos_H,5020,0.03,Samish_H,5016,0.03,S_Prairie_Cr,5020,0.02,Snoqualmie_R,5016,0.02
Area126 (09) troll 16 92,,Clear_Cr_H,5020,0.35,Grovers_Cr_H,5020,0.23,George_Adams_H,5005,0.16,Soos_H,5020,0.05,L_Skagit_R_Fa,5016,0.04
Area126 (09) troll 16 93,,Wenatchee_R_SF,5026,0.41,Wells_H,5026,0.22,Priest_Rapid_H,5026,0.15,Hanford_Reach,5026,0.13,Methow_R,5026,0.06
Area126 (09) troll 16 94,,Hanford_Reach,5026,0.74,Priest_Rapid_H,5026,0.14,Umatilla_H_Fa,5026,0.11,Nez_PerceT_H,5021,0.01,Wells_H,5026,0.00
Area126 (09) troll 16 95,,Umatilla_H_Fa,5026,0.85,Priest_Rapid_H,5026,0.13,Wells_H,5026,0.01,Hanford_Reach,5026,0.00,Methow_R,5026,0.00
Area126 (09) troll 16 96,,Priest_Rapid_H,5026,0.39,Umatilla_H_Fa,5026,0.29,Hanford_Reach,5026,0.18,Wells_H,5026,0.09,Nez_PerceT_H,5021,0.04
Area126 (09) troll 16 97,,Priest_Rapid_H,5026,0.57,Nez_PerceT_H,5021,0.32,Umatilla_H_Fa,5026,0.05,L_Deschutes_R,5004,0.02,Wells_H,5026,0.01
Area126 (09) troll 16 98,,Hanford_Reach,5026,0.38,L_Deschutes_R,5004,0.33,Priest_Rapid_H,5026,0.25,Umatilla_H_Fa,5026,0.04,Nez_PerceT_H,5021,0.00
Area126 (09) troll 16 99,,Harrison,3,0.74,Kitwanga,22,0.13,Skagit_R,5016,0.06,Kwinageese,11,0.01,U_Sauk_R_SpSu,5016,0.01
Area126 (09) troll 20 107,,George_Adams_H,5005,0.61,Grovers_Cr_H,5020,0.35,Cedar_R_SuFa,5020,0.02,S_Prairie_Cr,5020,0.01,NF_Skokomish_F,5005,0.01
Area126 (09) troll 20 108,,George_Adams_H,5005,0.28,NF_Skokomish_F,5005,0.23,Snoqualmie_R,5016,0.17,Clear_Cr_H,5020,0.09,L_Skagit_R_Fa,5016,0.07
Area126 (09) troll 20 109,,NF_Nooksack_H,5016,1.00,Lewis_R_Su,5008,0.00,L_Thompson,5,0.00,U_Skagit_R,5016,0.00,Skagit_R,5016,0.00
Area126 (09) troll 20 110,,NF_Nooksack_H,5016,0.44,Cedar_R_SuFa,5020,0.19,L_Skagit_R_Fa,5016,0.17,Skagit_R,5016,0.09,Samish_H,5016,0.03
Area126 (09) troll 20 111,,Washougal_R_Fa,5008,0.77,Elochoman_H,5030,0.21,Green_R_Fa,5008,0.00,Lewis_R_Su,5008,0.00,Abernathy_Cr_Fa,5008,0.00
Area126 (09) troll 20 112,,Harrison,3,0.47,Puntledge_F,7,0.21,Stuart,2,0.13,George_Adams_H,5005,0.08,South_Thom,5,0.03
Area126 (09) troll 20 113,,L_Skagit_R_Fa,5016,0.34,Snoqualmie_R,5016,0.29,Skagit_R,5016,0.14,Thornton,8,0.06,Robertson,8,0.06
Area126 (09) troll 20 114,,George_Adams_H,5005,0.70,Clear_Cr_H,5020,0.19,S_Prairie_Cr,5020,0.05,Cedar_R_SuFa,5020,0.02,NF_Skokomish_F,5005,0.01
Area126 (09) troll 20 115,,L_Deschutes_R,5004,0.48,Lewis_R_Su,5008,0.35,Green_R_Fa,5008,0.09,Cowlitz_H_fa,5008,0.05,Priest_Rapids_H,5026,0.01
Area126 (09) troll 20 116,,Wenatchee_R_SF,5026,0.62,Hanford_Reach,5026,0.21,Wells_H,5026,0.07,Priest_Rapid_H,5026,0.04,L_Deschutes_R,5004,0.02
Area126 (09) troll 20 117,,Spring_Cr_col,5030,0.57,Big_Cr_H_Col,5030,0.20,Elochoman_H,5030,0.09,Cowlitz_H_fa,5008,0.06,Green_R_Fa,5008,0.03
Area126 (09) troll 20 118,,Snoqualmie_R,5016,0.44,Skagit_R,5016,0.26,Clear_Cr_H,5020,0.20,S_Prairie_Cr,5020,0.04,S_Umpqua_H,5011,0.02
Area126 (09) troll 20 119,,Cowlitz_H_fa,5008,0.93,Lewis_R_Su,5008,0.07,Washougal_R_Fa,5008,0.00,Abernathy_Cr_Fa,5008,0.00,Cowlitz_H_sp,5009,0.00
Area126 (09) troll 20 120,,George_Adams_H,5005,0.81,Clear_Cr_H,5020,0.08,NF_Skokomish_F,5005,0.06,Grovers_Cr_H,5020,0.02,Cedar_R_SuFa,5020,0.01
Area126 (09) troll 20 121,,Wells_H,5026,0.67,Priest_Rapid_H,5026,0.20,Harrison,3,0.07,Chilliwack_F,3,0.03,Hanford_Reach,5026,0.02
Area126 (09) troll 20 122,,Washougal_R_Fa,5008,0.43,Cowlitz_H_fa,5008,0.23,Green_R_Fa,5008,0.15,Big_Cr_H_Col,5030,0.06,Skagit_R,5016,0.05
Area126 (09) troll 20 123,,Spring_Cr_col,5030,0.82,Elochoman_H,5030,0.11,Big_Cr_H_Col,5030,0.04,Abernathy_NFH_F,5008,0.03,Cowlitz_H_fa,5008,0.00
Area126 (09) troll 20 124,,NF_Skokomish_F,5005,0.49,George_Adams_H,5005,0.42,Snoqualmie_R,5016,0.07,Clear_Cr_H,5020,0.00,Grovers_Cr_H,5020,0.00
Area126 (09) troll 20 125,,Washougal_R_Fa,5008,0.66,Spring_Cr_col,5030,0.12,Lewis_R_Su,5008,0.09,Cowlitz_H_fa,5008,0.09,Abernathy_Cr_Fa,5008,0.01
Area126 (09) troll 20 126,,Wells_H,5026,0.45,Hanford_Reach,5026,0.34,Priest_Rapid_H,5026,0.07,Umatilla_H,5026,0.05,L_Deschutes_R,5004,0.05
Area126 (09) troll 20 127,,George_Adams_H,5005,0.54,Clear_Cr_H,5020,0.18,NF_Skokomish_F,5005,0.12,Samish_H,5016,0.10,Soos_H,5020,0.02
Area126 (09) troll 20 128,,George_Adams_H,5005,0.39,NF_Skokomish_F,5005,0.31,Clear_Cr_H,5020,0.24,Cedar_R_SuFa,5020,0.02,L_Skagit_R_Fa,5016,0.01
Area126 (09) troll 20 129,,George_Adams_H,5005,0.45,NF_Skokomish_F,5005,0.36,Clear_Cr_H,5020,0.16,Grovers_Cr_H,5020,0.01,S_Prairie_Cr,5020,0.01
Area126 (09) troll 20 130,,Umatilla_H_Fa,5026,0.85,Wells_H,5026,0.06,Priest_Rapid_H,5026,0.03,L_Deschutes_R,5004,0.03,Nez_PerceT_H,5021,0.01
Area126 (09) troll 20 131,,Skagit_R,5016,0.98,U_Sauk_R_SpSu,5016,0.02,U_Skagit_R,5016,0.00,Snoqualmie_R,5016,0.00,L_Skagit_R_Fa,5016,0.00
Area126 (09) troll 20 132,,Hanford_Reach,5026,0.46,Wells_H,5026,0.21,Skagit_R,5016,0.16,Priest_Rapid_H,5026,0.08,Umatilla_H_Fa,5026,0.03
Area126 (09) troll 20 133,,Harrison,3,0.94,Chilliwack_F,3,0.06,Wells_H,5026,0.00,Umpqua_H,5011,0.00,,,
Area126 (09) troll 20 134,,Hanford_Reach,5026,0.36,Lewis_R_Su,5008,0.22,Wells_H,5026,0.15,Priest_Rapid_H,5026,0.09,Nez_PerceT_H,5021,0.08
Area126 (09) troll 20 135,,Harrison,3,0.87,Chilliwack_F,3,0.11,Skagit_R,5016,0.01,Morice_R,21,0.00,L_Skagit_R_Fa,5016,0.00
Area126 (09) troll 20 136,,Hanford_Reach,5026,0.86,Nez_PerceT_H,5021,0.11,Wells_H,5026,0.02,Umatilla_H_Fa,5026,0.01,Priest_Rapid_H,5026,0.00
Area126 (09) troll 20 137,,Clear_Cr_H,5020,0.23,Snoqualmie_R,5016,0.21,Harrison,3,0.21,NF_Skokomish_F,5005,0.15,Grovers_Cr_H,5020,0.12
Area126 (09) troll 20 138,,Wenatchee_R_SF,5026,0.95,Priest_Rapid_H,5026,0.03,Wells_H,5026,0.01,Hanford_Reach,5026,0.01,Methow_R,5026,0.00
Area126 (09) troll 20 139,,Grovers_Cr_H,5020,0.40,Skagit_R,5016,0.39,George_Adams_H,5005,0.07,Snoqualmie_R,5016,0.05,U_Sauk_R_SpSu,5016,0.02
Area126 (09) troll 20 140,,Big_Cr_H_Col,5030,0.68,Spring_Cr_col,5030,0.23,Elochoman_H,5030,0.02,Cowlitz_H_fa,5008,0.02,Abernathy_NFH_F,5008,0.02
Area126 (09) troll 20 141,,Clear_Cr_H,5020,0.58,Samish_H,5016,0.12,S_Prairie_Cr,5020,0.09,Bear_Cr_SuFa,5020,0.05,Soos_H,5020,0.04
Area126 (09) troll 20 142,,Harrison,3,0.99,Chilliwack_F,3,0.00,Skagit_R,5016,0.00,Samish_H,5016,0.00,Cedar_R_SuFa,5020,0.00
Area126 (09) troll 220 1104,,Spring_Cr_col,5030,0.85,Abernathy_NFH_F,5008,0.12,Washougal_R_Fa,5008,0.02,Big_Cr_H_Col,5030,0.01,Elochoman_H,5030,0.00
Area126 (09) troll 220 1105,,Harrison,3,0.81,Snoqualmie_R,5016,0.07,L_Skagit_R_Fa,5016,0.03,Chilliwack_F,3,0.02,Skagit_R,5016,0.02
Area126 (09) troll 220 1106,,Priest_Rapid_H,5026,0.41,Wells_H,5026,0.24,South_Thom,5,0.07,L_Thompson,5,0.06,Snoqualmie_R,5016,0.05
Area126 (09) troll 220 1107,,Coos_H,5011,0.77,S_Coos_R,5011,0.07,S_Umpqua_H,5011,0.05,Umpqua_H,5011,0.03,Trask_R,5015,0.01
Area126 (09) troll 220 1108,,Trask_R,5015,0.50,Coos_H,5011,0.26,Alsea_R,5015,0.19,S_Coos_R,5011,0.03,Sixes_R,5011,0.01
Area126 (09) troll 220 1109,,Coos_H,5011,0.38,Abernathy_Cr_Fa,5008,0.25,Forks_Cr_H,5028,0.11,Lewis_R_Su,5008,0.11,Elochoman_R_Fa,5008,0.09
Area126 (09) troll 220 1110,,Harrison,3,0.91,Skagit_R,5016,0.07,L_Skagit_R_Fa,5016,0.01,Raft_R,4,0.00,Finn,4,0.00
Area126 (09) troll 220 1111,,Hanford_Reach,5026,0.54,Wenatchee_R_SF,5026,0.20,L_Deschutes_R,5004,0.11,Priest_Rapid_H,5026,0.04,Nez_PerceT_H,5021,0.04
Area126 (09) troll 220 1112,,Forks_Cr_H,5028,0.44,L_Skagit_R_Fa,5016,0.27,Cedar_R_SuFa,5020,0.10,Clear_Cr_H,5020,0.06,Snoqualmie_R,5016,0.04
Area126 (09) troll 220 1113,,L_Thompson,5,0.30,L_Shuswap,5,0.29,Bessette,5,0.17,Little_R,5,0.09,South_Thom,5,0.08
Area126 (09) troll 220 1114,,Coos_H,5011,0.98,Trask_R,5015,0.02,Alsea_R,5015,0.00,L_Skagit_R_Fa,5016,0.00,Sixes_R,5011,0.00
Area126 (09) troll 220 1115,,Priest_Rapid_H,5026,0.48,Hanford_Reach,5026,0.18,Umatilla_H_Fa,5026,0.14,Wenatchee_R_SF,5026,0.06,Priest_Rapids_H,5026,0.04
Area126 (09) troll 27 143,,Cedar_R_SuFa,5020,0.26,Clear_Cr_H,5020,0.23,Snoqualmie_R,5016,0.19,S_Prairie_Cr,5020,0.08,Samish_H,5016,0.07
Area126 (09) troll 27 144,,Wenatchee_R_SF,5026,0.64,Wells_H,5026,0.22,Priest_Rapid_H,5026,0.06,Methow_R,5026,0.03,Hanford_Reach,5026,0.01
Area126 (09) troll 27 145,,NF_Skokomish_F,5005,0.50,Cedar_R_SuFa,5020,0.21,Clear_Cr_H,5020,0.18,Samish_H,5016,0.04,Snoqualmie_R,5016,0.03
Area126 (09) troll 27 146,,Sixes_R,5011,0.98,Elk_H,5011,0.01,Coos_H,5011,0.00,Washougal_R_Fa,5008,0.00,Elochoman_R_Fa,5008,0.00
Area126 (09) troll 27 147,,Priest_Rapid_H,5026,0.75,Hanford_Reach,5026,0.11,L_Deschutes_R,5004,0.04,Wells_H,5026,0.03,Nez_PerceT_H,5021,0.03
Area126 (09) troll 27 148,,Puntledge_F,7,0.58,Samish_H,5016,0.27,S_Prairie_Cr,5020,0.06,NF_Skokomish_F,5005,0.04,L_Skagit_R_Fa,5016,0.03
Area126 (09) troll 27 149,,Puntledge_F,7,0.98,Cowichan,7,0.02,Puntledge_BackX,7,0.00,Cheakamus_F,9,0.00,L_Qualicum,7,0.00
Area126 (09) troll 27 150,,Spring_Cr_col,5030,0.91,Priest_Rapid_H,5026,0.04,Washougal_R_Fa,5008,0.02,Hanford_Reach,5026,0.01,Wells_H,5026,0.01
Area126 (09) troll 27 151,,Clear_Cr_H,5020,0.47,Cedar_R_SuFa,5020,0.23,S_Prairie_Cr,5020,0.22,NF_Skokomish_F,5005,0.05,Samish_H,5016,0.01
Area126 (09) troll 27 152,,Wells_H,5026,0.94,Wenatchee_R_SF,5026,0.06,Hanford_Reach,5026,0.00,Methow_R,5026,0.00,Priest_Rapid_H,5026,0.00
Area126 (09) troll 27 153,,Spring_Cr_col,5030,0.99,Abernathy_NFH_F,5008,0.01,Abernathy_Cr_Fa,5008,0.00,Big_Cr_H_Col,5030,0.00,,,
Area126 (09) troll 27 154,,Hanford_Reach,5026,0.75,Priest_Rapid_H,5026,0.23,L_Deschutes_R,5004,0.01,Nez_PerceT_H,5021,0.01,Wells_H,5026,0.00
Area126 (09) troll 27 155,,Big_Cr_H_Col,5030,0.96,Spring_Cr_col,5030,0.02,Abernathy_NFH_F,5008,0.01,Elochoman_H,5030,0.01,Cowlitz_H_fa,5008,0.00
Area126 (09) troll 27 156,,Umatilla_H_Fa,5026,0.53,Priest_Rapid_H,5026,0.20,Wenatchee_R_SF,5026,0.12,Hanford_Reach,5026,0.10,Nez_PerceT_H,5021,0.02
Area126 (09) troll 27 157,,Umatilla_H_Fa,5026,0.46,Wells_H,5026,0.22,Hanford_Reach,5026,0.14,Priest_Rapid_H,5026,0.12,Umatilla_H,5026,0.03
Area126 (09) troll 27 158,,Trask_R,5015,0.61,Nehalem_R,5015,0.16,Coos_H,5011,0.14,Forks_Cr_H,5028,0.02,Lewis_R_Su,5008,0.02
Area126 (09) troll 27 159,,Hanford_Reach,5026,0.50,Wells_H,5026,0.18,Priest_Rapid_H,5026,0.17,Puntledge_F,7,0.04,Methow_R,5026,0.04
Area126 (09) troll 27 160,,Puntledge_F,7,0.63,S_Prairie_Cr,5020,0.19,Cedar_R_SuFa,5020,0.05,George_Adams_H,5005,0.04,Samish_H,5016,0.03
Area126 (09) troll 27 161,,Lewis_R_Su,5008,0.27,Snoqualmie_R,5016,0.20,Hanford_Reach,5026,0.19,Forks_Cr_H,5028,0.10,Priest_Rapid_H,5026,0.04
Area126 (09) troll 27 162,,Wenatchee_R_SF,5026,0.77,Wells_H,5026,0.11,Hanford_Reach,5026,0.07,Priest_Rapid_H,5026,0.04,Methow_R,5026,0.00
Area126 (09) troll 27 163,,N_Santiam_H,5029,0.36,Washougal_R_Fa,5008,0.17,Abernathy_Cr_Fa,5008,0.15,Lewis_R_Su,5008,0.11,Elochoman_H,5030,0.07
Area126 (09) troll 27 164,,Spring_Cr_col,5030,0.75,Elochoman_H,5030,0.24,Abernathy_NFH_F,5008,0.01,Washougal_R_Fa,5008,0.00,Big_Cr_H_Col,5030,0.00
Area126 (09) troll 27 165,,Wenatchee_R_SF,5026,0.71,Hanford_Reach,5026,0.18,Umatilla_H_Fa,5026,0.07,Wells_H,5026,0.03,Priest_Rapid_H,5026,0.01
Area126 (09) troll 27 166,,Spring_Cr_col,5030,0.71,Big_Cr_H_Col,5030,0.24,Abernathy_NFH_F,5008,0.04,Abernathy_Cr_Fa,5008,0.01,Elochoman_H,5030,0.00
Area126 (09) troll 27 167,,Wenatchee_R_SF,5026,0.84,Methow_R,5026,0.10,Umatilla_H_Fa,5026,0.03,Priest_Rapid_H,5026,0.01,Wells_H,5026,0.01
Area126 (09) troll 27 168,,Spring_Cr_col,5030,0.54,Cowlitz_H_fa,5008,0.17,Washougal_R_Fa,5008,0.16,Abernathy_NFH_F,5008,0.08,Elochoman_H,5030,0.02
Area126 (09) troll 27 169,,Cedar_R_SuFa,5020,0.28,Samish_H,5016,0.17,Clear_Cr_H,5020,0.14,Grovers_Cr_H,5020,0.14,George_Adams_H,5005,0.11
Area126 (09) troll 27 170,,Priest_Rapid_H,5026,0.34,Wells_H,5026,0.30,Wenatchee_R_SF,5026,0.28,Methow_R,5026,0.03,Hanford_Reach,5026,0.02
Area126 (09) troll 27 171,,Wenatchee_R_SF,5026,0.77,Priest_Rapid_H,5026,0.10,Wells_H,5026,0.07,Umatilla_H_Fa,5026,0.04,Hanford_Reach,5026,0.01
Area126 (09) troll 27 172,,Wenatchee_R_SF,5026,0.95,Priest_Rapid_H,5026,0.03,Wells_H,5026,0.02,Hanford_Reach,5026,0.01,Priest_Rapids_H,5026,0.00
Area126 (09) troll 27 173,,Washougal_R_Fa,5008,0.81,Big_Cr_H_Col,5030,0.07,Elochoman_H,5030,0.06,Cowlitz_H_fa,5008,0.03,Green_R_Fa,5008,0.01
Area126 (09) troll 27 174,,Spring_Cr_col,5030,0.98,Elochoman_H,5030,0.01,Abernathy_NFH_F,5008,0.00,Big_Cr_H_Col,5030,0.00,Abernathy_Cr_Fa,5008,0.00
Area126 (09) troll 27 175,,N_Santiam_H,5029,0.52,McKenzie_H,5029,0.47,Wenatchee_R_SF,5026,0.00,Hanford_Reach,5026,0.00,Umatilla_H_Fa,5026,0.00
Area126 (09) troll 27 176,,Grovers_Cr_H,5020,0.39,S_Prairie_Cr,5020,0.17,Cedar_R_SuFa,5020,0.14,Snoqualmie_R,5016,0.12,Skagit_R,5016,0.06
Area126 (09) troll 27 177,,NF_Skokomish_F,5005,0.27,S_Prairie_Cr,5020,0.21,George_Adams_H,5005,0.16,Cedar_R_SuFa,5020,0.13,Samish_H,5016,0.07
Area126 (09) troll 27 178,,S_Prairie_Cr,5020,0.53,Cedar_R_SuFa,5020,0.16,Grovers_Cr_H,5020,0.14,Soos_H,5020,0.03,Voights_H,5020,0.03
Area126 (09) troll 27 179,,Skagit_R,5016,0.90,Clear_Cr_H,5020,0.03,Snoqualmie_R,5016,0.03,U_Sauk_R_SpSu,5016,0.01,L_Skagit_R_Fa,5016,0.01
Area126 (09) troll 27 180,,Hanford_Reach,5026,0.46,Priest_Rapid_H,5026,0.28,Nez_PerceT_H,5021,0.23,Umatilla_H_Fa,5026,0.01,Wells_H,5026,0.01
Area126 (09) troll 27 181,,Priest_Rapid_H,5026,0.51,Hanford_Reach,5026,0.35,Umatilla_H_Fa,5026,0.04,L_Deschutes_R,5004,0.03,Wenatchee_R_SF,5026,0.02
Area126 (09) troll 27 182,,Harrison,3,0.90,Lewis_R_Su,5008,0.03,NF_Skokomish_F,5005,0.02,George_Adams_H,5005,0.01,Green_R_Fa,5008,0.01
Area126 (09) troll 27 183,,Chilliwack_F,3,1.00,Clear_Cr_H,5020,0.00,,,,,,,,,
Area126 (09) troll 27 184,,L_Deschutes_R,5004,0.64,Nez_PerceT_H,5021,0.25,U_Deschutes_R,5004,0.10,Umatilla_H_Fa,5026,0.00,Marion_Drain_Fa,5026,0.00
Area126 (09) troll 27 185,,Spring_Cr_col,5030,0.99,Abernathy_NFH_F,5008,0.01,Elochoman_H,5030,0.00,Big_Cr_H_Col,5030,0.00,Washougal_R_Fa,5008,0.00
Area126 (09) troll 27 186,,Lewis_R_Su,5008,0.65,Cowlitz_H_fa,5008,0.33,Green_R_Fa,5008,0.02,Abernathy_Cr_Fa,5008,0.00,Umpqua_H,5011,0.00
Area126 (09) troll 27 187,,Big_Cr_H_Col,5030,0.47,Spring_Cr_col,5030,0.43,Cowlitz_H_fa,5008,0.06,Elochoman_H,5030,0.02,Abernathy_Cr_Fa,5008,0.01
Area126 (09) troll 27 188,,Priest_Rapid_H,5026,0.35,Hanford_Reach,5026,0.25,Wells_H,5026,0.24,Wenatchee_R_SF,5026,0.09,Methow_R,5026,0.03
Area126 (09) troll 27 189,,Clear_Cr_H,5020,0.41,Cedar_R_SuFa,5020,0.28,Grovers_Cr_H,5020,0.16,Bear_Cr_SuFa,5020,0.06,George_Adams_H,5005,0.04
Area126 (09) troll 27 190,,George_Adams_H,5005,0.30,Clear_Cr_H,5020,0.27,S_Prairie_Cr,5020,0.15,Samish_H,5016,0.11,Cedar_R_SuFa,5020,0.09
Area126 (09) troll 27 191,,Clear_Cr_H,5020,0.37,George_Adams_H,5005,0.23,Cedar_R_SuFa,5020,0.17,NF_Skokomish_F,5005,0.08,Grovers_Cr_H,5020,0.04
Area126 (09) troll 27 192,,Washougal_R_Fa,5008,0.40,Green_R_Fa,5008,0.23,Lewis_R_Su,5008,0.17,Abernathy_Cr_Fa,5008,0.09,Cowlitz_H_fa,5008,0.08
Area126 (09) troll 27 193,,Samish_H,5016,0.56,Cedar_R_SuFa,5020,0.16,Clear_Cr_H,5020,0.10,S_Prairie_Cr,5020,0.09,Soos_H,5020,0.04
Area126 (09) troll 27 194,,White_H,5020,0.89,Hupp_Sp_H,5020,0.07,Skagit_R,5016,0.01,S_Prairie_Cr,5020,0.01,Grovers_Cr_H,5020,0.00
Area126 (09) troll 27 195,,Harrison,3,0.63,Chilliwack_F,3,0.29,Priest_Rapid_H,5026,0.04,L_Thompson,5,0.01,Wells_H,5026,0.01
Area126 (09) troll 27 196,,Wenatchee_R_SF,5026,0.31,Hanford_Reach,5026,0.22,Umatilla_H_Fa,5026,0.16,Priest_Rapid_H,5026,0.09,L_Deschutes_R,5004,0.06
Area126 (09) troll 27 197,,Spring_Cr_col,5030,0.72,Big_Cr_H_Col,5030,0.12,Abernathy_NFH_F,5008,0.08,Abernathy_Cr_Fa,5008,0.03,Elochoman_H,5030,0.02
Area126 (09) troll 27 198,,Priest_Rapid_H,5026,0.35,Wenatchee_R_SF,5026,0.22,Wells_H,5026,0.20,Hanford_Reach,5026,0.10,Skagit_R,5016,0.09
Area126 (09) troll 27 199,,Harrison,3,0.60,Chilliwack_F,3,0.33,Wells_H,5026,0.01,Hanford_Reach,5026,0.01,Wenatchee_R_SF,5026,0.01
Area126 (09) troll 27 200,,Skagit_R,5016,0.96,U_Sauk_R_SpSu,5016,0.01,Snoqualmie_R,5016,0.01,L_Skagit_R_Fa,5016,0.01,U_Sauk_R,5016,0.01
Area126 (09) troll 34 201,,Washougal_R_Fa,5008,0.86,Lewis_R_Su,5008,0.06,Cowlitz_H_fa,5008,0.05,Elochoman_H,5030,0.02,Elochoman_R_Fa,5008,0.00
Area126 (09) troll 34 202,,L_Skagit_R_Fa,5016,0.54,Cedar_R_SuFa,5020,0.24,Clear_Cr_H,5020,0.12,Soos_H,5020,0.06,Skagit_R,5016,0.02
Area126 (09) troll 34 203,,Spring_Cr_col,5030,0.82,Washougal_R_Fa,5008,0.09,Elochoman_H,5030,0.07,Abernathy_NFH_F,5008,0.02,Big_Cr_H_Col,5030,0.00
Area126 (09) troll 34 204,,McKenzie_H,5029,0.81,N_Santiam_H,5029,0.19,Hanford_Reach,5026,0.00,Priest_Rapid_H,5026,0.00,,,
Area126 (09) troll 34 205,,Spring_Cr_col,5030,0.83,Elochoman_H,5030,0.08,Abernathy_NFH_F,5008,0.03,Abernathy_Cr_Fa,5008,0.03,Big_Cr_H_Col,5030,0.02
Area126 (09) troll 34 206,,L_Deschutes_R,5004,0.81,Priest_Rapid_H,5026,0.10,Nez_PerceT_H,5021,0.03,Wells_H,5026,0.02,Umatilla_H_Fa,5026,0.01
Area126 (09) troll 34 207,,Spring_Cr_col,5030,0.58,Big_Cr_H_Col,5030,0.17,Abernathy_NFH_F,5008,0.12,Elochoman_H,5030,0.10,Abernathy_Cr_Fa,5008,0.03
Area126 (09) troll 34 208,,Harrison,3,0.99,Skagit_R,5016,0.00,L_Skagit_R_Fa,5016,0.00,Snoqualmie_R,5016,0.00,Chilliwack_F,3,0.00
Area126 (09) troll 34 209,,Wells_H,5026,0.60,Hanford_Reach,5026,0.24,Umatilla_H_Fa,5026,0.07,Priest_Rapid_H,5026,0.04,Umatilla_H,5026,0.02
Area126 (09) troll 36 210,,George_Adams_H,5005,0.81,Grovers_Cr_H,5020,0.05,NF_Skokomish_F,5005,0.04,Cedar_R_SuFa,5020,0.03,Samish_H,5016,0.03
Area126 (09) troll 36 211,,Marblemount_HSp,5016,0.53,U_Sauk_R_SpSu,5016,0.17,L_Skagit_R_Fa,5016,0.08,Priest_Rapid_H,5026,0.07,Skagit_R,5016,0.05
Area126 (09) troll 36 212,,NF_Nooksack_H,5016,0.50,Skagit_R,5016,0.46,Cedar_R_SuFa,5020,0.02,Snoqualmie_R,5016,0.01,L_Skagit_R_Fa,5016,0.00
Area126 (09) troll 36 213,,Snoqualmie_R,5016,0.47,NF_Skokomish_F,5005,0.25,S_Prairie_Cr,5020,0.19,Clear_Cr_H,5020,0.06,George_Adams_H,5005,0.02
Area126 (09) troll 36 214,,NF_Nooksack_H,5016,1.00,,,,,,,,,,,,
Area126 (09) troll 36 215,,Snoqualmie_R,5016,0.59,Skagit_R,5016,0.28,L_Skagit_R_Fa,5016,0.09,Skykomish_R,5016,0.02,Harrison,3,0.01
Area126 (09) troll 36 216,,Spring_Cr_col,5030,0.97,Big_Cr_H_Col,5030,0.03,Abernathy_NFH_F,5008,0.00,Elochoman_H,5030,0.00,Abernathy_Cr_Fa,5008,0.00
Area126 (09) troll 36 217,,Skagit_R,5016,0.88,Dungeness_R,5006,0.02,Wenatchee_R_SF,5026,0.02,U_Sauk_R_SpSu,5016,0.02,Hanford_Reach,5026,0.02
Area126 (09) troll 36 218,,NF_Nooksack_H,5016,1.00,,,,,,,,,,,,
Area126 (09) troll 36 219,,Puntledge_F,7,0.68,Hanford_Reach,5026,0.14,Priest_Rapid_H,5026,0.09,Umatilla_H_Fa,5026,0.05,Skagit_R,5016,0.01
Area126 (09) troll 36 220,,Grovers_Cr_H,5020,0.55,Snoqualmie_R,5016,0.13,Samish_H,5016,0.10,Cedar_R_SuFa,5020,0.09,George_Adams_H,5005,0.07
Area126 (09) troll 36 221,,Hanford_Reach,5026,0.69,Priest_Rapid_H,5026,0.12,Umatilla_H_Fa,5026,0.10,Skagit_R,5016,0.07,Samish_H,5016,0.00
Area126 (09) troll 36 222,,Skagit_R,5016,0.48,U_Sauk_R_SpSu,5016,0.16,S_Umpqua_H,5011,0.15,U_Skagit_R,5016,0.11,L_Skagit_R_Fa,5016,0.05
Area126 (09) troll 36 223,,Puntledge_F,7,0.99,Cowichan,7,0.00,Cedar_R_SuFa,5020,0.00,Big_Qualicum,7,0.00,Nanaimo_F,7,0.00
Area126 (09) troll 36 224,,Skagit_R,5016,0.94,Harrison,3,0.06,Marblemount_HSp,5016,0.00,Umatilla_H_Fa,5026,0.00,Snoqualmie_R,5016,0.00
Area126 (09) troll 36 225,,Clear_Cr_H,5020,0.53,Samish_H,5016,0.17,S_Prairie_Cr,5020,0.14,Cedar_R_SuFa,5020,0.04,Snoqualmie_R,5016,0.04
Area126 (09) troll 36 226,,Clear_Cr_H,5020,0.57,S_Prairie_Cr,5020,0.16,Cedar_R_SuFa,5020,0.06,Snoqualmie_R,5016,0.05,Grovers_Cr_H,5020,0.04
Area126 (09) troll 36 227,,Skagit_R,5016,0.56,Cedar_R_SuFa,5020,0.14,U_Sauk_R_SpSu,5016,0.13,S_Prairie_Cr,5020,0.09,Snoqualmie_R,5016,0.03
Area126 (09) troll 36 228,,Samish_H,5016,0.57,Cedar_R_SuFa,5020,0.18,Snoqualmie_R,5016,0.10,Bear_Cr_SuFa,5020,0.04,Clear_Cr_H,5020,0.04
Area126 (09) troll 36 229,,Skagit_R,5016,0.72,Marblemount_HSp,5016,0.19,U_Skagit_R,5016,0.06,U_Sauk_R_SpSu,5016,0.03,Snoqualmie_R,5016,0.00
Area126 (09) troll 36 230,,Harrison,3,0.76,L_Skagit_R_Fa,5016,0.09,Snoqualmie_R,5016,0.07,South_Thom,5,0.02,Skagit_R,5016,0.02
Area126 (09) troll 36 231,,Grovers_Cr_H,5020,0.45,L_Skagit_R_Fa,5016,0.26,George_Adams_H,5005,0.12,Soos_H,5020,0.06,S_Prairie_Cr,5020,0.05
Area126 (09) troll 36 232,,Clear_Cr_H,5020,0.33,Cedar_R_SuFa,5020,0.32,Skagit_R,5016,0.08,Bear_Cr_SuFa,5020,0.07,S_Prairie_Cr,5020,0.07
Area126 (09) troll 36 233,,NF_Nooksack_H,5016,1.00,,,,,,,,,,,,
Area126 (09) troll 36 234,,Samish_H,5016,0.42,Cedar_R_SuFa,5020,0.24,Clear_Cr_H,5020,0.12,George_Adams_H,5005,0.07,S_Prairie_Cr,5020,0.05
Area126 (09) troll 36 235,,Clear_Cr_H,5020,0.55,Cedar_R_SuFa,5020,0.17,George_Adams_H,5005,0.10,Samish_H,5016,0.09,Soos_H,5020,0.03
Area126 (09) troll 36 236,,Clear_Cr_H,5020,0.45,Snoqualmie_R,5016,0.15,L_Skagit_R_Fa,5016,0.08,Skagit_R,5016,0.06,NF_Skokomish_F,5005,0.05
Area126 (09) troll 36 237,,Skagit_R,5016,0.62,Marblemount_HSp,5016,0.29,NF_Nooksack_H,5016,0.07,U_Sauk_R_SpSu,5016,0.02,Harrison,3,0.00
Area126 (09) troll 36 238,,Snoqualmie_R,5016,0.57,L_Skagit_R_Fa,5016,0.32,Skagit_R,5016,0.11,U_Sauk_R_SpSu,5016,0.00,Harrison,3,0.00
Area126 (09) troll 36 239,,Snoqualmie_R,5016,0.31,Clear_Cr_H,5020,0.30,Grovers_Cr_H,5020,0.11,George_Adams_H,5005,0.07,Skagit_R,5016,0.06
Area126 (09) troll 36 240,,Cedar_R_SuFa,5020,0.46,Clear_Cr_H,5020,0.20,George_Adams_H,5005,0.13,S_Prairie_Cr,5020,0.12,NF_Skokomish_F,5005,0.04
Area126 (09) troll 36 241,,Puntledge_F,7,0.97,Cowichan,7,0.01,Puntledge_BackX,7,0.01,Nanaimo_SP,7,0.00,L_Qualicum,7,0.00
Area126 (09) troll 36 242,,Skagit_R,5016,0.99,Elochoman_R_Fa,5008,0.00,U_Skagit_R,5016,0.00,U_Sauk_R_SpSu,5016,0.00,L_Sauk_R,5016,0.00
Area126 (09) troll 36 243,,Skagit_R,5016,0.93,Snoqualmie_R,5016,0.03,U_Sauk_R_SpSu,5016,0.02,Harrison,3,0.01,L_Skagit_R_Fa,5016,0.00
Area126 (09) troll 36 244,,McKenzie_H,5029,0.26,Snoqualmie_R,5016,0.23,L_Skagit_R_Fa,5016,0.16,Samish_H,5016,0.08,Skagit_R,5016,0.06
Area126 (09) troll 36 245,,NF_Nooksack_H,5016,1.00,Skagit_R,5016,0.00,,,,,,,,,
Area126 (09) troll 36 246,,Puntledge_F,7,1.00,Cowichan,7,0.00,Big_Qualicum,7,0.00,L_Qualicum,7,0.00,,,
Area126 (09) troll 36 247,,Cedar_R_SuFa,5020,0.34,NF_Skokomish_F,5005,0.27,Samish_H,5016,0.10,S_Prairie_Cr,5020,0.09,Clear_Cr_H,5020,0.09
Area126 (09) troll 36 248,,Snoqualmie_R,5016,0.85,L_Skagit_R_Fa,5016,0.03,NF_Skokomish_F,5005,0.03,Samish_H,5016,0.01,Hoh_R,5028,0.01
Area126 (09) troll 36 249,,Spring_Cr_col,5030,0.96,Big_Cr_H_Col,5030,0.03,Elochoman_H,5030,0.00,Abernathy_NFH_F,5008,0.00,Umatilla_H_Fa,5026,0.00
Area126 (09) troll 36 250,,Clear_Cr_H,5020,0.44,Snoqualmie_R,5016,0.14,S_Prairie_Cr,5020,0.12,Grovers_Cr_H,5020,0.07,NF_Skokomish_F,5005,0.06
Area126 (09) troll 36 251,,Spring_Cr_col,5030,0.63,Cedar_R_SuFa,5020,0.10,Elochoman_H,5030,0.04,Washougal_R_Fa,5008,0.03,Big_Cr_H_Col,5030,0.03
Area126 (09) troll 36 252,,Skagit_R,5016,0.83,U_Sauk_R_SpSu,5016,0.09,Washougal_R_Fa,5008,0.04,L_Sauk_R,5016,0.01,L_Skagit_R_Fa,5016,0.00
Area126 (09) troll 36 253,,Cedar_R_SuFa,5020,0.45,Samish_H,5016,0.36,Bear_Cr_SuFa,5020,0.09,Snoqualmie_R,5016,0.05,Grovers_Cr_H,5020,0.04
Area126 (09) troll 36 254,,Snoqualmie_R,5016,0.62,Skagit_R,5016,0.13,George_Adams_H,5005,0.12,NF_Skokomish_F,5005,0.02,Skykomish_R,5016,0.02
Area126 (09) troll 36 255,,Puntledge_F,7,0.84,Cedar_R_SuFa,5020,0.06,George_Adams_H,5005,0.03,S_Prairie_Cr,5020,0.02,L_Skagit_R_Fa,5016,0.01
Area126 (09) troll 36 256,,Robertson,8,0.84,Gold_R,8,0.07,Thornton,8,0.07,Nahmint,8,0.01,Teigen,11,0.00
Area126 (09) troll 36 257,,NF_Nooksack_H,5016,1.00,,,,,,,,,,,,
Area126 (09) troll 38 258,,Grovers_Cr_H,5020,0.52,Cedar_R_SuFa,5020,0.35,Bear_Cr_SuFa,5020,0.03,Samish_H,5016,0.03,Soos_H,5020,0.02
Area126 (09) troll 38 259,,Spring_Cr_col,5030,0.69,Abernathy_Cr_Fa,5008,0.18,Abernathy_NFH_F,5008,0.07,Washougal_R_Fa,5008,0.04,Cowlitz_H_fa,5008,0.01
Area126 (09) troll 41 260,,George_Adams_H,5005,0.83,NF_Skokomish_F,5005,0.08,Clear_Cr_H,5020,0.04,Grovers_Cr_H,5020,0.02,S_Prairie_Cr,5020,0.01
Area126 (09) troll 41 261,,Clear_Cr_H,5020,0.29,George_Adams_H,5005,0.26,Samish_H,5016,0.13,Cedar_R_SuFa,5020,0.09,Skagit_R,5016,0.05
Area126 (09) troll 41 262,,Cedar_R_SuFa,5020,0.64,Samish_H,5016,0.15,Bear_Cr_SuFa,5020,0.08,Grovers_Cr_H,5020,0.04,Soos_H,5020,0.03
Area126 (09) troll 41 263,,Skagit_R,5016,0.32,Cedar_R_SuFa,5020,0.18,NF_Skokomish_F,5005,0.17,U_Sauk_R_SpSu,5016,0.11,S_Prairie_Cr,5020,0.07
Area126 (09) troll 41 264,,Clear_Cr_H,5020,0.52,George_Adams_H,5005,0.23,Snoqualmie_R,5016,0.12,Grovers_Cr_H,5020,0.05,Cedar_R_SuFa,5020,0.02
Area126 (09) troll 41 265,,Clear_Cr_H,5020,0.55,George_Adams_H,5005,0.19,Snoqualmie_R,5016,0.16,Grovers_Cr_H,5020,0.06,Cedar_R_SuFa,5020,0.01
Area126 (09) troll 41 266,,L_Deschutes_R,5004,0.69,Cowlitz_H_fa,5008,0.22,Hanford_Reach,5026,0.03,Nez_PerceT_H,5021,0.03,Umatilla_H_Fa,5026,0.01
Area126 (09) troll 41 267,,Lewis_R_Su,5008,0.58,Cowlitz_H_fa,5008,0.33,Washougal_R_Fa,5008,0.06,Green_R_Fa,5008,0.02,Elochoman_H,5030,0.01
Area126 (09) troll 41 268,,Priest_Rapid_H,5026,0.30,Hanford_Reach,5026,0.29,Umatilla_H_Fa,5026,0.10,L_Deschutes_R,5004,0.07,Methow_R,5026,0.07
Area126 (09) troll 41 269,,Washougal_R_Fa,5008,0.86,Cowlitz_H_fa,5008,0.06,Lewis_R_Su,5008,0.04,Abernathy_NFH_F,5008,0.01,Green_R_Fa,5008,0.01
Area126 (09) troll 41 270,,L_Deschutes_R,5004,0.68,Cowlitz_H_fa,5008,0.21,Skagit_R,5016,0.06,Priest_Rapid_H,5026,0.03,U_Deschutes_R,5004,0.01
Area126 (09) troll 41 271,,Wenatchee_R_SF,5026,0.71,Hanford_Reach,5026,0.24,Priest_Rapid_H,5026,0.01,Umatilla_H_Fa,5026,0.01,Methow_R,5026,0.01
Area126 (09) troll 41 272,,Cedar_R_SuFa,5020,0.34,Samish_H,5016,0.30,Clear_Cr_H,5020,0.20,Bear_Cr_SuFa,5020,0.05,George_Adams_H,5005,0.03
Area126 (09) troll 41 273,,Spring_Cr_col,5030,0.91,Cowlitz_H_fa,5008,0.04,Elochoman_H,5030,0.02,Abernathy_Cr_Fa,5008,0.01,Washougal_R_Fa,5008,0.01
Area126 (09) troll 41 274,,NF_Nooksack_H,5016,0.99,Skagit_R,5016,0.01,Cedar_R_SuFa,5020,0.00,U_Skagit_R,5016,0.00,Snoqualmie_R,5016,0.00
Area126 (09) troll 41 275,,Wells_H,5026,0.36,Wenatchee_R_SF,5026,0.30,Priest_Rapid_H,5026,0.18,Hanford_Reach,5026,0.07,Methow_R,5026,0.05
Area126 (09) troll 41 276,,Snoqualmie_R,5016,0.44,Puntledge_F,7,0.12,Cedar_R_SuFa,5020,0.11,L_Skagit_R_Fa,5016,0.06,Harrison,3,0.06
Area126 (09) troll 41 277,,Spring_Cr_col,5030,0.99,Big_Cr_H_Col,5030,0.01,Elochoman_H,5030,0.00,Abernathy_NFH_F,5008,0.00,Abernathy_Cr_Fa,5008,0.00
Area126 (09) troll 41 278,,Spring_Cr_col,5030,0.99,Big_Cr_H_Col,5030,0.01,Washougal_R_Fa,5008,0.00,,,,,,
Area126 (09) troll 41 279,,Samish_H,5016,0.60,Snoqualmie_R,5016,0.27,Cedar_R_SuFa,5020,0.04,NF_Skokomish_F,5005,0.03,George_Adams_H,5005,0.02
Area126 (09) troll 41 280,,Umatilla_H_Fa,5026,0.78,Priest_Rapid_H,5026,0.10,Nez_PerceT_H,5021,0.05,Hanford_Reach,5026,0.03,Wells_H,5026,0.03
Area126 (09) troll 41 281,,Wenatchee_R_SF,5026,0.92,Wells_H,5026,0.06,Umatilla_H_Fa,5026,0.01,Hanford_Reach,5026,0.00,Priest_Rapid_H,5026,0.00
Area126 (09) troll 41 282,,Skagit_R,5016,0.20,Harrison,3,0.16,Cedar_R_SuFa,5020,0.12,L_Skagit_R_Fa,5016,0.07,U_Sauk_R_SpSu,5016,0.07
Area126 (09) troll 41 283,,NF_Nooksack_H,5016,1.00,L_Skagit_R_Fa,5016,0.00,Grovers_Cr_H,5020,0.00,Snoqualmie_R,5016,0.00,Skagit_R,5016,0.00
Area126 (09) troll 41 284,,Priest_Rapid_H,5026,0.28,Hanford_Reach,5026,0.24,Wenatchee_R_SF,5026,0.15,Umatilla_H_Fa,5026,0.11,Wells_H,5026,0.10
Area126 (09) troll 41 285,,Abernathy_NFH_F,5008,0.61,Abernathy_Cr_Fa,5008,0.22,Washougal_R_Fa,5008,0.11,Spring_Cr_col,5030,0.04,Big_Cr_H_Col,5030,0.03
Area126 (09) troll 41 286,,Skagit_R,5016,0.36,Samish_H,5016,0.14,Trask_R,5015,0.08,U_Sauk_R_SpSu,5016,0.06,Queets_R,5028,0.05
Area126 (09) troll 41 287,,Spring_Cr_col,5030,0.99,Abernathy_NFH_F,5008,0.00,Big_Cr_H_Col,5030,0.00,Elochoman_H,5030,0.00,Washougal_R_Fa,5008,0.00
Area126 (09) troll 41 288,,Clear_Cr_H,5020,0.33,Cedar_R_SuFa,5020,0.29,Snoqualmie_R,5016,0.15,NF_Skokomish_F,5005,0.13,Grovers_Cr_H,5020,0.05
Area126 (09) troll 41 289,,Washougal_R_Fa,5008,0.99,Green_R_Fa,5008,0.00,Lewis_R_Su,5008,0.00,Elochoman_R_Fa,5008,0.00,Abernathy_Cr_Fa,5008,0.00
Area126 (09) troll 41 290,,N_Santiam_H,5029,1.00,McKenzie_H,5029,0.00,Spring_Cr_col,5030,0.00,Lewis_R_Su,5008,0.00,Cowlitz_H_fa,5008,0.00
Area126 (09) troll 41 291,,Hanford_Reach,5026,0.57,Priest_Rapid_H,5026,0.38,Umatilla_H_Fa,5026,0.02,Methow_R,5026,0.01,Wenatchee_R_SF,5026,0.01
Area126 (09) troll 41 292,,Wells_H,5026,0.95,Umatilla_H_Fa,5026,0.02,Methow_R,5026,0.01,Priest_Rapid_H,5026,0.01,Wenatchee_R_SF,5026,0.01
Area126 (09) troll 41 293,,Harrison,3,0.79,Chilliwack_F,3,0.19,L_Skagit_R_Fa,5016,0.01,Clear_Cr_H,5020,0.01,Bear_Cr_SuFa,5020,0.00
Area126 (09) troll 41 294,,Skagit_R,5016,0.85,Snoqualmie_R,5016,0.09,U_Sauk_R_SpSu,5016,0.03,L_Skagit_R_Fa,5016,0.01,Marblemount_HSp,5016,0.01
Area126 (09) troll 41 295,,Skagit_R,5016,0.98,L_Skagit_R_Fa,5016,0.01,U_Sauk_R_SpSu,5016,0.00,Snoqualmie_R,5016,0.00,Cedar_R_SuFa,5020,0.00
Area126 (09) troll 41 296,,Wells_H,5026,0.51,Priest_Rapid_H,5026,0.31,Hanford_Reach,5026,0.08,Wenatchee_R_SF,5026,0.03,Methow_R,5026,0.02
Area126 (09) troll 41 297,,Harrison,3,0.37,Chilliwack_F,3,0.28,Skagit_R,5016,0.21,U_Skagit_R,5016,0.08,U_Sauk_R_SpSu,5016,0.03
Area126 (09) troll 49 298,,Samish_H,5016,0.59,Cedar_R_SuFa,5020,0.17,S_Prairie_Cr,5020,0.12,Clear_Cr_H,5020,0.04,L_Skagit_R_Fa,5016,0.03
Area126 (09) troll 49 299,,George_Adams_H,5005,0.76,Grovers_Cr_H,5020,0.14,Cedar_R_SuFa,5020,0.03,White_H,5020,0.03,S_Prairie_Cr,5020,0.01
Area126 (09) troll 49 300,,Snoqualmie_R,5016,0.52,L_Skagit_R_Fa,5016,0.10,Samish_H,5016,0.08,Clear_Cr_H,5020,0.07,Cedar_R_SuFa,5020,0.06
Area126 (09) troll 49 301,,Spring_Cr_col,5030,0.91,Green_R_Fa,5008,0.04,Big_Cr_H_Col,5030,0.02,Elochoman_H,5030,0.02,Washougal_R_Fa,5008,0.01
Area126 (09) troll 49 302,,Priest_Rapid_H,5026,0.83,Hanford_Reach,5026,0.08,Nez_PerceT_H,5021,0.03,Wells_H,5026,0.03,Wenatchee_R_SF,5026,0.02
Area126 (09) troll 49 303,,Hanford_Reach,5026,0.54,Priest_Rapid_H,5026,0.28,Methow_R,5026,0.08,Wells_H,5026,0.08,Umatilla_H_Fa,5026,0.01
Area126 (09) troll 49 304,,Harrison,3,0.99,Barriere,4,0.01,Chilliwack_F,3,0.00,Snoqualmie_R,5016,0.00,Clearwater,4,0.00
Area126 (09) troll 49 305,,Chilliwack_F,3,1.00,,,,,,,,,,,,
Area126 (09) troll 51 306,,Wells_H,5026,0.66,Wenatchee_R_SF,5026,0.23,Priest_Rapid_H,5026,0.07,Priest_Rapids_H,5026,0.03,Hanford_Reach,5026,0.01
Area126 (09) troll 51 307,,Wells_H,5026,0.73,Wenatchee_R_SF,5026,0.16,Umatilla_H_Fa,5026,0.07,Priest_Rapid_H,5026,0.02,L_Deschutes_R,5004,0.01
Area126 (09) troll 51 308,,Washougal_R_Fa,5008,0.77,Spring_Cr_col,5030,0.12,Lewis_R_Su,5008,0.03,Abernathy_Cr_Fa,5008,0.03,Abernathy_NFH_F,5008,0.02
Area126 (09) troll 51 309,,Wenatchee_R_SF,5026,0.82,Wells_H,5026,0.09,Priest_Rapid_H,5026,0.05,Umatilla_H_Fa,5026,0.02,Methow_R,5026,0.01
Area126 (09) troll 51 310,,Snoqualmie_R,5016,0.59,Skagit_R,5016,0.12,George_Adams_H,5005,0.09,L_Skagit_R_Fa,5016,0.05,U_Sauk_R_SpSu,5016,0.04
Area126 (09) troll 51 311,,NF_Nooksack_H,5016,1.00,,,,,,,,,,,,
Area126 (09) troll 51 312,,Hanford_Reach,5026,0.44,Priest_Rapid_H,5026,0.30,Priest_Rapids_H,5026,0.06,Umatilla_H_Fa,5026,0.05,Nez_PerceT_H,5021,0.04
Area126 (09) troll 51 313,,Hanford_Reach,5026,0.50,Priest_Rapid_H,5026,0.30,Umatilla_H_Fa,5026,0.17,L_Skagit_R_Fa,5016,0.01,Priest_Rapids_H,5026,0.01
Area126 (09) troll 51 314,,Wenatchee_R_SF,5026,0.64,Wells_H,5026,0.15,Hanford_Reach,5026,0.10,Priest_Rapid_H,5026,0.07,Methow_R,5026,0.02
Area126 (09) troll 51 315,,Spring_Cr_col,5030,0.77,Big_Cr_H_Col,5030,0.20,Lewis_R_Su,5008,0.02,Abernathy_Cr_Fa,5008,0.01,Cowlitz_H_fa,5008,0.01
Area126 (09) troll 51 316,,Harrison,3,0.89,Chilliwack_F,3,0.11,Skagit_R,5016,0.00,Kitwanga,22,0.00,Cedar_R_SuFa,5020,0.00
Area126 (09) troll 51 317,,Harrison,3,1.00,L_Skagit_R_Fa,5016,0.00,Chilliwack_F,3,0.00,Snoqualmie_R,5016,0.00,Skagit_R,5016,0.00
Area126 (09) troll 51 318,,Umpqua_H,5011,0.74,N_Santiam_H,5029,0.12,Priest_Rapid_H,5026,0.04,Harrison,3,0.02,McKenzie_H,5029,0.01
Area126 (09) troll 51 319,,Skagit_R,5016,0.98,L_Skagit_R_Fa,5016,0.01,Marblemount_HSp,5016,0.01,U_Skagit_R,5016,0.00,U_Sauk_R_SpSu,5016,0.00
Area126 (09) troll 51 320,,Washougal_R_Fa,5008,0.93,Abernathy_Cr_Fa,5008,0.05,Lewis_R_Su,5008,0.01,Cowlitz_H_fa,5008,0.00,Green_R_Fa,5008,0.00
Area126 (09) troll 51 321,,Trask_R,5015,0.56,Alsea_R,5015,0.11,S_Umpqua_H,5011,0.09,Sixes_R,5011,0.08,Coos_H,5011,0.08
Area126 (09) troll 51 322,,Abernathy_Cr_Fa,5008,0.40,Elochoman_H,5030,0.29,Abernathy_NFH_F,5008,0.12,Cowlitz_H_fa,5008,0.10,Washougal_R_Fa,5008,0.04
Area126 (09) troll 53 323,,Clear_Cr_H,5020,0.56,Samish_H,5016,0.27,S_Prairie_Cr,5020,0.09,L_Skagit_R_Fa,5016,0.04,Cedar_R_SuFa,5020,0.02
Area126 (09) troll 53 324,,N_Santiam_H,5029,0.73,McKenzie_H,5029,0.27,,,,,,,,,
Area126 (09) troll 53 325,,Cedar_R_SuFa,5020,0.28,Clear_Cr_H,5020,0.20,S_Prairie_Cr,5020,0.10,NF_Skokomish_F,5005,0.08,Samish_H,5016,0.07
Area126 (09) troll 53 326,,McKenzie_H,5029,0.97,N_Santiam_H,5029,0.03,,,,,,,,,
Area126 (09) troll 53 327,,Spring_Cr_col,5030,0.90,Abernathy_NFH_F,5008,0.04,Big_Cr_H_Col,5030,0.03,Abernathy_Cr_Fa,5008,0.02,Harrison,3,0.00
Area126 (09) troll 53 328,,NF_Skokomish_F,5005,0.63,S_Prairie_Cr,5020,0.22,George_Adams_H,5005,0.09,Clear_Cr_H,5020,0.03,Cedar_R_SuFa,5020,0.02
Area126 (09) troll 53 329,,Hanford_Reach,5026,0.85,Priest_Rapid_H,5026,0.11,Umatilla_H_Fa,5026,0.03,Methow_R,5026,0.01,Wells_H,5026,0.00
Area126 (09) troll 53 330,,Umpqua_H,5011,1.00,Elochoman_R_Fa,5008,0.00,Abernathy_Cr_Fa,5008,0.00,Cowlitz_H_fa,5008,0.00,,,
Area126 (09) troll 53 331,,Priest_Rapid_H,5026,0.89,Wenatchee_R_SF,5026,0.03,Umatilla_H_Fa,5026,0.02,Wells_H,5026,0.01,L_Deschutes_R,5004,0.01
Area126 (09) troll 53 332,,Hanford_Reach,5026,0.39,Wells_H,5026,0.34,Priest_Rapid_H,5026,0.15,Nez_PerceT_H,5021,0.04,Wenatchee_R_SF,5026,0.03
Area126 (09) troll 53 333,,Snoqualmie_R,5016,0.50,Cedar_R_SuFa,5020,0.18,George_Adams_H,5005,0.12,L_Skagit_R_Fa,5016,0.06,Clear_Cr_H,5020,0.05
Area126 (09) troll 53 334,,Spring_Cr_col,5030,0.90,Abernathy_NFH_F,5008,0.04,Cowlitz_H_fa,5008,0.04,Big_Cr_H_Col,5030,0.00,Abernathy_Cr_Fa,5008,0.00
Area126 (09) troll 53 335,,Wenatchee_R_SF,5026,0.68,Methow_R,5026,0.23,Priest_Rapid_H,5026,0.03,Hanford_Reach,5026,0.02,Umatilla_H_Fa,5026,0.02
Area126 (09) troll 53 336,,Wells_H,5026,0.54,Priest_Rapid_H,5026,0.32,Umatilla_H_Fa,5026,0.04,Nez_PerceT_H,5021,0.03,Hanford_Reach,5026,0.03
Area126 (09) troll 53 337,,Harrison,3,1.00,Skagit_R,5016,0.00,,,,,,,,,
Area126 (09) troll 53 338,,Priest_Rapid_H,5026,0.65,Wells_H,5026,0.29,Hanford_Reach,5026,0.05,Umatilla_H_Fa,5026,0.01,Umatilla_H,5026,0.00
Area126 (09) troll 53 339,,George_Adams_H,5005,0.55,Grovers_Cr_H,5020,0.39,Skagit_R,5016,0.02,L_Skagit_R_Fa,5016,0.01,Snoqualmie_R,5016,0.01
Area126 (09) troll 53 340,,Big_Cr_H_Col,5030,0.54,Spring_Cr_col,5030,0.40,Abernathy_NFH_F,5008,0.04,Washougal_R_Fa,5008,0.01,Green_R_Fa,5008,0.00
Area126 (09) troll 53 341,,Hanford_Reach,5026,0.92,Priest_Rapid_H,5026,0.04,Umatilla_H_Fa,5026,0.04,Umatilla_H,5026,0.00,Wenatchee_R_SF,5026,0.00
Area126 (09) troll 53 342,,Snoqualmie_R,5016,0.36,Cedar_R_SuFa,5020,0.29,Clear_Cr_H,5020,0.23,Bear_Cr_SuFa,5020,0.03,Soos_H,5020,0.02
Area126 (09) troll 53 343,,Spring_Cr_col,5030,0.96,Elochoman_H,5030,0.02,Big_Cr_H_Col,5030,0.02,Abernathy_NFH_F,5008,0.00,Washougal_R_Fa,5008,0.00
Area126 (09) troll 53 344,,Harrison,3,0.92,Umpqua_H,5011,0.03,L_Skagit_R_Fa,5016,0.01,S_Coos_R,5011,0.01,Chilliwack_F,3,0.01
Area126 (09) troll 53 345,,Wenatchee_R_SF,5026,0.75,Umatilla_H_Fa,5026,0.09,Priest_Rapid_H,5026,0.08,Hanford_Reach,5026,0.04,Methow_R,5026,0.02
Area126 (09) troll 53 346,,Chilliwack_F,3,0.85,Harrison,3,0.15,,,,,,,,,
Area126 (09) troll 53 347,,Harrison,3,0.98,Puntledge_F,7,0.01,Chilliwack_F,3,0.01,Snoqualmie_R,5016,0.00,L_Skagit_R_Fa,5016,0.00
Area126 (09) troll 53 348,,Washougal_R_Fa,5008,0.74,Spring_Cr_col,5030,0.23,Elochoman_H,5030,0.02,Lewis_R_Su,5008,0.00,Abernathy_NFH_F,5008,0.00
Area126 (09) troll 53 349,,Nehalem_R,5015,1.00,,,,,,,,,,,,
Area126 (09) troll 53 350,,NF_Nooksack_H,5016,1.00,,,,,,,,,,,,
Area126 (09) troll 53 351,,Lewis_R_Su,5008,0.64,Washougal_R_Fa,5008,0.28,Cowlitz_H_fa,5008,0.03,Sandy_R,5008,0.02,Umpqua_H,5011,0.01
Area126 (09) troll 53 352,,George_Adams_H,5005,0.44,NF_Skokomish_F,5005,0.28,Clear_Cr_H,5020,0.07,Grovers_Cr_H,5020,0.05,Cedar_R_SuFa,5020,0.05
Area126 (09) troll 53 353,,Snoqualmie_R,5016,0.68,Samish_H,5016,0.10,Cedar_R_SuFa,5020,0.08,L_Skagit_R_Fa,5016,0.07,Harrison,3,0.02
Area126 (09) troll 53 354,,Hanford_Reach,5026,0.83,Wells_H,5026,0.08,Wenatchee_R_SF,5026,0.04,Methow_R,5026,0.02,Umatilla_H,5026,0.01
Area126 (09) troll 53 355,,Lewis_R_Su,5008,0.55,Cowlitz_H_fa,5008,0.15,Abernathy_Cr_Fa,5008,0.12,Washougal_R_Fa,5008,0.07,Elochoman_H,5030,0.06
Area126 (09) troll 53 356,,Cowlitz_H_fa,5008,0.51,Elochoman_H,5030,0.19,Lewis_R_Su,5008,0.13,Abernathy_Cr_Fa,5008,0.13,Washougal_R_Fa,5008,0.03
Area126 (09) troll 53 357,,Harrison,3,0.92,Chilliwack_F,3,0.07,South_Thom,5,0.00,L_Deschutes_R,5004,0.00,Priest_Rapid_H,5026,0.00
Area126 (09) troll 53 358,,Harrison,3,0.40,Skagit_R,5016,0.13,S_Prairie_Cr,5020,0.05,Snoqualmie_R,5016,0.05,Clear_Cr_H,5020,0.05
Area126 (09) troll 53 359,,Wells_H,5026,0.56,Hanford_Reach,5026,0.25,Priest_Rapid_H,5026,0.14,Priest_Rapids_H,5026,0.02,Wenatchee_R_SF,5026,0.01
Area126 (09) troll 53 360,,Washougal_R_Fa,5008,0.45,Lewis_R_Su,5008,0.44,Cowlitz_H_sp,5009,0.04,Elochoman_H,5030,0.02,Sandy_R,5008,0.01
Area126 (09) troll 53 361,,Abernathy_NFH_F,5008,0.80,Abernathy_Cr_Fa,5008,0.07,Washougal_R_Fa,5008,0.06,Spring_Cr_col,5030,0.05,Big_Cr_H_Col,5030,0.02
Area126 (09) troll 53 362,,L_Deschutes_R,5004,0.86,U_Deschutes_R,5004,0.06,Priest_Rapid_H,5026,0.04,Nez_PerceT_H,5021,0.02,Hanford_Reach,5026,0.01
Area126 (09) troll 53 363,,Harrison,3,0.99,Skagit_R,5016,0.01,Chilliwack_F,3,0.00,Kitwanga,22,0.00,Morice_R,21,0.00
Area126 (09) troll 53 364,,Washougal_R_Fa,5008,0.37,Spring_Cr_col,5030,0.29,Elochoman_H,5030,0.11,Big_Cr_H_Col,5030,0.10,Abernathy_Cr_Fa,5008,0.07
Area126 (09) troll 53 365,,Wells_H,5026,0.50,Priest_Rapid_H,5026,0.17,Hanford_Reach,5026,0.14,Umatilla_H_Fa,5026,0.10,Wenatchee_R_SF,5026,0.03
Area126 (09) troll 53 366,,Priest_Rapid_H,5026,0.67,Wenatchee_R_SF,5026,0.14,Hanford_Reach,5026,0.07,Wells_H,5026,0.05,Methow_R,5026,0.05
Area126 (09) troll 53 367,,Wenatchee_R_SF,5026,0.25,Nez_PerceT_H,5021,0.21,Wells_H,5026,0.21,Hanford_Reach,5026,0.11,Priest_Rapid_H,5026,0.08
Area126 (09) troll 53 368,,Wells_H,5026,0.77,Nez_PerceT_H,5021,0.12,Hanford_Reach,5026,0.11,Priest_Rapid_H,5026,0.01,,,
Area126 (09) troll 53 369,,Washougal_R_Fa,5008,0.23,Umpqua_H,5011,0.20,Cowlitz_H_fa,5008,0.13,Lewis_R_Su,5008,0.09,Umatilla_H_Fa,5026,0.08
Area126 (09) troll 53 370,,Upper_Pitt,12,0.82,BlueCr_UpPitt,12,0.17,Hanford_Reach,5026,0.00,Wells_H,5026,0.00,Methow_R,5026,0.00
Area126 (09) troll 58 371,,Clear_Cr_H,5020,0.56,Samish_H,5016,0.13,S_Prairie_Cr,5020,0.12,Cedar_R_SuFa,5020,0.06,George_Adams_H,5005,0.05
Area126 (09) troll 58 372,,Spring_Cr_col,5030,0.95,Big_Cr_H_Col,5030,0.02,Elochoman_H,5030,0.01,Washougal_R_Fa,5008,0.01,Abernathy_Cr_Fa,5008,0.00
Area126 (09) troll 58 373,,Clear_Cr_H,5020,0.48,George_Adams_H,5005,0.13,NF_Skokomish_F,5005,0.13,S_Prairie_Cr,5020,0.11,Bear_Cr_SuFa,5020,0.05
Area126 (09) troll 58 374,,Snoqualmie_R,5016,0.75,L_Skagit_R_Fa,5016,0.11,Skagit_R,5016,0.10,NF_Skokomish_F,5005,0.01,S_Umpqua_H,5011,0.00
Area126 (09) troll 58 375,,Priest_Rapid_H,5026,0.77,Hanford_Reach,5026,0.11,Priest_Rapids_H,5026,0.05,Wells_H,5026,0.05,Umatilla_H,5026,0.01
Area126 (09) troll 58 376,,Spring_Cr_col,5030,0.79,Elochoman_H,5030,0.06,Big_Cr_H_Col,5030,0.05,Cowlitz_H_fa,5008,0.04,Abernathy_Cr_Fa,5008,0.02
Area126 (09) troll 58 377,,Spring_Cr_col,5030,0.98,Big_Cr_H_Col,5030,0.02,Abernathy_NFH_F,5008,0.00,Elochoman_H,5030,0.00,Abernathy_Cr_Fa,5008,0.00
Area126 (09) troll 58 378,,Puntledge_F,7,0.98,L_Skagit_R_Fa,5016,0.01,Cedar_R_SuFa,5020,0.00,Snoqualmie_R,5016,0.00,S_Prairie_Cr,5020,0.00
Area126 (09) troll 58 379,,Puntledge_F,7,0.74,Nanaimo_SU,7,0.15,Nanaimo_SP,7,0.08,Puntledge_BackX,7,0.01,Snoqualmie_R,5016,0.00
Area126 (09) troll 58 380,,Skagit_R,5016,0.57,L_Skagit_R_Fa,5016,0.23,U_Sauk_R_SpSu,5016,0.10,S_Prairie_Cr,5020,0.07,George_Adams_H,5005,0.01
Area126 (09) troll 58 381,,Wells_H,5026,0.95,Priest_Rapid_H,5026,0.03,Hanford_Reach,5026,0.01,Wenatchee_R_SF,5026,0.01,Methow_R,5026,0.00
Area126 (09) troll 58 382,,Puntledge_F,7,0.84,Harrison,3,0.04,L_Skagit_R_Fa,5016,0.02,Snoqualmie_R,5016,0.01,Coos_H,5011,0.01
Area126 (09) troll 58 383,,Hanford_Reach,5026,0.34,Priest_Rapid_H,5026,0.33,Umatilla_H_Fa,5026,0.32,Nez_PerceT_H,5021,0.00,Priest_Rapids_H,5026,0.00
Area126 (09) troll 58 384,,Big_Cr_H_Col,5030,0.99,Elochoman_H,5030,0.01,Spring_Cr_col,5030,0.01,Abernathy_NFH_F,5008,0.00,Green_R_Fa,5008,0.00
Area126 (09) troll 58 385,,Umatilla_H_Fa,5026,0.32,Hanford_Reach,5026,0.25,Priest_Rapid_H,5026,0.18,Wenatchee_R_SF,5026,0.17,Wells_H,5026,0.06
Area126 (09) troll 58 386,,N_Santiam_H,5029,0.98,McKenzie_H,5029,0.02,,,,,,,,,
Area126 (09) troll 58 387,,Big_Cr_H_Col,5030,0.68,Spring_Cr_col,5030,0.28,Abernathy_NFH_F,5008,0.04,Abernathy_Cr_Fa,5008,0.00,Elochoman_H,5030,0.00
Area126 (09) troll 58 388,,Spring_Cr_col,5030,0.97,Cowlitz_H_fa,5008,0.01,Big_Cr_H_Col,5030,0.01,Elochoman_H,5030,0.00,Washougal_R_Fa,5008,0.00
Area126 (09) troll 58 389,,Spring_Cr_col,5030,0.95,Big_Cr_H_Col,5030,0.04,Abernathy_NFH_F,5008,0.01,Abernathy_Cr_Fa,5008,0.00,Green_R_Fa,5008,0.00
Area126 (09) troll 58 390,,Wells_H,5026,0.74,Wenatchee_R_SF,5026,0.17,Priest_Rapid_H,5026,0.05,Methow_R,5026,0.02,Nez_PerceT_H,5021,0.01
Area126 (09) troll 58 391,,Spring_Cr_col,5030,0.98,Elochoman_H,5030,0.01,Abernathy_Cr_Fa,5008,0.00,Abernathy_NFH_F,5008,0.00,Big_Cr_H_Col,5030,0.00
Area126 (09) troll 58 392,,Big_Cr_H_Col,5030,0.52,Spring_Cr_col,5030,0.23,Abernathy_NFH_F,5008,0.15,Elochoman_H,5030,0.06,Washougal_R_Fa,5008,0.02
Area126 (09) troll 58 393,,Samish_H,5016,0.40,Clear_Cr_H,5020,0.34,George_Adams_H,5005,0.09,Soos_H,5020,0.06,NF_Skokomish_F,5005,0.04
Area126 (09) troll 58 394,,Wells_H,5026,0.39,Priest_Rapid_H,5026,0.35,Hanford_Reach,5026,0.14,Priest_Rapids_H,5026,0.05,Umatilla_H_Fa,5026,0.03
Area126 (09) troll 58 395,,Spring_Cr_col,5030,0.87,Abernathy_NFH_F,5008,0.07,Washougal_R_Fa,5008,0.02,Big_Cr_H_Col,5030,0.02,Abernathy_Cr_Fa,5008,0.01
Area126 (09) troll 58 396,,Spring_Cr_col,5030,0.93,Abernathy_NFH_F,5008,0.06,Big_Cr_H_Col,5030,0.01,Elochoman_H,5030,0.00,,,
Area126 (09) troll 58 397,,Snoqualmie_R,5016,0.31,Hanford_Reach,5026,0.26,Priest_Rapid_H,5026,0.22,George_Adams_H,5005,0.09,Puntledge_F,7,0.04
Area126 (09) troll 58 398,,Washougal_R_Fa,5008,0.38,Cowlitz_H_fa,5008,0.37,Lewis_R_Su,5008,0.25,Green_R_Fa,5008,0.00,Elochoman_H,5030,0.00
Area126 (09) troll 58 399,,Cedar_R_SuFa,5020,0.27,S_Prairie_Cr,5020,0.20,Skagit_R,5016,0.19,Snoqualmie_R,5016,0.08,L_Skagit_R_Fa,5016,0.06
Area126 (09) troll 58 400,,Hanford_Reach,5026,0.40,Wells_H,5026,0.19,Wenatchee_R_SF,5026,0.15,Priest_Rapid_H,5026,0.13,Methow_R,5026,0.09
Area126 (09) troll 66 401,,Spring_Cr_col,5030,0.99,Big_Cr_H_Col,5030,0.01,Abernathy_NFH_F,5008,0.00,Elochoman_H,5030,0.00,,,
Area126 (09) troll 66 402,,McKenzie_H,5029,0.75,N_Santiam_H,5029,0.25,,,,,,,,,
Area126 (09) troll 66 403,,NF_Nooksack_H,5016,1.00,,,,,,,,,,,,
Area126 (09) troll 66 404,,Wenatchee_R_SF,5026,0.43,Wells_H,5026,0.28,Priest_Rapid_H,5026,0.08,Hanford_Reach,5026,0.07,Umatilla_H_Fa,5026,0.06
Area126 (09) troll 66 405,,N_Santiam_H,5029,0.79,McKenzie_H,5029,0.21,Priest_Rapid_H,5026,0.00,Wenatchee_R_SF,5026,0.00,Nez_PerceT_H,5021,0.00
Area126 (09) troll 66 406,,Wenatchee_R_SF,5026,0.71,Umatilla_H_Fa,5026,0.13,Washougal_R_Fa,5008,0.06,Wells_H,5026,0.04,Methow_R,5026,0.04
Area126 (09) troll 66 407,,Chilliwack_F,3,0.53,Harrison,3,0.47,Chilliwac@Stav,3,0.00,U_Cariboo,2,0.00,L_Thompson,5,0.00
Area126 (09) troll 66 408,,Wells_H,5026,0.31,Wenatchee_R_SF,5026,0.22,Methow_R,5026,0.15,Priest_Rapid_H,5026,0.14,Umatilla_H_Fa,5026,0.09
Area126 (09) troll 66 409,,Hanford_Reach,5026,0.49,Umatilla_H_Fa,5026,0.24,Priest_Rapid_H,5026,0.19,Methow_R,5026,0.06,Wenatchee_R_SF,5026,0.01
Area126 (09) troll 66 410,,Wenatchee_R_SF,5026,0.48,Hanford_Reach,5026,0.34,Priest_Rapid_H,5026,0.08,Nez_PerceT_H,5021,0.03,Methow_R,5026,0.02
Area126 (09) troll 66 411,,N_Santiam_H,5029,0.81,McKenzie_H,5029,0.19,Washougal_R_Fa,5008,0.00,,,,,,
Area126 (09) troll 66 412,,Green_R_Fa,5008,0.49,Lewis_R_Su,5008,0.07,Snoqualmie_R,5016,0.07,Wenatchee_R_SF,5026,0.07,Abernathy_Cr_Fa,5008,0.06
Area126 (09) troll 66 413,,Spring_Cr_col,5030,0.97,Elochoman_H,5030,0.02,Washougal_R_Fa,5008,0.00,Abernathy_NFH_F,5008,0.00,Big_Cr_H_Col,5030,0.00
Area126 (09) troll 66 414,,S_Prairie_Cr,5020,0.30,Cedar_R_SuFa,5020,0.24,Samish_H,5016,0.23,Clear_Cr_H,5020,0.10,Snoqualmie_R,5016,0.07
Area126 (09) troll 66 415,,Spring_Cr_col,5030,0.83,Abernathy_Cr_Fa,5008,0.06,Elochoman_H,5030,0.05,Big_Cr_H_Col,5030,0.04,Washougal_R_Fa,5008,0.01
Area126 (09) troll 66 416,,Clear_Cr_H,5020,0.39,S_Prairie_Cr,5020,0.26,Samish_H,5016,0.19,George_Adams_H,5005,0.05,NF_Skokomish_F,5005,0.05
Area126 (09) troll 66 417,,Spring_Cr_col,5030,0.88,Abernathy_NFH_F,5008,0.10,Green_R_Fa,5008,0.01,Elochoman_H,5030,0.01,Big_Cr_H_Col,5030,0.01
Area126 (09) troll 66 418,,Wenatchee_R_SF,5026,0.74,Wells_H,5026,0.12,Hanford_Reach,5026,0.06,Umatilla_H_Fa,5026,0.05,Methow_R,5026,0.02
Area126 (09) troll 66 419,,McKenzie_H,5029,1.00,N_Santiam_H,5029,0.00,Washougal_R_Fa,5008,0.00,,,,,,
Area126 (09) troll 66 420,,Priest_Rapid_H,5026,0.33,Wells_H,5026,0.30,Wenatchee_R_SF,5026,0.14,McKenzie_H,5029,0.07,Methow_R,5026,0.05
Area126 (09) troll 66 421,,S_Umpqua_H,5011,0.28,S_Coos_R,5011,0.21,Abernathy_NFH_F,5008,0.13,Umatilla_H_Fa,5026,0.12,Coos_H,5011,0.07
Area126 (09) troll 66 422,,Cedar_R_SuFa,5020,0.30,NF_Skokomish_F,5005,0.26,George_Adams_H,5005,0.21,Clear_Cr_H,5020,0.09,Spring_Cr_col,5030,0.03
Area126 (09) troll 66 423,,Spring_Cr_col,5030,0.99,Elochoman_H,5030,0.01,Abernathy_NFH_F,5008,0.00,Big_Cr_H_Col,5030,0.00,Abernathy_Cr_Fa,5008,0.00
Area126 (09) troll 66 424,,Wells_H,5026,0.77,Wenatchee_R_SF,5026,0.23,Priest_Rapid_H,5026,0.01,Methow_R,5026,0.00,Hanford_Reach,5026,0.00
Area126 (09) troll 66 425,,Lewis_R_Su,5008,0.20,L_Skagit_R_Fa,5016,0.18,Skagit_R,5016,0.17,Hanford_Reach,5026,0.11,Priest_Rapid_H,5026,0.10
Area126 (09) troll 66 426,,Wells_H,5026,0.54,Wenatchee_R_SF,5026,0.34,Priest_Rapid_H,5026,0.04,Hanford_Reach,5026,0.03,Priest_Rapids_H,5026,0.03
Area126 (09) troll 66 427,,Umatilla_H_Fa,5026,0.72,Hanford_Reach,5026,0.12,Wells_H,5026,0.06,Priest_Rapid_H,5026,0.04,Wenatchee_R_SF,5026,0.03
Area126 (09) troll 66 428,,Umatilla_H_Fa,5026,0.49,Lewis_R_Su,5008,0.28,Priest_Rapid_H,5026,0.09,Abernathy_Cr_Fa,5008,0.04,Hanford_Reach,5026,0.03
Area126 (09) troll 66 429,,Wells_H,5026,0.33,Nez_PerceT_H,5021,0.29,Priest_Rapid_H,5026,0.16,Priest_Rapids_H,5026,0.05,South_Thom,5,0.04
Area126 (09) troll 66 430,,Chilliwack_F,3,0.96,Harrison,3,0.04,Skagit_R,5016,0.00,NF_Nooksack_H,5016,0.00,L_Skagit_R_Fa,5016,0.00
Area126 (09) troll 66 431,,Spring_Cr_col,5030,0.74,Big_Cr_H_Col,5030,0.10,Cowlitz_H_fa,5008,0.05,Elochoman_H,5030,0.03,Lewis_R_Su,5008,0.02
Area126 (09) troll 66 432,,Nitinat,8,0.60,Toquart,8,0.23,Kaouk_R,8,0.07,L_Thompson,5,0.05,Sooke,8,0.03
Area126 (09) troll 66 433,,Umatilla_H_Fa,5026,0.42,Priest_Rapid_H,5026,0.22,Wells_H,5026,0.15,Wenatchee_R_SF,5026,0.09,Hanford_Reach,5026,0.09
Area126 (09) troll 66 434,,Wenatchee_R_SF,5026,0.98,Wells_H,5026,0.02,Priest_Rapid_H,5026,0.01,Methow_R,5026,0.00,Priest_Rapids_H,5026,0.00
Area126 (09) troll 66 435,,Big_Cr_H_Col,5030,0.95,Spring_Cr_col,5030,0.04,Abernathy_NFH_F,5008,0.01,Elochoman_H,5030,0.01,Abernathy_Cr_Fa,5008,0.00
Area126 (09) troll 66 436,,Washougal_R_Fa,5008,0.69,Lewis_R_Su,5008,0.27,Green_R_Fa,5008,0.02,Elochoman_H,5030,0.01,Elochoman_R_Fa,5008,0.01
Area126 (09) troll 66 446,,Hanford_Reach,5026,0.24,Umatilla_H_Fa,5026,0.23,Nez_PerceT_H,5021,0.22,L_Deschutes_R,5004,0.13,Priest_Rapids_H,5026,0.08
Area126 (09) troll 66 447,,Spring_Cr_col,5030,0.96,Abernathy_NFH_F,5008,0.04,Elochoman_H,5030,0.00,Big_Cr_H_Col,5030,0.00,Abernathy_Cr_Fa,5008,0.00
Area126 (09) troll 66 448,,Washougal_R_Fa,5008,0.89,Big_Cr_H_Col,5030,0.06,Cowlitz_H_fa,5008,0.02,Hanford_Reach,5026,0.01,Spring_Cr_col,5030,0.01
Area126 (09) troll 66 449,,Wenatchee_R_SF,5026,0.65,Umatilla_H_Fa,5026,0.16,Wells_H,5026,0.11,Hanford_Reach,5026,0.04,Methow_R,5026,0.02
Area126 (09) troll 66 450,,Hanford_Reach,5026,0.41,Wells_H,5026,0.33,Priest_Rapid_H,5026,0.16,Umatilla_H_Fa,5026,0.05,Wenatchee_R_SF,5026,0.02
Area126 (09) troll 66 451,,McKenzie_H,5029,0.94,N_Santiam_H,5029,0.06,,,,,,,,,
Area126 (09) troll 66 452,,Spring_Cr_col,5030,0.79,Abernathy_Cr_Fa,5008,0.18,Abernathy_NFH_F,5008,0.01,Lewis_R_Su,5008,0.01,Cowlitz_H_fa,5008,0.01
Area126 (09) troll 66 453,,L_Thompson,5,0.99,Otsi_Cr,19,0.00,Little_R,5,0.00,U_Skagit_R,5016,0.00,South_Thom,5,0.00
Area126 (09) troll 66 454,,Lewis_R_Su,5008,0.66,Cowlitz_H_fa,5008,0.24,Sandy_R,5008,0.05,Washougal_R_Fa,5008,0.04,Big_Cr_H_Col,5030,0.00
Area126 (09) troll 66 455,,Wells_H,5026,0.34,Wenatchee_R_SF,5026,0.18,Hanford_Reach,5026,0.11,L_Deschutes_R,5004,0.11,Nez_PerceT_H,5021,0.11
Area126 (09) troll 66 456,,Priest_Rapid_H,5026,0.58,Hanford_Reach,5026,0.40,Wells_H,5026,0.02,L_Deschutes_R,5004,0.00,Umatilla_H_Fa,5026,0.00
Area126 (09) troll 66 457,,Spring_Cr_col,5030,0.54,Big_Cr_H_Col,5030,0.33,Elochoman_H,5030,0.11,Abernathy_Cr_Fa,5008,0.01,Abernathy_NFH_F,5008,0.00
Area126 (09) troll 66 458,,Big_Cr_H_Col,5030,0.84,Elochoman_H,5030,0.11,Spring_Cr_col,5030,0.02,Lewis_R_Su,5008,0.01,Abernathy_NFH_F,5008,0.01
Area126 (09) troll 66 459,,Spring_Cr_col,5030,0.64,Abernathy_NFH_F,5008,0.17,Big_Cr_H_Col,5030,0.09,Elochoman_H,5030,0.08,Abernathy_Cr_Fa,5008,0.02
Area126 (09) troll 66 460,,L_Skagit_R_Fa,5016,0.40,S_Prairie_Cr,5020,0.22,Samish_H,5016,0.21,Snoqualmie_R,5016,0.15,Clear_Cr_H,5020,0.01
Area126 (09) troll 66 461,Dupe with 458 457,Wenatchee_R_SF,5026,0.79,Wells_H,5026,0.21,Hanford_Reach,5026,0.00,Methow_R,5026,0.00,,,
Area126 (09) troll 66 462,,Samish_H,5016,0.72,Cedar_R_SuFa,5020,0.10,George_Adams_H,5005,0.09,Puntledge_F,7,0.03,Bear_Cr_SuFa,5020,0.02
Area126 (09) troll 66 463,,Puntledge_F,7,0.44,S_Prairie_Cr,5020,0.28,George_Adams_H,5005,0.08,Soos_H,5020,0.08,Grovers_Cr_H,5020,0.03
Area126 (09) troll 66 464,,Washougal_R_Fa,5008,0.80,Abernathy_NFH_F,5008,0.06,Lewis_R_Su,5008,0.05,Cowlitz_H_fa,5008,0.04,Elochoman_H,5030,0.02
Area126 (09) troll 66 465,,Wells_H,5026,0.81,Wenatchee_R_SF,5026,0.11,Hanford_Reach,5026,0.04,L_Deschutes_R,5004,0.02,Nez_PerceT_H,5021,0.01
Area126 (09) troll 66 466,Dupe with 452,Wenatchee_R_SF,5026,0.78,Wells_H,5026,0.21,Hanford_Reach,5026,0.00,Methow_R,5026,0.00,Umatilla_H_Fa,5026,0.00
Area126 (09) troll 66 467,Dupe with 452,Wenatchee_R_SF,5026,0.79,Wells_H,5026,0.21,Hanford_Reach,5026,0.00,Umatilla_H_Fa,5026,0.00,Methow_R,5026,0.00
Area126 (09) troll 66 468,,Priest_Rapid_H,5026,0.53,Hanford_Reach,5026,0.40,Wells_H,5026,0.06,L_Deschutes_R,5004,0.01,Nez_PerceT_H,5021,0.01
Area126 (09) troll 66 469,,Skagit_R,5016,0.96,U_Sauk_R_SpSu,5016,0.03,Marblemount_HSp,5016,0.01,U_Skagit_R,5016,0.00,Puntledge_F,7,0.00
Area126 (09) troll 66 470,,N_Santiam_H,5029,0.53,McKenzie_H,5029,0.45,Washougal_R_Fa,5008,0.02,Kalama_H_sp,5009,0.00,Hanford_Reach,5026,0.00
Area126 (09) troll 66 471,,NF_Nooksack_H,5016,1.00,,,,,,,,,,,,
Area126 (09) troll 66 472,,Hanford_Reach,5026,0.69,Wenatchee_R_SF,5026,0.20,Umatilla_H_Fa,5026,0.05,Priest_Rapid_H,5026,0.03,U_Deschutes_R,5004,0.01
Area126 (09) troll 66 473,,Nez_PerceT_H,5021,0.76,Priest_Rapid_H,5026,0.13,Wells_H,5026,0.09,Hanford_Reach,5026,0.01,Wenatchee_R_SF,5026,0.01
Area126 (09) troll 66 474,,Green_R_Fa,5008,0.69,Washougal_R_Fa,5008,0.20,Cowlitz_H_fa,5008,0.09,Abernathy_Cr_Fa,5008,0.01,Elochoman_H,5030,0.00
Area126 (09) troll 66 475,,Priest_Rapid_H,5026,0.94,Hanford_Reach,5026,0.03,L_Deschutes_R,5004,0.01,Wenatchee_R_SF,5026,0.01,Nez_PerceT_H,5021,0.01
Area126 (09) troll 66 476,,Skagit_R,5016,0.79,U_Skagit_R,5016,0.10,U_Sauk_R_SpSu,5016,0.03,Priest_Rapid_H,5026,0.03,Snoqualmie_R,5016,0.01
Area126 (09) troll 66 477,,Harrison,3,0.50,South_Thom,5,0.28,S_Coos_R,5011,0.08,Chilliwack_F,3,0.03,L_Thompson,5,0.03
Area126 (09) troll 66 478,,Harrison,3,0.85,Takia,10,0.05,Chilliwack_F,3,0.05,Kitwanga,22,0.02,Coos_H,5011,0.02
Area126 (09) troll 66 479,,L_Thompson,5,0.90,Priest_Rapid_H,5026,0.04,South_Thom,5,0.03,Wenatchee_R_SF,5026,0.02,Wells_H,5026,0.00
Area126 (09) troll 66 480,,Lewis_R_Su,5008,0.77,Cowlitz_H_fa,5008,0.15,Washougal_R_Fa,5008,0.04,Abernathy_Cr_Fa,5008,0.04,L_Skagit_R_Fa,5016,0.00
Area126 (09) troll 66 481,,Elochoman_H,5030,0.48,Washougal_R_Fa,5008,0.23,Abernathy_Cr_Fa,5008,0.10,Lewis_R_Su,5008,0.10,Elochoman_R_Fa,5008,0.03
Area126 (09) troll 66 482,,Umatilla_H_Fa,5026,0.45,Priest_Rapid_H,5026,0.21,Hanford_Reach,5026,0.08,L_Thompson,5,0.08,Nez_PerceT_H,5021,0.06
Area126 (09) troll 66 483,,Spring_Cr_col,5030,0.94,Big_Cr_H_Col,5030,0.03,Abernathy_NFH_F,5008,0.02,Elochoman_H,5030,0.01,Washougal_R_Fa,5008,0.00
Area126 (09) troll 72 484,,Hanford_Reach,5026,0.27,Cowlitz_H_fa,5008,0.24,L_Deschutes_R,5004,0.24,Lewis_R_Su,5008,0.09,Skagit_R,5016,0.08
Area126 (09) troll 72 485,Dupe with 481 477,Wenatchee_R_SF,5026,0.95,Hanford_Reach,5026,0.03,Priest_Rapid_H,5026,0.02,N_Santiam_H,5029,0.00,Wells_H,5026,0.00
Area126 (09) troll 72 486,Dupe with 476,Wenatchee_R_SF,5026,0.94,Hanford_Reach,5026,0.03,Priest_Rapid_H,5026,0.03,N_Santiam_H,5029,0.00,Wells_H,5026,0.00
Area126 (09) troll 72 487,,McKenzie_H,5029,0.99,N_Santiam_H,5029,0.01,Umatilla_H_Fa,5026,0.00,Wenatchee_R_SF,5026,0.00,Umpqua_H,5011,0.00
Area126 (09) troll 72 488,,Snoqualmie_R,5016,0.95,Skagit_R,5016,0.03,L_Skagit_R_Fa,5016,0.01,Lewis_R_Su,5008,0.01,Cedar_R_SuFa,5020,0.01
Area126 (09) troll 72 489,,Cedar_R_SuFa,5020,0.48,Samish_H,5016,0.36,George_Adams_H,5005,0.07,Bear_Cr_SuFa,5020,0.05,NF_Skokomish_F,5005,0.02
Area126 (09) troll 72 490,Dupe with 476,Wenatchee_R_SF,5026,0.95,Hanford_Reach,5026,0.03,Priest_Rapid_H,5026,0.02,N_Santiam_H,5029,0.00,Wells_H,5026,0.00
Area126 (09) troll 72 491,,Wenatchee_R_SF,5026,0.52,Wells_H,5026,0.46,Hanford_Reach,5026,0.01,Umatilla_H_Fa,5026,0.00,L_Deschutes_R,5004,0.00
Area126 (09) troll 72 492,,Hanford_Reach,5026,0.50,Priest_Rapid_H,5026,0.39,Umatilla_H_Fa,5026,0.09,Priest_Rapids_H,5026,0.01,Wenatchee_R_SF,5026,0.01
Area126 (09) troll 72 493,,Samish_H,5016,0.49,George_Adams_H,5005,0.16,Bear_Cr_SuFa,5020,0.11,Soos_H,5020,0.09,Cedar_R_SuFa,5020,0.08
Area126 (09) troll 72 494,,Spring_Cr_col,5030,0.30,Washougal_R_Fa,5008,0.22,Big_Cr_H_Col,5030,0.21,Elochoman_H,5030,0.21,Abernathy_NFH_F,5008,0.02
Area126 (09) troll 72 495,,Lewis_R_Su,5008,0.41,Washougal_R_Fa,5008,0.25,Green_R_Fa,5008,0.18,Snoqualmie_R,5016,0.12,Abernathy_Cr_Fa,5008,0.01
Area126 (09) troll 72 496,,Cedar_R_SuFa,5020,0.20,Snoqualmie_R,5016,0.18,Hanford_Reach,5026,0.15,Samish_H,5016,0.12,Bear_Cr_SuFa,5020,0.11
Area126 (09) troll 72 497,,Priest_Rapid_H,5026,0.87,Wenatchee_R_SF,5026,0.05,Methow_R,5026,0.04,Hanford_Reach,5026,0.03,Wells_H,5026,0.01
Area126 (09) troll 72 498,,Skagit_R,5016,0.79,Harrison,3,0.08,Kitwanga,22,0.05,U_Sauk_R_SpSu,5016,0.03,Kateen,10,0.02
Area126 (09) troll 72 499,,Wenatchee_R_SF,5026,0.71,Priest_Rapid_H,5026,0.16,Umatilla_H_Fa,5026,0.08,Wells_H,5026,0.03,Hanford_Reach,5026,0.01
Area126 (09) troll 72 500,,Wenatchee_R_SF,5026,0.50,Priest_Rapid_H,5026,0.22,Hanford_Reach,5026,0.13,Marion_Drain_Fa,5026,0.05,Nez_PerceT_H,5021,0.03
Area126 (09) troll 72 501,,Hanford_Reach,5026,0.60,Priest_Rapid_H,5026,0.16,Umatilla_H_Fa,5026,0.13,Wells_H,5026,0.07,Nez_PerceT_H,5021,0.02
Area126 (09) troll 72 502,,Cowlitz_H_fa,5008,0.98,Abernathy_Cr_Fa,5008,0.01,Lewis_R_Su,5008,0.01,Washougal_R_Fa,5008,0.01,Elochoman_R_Fa,5008,0.00
Area126 (09) troll 72 503,,Umpqua_H,5011,0.95,S_Umpqua_H,5011,0.05,L_Skagit_R_Fa,5016,0.00,Sixes_R,5011,0.00,Elochoman_R_Fa,5008,0.00
Area126 (09) troll 72 504,,Washougal_R_Fa,5008,0.90,Elochoman_H,5030,0.07,Spring_Cr_col,5030,0.02,Elochoman_R_Fa,5008,0.00,Green_R_Fa,5008,0.00
Area126 (09) troll 72 505,,Priest_Rapid_H,5026,0.64,Wenatchee_R_SF,5026,0.21,Hanford_Reach,5026,0.08,Wells_H,5026,0.03,Umatilla_H_Fa,5026,0.02
Area126 (09) troll 72 506,,Skagit_R,5016,0.67,Snoqualmie_R,5016,0.19,L_Skagit_R_Fa,5016,0.07,U_Skagit_R,5016,0.03,U_Sauk_R_SpSu,5016,0.02
Area126 (09) troll 72 507,,Hanford_Reach,5026,0.72,Umatilla_H_Fa,5026,0.10,Wells_H,5026,0.09,Priest_Rapid_H,5026,0.07,Wenatchee_R_SF,5026,0.01
Area126 (09) troll 72 508,,Priest_Rapid_H,5026,0.42,Umatilla_H_Fa,5026,0.19,Nez_PerceT_H,5021,0.15,Wenatchee_R_SF,5026,0.11,Methow_R,5026,0.08
Area126 (09) troll 72 509,,L_Deschutes_R,5004,0.91,U_Deschutes_R,5004,0.08,Hanford_Reach,5026,0.01,Priest_Rapid_H,5026,0.00,Nez_PerceT_H,5021,0.00
Area126 (09) troll 72 510,,S_Umpqua_H,5011,0.61,Umpqua_H,5011,0.27,U_Skagit_R,5016,0.04,Sixes_R,5011,0.03,S_Coos_R,5011,0.01
Area126 (09) troll 73 511,,Sixes_R,5011,0.67,Skagit_R,5016,0.17,Umpqua_H,5011,0.05,Harrison,3,0.03,L_Deschutes_R,5004,0.02
Area126 (09) troll 73 512,,N_Santiam_H,5029,0.82,McKenzie_H,5029,0.18,Washougal_R_Fa,5008,0.00,Green_R_Fa,5008,0.00,,,
Area126 (09) troll 73 513,,Priest_Rapid_H,5026,0.82,Hanford_Reach,5026,0.15,Umatilla_H_Fa,5026,0.03,Priest_Rapids_H,5026,0.01,Wells_H,5026,0.00
Area126 (09) troll 73 514,,Wenatchee_R_SF,5026,0.56,Wells_H,5026,0.17,Priest_Rapid_H,5026,0.13,Umatilla_H_Fa,5026,0.07,Hanford_Reach,5026,0.05
Area126 (09) troll 73 515,,Skagit_R,5016,1.00,L_Skagit_R_Fa,5016,0.00,Marblemount_HSp,5016,0.00,Snoqualmie_R,5016,0.00,Umatilla_H_Fa,5026,0.00
Area126 (09) troll 73 516,,Washougal_R_Fa,5008,0.83,N_Santiam_H,5029,0.08,McKenzie_H,5029,0.03,Skagit_R,5016,0.02,Lewis_R_Su,5008,0.02
Area126 (09) troll 73 517,,Grovers_Cr_H,5020,0.29,George_Adams_H,5005,0.25,S_Prairie_Cr,5020,0.23,Samish_H,5016,0.15,NF_Skokomish_F,5005,0.05
Area126 (09) troll 73 518,,George_Adams_H,5005,0.87,NF_Skokomish_F,5005,0.03,Clear_Cr_H,5020,0.03,S_Prairie_Cr,5020,0.02,Cedar_R_SuFa,5020,0.02
Area126 (09) troll 73 519,,Grovers_Cr_H,5020,0.28,Samish_H,5016,0.22,Clear_Cr_H,5020,0.19,George_Adams_H,5005,0.16,Cedar_R_SuFa,5020,0.09
Area126 (09) troll 73 520,,Wells_H,5026,0.22,Lewis_R_Su,5008,0.21,Priest_Rapid_H,5026,0.14,Hanford_Reach,5026,0.14,Umatilla_H_Fa,5026,0.13
Area126 (09) troll 73 521,,George_Adams_H,5005,0.65,NF_Skokomish_F,5005,0.19,Grovers_Cr_H,5020,0.14,Cedar_R_SuFa,5020,0.01,Clear_Cr_H,5020,0.01
Area126 (09) troll 73 522,,Coos_H,5011,0.91,L_Skagit_R_Fa,5016,0.06,Samish_H,5016,0.02,Puntledge_F,7,0.01,George_Adams_H,5005,0.00
Area126 (09) troll 73 523,,Washougal_R_Fa,5008,0.52,Cowlitz_H_fa,5008,0.11,Lewis_R_Su,5008,0.09,Abernathy_Cr_Fa,5008,0.09,Green_R_Fa,5008,0.06
Area126 (09) troll 73 524,,Washougal_R_Fa,5008,0.97,Lewis_R_Su,5008,0.01,Elochoman_R_Fa,5008,0.01,Abernathy_Cr_Fa,5008,0.01,Green_R_Fa,5008,0.00
Area126 (09) troll 73 525,,Hanford_Reach,5026,0.83,Priest_Rapid_H,5026,0.08,Wenatchee_R_SF,5026,0.05,Wells_H,5026,0.02,Umatilla_H_Fa,5026,0.01
Area126 (09) troll 73 526,,L_Deschutes_R,5004,0.97,Hanford_Reach,5026,0.01,Priest_Rapid_H,5026,0.01,Washougal_R_Fa,5008,0.00,Wenatchee_R_SF,5026,0.00
Area126 (09) troll 73 527,,S_Coos_R,5011,0.71,Coos_H,5011,0.23,Alsea_R,5015,0.05,Millicoma_R,5011,0.00,L_Skagit_R_Fa,5016,0.00
Area126 (09) troll 73 528,,Skagit_R,5016,0.62,L_Skagit_R_Fa,5016,0.28,Washougal_R_Fa,5008,0.03,Elochoman_H,5030,0.03,S_Prairie_Cr,5020,0.02
Area126 (09) troll 73 529,,Priest_Rapid_H,5026,0.68,Wenatchee_R_SF,5026,0.17,Hanford_Reach,5026,0.10,Umatilla_H_Fa,5026,0.02,Methow_R,5026,0.01
Area126 (09) troll 73 530,,Hanford_Reach,5026,0.41,Wenatchee_R_SF,5026,0.31,Priest_Rapid_H,5026,0.18,Wells_H,5026,0.05,Methow_R,5026,0.03
Area126 (09) troll 73 531,,Priest_Rapid_H,5026,0.41,Umatilla_H_Fa,5026,0.32,Hanford_Reach,5026,0.24,Wells_H,5026,0.01,Nez_PerceT_H,5021,0.01
Area126 (09) troll 73 532,,Wenatchee_R_SF,5026,0.82,Umatilla_H_Fa,5026,0.10,Wells_H,5026,0.03,Priest_Rapid_H,5026,0.02,Methow_R,5026,0.02
Area126 (09) troll 73 533,,Cowlitz_H_fa,5008,0.49,Lewis_R_Su,5008,0.46,Umatilla_H_Fa,5026,0.03,Elochoman_R_Fa,5008,0.00,Lewis_R_f,5008,0.00
Area126 (09) troll 73 534,,Wenatchee_R_SF,5026,0.80,Priest_Rapid_H,5026,0.09,Methow_R,5026,0.07,Wells_H,5026,0.02,Hanford_Reach,5026,0.02
Area126 (09) troll 73 535,,Hanford_Reach,5026,0.61,Wells_H,5026,0.15,Priest_Rapid_H,5026,0.14,Umatilla_H_Fa,5026,0.03,Nez_PerceT_H,5021,0.02
Area126 (09) troll 73 536,,Wenatchee_R_SF,5026,0.84,Wells_H,5026,0.10,Hanford_Reach,5026,0.02,Umatilla_H_Fa,5026,0.01,Methow_R,5026,0.01
Area126 (09) troll 73 537,,Harrison,3,0.52,Kitwanga,22,0.16,Kildala,10,0.16,Takia,10,0.08,Kitsumkalum_R,23,0.01
Area126 (09) troll 73 538,,Priest_Rapid_H,5026,0.84,Hanford_Reach,5026,0.15,L_Deschutes_R,5004,0.01,Methow_R,5026,0.00,Wenatchee_R_SF,5026,0.00
Area126 (09) troll 73 539,,Umatilla_H_Fa,5026,0.77,Wenatchee_R_SF,5026,0.13,Priest_Rapid_H,5026,0.06,Wells_H,5026,0.03,Hanford_Reach,5026,0.01
Area126 (09) troll 73 540,,Kitwanga,22,0.67,Morice_R,21,0.18,Snoqualmie_R,5016,0.04,Sweetin,22,0.04,Owegee,11,0.03
Area126 (09) troll 73 541,,Umatilla_H_Fa,5026,0.66,Hanford_Reach,5026,0.12,Wenatchee_R_SF,5026,0.09,Priest_Rapid_H,5026,0.05,Methow_R,5026,0.04
Area126 (09) troll 73 542,,Priest_Rapid_H,5026,0.68,Hanford_Reach,5026,0.13,Wells_H,5026,0.08,Umatilla_H_Fa,5026,0.04,Wenatchee_R_SF,5026,0.03
Area126 (09) troll 73 543,,White_H,5020,0.86,Hupp_Sp_H,5020,0.06,George_Adams_H,5005,0.04,Clear_Cr_H,5020,0.02,Grovers_Cr_H,5020,0.00
Area126 (09) troll 73 544,,Forks_Cr_H,5028,0.99,Harrison,3,0.01,Hoh_R,5028,0.01,Humptulips_H,5028,0.00,Queets_R,5028,0.00
Area126 (09) troll 73 545,,NF_Nooksack_H,5016,1.00,,,,,,,,,,,,
Area126 (09) troll 73 546,,Chilliwack_F,3,0.95,Harrison,3,0.02,Queets_R,5028,0.02,Umpqua_H,5011,0.00,Otsi_Cr,19,0.00
Area126 (09) troll 73 547,,Washougal_R_Fa,5008,0.45,Lewis_R_Su,5008,0.32,Cowlitz_H_fa,5008,0.07,Elochoman_R_Fa,5008,0.05,Elochoman_H,5030,0.04
Area126 (09) troll 73 548,,Umatilla_H_Fa,5026,0.91,Hanford_Reach,5026,0.08,L_Deschutes_R,5004,0.00,Nez_PerceT_H,5021,0.00,Feather_H_sp,5002,0.00
Area126 (09) troll 73 549,,Priest_Rapid_H,5026,0.79,Wenatchee_R_SF,5026,0.17,Hanford_Reach,5026,0.03,Umatilla_H,5026,0.00,Priest_Rapids_H,5026,0.00
Area126 (09) troll 73 550,,Coos_H,5011,0.91,L_Skagit_R_Fa,5016,0.05,Forks_Cr_H,5028,0.02,Skagit_R,5016,0.01,S_Coos_R,5011,0.01
Area126 (09) troll 73 551,,Hanford_Reach,5026,0.29,Wells_H,5026,0.21,Priest_Rapid_H,5026,0.15,Wenatchee_R_SF,5026,0.15,Umpqua_H,5011,0.06
Area126 (09) troll 73 552,,Wenatchee_R_SF,5026,0.83,Wells_H,5026,0.07,Umatilla_H_Fa,5026,0.03,Priest_Rapids_H,5026,0.02,Methow_R,5026,0.02
Area126 (09) troll 73 553,,Harrison,3,0.99,Morice_R,21,0.01,U_Dean,10,0.00,Chilliwack_F,3,0.00,Takia,10,0.00
Area126 (09) troll 73 554,,Washougal_R_Fa,5008,0.72,Lewis_R_Su,5008,0.14,Cowlitz_H_fa,5008,0.12,Abernathy_Cr_Fa,5008,0.01,Elochoman_R_Fa,5008,0.01
Area126 (09) troll 73 555,,Takia,10,0.97,U_Dean,10,0.02,Washougal_R_Fa,5008,0.00,L_Thompson,5,0.00,Lewis_R_Su,5008,0.00
Area126 (09) troll 73 556,,Snoqualmie_R,5016,0.98,L_Skagit_R_Fa,5016,0.01,Cedar_R_SuFa,5020,0.00,Skagit_R,5016,0.00,Clear_Cr_H,5020,0.00
Area126 (09) troll 73 557,,Umpqua_H,5011,0.88,S_Umpqua_H,5011,0.10,Coos_H,5011,0.01,Lewis_R_Su,5008,0.01,S_Coos_R,5011,0.00
Area126 (09) troll 73 558,,Skagit_R,5016,0.97,U_Sauk_R_SpSu,5016,0.01,U_Skagit_R,5016,0.01,Marblemount_HSp,5016,0.00,Snoqualmie_R,5016,0.00
Area126 (09) troll 73 559,,L_Thompson,5,0.70,South_Thom,5,0.28,Bessette,5,0.02,Little_R,5,0.00,L_Shuswap,5,0.00
Area126 (09) troll 73 560,,Snoqualmie_R,5016,0.36,Priest_Rapid_H,5026,0.23,Hanford_Reach,5026,0.14,Grovers_Cr_H,5020,0.08,Skagit_R,5016,0.04
Area126 (09) troll 73 561,,Hanford_Reach,5026,0.34,Priest_Rapid_H,5026,0.28,Wells_H,5026,0.17,Umatilla_H_Fa,5026,0.10,Wenatchee_R_SF,5026,0.10
Area126 (09) troll 73 562,,Spring_Cr_col,5030,0.71,Abernathy_Cr_Fa,5008,0.05,L_Skagit_R_Fa,5016,0.04,Hanford_Reach,5026,0.04,Abernathy_NFH_F,5008,0.03
Area126 (09) troll 73 563,,George_Adams_H,5005,0.24,L_Skagit_R_Fa,5016,0.11,Skagit_R,5016,0.08,Cedar_R_SuFa,5020,0.08,NF_Skokomish_F,5005,0.07
Area126 (09) troll 73 564,,Hanford_Reach,5026,0.24,Trask_R,5015,0.20,Lewis_R_Su,5008,0.19,L_Deschutes_R,5004,0.07,Priest_Rapid_H,5026,0.07
Area126 (09) troll 73 565,,Wenatchee_R_SF,5026,0.53,Priest_Rapid_H,5026,0.17,Hanford_Reach,5026,0.16,Wells_H,5026,0.08,Skagit_R,5016,0.02
Area126 (09) troll 73 566,,Clear_Cr_H,5020,0.38,S_Prairie_Cr,5020,0.23,Cedar_R_SuFa,5020,0.11,Samish_H,5016,0.10,Grovers_Cr_H,5020,0.05
Area126 (09) troll 73 567,,McKenzie_H,5029,0.95,N_Santiam_H,5029,0.05,,,,,,,,,
Area126 (09) troll 73 568,,George_Adams_H,5005,0.73,Clear_Cr_H,5020,0.10,Snoqualmie_R,5016,0.06,NF_Skokomish_F,5005,0.04,Cedar_R_SuFa,5020,0.01
Area126 (09) troll 73 569,,Spring_Cr_col,5030,0.47,Abernathy_NFH_F,5008,0.22,Abernathy_Cr_Fa,5008,0.10,Cowlitz_H_fa,5008,0.07,Green_R_Fa,5008,0.05
Area126 (09) troll 73 570,,Spring_Cr_col,5030,0.44,Elochoman_H,5030,0.29,Abernathy_NFH_F,5008,0.10,Big_Cr_H_Col,5030,0.08,Washougal_R_Fa,5008,0.07
Area126 (09) troll 73 571,,Clear_Cr_H,5020,0.81,Cedar_R_SuFa,5020,0.04,Snoqualmie_R,5016,0.04,Soos_H,5020,0.04,Samish_H,5016,0.03
Area126 (09) troll 73 572,,NF_Nooksack_H,5016,1.00,Snoqualmie_R,5016,0.00,,,,,,,,,
Area126 (09) troll 73 573,,Sixes_R,5011,0.59,S_Coos_R,5011,0.21,Coos_H,5011,0.14,Elk_H,5011,0.02,Trask_R,5015,0.02
Area126 (09) troll 73 574,,Wenatchee_R_SF,5026,0.73,Wells_H,5026,0.09,Priest_Rapid_H,5026,0.06,Methow_R,5026,0.06,Umatilla_H_Fa,5026,0.05
Area126 (09) troll 73 575,,Wenatchee_R_SF,5026,0.62,Wells_H,5026,0.28,Methow_R,5026,0.09,Umatilla_H_Fa,5026,0.00,Hanford_Reach,5026,0.00
Area126 (09) troll 73 576,,Hanford_Reach,5026,0.62,Umatilla_H_Fa,5026,0.23,Priest_Rapid_H,5026,0.13,Nez_PerceT_H,5021,0.01,L_Deschutes_R,5004,0.01
Area126 (09) troll 73 577,,Hanford_Reach,5026,0.57,Priest_Rapid_H,5026,0.21,L_Deschutes_R,5004,0.17,Wenatchee_R_SF,5026,0.03,Nez_PerceT_H,5021,0.01
Area126 (09) troll 73 578,,Hanford_Reach,5026,0.44,Priest_Rapid_H,5026,0.35,Wenatchee_R_SF,5026,0.08,Wells_H,5026,0.06,Umatilla_H_Fa,5026,0.03
Area126 (09) troll 73 579,,Harrison,3,0.99,Chilliwack_F,3,0.01,,,,,,,,,
Area126 (09) troll 73 580,,Skagit_R,5016,0.94,L_Skagit_R_Fa,5016,0.03,U_Sauk_R_SpSu,5016,0.02,Snoqualmie_R,5016,0.01,U_Skagit_R,5016,0.00
Area126 (09) troll 73 581,,Washougal_R_Fa,5008,0.72,Lewis_R_Su,5008,0.16,Sandy_R,5008,0.04,Cowlitz_H_fa,5008,0.04,Morice_R,21,0.02
Area126 (09) troll 73 582,,Skagit_R,5016,0.57,U_Sauk_R_SpSu,5016,0.28,L_Thompson,5,0.09,U_Skagit_R,5016,0.01,Marblemount_HSp,5016,0.01
Area126 (09) troll 73 583,,Hanford_Reach,5026,0.47,Priest_Rapid_H,5026,0.40,Wenatchee_R_SF,5026,0.06,Nez_PerceT_H,5021,0.04,Wells_H,5026,0.01
Area126 (09) troll 73 584,,Harrison,3,0.67,Chilliwack_F,3,0.32,Kitwanga,22,0.01,Chilliwac@Stav,3,0.00,Skykomish_R,5016,0.00
Area126 (09) troll 73 585,,Coos_H,5011,0.50,L_Deschutes_R,5004,0.09,Umatilla_H_Fa,5026,0.09,Hanford_Reach,5026,0.08,S_Coos_R,5011,0.07
Area126 (09) troll 73 586,,Umatilla_H_Fa,5026,0.77,Wenatchee_R_SF,5026,0.11,Priest_Rapid_H,5026,0.07,Wells_H,5026,0.03,L_Deschutes_R,5004,0.01
Area126 (09) troll 73 587,,S_Prairie_Cr,5020,0.38,Cedar_R_SuFa,5020,0.37,Clear_Cr_H,5020,0.21,Samish_H,5016,0.02,Soos_H,5020,0.01
Area126 (09) troll 73 588,,Hanford_Reach,5026,0.54,Umatilla_H_Fa,5026,0.18,Priest_Rapid_H,5026,0.13,Umpqua_H,5011,0.07,Umatilla_H,5026,0.05
Area126 (09) troll 73 589,,Wells_H,5026,0.79,Priest_Rapid_H,5026,0.15,Hanford_Reach,5026,0.03,Wenatchee_R_SF,5026,0.02,Methow_R,5026,0.00
Area126 (09) troll 73 590,,Hanford_Reach,5026,0.37,Wenatchee_R_SF,5026,0.30,Umatilla_H_Fa,5026,0.23,Priest_Rapid_H,5026,0.04,Wells_H,5026,0.04
Area126 (09) troll 73 591,,Grovers_Cr_H,5020,0.80,Samish_H,5016,0.06,Clear_Cr_H,5020,0.05,Cedar_R_SuFa,5020,0.03,Snoqualmie_R,5016,0.02
Area126 (09) troll 73 592,,Nez_PerceT_H,5021,0.99,Priest_Rapids_H,5026,0.01,Umatilla_H_Fa,5026,0.00,Hanford_Reach,5026,0.00,Wells_H,5026,0.00
Area126 (09) troll 73 593,,McKenzie_H,5029,0.99,N_Santiam_H,5029,0.01,,,,,,,,,
Area126 (09) troll 73 594,,Hanford_Reach,5026,0.19,Priest_Rapid_H,5026,0.16,Wells_H,5026,0.16,Umatilla_H_Fa,5026,0.15,Nez_PerceT_H,5021,0.10
Area126 (09) troll 73 595,,Snoqualmie_R,5016,0.34,Cowlitz_H_fa,5008,0.25,Lewis_R_Su,5008,0.06,NF_Skokomish_F,5005,0.06,L_Deschutes_R,5004,0.05
Area126 (09) troll 73 596,,Wenatchee_R_SF,5026,0.80,Hanford_Reach,5026,0.07,Umatilla_H_Fa,5026,0.05,L_Deschutes_R,5004,0.05,Nez_PerceT_H,5021,0.01
Area126 (09) troll 73 597,,Kaouk_R,8,0.14,Nahmint,8,0.14,Chilliwack_F,3,0.08,U_Sauk_R_SpSu,5016,0.08,Raft_R,4,0.08
Area126 (09) troll 73 598,,Big_Cr_H_Col,5030,0.80,Spring_Cr_col,5030,0.10,Washougal_R_Fa,5008,0.04,Abernathy_NFH_F,5008,0.04,Elochoman_H,5030,0.01
Area126 (09) troll 73 599,,Hanford_Reach,5026,0.65,Wenatchee_R_SF,5026,0.08,Snoqualmie_R,5016,0.07,Priest_Rapid_H,5026,0.06,Cedar_R_SuFa,5020,0.04
Area126 (09) troll 73 600,,Chilliwack_F,3,0.65,Harrison,3,0.35,L_Skagit_R_Fa,5016,0.00,Samish_H,5016,0.00,,,
,,,,,,,,,,,,,,,,
Sample: 20, Area126-127,2009, troll, Mar07,,,,,,,,,,,,
Area126-127 (09) troll 66 437,,Spring_Cr_col,5030,1.00,,,,,,,,,,,,
Area126-127 (09) troll 66 438,,NF_Nooksack_H,5016,1.00,,,,,,,,,,,,
Area126-127 (09) troll 66 439,,Spring_Cr_col,5030,1.00,Abernathy_NFH_F,5008,0.00,,,,,,,,,
Area126-127 (09) troll 66 440,,NF_Nooksack_H,5016,0.56,L_Sauk_R,5016,0.32,Elochoman_R_Fa,5008,0.12,,,,,,
Area126-127 (09) troll 66 441,,Puntledge_Su,7,0.88,Puntledge_BackX,7,0.12,,,,,,,,,
Area126-127 (09) troll 66 442,,Wells_H,5026,1.00,,,,,,,,,,,,
Area126-127 (09) troll 66 443,,Wells_H,5026,0.95,Abernathy_Cr_Fa,5008,0.02,NF_Nooksack_H,5016,0.02,Marion_Drain_Fa,5026,0.01,Methow_R,5026,0.00
Area126-127 (09) troll 66 444,,Spring_Cr_col,5030,0.78,Elochoman_R_Fa,5008,0.16,Applegate_Cr,5019,0.02,Abernathy_Cr_Fa,5008,0.02,Sandy_R,5008,0.01
Area126-127 (09) troll 66 445,,Wells_H,5026,1.00,Wenatchee_R_SF,5026,0.00,Hanford_Reach,5026,0.00,,,,,,
,,,,,,,,,,,,,,,,
Sample: 21, Area127,2009, troll, May12-Aug11,,,,,,,,,,,,
Area127 (09) troll 132 1,,Hanford_Reach,5026,0.95,Priest_Rapid_H,5026,0.03,Wells_H,5026,0.01,L_Thompson,5,0.01,Methow_R,5026,0.00
Area127 (09) troll 132 10,,Little_R,5,0.27,Nazko,2,0.22,South_Thom,5,0.15,L_Thompson,5,0.12,Bowron,1,0.09
Area127 (09) troll 132 11,,Spring_Cr_col,5030,0.38,Elochoman_H,5030,0.38,Abernathy_Cr_Fa,5008,0.13,Washougal_R_Fa,5008,0.07,Cowlitz_H_fa,5008,0.01
Area127 (09) troll 132 12,,Lewis_R_Su,5008,0.56,Cowlitz_H_fa,5008,0.31,Salmon_R_f,5015,0.11,Trask_R,5015,0.01,Lewis_R_f,5008,0.01
Area127 (09) troll 132 13,,Puntledge_F,7,0.74,Big_Qualicum,7,0.16,Cowichan,7,0.09,Puntledge_BackX,7,0.00,L_Qualicum,7,0.00
Area127 (09) troll 132 14,,Kispiox,22,0.89,Slamgeesh,19,0.08,Morice_R,21,0.01,Otsi_Cr,19,0.01,Clearwater,4,0.01
Area127 (09) troll 132 15,,Chilliwack_F,3,0.77,Harrison,3,0.23,Bear,19,0.00,Kispiox,22,0.00,Little_R,5,0.00
Area127 (09) troll 132 16,,Priest_Rapid_H,5026,0.88,Wells_H,5026,0.05,Hanford_Reach,5026,0.05,Nez_PerceT_H,5021,0.02,Wenatchee_R_SF,5026,0.01
Area127 (09) troll 132 17,,Elk_H,5011,0.80,Trask_R,5015,0.06,S_Umpqua_H,5011,0.05,Forks_Cr_H,5028,0.04,Sixes_R,5011,0.03
Area127 (09) troll 132 18,,South_Thom,5,0.99,Little_R,5,0.01,,,,,,,,,
Area127 (09) troll 132 19,,Priest_Rapid_H,5026,0.62,Nez_PerceT_H,5021,0.11,Methow_R,5026,0.10,Wells_H,5026,0.07,Hanford_Reach,5026,0.04
Area127 (09) troll 132 2,,Priest_Rapid_H,5026,0.57,Hanford_Reach,5026,0.25,Nez_PerceT_H,5021,0.09,Harrison,3,0.05,Methow_R,5026,0.02
Area127 (09) troll 132 20,,Priest_Rapid_H,5026,0.62,Wenatchee_R_SF,5026,0.33,Hanford_Reach,5026,0.05,Nez_PerceT_H,5021,0.00,Umatilla_H_Fa,5026,0.00
Area127 (09) troll 132 21,,Cowlitz_H_fa,5008,0.88,Spring_Cr_col,5030,0.09,Harrison,3,0.01,Abernathy_Cr_Fa,5008,0.01,Lewis_R_Su,5008,0.00
Area127 (09) troll 132 22,,Skagit_R,5016,0.90,Snoqualmie_R,5016,0.08,Soos_H,5020,0.01,Samish_H,5016,0.00,S_Prairie_Cr,5020,0.00
Area127 (09) troll 132 23,,Harrison,3,0.98,Hanford_Reach,5026,0.01,Chilliwack_F,3,0.01,Priest_Rapid_H,5026,0.01,Kitimat,10,0.00
Area127 (09) troll 132 24,,Samish_H,5016,0.92,S_Prairie_Cr,5020,0.03,George_Adams_H,5005,0.02,Hanford_Reach,5026,0.01,Bear_Cr_SuFa,5020,0.01
Area127 (09) troll 132 25,,Washougal_R_Fa,5008,0.79,Elochoman_H,5030,0.19,Cowlitz_H_fa,5008,0.01,Abernathy_Cr_Fa,5008,0.00,Green_R_Fa,5008,0.00
Area127 (09) troll 132 26,,Harrison,3,0.52,Chilliwack_F,3,0.47,Puntledge_F,7,0.01,Big_Qualicum,7,0.00,Snoqualmie_R,5016,0.00
Area127 (09) troll 132 27,,Wenatchee_R_SF,5026,0.76,Hanford_Reach,5026,0.21,Priest_Rapid_H,5026,0.02,Wells_H,5026,0.01,Nez_PerceT_H,5021,0.01
Area127 (09) troll 132 28,,Skagit_R,5016,0.99,Snoqualmie_R,5016,0.00,L_Thompson,5,0.00,Slamgeesh,19,0.00,Harrison,3,0.00
Area127 (09) troll 132 29,,Chilliwack_F,3,1.00,Harrison,3,0.00,,,,,,,,,
Area127 (09) troll 132 3,,Grovers_Cr_H,5020,0.53,S_Prairie_Cr,5020,0.33,George_Adams_H,5005,0.08,Snoqualmie_R,5016,0.03,Samish_H,5016,0.02
Area127 (09) troll 132 30,,Snoqualmie_R,5016,0.38,Grovers_Cr_H,5020,0.25,Soos_H,5020,0.10,Harrison,3,0.06,Bear_Cr_SuFa,5020,0.04
Area127 (09) troll 132 31,,Coquille_R,5011,0.56,S_Umpqua_H,5011,0.19,Coos_H,5011,0.05,S_Coos_R,5011,0.05,Tlupana,8,0.05
Area127 (09) troll 132 32,,Priest_Rapid_H,5026,0.47,Wenatchee_R_SF,5026,0.28,Hanford_Reach,5026,0.22,Wells_H,5026,0.02,Methow_R,5026,0.01
Area127 (09) troll 132 33,,South_Thom,5,0.47,L_Thompson,5,0.37,Little_R,5,0.13,Nechako,2,0.01,Raft_R,4,0.00
Area127 (09) troll 132 34,,Harrison,3,0.66,Chilliwack_F,3,0.26,Hanford_Reach,5026,0.03,Priest_Rapid_H,5026,0.02,Skagit_R,5016,0.02
Area127 (09) troll 132 35,,Dungeness_R,5006,1.00,,,,,,,,,,,,
Area127 (09) troll 132 36,,Clearwater,4,1.00,Lemieux_Cr,4,0.00,Kispiox,22,0.00,L_Thompson,5,0.00,,,
Area127 (09) troll 132 37,,Kispiox,22,0.90,Morice_R,21,0.08,Kitwanga,22,0.01,Sweetin,22,0.00,Slamgeesh,19,0.00
Area127 (09) troll 132 38,,Spring_Cr_col,5030,0.99,Elochoman_H,5030,0.01,Big_Cr_H_Col,5030,0.00,Cowlitz_H_fa,5008,0.00,,,
Area127 (09) troll 132 39,,Kispiox,22,0.82,Harrison,3,0.10,Chilliwack_F,3,0.03,Morice_R,21,0.02,Sweetin,22,0.01
Area127 (09) troll 132 4,,Grovers_Cr_H,5020,0.40,S_Prairie_Cr,5020,0.26,George_Adams_H,5005,0.09,Snoqualmie_R,5016,0.08,Samish_H,5016,0.08
Area127 (09) troll 132 40,,Taseko,2,1.00,,,,,,,,,,,,
Area127 (09) troll 132 41,,Raft_R,4,0.95,Clearwater,4,0.04,Lemieux_Cr,4,0.00,Blue,4,0.00,Harrison,3,0.00
Area127 (09) troll 132 42,,Harrison,3,1.00,Chilliwack_F,3,0.00,Little_R,5,0.00,Snoqualmie_R,5016,0.00,L_Thompson,5,0.00
Area127 (09) troll 132 43,,Grovers_Cr_H,5020,0.32,Snoqualmie_R,5016,0.31,Soos_H,5020,0.12,S_Prairie_Cr,5020,0.11,Skagit_R,5016,0.05
Area127 (09) troll 132 44,,U_Cariboo,2,0.83,Bowron,1,0.09,Salmon@PG,1,0.05,Nazko,2,0.01,Chilako,2,0.01
Area127 (09) troll 132 45,,Harrison,3,0.63,Chilliwack_F,3,0.33,Forks_Cr_H,5028,0.04,L_Thompson,5,0.00,U_Cariboo,2,0.00
Area127 (09) troll 132 46,,South_Thom,5,0.82,Little_R,5,0.17,L_Thompson,5,0.01,L_Adams,5,0.00,Duteau_Cr,5,0.00
Area127 (09) troll 132 47,,Priest_Rapid_H,5026,0.88,Hanford_Reach,5026,0.05,Wenatchee_R_SF,5026,0.03,Umatilla_H_Fa,5026,0.02,Umatilla_H,5026,0.01
Area127 (09) troll 132 48,,Hoh_R,5028,0.49,Queets_R,5028,0.48,Harrison,3,0.03,Skagit_R,5016,0.00,L_Thompson,5,0.00
Area127 (09) troll 132 49,,Samish_H,5016,0.94,George_Adams_H,5005,0.02,Snoqualmie_R,5016,0.02,Bear_Cr_SuFa,5020,0.01,Skykomish_R,5016,0.01
Area127 (09) troll 132 5,,Hanford_Reach,5026,0.65,Priest_Rapid_H,5026,0.21,Wenatchee_R_SF,5026,0.09,Nez_PerceT_H,5021,0.04,Wells_H,5026,0.01
Area127 (09) troll 132 50,,Morice_R,21,0.74,Otsi_Cr,19,0.11,Kispiox,22,0.09,Bear,19,0.04,Harrison,3,0.01
Area127 (09) troll 132 51,,Hanford_Reach,5026,0.40,Priest_Rapid_H,5026,0.29,Nez_PerceT_H,5021,0.23,Lyons_Ferry_H,5021,0.02,Marion_Drain_Fa,5026,0.02
Area127 (09) troll 132 52,,Trask_R,5015,0.88,Wilson_R,5015,0.09,Cowlitz_H_fa,5008,0.02,Salmon_R_f,5015,0.00,Alsea_R,5015,0.00
Area127 (09) troll 132 53,,Harrison,3,0.69,Raft_R,4,0.30,Chilliwack_F,3,0.01,Otsi_Cr,19,0.00,Elochoman_H,5030,0.00
Area127 (09) troll 132 54,,South_Thom,5,0.70,L_Thompson,5,0.24,Little_R,5,0.03,Harrison,3,0.01,Kispiox,22,0.00
Area127 (09) troll 132 55,,Harrison,3,0.82,Teigen,11,0.09,Snoqualmie_R,5016,0.04,South_Thom,5,0.01,Chilliwack_F,3,0.01
Area127 (09) troll 132 6,,N_Santiam_H,5029,1.00,McKenzie_H,5029,0.00,,,,,,,,,
Area127 (09) troll 132 7,,Priest_Rapid_H,5026,0.87,Hanford_Reach,5026,0.12,Wells_H,5026,0.01,Umatilla_H,5026,0.00,Wenatchee_R_SF,5026,0.00
Area127 (09) troll 132 8,,Priest_Rapid_H,5026,0.97,Hanford_Reach,5026,0.03,L_Thompson,5,0.00,Umatilla_H_Fa,5026,0.00,Little_R,5,0.00
Area127 (09) troll 132 9,,Priest_Rapid_H,5026,0.55,Wenatchee_R_SF,5026,0.23,Hanford_Reach,5026,0.18,Nez_PerceT_H,5021,0.01,Lyons_Ferry_H,5021,0.01
Area127 (09) troll 140 56,,Samish_H,5016,0.21,Dungeness_R,5006,0.19,S_Prairie_Cr,5020,0.18,Spring_Cr_col,5030,0.12,Washougal_R_Fa,5008,0.08
Area127 (09) troll 140 57,,Nehalem_R,5015,1.00,,,,,,,,,,,,
Area127 (09) troll 140 58,,Clearwater,4,0.69,Raft_R,4,0.29,Lemieux_Cr,4,0.01,U_Cariboo,2,0.00,N_Thom@Main,4,0.00
Area127 (09) troll 140 59,,L_Shuswap,5,0.97,Little_R,5,0.02,South_Thom,5,0.01,L_Thompson,5,0.00,Duteau_Cr,5,0.00
Area127 (09) troll 140 60,,Coos_H,5011,1.00,Coquille_R,5011,0.00,S_Coos_R,5011,0.00,,,,,,
Area127 (09) troll 140 61,,Harrison,3,0.45,Chilliwack_F,3,0.43,Kispiox,22,0.04,Otsi_Cr,19,0.02,Snoqualmie_R,5016,0.02
Area127 (09) troll 140 62,,U_Cariboo,2,0.60,Bowron,1,0.15,Nazko,2,0.08,Nechako,2,0.05,Sarita,8,0.04
Area127 (09) troll 140 63,,Spring_Cr_col,5030,0.79,Elochoman_H,5030,0.17,Big_Cr_H_Col,5030,0.02,Cowlitz_H_fa,5008,0.01,Abernathy_Cr_Fa,5008,0.01
Area127 (09) troll 140 64,,Spring_Cr_col,5030,0.58,Elochoman_H,5030,0.32,Abernathy_Cr_Fa,5008,0.07,Washougal_R_Fa,5008,0.02,Big_Cr_H_Col,5030,0.00
Area127 (09) troll 140 65,,Cowlitz_H_fa,5008,0.87,Washougal_R_Fa,5008,0.10,Elochoman_H,5030,0.03,Harrison,3,0.00,Spring_Cr_col,5030,0.00
Area127 (09) troll 140 66,,Samish_H,5016,0.31,S_Prairie_Cr,5020,0.31,Grovers_Cr_H,5020,0.17,Soos_H,5020,0.10,Bear_Cr_SuFa,5020,0.05
Area127 (09) troll 140 67,,Priest_Rapid_H,5026,0.48,Hanford_Reach,5026,0.28,Wenatchee_R_SF,5026,0.12,Wells_H,5026,0.06,Snoqualmie_R,5016,0.03
Area127 (09) troll 140 68,,Spring_Cr_col,5030,0.96,Elochoman_H,5030,0.04,Abernathy_Cr_Fa,5008,0.00,Washougal_R_Fa,5008,0.00,,,
Area127 (09) troll 140 69,,L_Thompson,5,0.53,Little_R,5,0.27,South_Thom,5,0.18,L_Shuswap,5,0.02,M_Shuswap,5,0.00
Area127 (09) troll 140 70,,U_Cariboo,2,0.98,Clearwater,4,0.01,L_Cariboo,2,0.00,Bowron,1,0.00,Chilako,2,0.00
Area127 (09) troll 140 71,,Priest_Rapid_H,5026,0.35,Wenatchee_R_SF,5026,0.18,Hanford_Reach,5026,0.17,Wells_H,5026,0.11,Methow_R,5026,0.10
Area127 (09) troll 140 72,,Washougal_R_Fa,5008,0.55,Elochoman_H,5030,0.25,Cowlitz_H_fa,5008,0.13,Lewis_R_Su,5008,0.04,Grovers_Cr_H,5020,0.01
Area127 (09) troll 140 73,,Puntledge_F,7,0.58,Big_Qualicum,7,0.42,Puntledge_BackX,7,0.00,Harrison,3,0.00,L_Qualicum,7,0.00
Area127 (09) troll 140 74,,Priest_Rapid_H,5026,0.45,Wenatchee_R_SF,5026,0.38,Wells_H,5026,0.11,Hanford_Reach,5026,0.04,Methow_R,5026,0.02
Area127 (09) troll 140 75,,Priest_Rapid_H,5026,0.80,Hanford_Reach,5026,0.18,Umatilla_H_Fa,5026,0.01,Umatilla_H,5026,0.00,Marion_Drain_Fa,5026,0.00
Area127 (09) troll 140 76,,Clearwater,4,1.00,Raft_R,4,0.00,N_Thom@Main,4,0.00,South_Thom,5,0.00,,,
Area127 (09) troll 140 77,,Otsi_Cr,19,0.68,Morice_R,21,0.27,Kispiox,22,0.03,Harrison,3,0.01,Bear,19,0.01
Area127 (09) troll 140 78,,Trask_R,5015,0.55,Alsea_R,5015,0.35,S_Umpqua_H,5011,0.06,Salmon_R_f,5015,0.01,Coos_H,5011,0.01
Area127 (09) troll 140 79,,Priest_Rapid_H,5026,0.77,Umatilla_H_Fa,5026,0.10,Hanford_Reach,5026,0.05,Nez_PerceT_H,5021,0.05,Wells_H,5026,0.01
Area127 (09) troll 140 80,,Priest_Rapid_H,5026,0.89,Hanford_Reach,5026,0.10,Methow_R,5026,0.01,Nez_PerceT_H,5021,0.00,Marion_Drain_Fa,5026,0.00
Area127 (09) troll 140 81,,Puntledge_F,7,0.95,Cowichan,7,0.04,Big_Qualicum,7,0.01,,,,,,
Area127 (09) troll 140 82,,Puntledge_F,7,0.88,Big_Qualicum,7,0.11,Cowichan,7,0.00,Puntledge_BackX,7,0.00,Nanaimo_F,7,0.00
Area127 (09) troll 140 83,,L_Shuswap,5,1.00,M_Shuswap,5,0.00,Little_R,5,0.00,,,,,,
Area127 (09) troll 140 84,,U_Cariboo,2,0.43,Bowron,1,0.34,McGregor,1,0.17,Slim_C,1,0.02,Fontoniko,1,0.02
Area127 (09) troll 140 85,,N_Santiam_H,5029,1.00,McKenzie_H,5029,0.00,Elochoman_H,5030,0.00,,,,,,
Area127 (09) troll 140 86,,Snoqualmie_R,5016,0.97,L_Thompson,5,0.02,Skagit_R,5016,0.01,,,,,,
Area127 (09) troll 140 87,,Washougal_R_Fa,5008,0.90,Lewis_R_Su,5008,0.08,Lewis_R_f,5008,0.01,Green_R_Fa,5008,0.00,Forks_Cr_H,5028,0.00
Area127 (09) troll 140 88,,Priest_Rapid_H,5026,0.82,Methow_R,5026,0.09,Wenatchee_R_SF,5026,0.04,Hanford_Reach,5026,0.03,Wells_H,5026,0.02
Area127 (09) troll 140 89,,Harrison,3,0.91,Chilliwack_F,3,0.03,South_Thom,5,0.02,L_Thompson,5,0.01,Little_R,5,0.01
Area127 (09) troll 140 90,,Lewis_R_Su,5008,0.34,Washougal_R_Fa,5008,0.18,Coos_H,5011,0.10,Snoqualmie_R,5016,0.08,Chilliwack_F,3,0.07
Area127 (09) troll 140 91,,Kispiox,22,0.44,Teigen,11,0.21,Cranberry,11,0.07,Kitseguecla_R,22,0.06,George_Adams_H,5005,0.04
Area127 (09) troll 140 92,,Tete_Jaune,1,0.99,Holmes,1,0.00,Swift,1,0.00,McGregor,1,0.00,Bowron,1,0.00
Area127 (09) troll 140 93,,Harrison,3,0.66,Chilliwack_F,3,0.34,Coos_H,5011,0.00,,,,,,
Area127 (09) troll 140 94,,Tlupana,8,0.60,Conuma,8,0.29,Zeballos,8,0.09,Sarita,8,0.01,Kaouk_R,8,0.00
Area127 (09) troll 140 95,,South_Thom,5,0.76,Little_R,5,0.21,L_Thompson,5,0.02,Umatilla_H_Fa,5026,0.00,Hanford_Reach,5026,0.00
Area127 (09) troll 140 96,,Kitimat,10,1.00,Kispiox,22,0.00,,,,,,,,,
Area127 (09) troll 140 97,,Harrison,3,0.87,Chilliwack_F,3,0.13,Skagit_R,5016,0.00,,,,,,
Area127 (09) troll 157 100,,N_Santiam_H,5029,1.00,McKenzie_H,5029,0.00,,,,,,,,,
Area127 (09) troll 157 101,,Forks_Cr_H,5028,0.75,Alsea_R,5015,0.19,Salmon_R_f,5015,0.02,Trask_R,5015,0.02,Washougal_R_Fa,5008,0.01
Area127 (09) troll 157 102,,Hanford_Reach,5026,0.52,Priest_Rapid_H,5026,0.20,S_Umpqua_H,5011,0.14,Wenatchee_R_SF,5026,0.03,Wells_H,5026,0.03
Area127 (09) troll 157 103,,L_Shuswap,5,0.99,Little_R,5,0.00,M_Shuswap,5,0.00,L_Thompson,5,0.00,South_Thom,5,0.00
Area127 (09) troll 157 104,,Tete_Jaune,1,0.53,Bowron,1,0.35,U_Cariboo,2,0.05,McGregor,1,0.04,Slim_C,1,0.01
Area127 (09) troll 157 105,,Coos_H,5011,0.95,S_Coos_R,5011,0.04,Coquille_R,5011,0.01,Trask_R,5015,0.00,Lewis_R_Su,5008,0.00
Area127 (09) troll 157 106,,Harrison,3,0.78,Chilliwack_F,3,0.21,Priest_Rapid_H,5026,0.00,Umatilla_H_Fa,5026,0.00,Snoqualmie_R,5016,0.00
Area127 (09) troll 157 107,,South_Thom,5,0.59,L_Thompson,5,0.26,Little_R,5,0.08,L_Shuswap,5,0.04,M_Shuswap,5,0.02
Area127 (09) troll 157 108,,Priest_Rapid_H,5026,0.59,Hanford_Reach,5026,0.33,Nez_PerceT_H,5021,0.05,Wenatchee_R_SF,5026,0.01,Wells_H,5026,0.01
Area127 (09) troll 157 109,,Kispiox,22,0.73,Teigen,11,0.17,Slamgeesh,19,0.06,Bear,19,0.01,Otsi_Cr,19,0.01
Area127 (09) troll 157 110,,Coos_H,5011,0.37,Teigen,11,0.20,Trask_R,5015,0.11,Coquille_R,5011,0.10,S_Coos_R,5011,0.08
Area127 (09) troll 157 111,,Kispiox,22,0.52,Nazko,2,0.05,Duteau_Cr,5,0.05,Bowron,1,0.04,U_Cariboo,2,0.04
Area127 (09) troll 157 112,,Wenatchee_R_SF,5026,0.42,Hanford_Reach,5026,0.32,Priest_Rapid_H,5026,0.22,Nez_PerceT_H,5021,0.01,Wells_H,5026,0.01
Area127 (09) troll 157 113,,Little_R,5,0.56,L_Thompson,5,0.31,S_Umpqua_H,5011,0.08,South_Thom,5,0.05,Kitimat,10,0.00
Area127 (09) troll 157 114,,Forks_Cr_H,5028,0.97,Umpqua_H,5011,0.01,Applegate_Cr,5019,0.00,Hoh_R,5028,0.00,Samish_H,5016,0.00
Area127 (09) troll 157 115,,Forks_Cr_H,5028,0.94,Coos_H,5011,0.04,Salmon_R_f,5015,0.01,Trask_R,5015,0.01,Humptulips_H,5028,0.00
Area127 (09) troll 157 116,,S_Umpqua_H,5011,0.90,Lewis_R_Su,5008,0.04,Cowlitz_H_fa,5008,0.03,Green_R_Fa,5008,0.02,Washougal_R_Fa,5008,0.01
Area127 (09) troll 157 117,,L_Thompson,5,0.88,Little_R,5,0.12,South_Thom,5,0.00,Harrison,3,0.00,Skagit_R,5016,0.00
Area127 (09) troll 157 118,,Puntledge_F,7,0.93,Cowichan,7,0.05,Big_Qualicum,7,0.01,Puntledge_BackX,7,0.00,Grovers_Cr_H,5020,0.00
Area127 (09) troll 157 119,,Tete_Jaune,1,0.67,McGregor,1,0.11,Bowron,1,0.11,U_Cariboo,2,0.09,Holmes,1,0.01
Area127 (09) troll 157 120,,Little_R,5,0.51,L_Shuswap,5,0.33,L_Thompson,5,0.12,South_Thom,5,0.02,Harrison,3,0.01
Area127 (09) troll 157 121,,L_Thompson,5,0.21,Alsea_R,5015,0.21,Lewis_R_Su,5008,0.17,Trask_R,5015,0.11,Skagit_R,5016,0.07
Area127 (09) troll 157 122,,Wenatchee_R_SF,5026,0.50,Priest_Rapid_H,5026,0.12,L_Thompson,5,0.12,Hanford_Reach,5026,0.11,Methow_R,5026,0.09
Area127 (09) troll 157 123,,Wenatchee_R_SF,5026,0.87,Priest_Rapid_H,5026,0.07,Wells_H,5026,0.03,Umatilla_H_Fa,5026,0.02,Hanford_Reach,5026,0.01
Area127 (09) troll 157 124,,Samish_H,5016,0.68,Soos_H,5020,0.15,S_Prairie_Cr,5020,0.12,Bear_Cr_SuFa,5020,0.04,Grovers_Cr_H,5020,0.00
Area127 (09) troll 157 125,,Priest_Rapid_H,5026,0.46,Hanford_Reach,5026,0.37,Wenatchee_R_SF,5026,0.11,Wells_H,5026,0.02,Methow_R,5026,0.01
Area127 (09) troll 157 126,,S_Prairie_Cr,5020,0.45,Grovers_Cr_H,5020,0.36,Soos_H,5020,0.15,George_Adams_H,5005,0.02,Samish_H,5016,0.00
Area127 (09) troll 157 127,,Nehalem_R,5015,1.00,Trask_R,5015,0.00,Alsea_R,5015,0.00,,,,,,
Area127 (09) troll 157 128,,Washougal_R_Fa,5008,0.80,Lewis_R_Su,5008,0.17,Abernathy_Cr_Fa,5008,0.02,S_Umpqua_H,5011,0.00,Hanford_Reach,5026,0.00
Area127 (09) troll 157 129,,Damdochax,11,0.39,Teigen,11,0.32,Kispiox,22,0.16,Cranberry,11,0.08,Kiteen,11,0.02
Area127 (09) troll 157 130,,Kitimat,10,0.98,Morice_R,21,0.01,Harrison,3,0.00,Kispiox,22,0.00,Chilliwack_F,3,0.00
Area127 (09) troll 157 131,,Coquille_R,5011,0.85,Elk_H,5011,0.08,S_Coos_R,5011,0.05,S_Umpqua_H,5011,0.01,Coos_H,5011,0.01
Area127 (09) troll 157 132,,L_Thompson,5,0.39,L_Shuswap,5,0.20,Little_R,5,0.19,South_Thom,5,0.09,M_Shuswap,5,0.07
Area127 (09) troll 157 133,,Wenatchee_R_SF,5026,0.86,Priest_Rapid_H,5026,0.10,Hanford_Reach,5026,0.02,Wells_H,5026,0.01,Chilliwack_F,3,0.00
Area127 (09) troll 157 134,,Priest_Rapid_H,5026,0.62,Hanford_Reach,5026,0.14,Wenatchee_R_SF,5026,0.12,Wells_H,5026,0.08,Umatilla_H,5026,0.03
Area127 (09) troll 157 135,,S_Umpqua_H,5011,0.55,Washougal_R_Fa,5008,0.30,Cowlitz_H_fa,5008,0.11,Trask_R,5015,0.02,Coos_H,5011,0.01
Area127 (09) troll 157 136,,S_Umpqua_H,5011,0.80,Trask_R,5015,0.09,Coquille_R,5011,0.06,Coos_H,5011,0.03,Nehalem_R,5015,0.01
Area127 (09) troll 157 137,,L_Thompson,5,1.00,South_Thom,5,0.00,Little_R,5,0.00,,,,,,
Area127 (09) troll 157 138,,Trask_R,5015,0.58,Coos_H,5011,0.36,Salmon_R_f,5015,0.02,Alsea_R,5015,0.01,South_Thom,5,0.01
Area127 (09) troll 157 139,,Little_R,5,0.54,South_Thom,5,0.39,L_Thompson,5,0.03,Harrison,3,0.02,Priest_Rapid_H,5026,0.01
Area127 (09) troll 157 140,,Hanford_Reach,5026,0.81,Priest_Rapid_H,5026,0.16,Nez_PerceT_H,5021,0.02,Priest_Rapids_H,5026,0.01,Wells_H,5026,0.00
Area127 (09) troll 157 141,,L_Thompson,5,0.89,Little_R,5,0.09,South_Thom,5,0.02,Priest_Rapid_H,5026,0.00,L_Adams,5,0.00
Area127 (09) troll 157 142,,L_Thompson,5,0.35,Snoqualmie_R,5016,0.28,L_Shuswap,5,0.11,Hanford_Reach,5026,0.06,Little_R,5,0.06
Area127 (09) troll 157 143,,Wenatchee_R_SF,5026,0.53,Priest_Rapid_H,5026,0.43,Nez_PerceT_H,5021,0.02,Hanford_Reach,5026,0.01,Methow_R,5026,0.01
Area127 (09) troll 157 144,,Little_R,5,0.92,L_Thompson,5,0.05,South_Thom,5,0.02,Hanford_Reach,5026,0.00,Priest_Rapid_H,5026,0.00
Area127 (09) troll 157 145,,L_Thompson,5,0.59,Little_R,5,0.29,South_Thom,5,0.12,L_Shuswap,5,0.00,Raft_R,4,0.00
Area127 (09) troll 157 146,,Harrison,3,0.99,Chilliwack_F,3,0.01,Chilliwac@Stav,3,0.00,Kitimat,10,0.00,,,
Area127 (09) troll 157 147,,Little_R,5,0.75,South_Thom,5,0.23,L_Thompson,5,0.02,L_Adams,5,0.00,,,
Area127 (09) troll 157 148,,Washougal_R_Fa,5008,0.63,Cowlitz_H_fa,5008,0.29,Elochoman_H,5030,0.06,Lewis_R_Su,5008,0.02,Lewis_R_f,5008,0.00
Area127 (09) troll 157 149,,Nehalem_R,5015,0.66,Trask_R,5015,0.29,Salmon_R_f,5015,0.03,S_Umpqua_H,5011,0.01,Wilson_R,5015,0.01
Area127 (09) troll 157 150,,Forks_Cr_H,5028,0.99,Makah_H,5028,0.01,Salmon_R_f,5015,0.00,Humptulips_H,5028,0.00,,,
Area127 (09) troll 157 151,,Nehalem_R,5015,0.97,S_Umpqua_H,5011,0.03,Alsea_R,5015,0.00,Umpqua_H,5011,0.00,,,
Area127 (09) troll 157 152,,Chilliwack_F,3,0.93,Harrison,3,0.07,,,,,,,,,
Area127 (09) troll 157 153,,Trask_R,5015,0.49,Coquille_R,5011,0.33,Salmon_R_f,5015,0.10,Coos_H,5011,0.04,Alsea_R,5015,0.01
Area127 (09) troll 157 154,,South_Thom,5,0.81,L_Thompson,5,0.15,Little_R,5,0.04,L_Wh_Sal_H_SF,5026,0.00,Hanford_Reach,5026,0.00
Area127 (09) troll 157 155,,L_Thompson,5,0.92,L_Shuswap,5,0.05,Little_R,5,0.02,South_Thom,5,0.00,L_Adams,5,0.00
Area127 (09) troll 157 156,,Samish_H,5016,0.47,S_Prairie_Cr,5020,0.36,Soos_H,5020,0.13,Bear_Cr_SuFa,5020,0.03,George_Adams_H,5005,0.01
Area127 (09) troll 157 157,,Spring_Cr_col,5030,0.58,Cowlitz_H_fa,5008,0.29,Elochoman_H,5030,0.11,Elochoman_R_Fa,5008,0.01,Abernathy_Cr_Fa,5008,0.01
Area127 (09) troll 157 158,,Salmon@SA,5,0.99,L_Thompson,5,0.01,Tete_Jaune,1,0.00,McGregor,1,0.00,Little_R,5,0.00
Area127 (09) troll 157 159,,Salmon_R_f,5015,0.36,Alsea_R,5015,0.31,Coos_H,5011,0.13,Trask_R,5015,0.10,Wilson_R,5015,0.09
Area127 (09) troll 157 160,,Hanford_Reach,5026,0.42,Priest_Rapid_H,5026,0.37,Nez_PerceT_H,5021,0.13,Wells_H,5026,0.04,Lewis_R_Su,5008,0.01
Area127 (09) troll 157 161,,Chilliwack_F,3,0.58,Harrison,3,0.42,Chilliwac@Stav,3,0.00,,,,,,
Area127 (09) troll 157 162,,Priest_Rapid_H,5026,0.86,Hanford_Reach,5026,0.07,Umatilla_H,5026,0.03,Methow_R,5026,0.02,Wenatchee_R_SF,5026,0.01
Area127 (09) troll 157 163,,Kitseguecla_R,22,0.22,Morice_R,21,0.16,Kispiox,22,0.15,Little_R,5,0.11,Bear,19,0.08
Area127 (09) troll 157 164,,U_Cariboo,2,0.91,Kispiox,22,0.02,Tete_Jaune,1,0.02,Nazko,2,0.01,Chilako,2,0.01
Area127 (09) troll 157 165,,Harrison,3,0.61,Kitimat,10,0.26,Chilliwack_F,3,0.04,Snoqualmie_R,5016,0.02,Forks_Cr_H,5028,0.02
Area127 (09) troll 157 166,,Wenatchee_R_SF,5026,0.55,Priest_Rapid_H,5026,0.24,Hanford_Reach,5026,0.13,Wells_H,5026,0.06,Methow_R,5026,0.03
Area127 (09) troll 157 167,,Washougal_R_Fa,5008,0.80,Forks_Cr_H,5028,0.09,Cowlitz_H_fa,5008,0.03,Skagit_R,5016,0.02,L_Thompson,5,0.02
Area127 (09) troll 157 168,,Grovers_Cr_H,5020,0.82,S_Prairie_Cr,5020,0.07,George_Adams_H,5005,0.06,Snoqualmie_R,5016,0.03,Priest_Rapid_H,5026,0.01
Area127 (09) troll 157 169,,Samish_H,5016,0.77,Puntledge_F,7,0.06,George_Adams_H,5005,0.04,Bear_Cr_SuFa,5020,0.04,Grovers_Cr_H,5020,0.03
Area127 (09) troll 157 170,,Grovers_Cr_H,5020,0.77,George_Adams_H,5005,0.08,Snoqualmie_R,5016,0.06,Bear_Cr_SuFa,5020,0.03,Samish_H,5016,0.03
Area127 (09) troll 157 171,,Spring_Cr_col,5030,0.90,Elochoman_H,5030,0.09,Big_Cr_H_Col,5030,0.01,Abernathy_Cr_Fa,5008,0.00,Green_R_Fa,5008,0.00
Area127 (09) troll 157 172,,Chilliwack_F,3,0.89,Harrison,3,0.11,,,,,,,,,
Area127 (09) troll 157 173,,S_Umpqua_H,5011,0.51,Priest_Rapid_H,5026,0.35,Hanford_Reach,5026,0.07,Umpqua_H,5011,0.02,Skagit_R,5016,0.01
Area127 (09) troll 157 174,,Chilliwack_F,3,0.57,Harrison,3,0.43,Snoqualmie_R,5016,0.00,Chilliwac@Stav,3,0.00,,,
Area127 (09) troll 157 175,,L_Thompson,5,0.61,Little_R,5,0.26,South_Thom,5,0.10,Duteau_Cr,5,0.01,Harrison,3,0.01
Area127 (09) troll 157 176,,Wenatchee_R_SF,5026,0.59,Hanford_Reach,5026,0.18,Priest_Rapid_H,5026,0.09,Wells_H,5026,0.05,Methow_R,5026,0.04
Area127 (09) troll 157 177,,Trask_R,5015,0.44,Salmon_R_f,5015,0.32,Wilson_R,5015,0.08,Alsea_R,5015,0.07,Coquille_R,5011,0.02
Area127 (09) troll 157 178,,Chilliwack_F,3,0.73,Harrison,3,0.27,Kitimat,10,0.00,L_Thompson,5,0.00,Chilliwac@Stav,3,0.00
Area127 (09) troll 157 179,,Coos_H,5011,0.72,Coquille_R,5011,0.20,S_Coos_R,5011,0.02,Kispiox,22,0.01,S_Umpqua_H,5011,0.01
Area127 (09) troll 157 180,,Puntledge_F,7,0.71,Big_Qualicum,7,0.26,Cowichan,7,0.01,Gold_R,8,0.01,L_Qualicum,7,0.01
Area127 (09) troll 157 181,,Kispiox,22,0.78,Robertson,8,0.07,Gold_R,8,0.06,L_Skagit_R_Fa,5016,0.02,Slamgeesh,19,0.02
Area127 (09) troll 157 182,,Puntledge_F,7,0.77,Cowichan,7,0.13,Big_Qualicum,7,0.09,Nanaimo_SP,7,0.01,Puntledge_BackX,7,0.00
Area127 (09) troll 157 183,,Chilliwack_F,3,0.91,Harrison,3,0.09,,,,,,,,,
Area127 (09) troll 157 184,,Priest_Rapid_H,5026,0.51,Wenatchee_R_SF,5026,0.23,Hanford_Reach,5026,0.12,Little_R,5,0.03,Methow_R,5026,0.03
Area127 (09) troll 157 185,,Nehalem_R,5015,0.78,Trask_R,5015,0.08,Forks_Cr_H,5028,0.04,Coos_H,5011,0.03,S_Umpqua_H,5011,0.03
Area127 (09) troll 157 186,,Clearwater,4,1.00,Barriere,4,0.00,,,,,,,,,
Area127 (09) troll 157 187,,South_Thom,5,0.75,Little_R,5,0.17,L_Thompson,5,0.07,Harrison,3,0.00,L_Adams,5,0.00
Area127 (09) troll 157 188,,Priest_Rapid_H,5026,0.65,Wells_H,5026,0.16,Methow_R,5026,0.14,Umatilla_H_Fa,5026,0.02,Hanford_Reach,5026,0.01
Area127 (09) troll 157 189,,Otsi_Cr,19,0.81,Slamgeesh,19,0.09,Clearwater,4,0.03,Cranberry,11,0.02,Kiteen,11,0.01
Area127 (09) troll 157 190,,Harrison,3,0.67,Chilliwack_F,3,0.33,,,,,,,,,
Area127 (09) troll 157 191,,Samish_H,5016,0.79,Grovers_Cr_H,5020,0.10,George_Adams_H,5005,0.05,Bear_Cr_SuFa,5020,0.03,S_Prairie_Cr,5020,0.01
Area127 (09) troll 157 192,,Coos_H,5011,0.96,Coquille_R,5011,0.04,S_Coos_R,5011,0.00,Skagit_R,5016,0.00,Trask_R,5015,0.00
Area127 (09) troll 157 193,,Little_R,5,0.84,South_Thom,5,0.13,L_Thompson,5,0.02,Hanford_Reach,5026,0.01,Wenatchee_R_SF,5026,0.01
Area127 (09) troll 157 194,,South_Thom,5,0.47,Little_R,5,0.45,L_Shuswap,5,0.06,L_Thompson,5,0.02,M_Shuswap,5,0.01
Area127 (09) troll 157 195,,Hanford_Reach,5026,0.88,Priest_Rapid_H,5026,0.08,Nez_PerceT_H,5021,0.03,Umatilla_H_Fa,5026,0.01,Wenatchee_R_SF,5026,0.00
Area127 (09) troll 157 196,,South_Thom,5,0.37,Little_R,5,0.31,Elochoman_H,5030,0.11,L_Thompson,5,0.09,Coos_H,5011,0.07
Area127 (09) troll 157 197,,Priest_Rapid_H,5026,0.82,Hanford_Reach,5026,0.12,Wells_H,5026,0.05,Umatilla_H_Fa,5026,0.01,Methow_R,5026,0.00
Area127 (09) troll 157 198,,L_Thompson,5,0.71,Raft_R,4,0.16,Little_R,5,0.11,South_Thom,5,0.01,N_Thom@Main,4,0.00
Area127 (09) troll 157 199,,Priest_Rapid_H,5026,0.63,Hanford_Reach,5026,0.29,L_Thompson,5,0.03,Little_R,5,0.02,L_Wh_Sal_H_SF,5026,0.02
Area127 (09) troll 157 200,,Nez_PerceT_H,5021,0.40,Priest_Rapid_H,5026,0.30,Hanford_Reach,5026,0.24,S_Umpqua_H,5011,0.01,Lyons_Ferry_H,5021,0.01
Area127 (09) troll 157 201,,Little_R,5,0.79,L_Thompson,5,0.17,South_Thom,5,0.02,L_Adams,5,0.01,L_Shuswap,5,0.00
Area127 (09) troll 157 202,,Sarita,8,0.74,S_Umpqua_H,5011,0.06,Coquille_R,5011,0.06,Sooke,8,0.05,Coos_H,5011,0.02
Area127 (09) troll 157 203,,Kispiox,22,0.90,Slamgeesh,19,0.04,Otsi_Cr,19,0.04,Bear,19,0.01,Kitwanga,22,0.01
Area127 (09) troll 157 204,,Chilliwack_F,3,0.75,Harrison,3,0.25,,,,,,,,,
Area127 (09) troll 157 205,,S_Prairie_Cr,5020,0.44,Samish_H,5016,0.44,Grovers_Cr_H,5020,0.11,Clear_Cr_H,5020,0.01,George_Adams_H,5005,0.01
Area127 (09) troll 157 206,,Puntledge_F,7,0.55,Big_Qualicum,7,0.21,S_Prairie_Cr,5020,0.16,Cowichan,7,0.03,George_Adams_H,5005,0.03
Area127 (09) troll 157 207,,Elochoman_H,5030,0.39,Washougal_R_Fa,5008,0.17,Cowlitz_H_fa,5008,0.12,Spring_Cr_col,5030,0.08,Hanford_Reach,5026,0.05
Area127 (09) troll 157 208,,Skagit_R,5016,0.61,Grovers_Cr_H,5020,0.17,Snoqualmie_R,5016,0.09,Soos_H,5020,0.05,Samish_H,5016,0.03
Area127 (09) troll 157 209,Dupe with 215,Grovers_Cr_H,5020,0.50,S_Prairie_Cr,5020,0.39,George_Adams_H,5005,0.08,Soos_H,5020,0.02,Samish_H,5016,0.00
Area127 (09) troll 157 210,,South_Thom,5,0.60,Little_R,5,0.36,L_Adams,5,0.02,L_Thompson,5,0.01,Hanford_Reach,5026,0.00
Area127 (09) troll 157 211,,Puntledge_F,7,0.71,Harrison,3,0.06,Big_Qualicum,7,0.06,Snoqualmie_R,5016,0.05,Grovers_Cr_H,5020,0.05
Area127 (09) troll 157 212,,Coquille_R,5011,0.86,S_Coos_R,5011,0.11,Coos_H,5011,0.03,Elk_H,5011,0.00,S_Umpqua_H,5011,0.00
Area127 (09) troll 157 213,,L_Thompson,5,0.55,Little_R,5,0.45,Hanford_Reach,5026,0.00,Priest_Rapid_H,5026,0.00,Wenatchee_R_SF,5026,0.00
Area127 (09) troll 157 214,,South_Thom,5,0.93,Little_R,5,0.06,L_Thompson,5,0.00,,,,,,
Area127 (09) troll 157 215,Dupe with 209,Grovers_Cr_H,5020,0.50,S_Prairie_Cr,5020,0.39,George_Adams_H,5005,0.08,Soos_H,5020,0.02,Samish_H,5016,0.00
Area127 (09) troll 157 216,,Tlupana,8,0.61,Conuma,8,0.29,Zeballos,8,0.10,Kaouk_R,8,0.00,Burman,8,0.00
Area127 (09) troll 157 217,,Chilliwack_F,3,0.96,Harrison,3,0.04,Chilliwac@Stav,3,0.00,Kitimat,10,0.00,,,
Area127 (09) troll 157 218,,Little_R,5,0.44,L_Thompson,5,0.36,South_Thom,5,0.19,L_Shuswap,5,0.00,Harrison,3,0.00
Area127 (09) troll 157 220,,Hanford_Reach,5026,0.59,Priest_Rapid_H,5026,0.40,Nez_PerceT_H,5021,0.00,U_Deschutes_R,5004,0.00,Lyons_Ferry_H,5021,0.00
Area127 (09) troll 157 221,,L_Thompson,5,0.93,South_Thom,5,0.07,Little_R,5,0.01,,,,,,
Area127 (09) troll 157 222,,South_Thom,5,0.96,Little_R,5,0.04,L_Thompson,5,0.00,,,,,,
Area127 (09) troll 157 223,,Tete_Jaune,1,1.00,Holmes,1,0.00,Bowron,1,0.00,U_Cariboo,2,0.00,,,
Area127 (09) troll 157 224,,Little_R,5,0.50,South_Thom,5,0.33,L_Thompson,5,0.15,Wenatchee_R_SF,5026,0.02,L_Shuswap,5,0.00
Area127 (09) troll 157 225,,Hanford_Reach,5026,0.39,Priest_Rapid_H,5026,0.32,Wenatchee_R_SF,5026,0.17,Wells_H,5026,0.09,Nez_PerceT_H,5021,0.01
Area127 (09) troll 157 226,,Harrison,3,0.95,Chilliwack_F,3,0.05,Kitimat,10,0.00,Queets_R,5028,0.00,Kispiox,22,0.00
Area127 (09) troll 157 227,,Harrison,3,0.84,Chilliwack_F,3,0.16,Raft_R,4,0.00,L_Thompson,5,0.00,South_Thom,5,0.00
Area127 (09) troll 157 228,,Chilliwack_F,3,1.00,Hanford_Reach,5026,0.00,Cowlitz_H_fa,5008,0.00,Wenatchee_R_SF,5026,0.00,Priest_Rapid_H,5026,0.00
Area127 (09) troll 157 229,Number of missing Loci exceeded,,,,,,,,,,,,,,,
Area127 (09) troll 157 98,,N_Santiam_H,5029,1.00,McKenzie_H,5029,0.00,,,,,,,,,
Area127 (09) troll 157 99,,Cowlitz_H_fa,5008,0.97,Washougal_R_Fa,5008,0.03,Elochoman_H,5030,0.00,Spring_Cr_col,5030,0.00,Lewis_R_Su,5008,0.00
Area127 (09) troll 160 230,,Elk_H,5011,0.91,Sixes_R,5011,0.09,,,,,,,,,
Area127 (09) troll 160 231,,Elk_H,5011,0.94,Sixes_R,5011,0.06,Coos_H,5011,0.00,,,,,,
Area127 (09) troll 160 232,,Cowlitz_H_fa,5008,0.81,Elochoman_H,5030,0.10,Spring_Cr_col,5030,0.05,Little_R,5,0.02,South_Thom,5,0.01
Area127 (09) troll 160 233,,Priest_Rapid_H,5026,0.70,Nez_PerceT_H,5021,0.23,Hanford_Reach,5026,0.06,Umatilla_H_Fa,5026,0.01,Wells_H,5026,0.01
Area127 (09) troll 160 234,,Wenatchee_R_SF,5026,0.88,Priest_Rapid_H,5026,0.03,Methow_R,5026,0.02,Nez_PerceT_H,5021,0.02,Washougal_R_Fa,5008,0.02
Area127 (09) troll 160 235,,Wenatchee_R_SF,5026,0.63,Hanford_Reach,5026,0.24,Priest_Rapid_H,5026,0.07,Nez_PerceT_H,5021,0.02,Umatilla_H,5026,0.01
Area127 (09) troll 160 236,,Little_R,5,0.83,L_Thompson,5,0.17,South_Thom,5,0.00,L_Shuswap,5,0.00,M_Shuswap,5,0.00
Area127 (09) troll 160 237,,Hanford_Reach,5026,0.93,Priest_Rapid_H,5026,0.07,Samish_H,5016,0.00,Puntledge_F,7,0.00,Wenatchee_R_SF,5026,0.00
Area127 (09) troll 160 238,,South_Thom,5,0.85,Little_R,5,0.10,L_Thompson,5,0.05,,,,,,
Area127 (09) troll 160 239,,Wenatchee_R_SF,5026,0.39,Priest_Rapid_H,5026,0.30,Methow_R,5026,0.10,Hanford_Reach,5026,0.10,S_Umpqua_H,5011,0.09
Area127 (09) troll 160 240,,Elk_H,5011,0.98,Sixes_R,5011,0.02,,,,,,,,,
Area127 (09) troll 160 241,,South_Thom,5,0.77,L_Thompson,5,0.14,Little_R,5,0.09,,,,,,
Area127 (09) troll 160 242,,Puntledge_F,7,0.64,Big_Qualicum,7,0.19,Cowichan,7,0.09,Samish_H,5016,0.02,Nanaimo_SP,7,0.01
Area127 (09) troll 160 243,,Methow_R,5026,0.26,Wells_H,5026,0.22,Hanford_Reach,5026,0.16,Priest_Rapid_H,5026,0.16,L_Thompson,5,0.15
Area127 (09) troll 160 244,,Samish_H,5016,0.71,Snoqualmie_R,5016,0.16,S_Prairie_Cr,5020,0.06,Soos_H,5020,0.03,Puntledge_F,7,0.02
Area127 (09) troll 160 245,,Priest_Rapid_H,5026,0.35,Harrison,3,0.18,Skagit_R,5016,0.10,Snoqualmie_R,5016,0.09,L_Thompson,5,0.09
Area127 (09) troll 160 246,,Little_R,5,0.99,L_Thompson,5,0.01,South_Thom,5,0.00,L_Shuswap,5,0.00,,,
Area127 (09) troll 160 247,,Kispiox,22,0.91,Slamgeesh,19,0.07,Morice_R,21,0.01,Suskwa,21,0.00,Coos_H,5011,0.00
Area127 (09) troll 160 248,,Forks_Cr_H,5028,0.66,Queets_R,5028,0.26,Trask_R,5015,0.03,Hoh_R,5028,0.03,Salmon_R_f,5015,0.02
Area127 (09) troll 160 249,,Spring_Cr_col,5030,0.51,Elochoman_H,5030,0.35,Washougal_R_Fa,5008,0.11,Abernathy_Cr_Fa,5008,0.02,Cowlitz_H_fa,5008,0.00
Area127 (09) troll 160 250,,Washougal_R_Fa,5008,0.72,N_Santiam_H,5029,0.16,Kalama_H_sp,5009,0.03,Umpqua_H,5011,0.03,L_Thompson,5,0.02
Area127 (09) troll 160 251,,Wenatchee_R_SF,5026,0.43,Priest_Rapid_H,5026,0.29,Wells_H,5026,0.19,Hanford_Reach,5026,0.04,Umatilla_H_Fa,5026,0.02
Area127 (09) troll 160 252,,S_Umpqua_H,5011,0.66,Coos_H,5011,0.19,Coquille_R,5011,0.05,S_Coos_R,5011,0.04,Salmon_R_f,5015,0.01
Area127 (09) troll 160 253,,Little_R,5,0.67,South_Thom,5,0.30,L_Thompson,5,0.01,L_Shuswap,5,0.01,L_Adams,5,0.00
Area127 (09) troll 160 254,,Little_R,5,0.62,South_Thom,5,0.23,L_Thompson,5,0.14,L_Adams,5,0.01,Salmon@SA,5,0.00
Area127 (09) troll 160 255,,Cowlitz_H_fa,5008,0.84,Elochoman_H,5030,0.05,Lewis_R_Su,5008,0.04,Washougal_R_Fa,5008,0.03,Lewis_R_f,5008,0.03
Area127 (09) troll 160 256,,Harrison,3,0.99,Chilliwack_F,3,0.00,Kispiox,22,0.00,Chilako,2,0.00,Nazko,2,0.00
Area127 (09) troll 160 257,,Harrison,3,0.96,Chilliwack_F,3,0.03,Big_Qualicum,7,0.00,L_Thompson,5,0.00,Priest_Rapid_H,5026,0.00
Area127 (09) troll 160 258,,Little_R,5,0.87,South_Thom,5,0.11,L_Thompson,5,0.02,L_Shuswap,5,0.00,L_Adams,5,0.00
Area127 (09) troll 160 259,,Little_R,5,0.84,South_Thom,5,0.14,L_Thompson,5,0.01,Harrison,3,0.01,S_Umpqua_H,5011,0.00
Area127 (09) troll 160 260,,Priest_Rapid_H,5026,0.87,Wenatchee_R_SF,5026,0.08,Wells_H,5026,0.02,Hanford_Reach,5026,0.02,Methow_R,5026,0.00
Area127 (09) troll 160 261,,Harrison,3,0.67,Chilliwack_F,3,0.33,L_Thompson,5,0.00,,,,,,
Area127 (09) troll 160 262,,Little_R,5,0.43,L_Shuswap,5,0.22,M_Shuswap,5,0.21,South_Thom,5,0.07,L_Thompson,5,0.03
Area127 (09) troll 160 263,,Harrison,3,0.85,Methow_R,5026,0.06,Wenatchee_R_SF,5026,0.04,Priest_Rapid_H,5026,0.02,Umatilla_H,5026,0.02
Area127 (09) troll 160 264,,Harrison,3,0.59,Chilliwack_F,3,0.39,Samish_H,5016,0.01,Bear_Cr_SuFa,5020,0.00,Snoqualmie_R,5016,0.00
Area127 (09) troll 160 265,,Coos_H,5011,0.77,Coquille_R,5011,0.23,S_Coos_R,5011,0.00,Millicoma_R,5011,0.00,Lewis_R_Su,5008,0.00
Area127 (09) troll 160 266,,S_Umpqua_H,5011,0.49,Lewis_R_Su,5008,0.24,Coos_H,5011,0.12,Cowlitz_H_fa,5008,0.05,Lewis_R_f,5008,0.04
Area127 (09) troll 160 267,,Forks_Cr_H,5028,0.99,L_Thompson,5,0.00,Otsi_Cr,19,0.00,Hoh_R,5028,0.00,S_Prairie_Cr,5020,0.00
Area127 (09) troll 160 268,,Clearwater,4,1.00,Baezaeko,2,0.00,Chilako,2,0.00,Nazko,2,0.00,Nechako,2,0.00
Area127 (09) troll 160 269,,M_Shuswap,5,0.51,L_Shuswap,5,0.35,Little_R,5,0.06,Duteau_Cr,5,0.05,South_Thom,5,0.02
Area127 (09) troll 160 270,,South_Thom,5,0.87,L_Thompson,5,0.08,Little_R,5,0.04,Snoqualmie_R,5016,0.00,L_Shuswap,5,0.00
Area127 (09) troll 160 271,,Raft_R,4,0.99,Lemieux_Cr,4,0.01,Clearwater,4,0.00,,,,,,
Area127 (09) troll 160 272,,Trask_R,5015,0.74,Salmon_R_f,5015,0.16,Wilson_R,5015,0.09,Alsea_R,5015,0.02,,,
Area127 (09) troll 160 273,,L_Thompson,5,0.99,South_Thom,5,0.01,Little_R,5,0.00,,,,,,
Area127 (09) troll 160 274,,South_Thom,5,0.79,Little_R,5,0.21,L_Thompson,5,0.00,Kispiox,22,0.00,Otsi_Cr,19,0.00
Area127 (09) troll 160 275,,Spring_Cr_col,5030,0.83,Elochoman_H,5030,0.17,Abernathy_NFH_F,5008,0.00,,,,,,
Area127 (09) troll 160 276,,Priest_Rapid_H,5026,0.75,Nez_PerceT_H,5021,0.09,Hanford_Reach,5026,0.08,Wenatchee_R_SF,5026,0.07,Methow_R,5026,0.01
Area127 (09) troll 160 277,,Washougal_R_Fa,5008,0.45,Elochoman_H,5030,0.27,Cowlitz_H_fa,5008,0.26,Nez_PerceT_H,5021,0.01,Wells_H,5026,0.00
Area127 (09) troll 160 278,,Spring_Cr_col,5030,0.83,Elochoman_H,5030,0.14,Washougal_R_Fa,5008,0.02,Abernathy_Cr_Fa,5008,0.01,Big_Cr_H_Col,5030,0.00
Area127 (09) troll 160 279,,Wenatchee_R_SF,5026,0.64,Priest_Rapid_H,5026,0.17,Hanford_Reach,5026,0.08,Wells_H,5026,0.05,Nez_PerceT_H,5021,0.03
Area127 (09) troll 160 280,,Little_R,5,0.91,L_Thompson,5,0.06,L_Shuswap,5,0.03,South_Thom,5,0.01,L_Adams,5,0.00
Area127 (09) troll 160 281,,Harrison,3,0.51,Chilliwack_F,3,0.48,Nakina_R,5025,0.01,Forks_Cr_H,5028,0.00,Kispiox,22,0.00
Area127 (09) troll 160 282,,South_Thom,5,0.59,L_Thompson,5,0.33,Little_R,5,0.08,L_Adams,5,0.00,M_Shuswap,5,0.00
Area127 (09) troll 160 283,,M_Shuswap,5,0.56,L_Shuswap,5,0.43,Little_R,5,0.00,Duteau_Cr,5,0.00,South_Thom,5,0.00
Area127 (09) troll 160 284,Dupe with 295,Elk_H,5011,0.85,Coquille_R,5011,0.11,Sixes_R,5011,0.04,L_Thompson,5,0.00,Coos_H,5011,0.00
Area127 (09) troll 160 285,,Harrison,3,0.50,Puntledge_F,7,0.24,Big_Qualicum,7,0.19,Sarita,8,0.04,L_Thompson,5,0.02
Area127 (09) troll 160 286,,South_Thom,5,0.98,Little_R,5,0.01,L_Thompson,5,0.01,L_Shuswap,5,0.00,,,
Area127 (09) troll 160 287,,Little_R,5,0.88,South_Thom,5,0.05,Wenatchee_R_SF,5026,0.03,L_Thompson,5,0.03,Harrison,3,0.00
Area127 (09) troll 160 288,,Priest_Rapid_H,5026,1.00,Hanford_Reach,5026,0.00,Umatilla_H_Fa,5026,0.00,Wenatchee_R_SF,5026,0.00,L_Deschutes_R,5004,0.00
Area127 (09) troll 160 289,,Chilliwack_F,3,0.89,Harrison,3,0.11,Chilliwac@Stav,3,0.00,Coos_H,5011,0.00,,,
Area127 (09) troll 160 290,,Harrison,3,0.98,Chilliwack_F,3,0.02,,,,,,,,,
Area127 (09) troll 160 291,,Hanford_Reach,5026,0.43,Nez_PerceT_H,5021,0.34,Priest_Rapid_H,5026,0.21,S_Umpqua_H,5011,0.02,Lyons_Ferry_H,5021,0.00
Area127 (09) troll 160 292,,Grovers_Cr_H,5020,0.79,S_Prairie_Cr,5020,0.09,Soos_H,5020,0.06,George_Adams_H,5005,0.02,Bear_Cr_SuFa,5020,0.02
Area127 (09) troll 160 293,,Chilliwack_F,3,0.65,Little_R,5,0.17,Nazko,2,0.10,Harrison,3,0.06,Coos_H,5011,0.01
Area127 (09) troll 160 294,,South_Thom,5,0.79,L_Thompson,5,0.18,Little_R,5,0.03,L_Adams,5,0.01,,,
Area127 (09) troll 160 295,,Hanford_Reach,5026,1.00,Priest_Rapid_H,5026,0.00,Wenatchee_R_SF,5026,0.00,South_Thom,5,0.00,L_Thompson,5,0.00
Area127 (09) troll 160 296,,Forks_Cr_H,5028,0.99,Humptulips_H,5028,0.01,Kispiox,22,0.00,,,,,,
Area127 (09) troll 160 297,Dupe with 282,Elk_H,5011,0.85,Coquille_R,5011,0.11,Sixes_R,5011,0.04,L_Thompson,5,0.00,Coos_H,5011,0.00
Area127 (09) troll 160 298,,M_Shuswap,5,0.79,Duteau_Cr,5,0.13,Little_R,5,0.04,L_Thompson,5,0.03,L_Shuswap,5,0.01
Area127 (09) troll 160 299,,M_Shuswap,5,0.58,Duteau_Cr,5,0.13,Little_R,5,0.11,L_Thompson,5,0.10,South_Thom,5,0.06
Area127 (09) troll 160 300,,Nehalem_R,5015,1.00,,,,,,,,,,,,
Area127 (09) troll 160 301,,Clearwater,4,0.70,Raft_R,4,0.27,McGregor,1,0.01,U_Cariboo,2,0.01,Bowron,1,0.00
Area127 (09) troll 160 302,,Alsea_R,5015,0.64,Wilson_R,5015,0.14,Salmon_R_f,5015,0.11,Trask_R,5015,0.05,S_Umpqua_H,5011,0.03
Area127 (09) troll 160 303,,Tete_Jaune,1,0.94,Bowron,1,0.03,McGregor,1,0.02,Holmes,1,0.00,Harrison,3,0.00
Area127 (09) troll 160 304,,Washougal_R_Fa,5008,0.31,Cowlitz_H_fa,5008,0.30,Kispiox,22,0.11,Elochoman_H,5030,0.10,Spring_Cr_col,5030,0.08
Area127 (09) troll 160 305,,N_Santiam_H,5029,0.96,Umpqua_H,5011,0.03,Snoqualmie_R,5016,0.00,McKenzie_H,5029,0.00,Nez_PerceT_H,5021,0.00
Area127 (09) troll 160 306,,Spring_Cr_col,5030,0.63,Elochoman_H,5030,0.34,Abernathy_Cr_Fa,5008,0.02,Washougal_R_Fa,5008,0.01,Big_Cr_H_Col,5030,0.01
Area127 (09) troll 160 307,,Queets_R,5028,0.48,Hoh_R,5028,0.46,Lewis_R_Su,5008,0.06,Washougal_R_Fa,5008,0.00,Cowlitz_H_sp,5009,0.00
Area127 (09) troll 160 308,,Chilliwack_F,3,0.58,Harrison,3,0.37,Clearwater,4,0.04,Slamgeesh,19,0.00,South_Thom,5,0.00
Area127 (09) troll 160 309,,S_Prairie_Cr,5020,0.41,Snoqualmie_R,5016,0.24,Soos_H,5020,0.20,Grovers_Cr_H,5020,0.07,Bear_Cr_SuFa,5020,0.05
Area127 (09) troll 160 310,,L_Thompson,5,0.92,Raft_R,4,0.02,U_Cariboo,2,0.01,South_Thom,5,0.01,Salmon@SA,5,0.01
Area127 (09) troll 160 311,,Alsea_R,5015,0.37,Trask_R,5015,0.22,Nehalem_R,5015,0.19,Wilson_R,5015,0.11,Salmon_R_f,5015,0.09
Area127 (09) troll 160 312,,Spring_Cr_col,5030,0.98,Elochoman_H,5030,0.02,Big_Cr_H_Col,5030,0.00,Abernathy_Cr_Fa,5008,0.00,,,
Area127 (09) troll 160 313,,Washougal_R_Fa,5008,0.84,N_Santiam_H,5029,0.06,Wells_H,5026,0.04,Lewis_R_Su,5008,0.03,Elochoman_H,5030,0.02
Area127 (09) troll 160 314,,L_Thompson,5,0.44,Little_R,5,0.34,South_Thom,5,0.22,L_Shuswap,5,0.00,,,
Area127 (09) troll 160 315,,Washougal_R_Fa,5008,0.69,Cowlitz_H_fa,5008,0.18,Elochoman_H,5030,0.05,Green_R_Fa,5008,0.05,Abernathy_Cr_Fa,5008,0.02
Area127 (09) troll 160 316,,S_Prairie_Cr,5020,0.31,Skagit_R,5016,0.21,Snoqualmie_R,5016,0.12,Puntledge_F,7,0.09,George_Adams_H,5005,0.06
Area127 (09) troll 160 317,,Priest_Rapid_H,5026,0.65,Nez_PerceT_H,5021,0.24,Hanford_Reach,5026,0.07,Umatilla_H_Fa,5026,0.02,Marion_Drain_Fa,5026,0.02
Area127 (09) troll 160 318,,Little_R,5,1.00,South_Thom,5,0.00,L_Thompson,5,0.00,,,,,,
Area127 (09) troll 160 319,,Priest_Rapid_H,5026,0.95,Hanford_Reach,5026,0.04,Wells_H,5026,0.00,Wenatchee_R_SF,5026,0.00,Umatilla_H,5026,0.00
Area127 (09) troll 160 320,,Nehalem_R,5015,0.94,S_Umpqua_H,5011,0.06,Trask_R,5015,0.00,,,,,,
Area127 (09) troll 160 321,,N_Santiam_H,5029,1.00,Lewis_H_sp,5009,0.00,Coos_H,5011,0.00,Cowlitz_H_fa,5008,0.00,Washougal_R_Fa,5008,0.00
Area127 (09) troll 160 322,,Harrison,3,0.53,Chilliwack_F,3,0.46,Kitimat,10,0.01,Forks_Cr_H,5028,0.00,Trask_R,5015,0.00
Area127 (09) troll 160 323,,Tete_Jaune,1,0.59,Bowron,1,0.30,U_Cariboo,2,0.08,Holmes,1,0.01,Slim_C,1,0.01
Area127 (09) troll 160 324,,Priest_Rapid_H,5026,0.89,Hanford_Reach,5026,0.06,Wells_H,5026,0.04,Nez_PerceT_H,5021,0.02,Methow_R,5026,0.00
Area127 (09) troll 160 325,,S_Prairie_Cr,5020,0.46,Snoqualmie_R,5016,0.24,Grovers_Cr_H,5020,0.16,Soos_H,5020,0.13,George_Adams_H,5005,0.01
Area127 (09) troll 160 326,,Spring_Cr_col,5030,0.89,Elochoman_H,5030,0.09,Priest_Rapid_H,5026,0.01,Hanford_Reach,5026,0.01,Big_Cr_H_Col,5030,0.00
Area127 (09) troll 160 327,,Cowlitz_H_fa,5008,0.53,Washougal_R_Fa,5008,0.22,Lewis_R_Su,5008,0.17,Abernathy_Cr_Fa,5008,0.07,Lewis_R_f,5008,0.01
Area127 (09) troll 160 328,,Grovers_Cr_H,5020,0.28,S_Prairie_Cr,5020,0.25,Snoqualmie_R,5016,0.20,Samish_H,5016,0.18,George_Adams_H,5005,0.07
Area127 (09) troll 160 329,,N_Santiam_H,5029,0.99,McKenzie_H,5029,0.00,Snoqualmie_R,5016,0.00,Samish_H,5016,0.00,Nez_PerceT_H,5021,0.00
Area127 (09) troll 160 330,,Priest_Rapid_H,5026,0.74,Methow_R,5026,0.10,Wenatchee_R_SF,5026,0.09,Hanford_Reach,5026,0.03,Nez_PerceT_H,5021,0.03
Area127 (09) troll 160 331,,Sarita,8,0.40,Nitinat,8,0.33,Sooke,8,0.11,Toquart,8,0.07,Zeballos,8,0.04
Area127 (09) troll 160 332,,M_Shuswap,5,0.86,Duteau_Cr,5,0.13,L_Shuswap,5,0.01,Bessette,5,0.00,,,
Area127 (09) troll 160 333,,Wenatchee_R_SF,5026,0.51,Hanford_Reach,5026,0.26,Wells_H,5026,0.19,Methow_R,5026,0.02,Nez_PerceT_H,5021,0.02
Area127 (09) troll 160 334,,Umpqua_H,5011,0.49,Harrison,3,0.44,Applegate_Cr,5019,0.05,Forks_Cr_H,5028,0.01,Priest_Rapid_H,5026,0.01
Area127 (09) troll 160 335,,Coos_H,5011,0.32,Snoqualmie_R,5016,0.30,Skagit_R,5016,0.10,Harrison,3,0.09,L_Skagit_R_Fa,5016,0.07
Area127 (09) troll 160 336,,U_Cariboo,2,0.70,Nazko,2,0.19,Nechako,2,0.04,Westroad,2,0.02,Baezaeko,2,0.02
Area127 (09) troll 160 337,,Little_R,5,0.49,South_Thom,5,0.45,L_Thompson,5,0.05,L_Shuswap,5,0.01,Priest_Rapid_H,5026,0.00
Area127 (09) troll 160 338,,U_Cariboo,2,0.70,Tete_Jaune,1,0.15,McGregor,1,0.14,Chilako,2,0.01,James,1,0.00
Area127 (09) troll 160 339,,Washougal_R_Fa,5008,0.83,Coquille_R,5011,0.10,Cowlitz_H_fa,5008,0.03,Coos_H,5011,0.03,S_Umpqua_H,5011,0.01
Area127 (09) troll 160 340,,Coquille_R,5011,0.89,Cowlitz_H_fa,5008,0.06,S_Umpqua_H,5011,0.02,Millicoma_R,5011,0.01,Trask_R,5015,0.01
Area127 (09) troll 160 341,,Puntledge_F,7,0.60,Big_Qualicum,7,0.40,Cowichan,7,0.01,Cheakamus_F,9,0.00,Puntledge_BackX,7,0.00
Area127 (09) troll 160 342,,L_Thompson,5,0.99,Little_R,5,0.01,South_Thom,5,0.00,,,,,,
Area127 (09) troll 160 343,,Little_R,5,0.71,South_Thom,5,0.11,L_Thompson,5,0.10,Priest_Rapid_H,5026,0.05,Hanford_Reach,5026,0.02
Area127 (09) troll 160 344,,L_Shuswap,5,0.46,South_Thom,5,0.29,Little_R,5,0.25,Duteau_Cr,5,0.00,L_Thompson,5,0.00
Area127 (09) troll 160 345,,Harrison,3,1.00,Snoqualmie_R,5016,0.00,Chilliwack_F,3,0.00,U_Sauk_R,5016,0.00,Samish_H,5016,0.00
Area127 (09) troll 160 346,,Hoh_R,5028,0.59,Queets_R,5028,0.41,Priest_Rapid_H,5026,0.00,Hanford_Reach,5026,0.00,,,
Area127 (09) troll 160 347,,Priest_Rapid_H,5026,0.89,Hanford_Reach,5026,0.08,Methow_R,5026,0.02,Nez_PerceT_H,5021,0.01,Lyons_Ferry_H,5021,0.00
Area127 (09) troll 160 348,,Little_R,5,0.60,L_Shuswap,5,0.32,L_Thompson,5,0.05,South_Thom,5,0.03,L_Adams,5,0.00
Area127 (09) troll 160 349,,Coos_H,5011,0.57,Coquille_R,5011,0.13,Trask_R,5015,0.13,Forks_Cr_H,5028,0.11,Alsea_R,5015,0.04
Area127 (09) troll 160 350,,Wenatchee_R_SF,5026,0.77,Hanford_Reach,5026,0.17,Wells_H,5026,0.05,Grovers_Cr_H,5020,0.01,Priest_Rapid_H,5026,0.00
Area127 (09) troll 160 351,,Harrison,3,0.79,Chilliwack_F,3,0.18,Forks_Cr_H,5028,0.01,S_Umpqua_H,5011,0.00,Kispiox,22,0.00
Area127 (09) troll 160 352,,Hanford_Reach,5026,0.89,Priest_Rapid_H,5026,0.10,Wenatchee_R_SF,5026,0.00,Nez_PerceT_H,5021,0.00,Umatilla_H_Fa,5026,0.00
Area127 (09) troll 160 353,,Little_R,5,1.00,L_Shuswap,5,0.00,South_Thom,5,0.00,,,,,,
Area127 (09) troll 160 354,,U_Cariboo,2,0.93,Raft_R,4,0.06,L_Cariboo,2,0.00,Conuma,8,0.00,Taseko,2,0.00
Area127 (09) troll 160 355,,Hanford_Reach,5026,0.60,Wenatchee_R_SF,5026,0.20,Priest_Rapid_H,5026,0.17,Nez_PerceT_H,5021,0.01,Umatilla_H_Fa,5026,0.01
Area127 (09) troll 160 356,,S_Umpqua_H,5011,0.49,Umpqua_H,5011,0.49,Applegate_Cr,5019,0.02,Harrison,3,0.01,Forks_Cr_H,5028,0.00
Area127 (09) troll 160 357,,Queets_R,5028,0.29,Forks_Cr_H,5028,0.28,Lewis_R_Su,5008,0.16,Hoh_R,5028,0.08,S_Coos_R,5011,0.05
Area127 (09) troll 160 358,,Little_R,5,0.64,South_Thom,5,0.25,L_Thompson,5,0.10,L_Shuswap,5,0.01,L_Adams,5,0.00
Area127 (09) troll 160 359,,L_Shuswap,5,0.56,Little_R,5,0.37,South_Thom,5,0.04,M_Shuswap,5,0.03,Duteau_Cr,5,0.00
Area127 (09) troll 160 360,,Spring_Cr_col,5030,0.83,Elochoman_H,5030,0.06,Washougal_R_Fa,5008,0.03,Abernathy_Cr_Fa,5008,0.02,Hanford_Reach,5026,0.02
Area127 (09) troll 160 361,,Nitinat,8,0.60,Sarita,8,0.15,Toquart,8,0.13,Sooke,8,0.11,Tlupana,8,0.00
Area127 (09) troll 160 362,,Priest_Rapid_H,5026,0.91,Wells_H,5026,0.03,Hanford_Reach,5026,0.01,Umatilla_H_Fa,5026,0.01,Washougal_R_Fa,5008,0.01
Area127 (09) troll 160 363,,Trask_R,5015,0.69,Salmon_R_f,5015,0.22,Alsea_R,5015,0.05,Coquille_R,5011,0.02,Wilson_R,5015,0.01
Area127 (09) troll 160 364,,Otsi_Cr,19,0.79,Slamgeesh,19,0.10,Kispiox,22,0.09,Christina,18,0.01,Bear,19,0.01
Area127 (09) troll 160 365,,Puntledge_F,7,0.58,Big_Qualicum,7,0.38,Cowichan,7,0.04,Puntledge_BackX,7,0.00,L_Qualicum,7,0.00
Area127 (09) troll 160 366,,Chilliwack_F,3,0.85,Harrison,3,0.15,,,,,,,,,
Area127 (09) troll 160 367,,L_Thompson,5,0.79,South_Thom,5,0.15,Little_R,5,0.06,L_Adams,5,0.00,L_Shuswap,5,0.00
Area127 (09) troll 160 368,,Kispiox,22,0.76,Morice_R,21,0.13,Otsi_Cr,19,0.04,Bear,19,0.02,Slamgeesh,19,0.02
Area127 (09) troll 160 369,,Hanford_Reach,5026,0.72,Priest_Rapid_H,5026,0.14,Nez_PerceT_H,5021,0.06,Marion_Drain_Fa,5026,0.06,Lyons_Ferry_H,5021,0.02
Area127 (09) troll 160 370,,Hanford_Reach,5026,0.48,Wenatchee_R_SF,5026,0.46,Umatilla_H_Fa,5026,0.04,Spring_Cr_col,5030,0.02,Elochoman_H,5030,0.00
Area127 (09) troll 160 371,,L_Shuswap,5,0.86,M_Shuswap,5,0.11,Little_R,5,0.02,Duteau_Cr,5,0.01,South_Thom,5,0.00
Area127 (09) troll 160 372,,Samish_H,5016,0.77,Soos_H,5020,0.12,S_Prairie_Cr,5020,0.08,Bear_Cr_SuFa,5020,0.03,Snoqualmie_R,5016,0.00
Area127 (09) troll 160 373,,Washougal_R_Fa,5008,0.88,Cowlitz_H_fa,5008,0.11,Elochoman_H,5030,0.00,Lewis_R_Su,5008,0.00,Elochoman_R_Fa,5008,0.00
Area127 (09) troll 160 374,,Sarita,8,0.43,Nitinat,8,0.28,Sooke,8,0.17,Toquart,8,0.09,Skagit_R,5016,0.02
Area127 (09) troll 160 375,,South_Thom,5,0.74,Little_R,5,0.21,L_Shuswap,5,0.04,L_Thompson,5,0.00,L_Adams,5,0.00
Area127 (09) troll 160 376,,Priest_Rapid_H,5026,0.90,Umatilla_H_Fa,5026,0.07,Wells_H,5026,0.02,L_Wh_Sal_H_SF,5026,0.01,Hanford_Reach,5026,0.01
Area127 (09) troll 160 377,,Queets_R,5028,0.47,Hoh_R,5028,0.47,Kispiox,22,0.05,Trask_R,5015,0.00,Raft_R,4,0.00
Area127 (09) troll 160 378,,Grovers_Cr_H,5020,0.59,S_Prairie_Cr,5020,0.24,George_Adams_H,5005,0.08,Samish_H,5016,0.06,Soos_H,5020,0.01
Area127 (09) troll 160 379,,Nehalem_R,5015,1.00,,,,,,,,,,,,
Area127 (09) troll 160 380,,Priest_Rapid_H,5026,0.53,Hanford_Reach,5026,0.21,Little_R,5,0.04,L_Thompson,5,0.04,Hoh_R,5028,0.03
Area127 (09) troll 160 381,,S_Umpqua_H,5011,0.93,Priest_Rapid_H,5026,0.02,Hanford_Reach,5026,0.02,Coquille_R,5011,0.01,Nez_PerceT_H,5021,0.00
Area127 (09) troll 160 382,,Trask_R,5015,0.36,S_Umpqua_H,5011,0.28,Alsea_R,5015,0.23,Salmon_R_f,5015,0.08,Wilson_R,5015,0.04
Area127 (09) troll 160 383,,Little_R,5,0.96,L_Thompson,5,0.03,South_Thom,5,0.01,L_Adams,5,0.00,L_Shuswap,5,0.00
Area127 (09) troll 160 384,,Harrison,3,0.67,Chilliwack_F,3,0.28,Snoqualmie_R,5016,0.01,George_Adams_H,5005,0.01,S_Prairie_Cr,5020,0.01
Area127 (09) troll 160 385,,Hanford_Reach,5026,0.42,Wenatchee_R_SF,5026,0.26,Nez_PerceT_H,5021,0.17,Priest_Rapid_H,5026,0.05,Umatilla_H,5026,0.03
Area127 (09) troll 160 386,,Wenatchee_R_SF,5026,0.84,Methow_R,5026,0.13,Wells_H,5026,0.02,Priest_Rapid_H,5026,0.01,Hanford_Reach,5026,0.00
Area127 (09) troll 160 387,,Nitinat,8,0.65,Sooke,8,0.19,Toquart,8,0.14,Sarita,8,0.02,Megin_R,8,0.00
Area127 (09) troll 160 388,,Big_Qualicum,7,0.28,Puntledge_F,7,0.24,Hanford_Reach,5026,0.18,S_Prairie_Cr,5020,0.10,Bear_Cr_SuFa,5020,0.05
Area127 (09) troll 160 389,,Lewis_R_Su,5008,0.56,Elochoman_H,5030,0.38,Lewis_R_f,5008,0.03,Cowlitz_H_fa,5008,0.02,Abernathy_Cr_Fa,5008,0.00
Area127 (09) troll 160 390,,Hanford_Reach,5026,0.56,Priest_Rapid_H,5026,0.41,Wenatchee_R_SF,5026,0.01,S_Umpqua_H,5011,0.01,Methow_R,5026,0.00
Area127 (09) troll 160 391,,Elk_H,5011,0.99,Sixes_R,5011,0.00,Coquille_R,5011,0.00,Umpqua_H,5011,0.00,S_Coos_R,5011,0.00
Area127 (09) troll 160 392,,Harrison,3,1.00,Chilliwack_F,3,0.00,Little_R,5,0.00,George_Adams_H,5005,0.00,Nez_PerceT_H,5021,0.00
Area127 (09) troll 160 393,,Wenatchee_R_SF,5026,0.55,Priest_Rapid_H,5026,0.26,Hanford_Reach,5026,0.13,Wells_H,5026,0.05,Methow_R,5026,0.00
Area127 (09) troll 160 394,,Trask_R,5015,0.30,Alsea_R,5015,0.14,Nehalem_R,5015,0.11,Coos_H,5011,0.07,Coquille_R,5011,0.07
Area127 (09) troll 160 395,,Hanford_Reach,5026,0.83,Priest_Rapid_H,5026,0.09,Umatilla_H,5026,0.05,Nez_PerceT_H,5021,0.03,Marion_Drain_Fa,5026,0.00
Area127 (09) troll 160 396,,Hanford_Reach,5026,0.51,Priest_Rapid_H,5026,0.33,Wenatchee_R_SF,5026,0.12,Umatilla_H_Fa,5026,0.02,Methow_R,5026,0.02
Area127 (09) troll 160 397,,Forks_Cr_H,5028,0.98,Alsea_R,5015,0.02,Humptulips_H,5028,0.00,Skagit_R,5016,0.00,Coos_H,5011,0.00
Area127 (09) troll 223 398,,Forks_Cr_H,5028,0.98,Trask_R,5015,0.02,Alsea_R,5015,0.00,Wilson_R,5015,0.00,Humptulips_H,5028,0.00
Area127 (09) troll 223 399,,L_Thompson,5,0.79,Little_R,5,0.15,South_Thom,5,0.05,L_Adams,5,0.01,Wells_H,5026,0.00
Area127 (09) troll 223 400,,Forks_Cr_H,5028,0.99,Umpqua_H,5011,0.01,Humptulips_H,5028,0.00,Queets_R,5028,0.00,S_Umpqua_H,5011,0.00
Area127 (09) troll 223 401,,Forks_Cr_H,5028,0.96,Coquille_R,5011,0.02,Trask_R,5015,0.01,Salmon_R_f,5015,0.01,Alsea_R,5015,0.00
Area127 (09) troll 223 402,,Priest_Rapid_H,5026,0.82,Wenatchee_R_SF,5026,0.11,Hanford_Reach,5026,0.06,Wells_H,5026,0.01,Umatilla_H_Fa,5026,0.00
Area127 (09) troll 223 403,,Chilliwack_F,3,0.97,Harrison,3,0.03,Chilliwac@Stav,3,0.00,,,,,,
Area127 (09) troll 223 404,,Elk_H,5011,0.55,S_Umpqua_H,5011,0.24,South_Thom,5,0.10,Umpqua_H,5011,0.05,Harrison,3,0.03
Area127 (09) troll 223 405,,Little_R,5,0.49,South_Thom,5,0.39,L_Thompson,5,0.11,L_Adams,5,0.00,Chilliwack_F,3,0.00
Area127 (09) troll 223 406,,Little_R,5,0.61,L_Thompson,5,0.30,Harrison,3,0.07,Bowron,1,0.00,South_Thom,5,0.00
Area127 (09) troll 223 407,,Skagit_R,5016,0.88,Priest_Rapid_H,5026,0.05,Snoqualmie_R,5016,0.05,L_Thompson,5,0.00,Samish_H,5016,0.00
Area127 (09) troll 223 408,,L_Thompson,5,0.43,Little_R,5,0.40,South_Thom,5,0.17,L_Shuswap,5,0.00,S_Umpqua_H,5011,0.00
Area127 (09) troll 223 409,,Washougal_R_Fa,5008,0.82,Elochoman_H,5030,0.15,Green_R_Fa,5008,0.02,Cowlitz_H_fa,5008,0.01,Elochoman_R_Fa,5008,0.00
Area127 (09) troll 223 410,,Forks_Cr_H,5028,0.64,Kitimat,10,0.28,Umpqua_H,5011,0.03,L_Thompson,5,0.03,Hoh_R,5028,0.02
Area127 (09) troll 223 411,,Skagit_R,5016,0.97,Snoqualmie_R,5016,0.02,Skykomish_R,5016,0.01,Samish_H,5016,0.00,L_Skagit_R_Fa,5016,0.00
Area127 (09) troll 223 412,,Coos_H,5011,0.82,Coquille_R,5011,0.12,S_Coos_R,5011,0.06,Alsea_R,5015,0.00,S_Umpqua_H,5011,0.00
Area127 (09) troll 223 413,,South_Thom,5,0.60,Little_R,5,0.27,L_Thompson,5,0.13,Hanford_Reach,5026,0.00,Priest_Rapid_H,5026,0.00
Area127 (09) troll 223 414,,Forks_Cr_H,5028,0.94,Queets_R,5028,0.05,Hoh_R,5028,0.00,Coos_H,5011,0.00,Alsea_R,5015,0.00
Area127 (09) troll 223 415,,Harrison,3,0.95,Chilliwack_F,3,0.04,Chilliwac@Stav,3,0.00,Coos_H,5011,0.00,Skagit_R,5016,0.00
Area127 (09) troll 223 416,,Hanford_Reach,5026,0.72,Priest_Rapid_H,5026,0.19,Methow_R,5026,0.05,Nez_PerceT_H,5021,0.02,Wenatchee_R_SF,5026,0.01
Area127 (09) troll 223 417,,Coos_H,5011,0.59,Trask_R,5015,0.28,Salmon_R_f,5015,0.10,Coquille_R,5011,0.01,Alsea_R,5015,0.01
Area127 (09) troll 223 418,,Alsea_R,5015,0.39,Queets_R,5028,0.24,Salmon_R_f,5015,0.11,Cowlitz_H_fa,5008,0.08,Hoh_R,5028,0.07
Area127 (09) troll 223 419,,Queets_R,5028,0.45,Hoh_R,5028,0.42,Forks_Cr_H,5028,0.10,Humptulips_H,5028,0.02,Coquille_R,5011,0.00
Area127 (09) troll 223 420,,Grovers_Cr_H,5020,0.40,S_Prairie_Cr,5020,0.33,Soos_H,5020,0.09,George_Adams_H,5005,0.08,Samish_H,5016,0.06
Area127 (09) troll 223 421,,Chilliwack_F,3,0.47,Harrison,3,0.32,Queets_R,5028,0.07,Hoh_R,5028,0.07,Kispiox,22,0.02
Area127 (09) troll 223 422,,Alsea_R,5015,0.52,Coos_H,5011,0.24,Coquille_R,5011,0.12,Salmon_R_f,5015,0.03,Forks_Cr_H,5028,0.02
Area127 (09) troll 223 423,,Alsea_R,5015,0.33,Coquille_R,5011,0.25,Hanford_Reach,5026,0.13,Coos_H,5011,0.08,Forks_Cr_H,5028,0.04
Area127 (09) troll 223 424,,Cowlitz_H_fa,5008,0.68,Lewis_R_Su,5008,0.22,Washougal_R_Fa,5008,0.09,Lewis_R_f,5008,0.01,Abernathy_Cr_Fa,5008,0.01
Area127 (09) troll 223 425,,Coquille_R,5011,0.75,S_Umpqua_H,5011,0.09,S_Coos_R,5011,0.06,Skagit_R,5016,0.03,Hanford_Reach,5026,0.03
Area127 (09) troll 223 426,,Umpqua_H,5011,0.76,Washougal_R_Fa,5008,0.14,Lewis_R_Su,5008,0.05,S_Prairie_Cr,5020,0.02,S_Umpqua_H,5011,0.01
Area127 (09) troll 223 427,,Harrison,3,0.99,Chilliwack_F,3,0.01,,,,,,,,,
Area127 (09) troll 223 428,,Elk_H,5011,0.47,Hoh_R,5028,0.30,Coquille_R,5011,0.13,Queets_R,5028,0.04,Sixes_R,5011,0.02
Area127 (09) troll 223 429,,Hanford_Reach,5026,0.42,Priest_Rapid_H,5026,0.32,Nez_PerceT_H,5021,0.14,Methow_R,5026,0.03,Wenatchee_R_SF,5026,0.03
Area127 (09) troll 223 430,,Trask_R,5015,0.46,Salmon_R_f,5015,0.38,Alsea_R,5015,0.09,Wilson_R,5015,0.07,Nestucca_H,5015,0.00
Area127 (09) troll 223 431,,Skagit_R,5016,0.78,Snoqualmie_R,5016,0.16,Umpqua_H,5011,0.03,U_Skagit_R,5016,0.01,Skykomish_R,5016,0.01
Area127 (09) troll 223 432,,Hanford_Reach,5026,0.51,Priest_Rapid_H,5026,0.35,Wenatchee_R_SF,5026,0.10,Wells_H,5026,0.03,Umatilla_H_Fa,5026,0.01
Area127 (09) troll 223 433,,Trask_R,5015,0.58,Salmon_R_f,5015,0.11,Alsea_R,5015,0.09,Coos_H,5011,0.08,S_Coos_R,5011,0.05
Area127 (09) troll 223 434,,Elk_H,5011,1.00,,,,,,,,,,,,
Area127 (09) troll 223 435,,Priest_Rapid_H,5026,0.32,Hanford_Reach,5026,0.30,Wenatchee_R_SF,5026,0.18,Nez_PerceT_H,5021,0.13,Wells_H,5026,0.03
Area127 (09) troll 223 436,,Priest_Rapid_H,5026,0.84,Hanford_Reach,5026,0.10,Wenatchee_R_SF,5026,0.02,Nez_PerceT_H,5021,0.01,Methow_R,5026,0.01
Area127 (09) troll 223 437,,Chilliwack_F,3,0.46,Harrison,3,0.44,Snoqualmie_R,5016,0.08,Samish_H,5016,0.01,Skagit_R,5016,0.00
Area127 (09) troll 223 438,,Harrison,3,0.91,Skagit_R,5016,0.01,Kispiox,22,0.01,Priest_Rapid_H,5026,0.01,Lewis_R_Su,5008,0.01
Area127 (09) troll 223 439,,Priest_Rapid_H,5026,0.92,Hanford_Reach,5026,0.03,Methow_R,5026,0.03,Wenatchee_R_SF,5026,0.02,Wells_H,5026,0.00
Area127 (09) troll 223 440,,Little_R,5,0.82,L_Thompson,5,0.11,South_Thom,5,0.06,Cowlitz_H_fa,5008,0.00,Lewis_R_Su,5008,0.00
Area127 (09) troll 223 441,,Forks_Cr_H,5028,1.00,Kispiox,22,0.00,Makah_H,5028,0.00,Washougal_R_Fa,5008,0.00,Otsi_Cr,19,0.00
Area127 (09) troll 223 442,,Forks_Cr_H,5028,0.98,Alsea_R,5015,0.01,Salmon_R_f,5015,0.01,Trask_R,5015,0.00,Coos_H,5011,0.00
Area127 (09) troll 223 443,,Skagit_R,5016,0.66,Harrison,3,0.16,L_Thompson,5,0.04,Snoqualmie_R,5016,0.04,Kispiox,22,0.04
Area127 (09) troll 223 444,,Snoqualmie_R,5016,0.45,S_Prairie_Cr,5020,0.22,Grovers_Cr_H,5020,0.18,Bear_Cr_SuFa,5020,0.07,Soos_H,5020,0.04
Area127 (09) troll 223 445,,Forks_Cr_H,5028,0.95,S_Coos_R,5011,0.04,Coos_H,5011,0.00,Hoh_R,5028,0.00,Alsea_R,5015,0.00
Area127 (09) troll 223 446,,Sarita,8,0.34,Nitinat,8,0.32,Sooke,8,0.15,Washougal_R_Fa,5008,0.09,Toquart,8,0.09
Area127 (09) troll 223 447,,Umpqua_H,5011,0.65,S_Umpqua_H,5011,0.35,Priest_Rapid_H,5026,0.00,Umatilla_H_Fa,5026,0.00,Kalama_H_sp,5009,0.00
Area127 (09) troll 223 448,,Forks_Cr_H,5028,1.00,Lewis_R_Su,5008,0.00,Washougal_R_Fa,5008,0.00,Skagit_R,5016,0.00,,,
Area127 (09) troll 223 449,,L_Thompson,5,0.94,Little_R,5,0.04,South_Thom,5,0.02,Priest_Rapid_H,5026,0.00,Umatilla_H,5026,0.00
Area127 (09) troll 223 450,,Alsea_R,5015,0.69,Trask_R,5015,0.08,Hoh_R,5028,0.08,Salmon_R_f,5015,0.07,Wilson_R,5015,0.03
Area127 (09) troll 223 451,,Priest_Rapid_H,5026,0.83,Hanford_Reach,5026,0.13,Wenatchee_R_SF,5026,0.03,Wells_H,5026,0.00,Methow_R,5026,0.00
Area127 (09) troll 223 452,,Hanford_Reach,5026,0.50,Priest_Rapid_H,5026,0.27,Wenatchee_R_SF,5026,0.12,Umatilla_H_Fa,5026,0.09,Priest_Rapids_H,5026,0.02
Area127 (09) troll 223 453,,Hoh_R,5028,0.51,Queets_R,5028,0.49,Skagit_R,5016,0.01,Forks_Cr_H,5028,0.00,Otsi_Cr,19,0.00
Area127 (09) troll 223 454,,Priest_Rapid_H,5026,0.38,Hanford_Reach,5026,0.30,Nez_PerceT_H,5021,0.28,Umatilla_H_Fa,5026,0.02,Priest_Rapids_H,5026,0.01
Area127 (09) troll 223 455,,Harrison,3,1.00,Chilliwack_F,3,0.00,South_Thom,5,0.00,Puntledge_F,7,0.00,Skagit_R,5016,0.00
Area127 (09) troll 223 456,,Coos_H,5011,0.44,S_Umpqua_H,5011,0.18,Forks_Cr_H,5028,0.12,Wilson_R,5015,0.09,Alsea_R,5015,0.07
Area127 (09) troll 223 457,,Little_R,5,0.49,South_Thom,5,0.47,L_Shuswap,5,0.02,L_Thompson,5,0.01,Priest_Rapid_H,5026,0.00
Area127 (09) troll 223 458,,Coos_H,5011,0.47,Lewis_R_Su,5008,0.20,Forks_Cr_H,5028,0.14,Washougal_R_Fa,5008,0.06,Cowlitz_H_fa,5008,0.04
Area127 (09) troll 223 459,,Trask_R,5015,0.66,Kispiox,22,0.19,Alsea_R,5015,0.05,Wilson_R,5015,0.03,Taseko,2,0.01
Area127 (09) troll 223 460,,Forks_Cr_H,5028,0.78,Methow_R,5026,0.08,Coos_H,5011,0.08,Wenatchee_R_SF,5026,0.05,Priest_Rapid_H,5026,0.00
Area127 (09) troll 223 461,,Hoh_R,5028,0.55,Queets_R,5028,0.13,S_Coos_R,5011,0.09,Coos_H,5011,0.07,Harrison,3,0.04
Area127 (09) troll 223 462,,Spring_Cr_col,5030,0.36,Elochoman_H,5030,0.36,Cowlitz_H_fa,5008,0.06,Abernathy_Cr_Fa,5008,0.06,Green_R_Fa,5008,0.04
Area127 (09) troll 223 463,,Harrison,3,0.91,Chilliwack_F,3,0.09,Teigen,11,0.00,S_Umpqua_H,5011,0.00,Umpqua_H,5011,0.00
Area127 (09) troll 223 464,,Priest_Rapid_H,5026,0.54,Hanford_Reach,5026,0.28,Nez_PerceT_H,5021,0.11,Wells_H,5026,0.04,Methow_R,5026,0.02
Area127 (09) troll 223 465,,Lewis_R_Su,5008,0.44,Umpqua_H,5011,0.36,Priest_Rapid_H,5026,0.07,Hanford_Reach,5026,0.03,Nez_PerceT_H,5021,0.03
Area127 (09) troll 223 466,,Little_R,5,0.98,South_Thom,5,0.01,L_Thompson,5,0.01,L_Adams,5,0.00,Bowron,1,0.00
Area127 (09) troll 223 467,,Dungeness_R,5006,1.00,Little_R,5,0.00,M_Shuswap,5,0.00,L_Thompson,5,0.00,South_Thom,5,0.00
Area127 (09) troll 223 468,,Hanford_Reach,5026,0.53,Priest_Rapid_H,5026,0.35,Nez_PerceT_H,5021,0.06,N_Santiam_H,5029,0.04,L_Wh_Sal_H_SF,5026,0.02
Area127 (09) troll 223 469,,Chilliwack_F,3,0.76,Harrison,3,0.24,Chilliwac@Stav,3,0.01,,,,,,
Area127 (09) troll 223 470,,Coquille_R,5011,0.51,S_Umpqua_H,5011,0.16,Forks_Cr_H,5028,0.09,Alsea_R,5015,0.09,S_Coos_R,5011,0.05
Area127 (09) troll 223 471,,Chilliwack_F,3,0.82,Harrison,3,0.18,L_Thompson,5,0.00,Umpqua_H,5011,0.00,Wenatchee_R_SF,5026,0.00
Area127 (09) troll 223 472,,Hanford_Reach,5026,0.50,Priest_Rapid_H,5026,0.41,Nez_PerceT_H,5021,0.07,Wenatchee_R_SF,5026,0.02,Methow_R,5026,0.00
Area127 (09) troll 223 473,,Harrison,3,1.00,Chilliwack_F,3,0.00,Bear,19,0.00,L_Thompson,5,0.00,Christina,18,0.00
Area127 (09) troll 223 474,,Harrison,3,0.97,L_Thompson,5,0.02,Chilliwack_F,3,0.01,South_Thom,5,0.00,Little_R,5,0.00
Area127 (09) troll 223 475,,Elk_H,5011,0.98,Coquille_R,5011,0.01,Sixes_R,5011,0.01,Coos_H,5011,0.01,S_Coos_R,5011,0.00
Area127 (09) troll 223 476,,Harrison,3,1.00,Snoqualmie_R,5016,0.00,S_Prairie_Cr,5020,0.00,Little_R,5,0.00,,,
Area127 (09) troll 223 477,,Harrison,3,0.72,L_Thompson,5,0.09,Little_R,5,0.06,South_Thom,5,0.06,Morice_R,21,0.02
Area127 (09) troll 223 478,,Elk_H,5011,0.94,Sixes_R,5011,0.04,Coquille_R,5011,0.02,Coos_H,5011,0.00,Trask_R,5015,0.00
Area127 (09) troll 223 479,,Coquille_R,5011,0.39,Salmon_R_f,5015,0.26,S_Umpqua_H,5011,0.10,Coos_H,5011,0.08,Trask_R,5015,0.07
Area127 (09) troll 223 480,,Washougal_R_Fa,5008,0.35,Alsea_R,5015,0.27,Hanford_Reach,5026,0.08,Coquille_R,5011,0.06,Coos_H,5011,0.03
Area127 (09) troll 223 481,,S_Prairie_Cr,5020,0.23,Washougal_R_Fa,5008,0.22,Grovers_Cr_H,5020,0.13,Lewis_R_Su,5008,0.12,Snoqualmie_R,5016,0.12
Area127 (09) troll 223 482,,Nehalem_R,5015,1.00,,,,,,,,,,,,
Area127 (09) troll 223 483,,Alsea_R,5015,0.44,Trask_R,5015,0.41,Wilson_R,5015,0.11,Coos_H,5011,0.02,Salmon_R_f,5015,0.01
Area127 (09) troll 223 484,,Washougal_R_Fa,5008,0.56,Lewis_R_Su,5008,0.29,Elochoman_H,5030,0.08,Lewis_R_f,5008,0.05,Cowlitz_H_fa,5008,0.01
Area127 (09) troll 223 485,,Priest_Rapid_H,5026,0.42,Wenatchee_R_SF,5026,0.39,Hanford_Reach,5026,0.13,Wells_H,5026,0.03,Methow_R,5026,0.01
Area127 (09) troll 223 486,,Hanford_Reach,5026,0.61,Priest_Rapid_H,5026,0.38,L_Wh_Sal_H_SF,5026,0.00,Wells_H,5026,0.00,Harrison,3,0.00
Area127 (09) troll 223 487,,Trask_R,5015,0.42,Alsea_R,5015,0.40,Wilson_R,5015,0.07,Salmon_R_f,5015,0.04,Coos_H,5011,0.03
Area127 (09) troll 223 488,,Little_R,5,0.61,South_Thom,5,0.19,Nez_PerceT_H,5021,0.07,L_Thompson,5,0.04,Hanford_Reach,5026,0.04
Area127 (09) troll 223 489,,Hanford_Reach,5026,0.53,Wenatchee_R_SF,5026,0.26,Priest_Rapid_H,5026,0.08,Wells_H,5026,0.07,Methow_R,5026,0.03
Area127 (09) troll 223 490,,Forks_Cr_H,5028,0.99,Makah_H,5028,0.01,Hoh_R,5028,0.00,Humptulips_H,5028,0.00,,,
Area127 (09) troll 223 491,,Priest_Rapid_H,5026,0.65,Hanford_Reach,5026,0.21,Umatilla_H,5026,0.06,Wenatchee_R_SF,5026,0.02,Trask_R,5015,0.01
Area127 (09) troll 223 492,,Tete_Jaune,1,0.70,Bowron,1,0.23,McGregor,1,0.05,Holmes,1,0.01,U_Cariboo,2,0.01
Area127 (09) troll 223 493,,Lewis_R_Su,5008,0.35,South_Thom,5,0.24,L_Thompson,5,0.21,Coquille_R,5011,0.06,Coos_H,5011,0.05
Area127 (09) troll 223 494,,South_Thom,5,0.73,Little_R,5,0.20,L_Thompson,5,0.07,L_Shuswap,5,0.00,Priest_Rapid_H,5026,0.00
Area127 (09) troll 223 495,,Nehalem_R,5015,1.00,,,,,,,,,,,,
Area127 (09) troll 223 496,,Little_R,5,0.69,L_Thompson,5,0.25,South_Thom,5,0.04,L_Shuswap,5,0.01,L_Adams,5,0.00
Area127 (09) troll 223 497,,Priest_Rapid_H,5026,0.91,Hanford_Reach,5026,0.07,Nez_PerceT_H,5021,0.01,Umatilla_H_Fa,5026,0.01,Wells_H,5026,0.00
Area127 (09) troll 223 498,,Marble@NVI,8,0.72,Skagit_R,5016,0.07,Snoqualmie_R,5016,0.07,Nez_PerceT_H,5021,0.04,Priest_Rapid_H,5026,0.02
Area127 (09) troll 223 499,,L_Thompson,5,0.94,Little_R,5,0.05,South_Thom,5,0.01,Methow_R,5026,0.00,Hanford_Reach,5026,0.00
Area127 (09) troll 223 500,,South_Thom,5,0.82,Little_R,5,0.14,L_Thompson,5,0.04,Harrison,3,0.00,Nechako,2,0.00
Area127 (09) troll 223 501,,South_Thom,5,0.75,Little_R,5,0.14,L_Thompson,5,0.11,Duteau_Cr,5,0.00,Hanford_Reach,5026,0.00
Area127 (09) troll 223 502,,Forks_Cr_H,5028,0.68,Trask_R,5015,0.25,Alsea_R,5015,0.02,Salmon_R_f,5015,0.02,Hoh_R,5028,0.02
Area127 (09) troll 223 503,,Cowlitz_H_fa,5008,0.71,Washougal_R_Fa,5008,0.15,Lewis_R_Su,5008,0.14,Elochoman_H,5030,0.00,Lewis_R_f,5008,0.00
Area127 (09) troll 223 504,,Washougal_R_Fa,5008,0.85,Cowlitz_H_fa,5008,0.09,Hoh_R,5028,0.03,Lewis_R_Su,5008,0.01,Elochoman_R_Fa,5008,0.01
Area127 (09) troll 223 505,,L_Thompson,5,0.30,Little_R,5,0.20,S_Prairie_Cr,5020,0.18,Makah_H,5028,0.17,Soos_H,5020,0.09
Area127 (09) troll 223 506,,N_Santiam_H,5029,1.00,McKenzie_H,5029,0.00,,,,,,,,,
Area127 (09) troll 223 507,,Trask_R,5015,0.56,Salmon_R_f,5015,0.25,Alsea_R,5015,0.09,Elk_H,5011,0.06,Wilson_R,5015,0.03
Area127 (09) troll 223 508,,Little_R,5,0.73,Nez_PerceT_H,5021,0.18,Hanford_Reach,5026,0.06,South_Thom,5,0.02,Priest_Rapid_H,5026,0.01
Area127 (09) troll 223 509,,Alsea_R,5015,0.62,Coquille_R,5011,0.22,Trask_R,5015,0.09,Wilson_R,5015,0.05,Salmon_R_f,5015,0.02
Area127 (09) troll 223 510,,Hoh_R,5028,0.54,Queets_R,5028,0.45,Trask_R,5015,0.01,Forks_Cr_H,5028,0.00,Coos_H,5011,0.00
Area127 (09) troll 223 511,,Trask_R,5015,0.45,S_Umpqua_H,5011,0.40,Salmon_R_f,5015,0.08,Coos_H,5011,0.03,Queets_R,5028,0.03
Area127 (09) troll 223 512,,U_Cariboo,2,0.99,Harrison,3,0.00,Quesnel,2,0.00,Chilako,2,0.00,Chilliwack_F,3,0.00
Area127 (09) troll 223 513,,Priest_Rapid_H,5026,0.88,Hanford_Reach,5026,0.05,Wenatchee_R_SF,5026,0.03,Nez_PerceT_H,5021,0.02,Wells_H,5026,0.01
Area127 (09) troll 223 514,,Harrison,3,1.00,Chilliwack_F,3,0.00,Skagit_R,5016,0.00,Snoqualmie_R,5016,0.00,Grovers_Cr_H,5020,0.00
Area127 (09) troll 223 515,,Cowlitz_H_fa,5008,0.45,Spring_Cr_col,5030,0.26,Elochoman_H,5030,0.10,Hanford_Reach,5026,0.06,Washougal_R_Fa,5008,0.06
Area127 (09) troll 223 516,,Trask_R,5015,0.43,Alsea_R,5015,0.32,S_Umpqua_H,5011,0.13,Wilson_R,5015,0.06,Coos_H,5011,0.04
Area127 (09) troll 223 517,,Umpqua_H,5011,0.73,S_Umpqua_H,5011,0.25,Applegate_Cr,5019,0.00,Coos_H,5011,0.00,S_Coos_R,5011,0.00
Area127 (09) troll 223 518,,Trask_R,5015,0.97,Salmon_R_f,5015,0.01,Coquille_R,5011,0.01,Wilson_R,5015,0.00,Hoh_R,5028,0.00
Area127 (09) troll 223 519,,Hanford_Reach,5026,0.51,Priest_Rapid_H,5026,0.38,Nez_PerceT_H,5021,0.05,Wells_H,5026,0.03,Wenatchee_R_SF,5026,0.01
Area127 (09) troll 223 520,,Harrison,3,0.60,Chilliwack_F,3,0.40,,,,,,,,,
Area127 (09) troll 223 521,,Forks_Cr_H,5028,0.98,S_Umpqua_H,5011,0.02,Umpqua_H,5011,0.00,Humptulips_H,5028,0.00,Hoh_R,5028,0.00
Area127 (09) troll 223 522,,Hanford_Reach,5026,0.55,Priest_Rapid_H,5026,0.43,Wenatchee_R_SF,5026,0.01,L_Wh_Sal_H_SF,5026,0.00,Wells_H,5026,0.00
Area127 (09) troll 223 523,,Washougal_R_Fa,5008,0.98,Cowlitz_H_fa,5008,0.01,Elochoman_H,5030,0.01,Abernathy_Cr_Fa,5008,0.00,Green_R_Fa,5008,0.00
Area127 (09) troll 223 524,,Trask_R,5015,0.32,Forks_Cr_H,5028,0.25,Salmon_R_f,5015,0.23,Alsea_R,5015,0.14,Wilson_R,5015,0.03
Area127 (09) troll 223 525,,Puntledge_F,7,0.92,Cowichan,7,0.04,Big_Qualicum,7,0.03,Puntledge_BackX,7,0.00,Nanaimo_SP,7,0.00
Area127 (09) troll 223 526,,Priest_Rapid_H,5026,0.79,Hanford_Reach,5026,0.13,Nez_PerceT_H,5021,0.06,Wenatchee_R_SF,5026,0.00,Wells_H,5026,0.00
Area127 (09) troll 223 527,,Little_R,5,0.71,L_Thompson,5,0.26,South_Thom,5,0.01,Harrison,3,0.01,Grovers_Cr_H,5020,0.00
Area127 (09) troll 223 528,,Little_R,5,0.63,South_Thom,5,0.24,L_Thompson,5,0.12,Clearwater,4,0.00,L_Adams,5,0.00
Area127 (09) troll 223 529,,Little_R,5,0.65,L_Thompson,5,0.18,South_Thom,5,0.17,L_Adams,5,0.00,,,
Area127 (09) troll 223 530,,Priest_Rapid_H,5026,0.79,Wenatchee_R_SF,5026,0.16,Hanford_Reach,5026,0.03,Wells_H,5026,0.01,Umatilla_H_Fa,5026,0.00
Area127 (09) troll 223 531,,Trask_R,5015,0.34,Alsea_R,5015,0.28,Washougal_R_Fa,5008,0.11,Coquille_R,5011,0.10,Forks_Cr_H,5028,0.06
Area127 (09) troll 223 532,,Little_R,5,0.56,South_Thom,5,0.38,L_Thompson,5,0.05,L_Adams,5,0.01,L_Shuswap,5,0.00
Area127 (09) troll 223 533,,Umpqua_H,5011,0.50,Cowlitz_H_fa,5008,0.18,Washougal_R_Fa,5008,0.18,Elochoman_H,5030,0.06,Abernathy_Cr_Fa,5008,0.03
Area127 (09) troll 223 534,,Wenatchee_R_SF,5026,0.34,Priest_Rapid_H,5026,0.15,Hanford_Reach,5026,0.14,Wells_H,5026,0.06,L_Thompson,5,0.06
Area127 (09) troll 223 535,,Coquille_R,5011,0.44,Queets_R,5028,0.31,Coos_H,5011,0.14,Forks_Cr_H,5028,0.03,S_Coos_R,5011,0.02
Area127 (09) troll 223 536,,Wenatchee_R_SF,5026,0.53,Hanford_Reach,5026,0.42,Priest_Rapid_H,5026,0.04,Nez_PerceT_H,5021,0.00,Wells_H,5026,0.00
Area127 (09) troll 223 537,,Harrison,3,0.97,Slamgeesh,19,0.02,Chilliwack_F,3,0.00,L_Thompson,5,0.00,Tlupana,8,0.00
Area127 (09) troll 223 538,,L_Thompson,5,0.91,Little_R,5,0.07,South_Thom,5,0.02,Dungeness_R,5006,0.00,Salmon_R_f,5015,0.00
Area127 (09) troll 223 539,,Chilliwack_F,3,0.67,Harrison,3,0.33,Abernathy_Cr_Fa,5008,0.00,Umpqua_H,5011,0.00,Wells_H,5026,0.00
Area127 (09) troll 223 540,,Priest_Rapid_H,5026,0.96,Hanford_Reach,5026,0.04,Wenatchee_R_SF,5026,0.00,Methow_R,5026,0.00,Nez_PerceT_H,5021,0.00
Area127 (09) troll 223 541,,Nanaimo_SU,7,0.41,Nanaimo_SP,7,0.30,Puntledge_F,7,0.21,Big_Qualicum,7,0.05,South_Thom,5,0.01
Area127 (09) troll 223 542,,South_Thom,5,0.90,Little_R,5,0.04,L_Thompson,5,0.04,Snoqualmie_R,5016,0.00,Harrison,3,0.00
Area127 (09) troll 223 543,,Forks_Cr_H,5028,0.98,Queets_R,5028,0.02,Zeballos,8,0.00,Coos_H,5011,0.00,Kispiox,22,0.00
Area127 (09) troll 223 544,,Coquille_R,5011,0.80,S_Coos_R,5011,0.10,Coos_H,5011,0.09,Wilson_R,5015,0.01,Trask_R,5015,0.00
Area127 (09) troll 223 545,,Little_R,5,0.79,South_Thom,5,0.20,L_Thompson,5,0.00,L_Shuswap,5,0.00,L_Adams,5,0.00
Area127 (09) troll 223 546,,Washougal_R_Fa,5008,0.73,Elochoman_H,5030,0.15,Spring_Cr_col,5030,0.09,Cowlitz_H_fa,5008,0.02,Green_R_Fa,5008,0.00
Area127 (09) troll 223 547,,Washougal_R_Fa,5008,0.47,Elochoman_H,5030,0.41,Green_R_Fa,5008,0.05,Spring_Cr_col,5030,0.03,Cowlitz_H_fa,5008,0.02
Area127 (09) troll 223 548,,Hoh_R,5028,0.47,Umpqua_H,5011,0.16,Queets_R,5028,0.10,Trask_R,5015,0.08,Salmon_R_f,5015,0.04
Area127 (09) troll 223 549,,Grovers_Cr_H,5020,0.72,Samish_H,5016,0.15,S_Prairie_Cr,5020,0.05,Bear_Cr_SuFa,5020,0.03,Soos_H,5020,0.02
Area127 (09) troll 223 550,,Hanford_Reach,5026,0.42,Priest_Rapid_H,5026,0.28,Nez_PerceT_H,5021,0.22,Umatilla_H_Fa,5026,0.04,Lyons_Ferry_H,5021,0.03
Area127 (09) troll 223 551,,Cowlitz_H_fa,5008,0.99,Lewis_R_Su,5008,0.01,Spring_Cr_col,5030,0.00,Cowlitz_H_sp,5009,0.00,,,
Area127 (09) troll 223 552,,Grovers_Cr_H,5020,0.66,Samish_H,5016,0.09,Snoqualmie_R,5016,0.07,George_Adams_H,5005,0.07,Bear_Cr_SuFa,5020,0.05
Area127 (09) troll 223 553,,Priest_Rapid_H,5026,0.44,Hanford_Reach,5026,0.30,Nez_PerceT_H,5021,0.23,Marion_Drain_Fa,5026,0.02,Dungeness_R,5006,0.00
Area127 (09) troll 223 554,,Klickitat_H,5010,0.37,Priest_Rapid_H,5026,0.28,Klickitat_R_sp,5010,0.13,Lewis_H_sp,5009,0.08,Hanford_Reach,5026,0.04
Area127 (09) troll 223 555,,Skagit_R,5016,0.92,Hanford_Reach,5026,0.02,Snoqualmie_R,5016,0.02,L_Thompson,5,0.01,Soos_H,5020,0.01
Area127 (09) troll 223 556,,Nez_PerceT_H,5021,0.25,Priest_Rapid_H,5026,0.18,Wenatchee_R_SF,5026,0.18,Wells_H,5026,0.10,Hanford_Reach,5026,0.09
Area127 (09) troll 223 557,,Harrison,3,0.67,Chilliwack_F,3,0.33,,,,,,,,,
Area127 (09) troll 223 558,,Hanford_Reach,5026,0.99,Priest_Rapid_H,5026,0.00,Lyons_Ferry_H,5021,0.00,Umatilla_H_Fa,5026,0.00,Methow_R,5026,0.00
Area127 (09) troll 223 559,,Harrison,3,0.66,S_Prairie_Cr,5020,0.26,Snoqualmie_R,5016,0.03,Chilliwack_F,3,0.02,L_Skagit_R_Fa,5016,0.01
Area127 (09) troll 223 560,,Harrison,3,0.54,Chilliwack_F,3,0.46,Hanford_Reach,5026,0.00,L_Thompson,5,0.00,S_Umpqua_H,5011,0.00
Area127 (09) troll 223 561,,Coquille_R,5011,0.52,Coos_H,5011,0.37,S_Coos_R,5011,0.11,Elk_H,5011,0.00,Trask_R,5015,0.00
Area127 (09) troll 223 562,,Coos_H,5011,0.88,Coquille_R,5011,0.05,Trask_R,5015,0.02,Elk_H,5011,0.01,Snoqualmie_R,5016,0.01
Area127 (09) troll 223 563,,Nez_PerceT_H,5021,0.37,Hanford_Reach,5026,0.34,Priest_Rapid_H,5026,0.22,Wells_H,5026,0.02,Umatilla_H_Fa,5026,0.02
Area127 (09) troll 223 564,,Hanford_Reach,5026,0.73,S_Umpqua_H,5011,0.10,Harrison,3,0.05,Little_R,5,0.05,South_Thom,5,0.03
Area127 (09) troll 223 565,,Puntledge_F,7,0.68,Big_Qualicum,7,0.16,Cowichan,7,0.16,Puntledge_BackX,7,0.00,L_Qualicum,7,0.00
Area127 (09) troll 223 566,,Hanford_Reach,5026,0.35,Priest_Rapid_H,5026,0.20,Wenatchee_R_SF,5026,0.18,Nez_PerceT_H,5021,0.08,Skagit_R,5016,0.05
Area127 (09) troll 223 567,,Puntledge_F,7,0.72,Big_Qualicum,7,0.12,Samish_H,5016,0.07,Snoqualmie_R,5016,0.05,Skagit_R,5016,0.02
Area127 (09) troll 223 568,,Lewis_R_Su,5008,0.19,Hanford_Reach,5026,0.18,Cowlitz_H_fa,5008,0.13,Washougal_R_Fa,5008,0.12,Forks_Cr_H,5028,0.12
Area127 (09) troll 223 569,,Hanford_Reach,5026,0.85,Priest_Rapid_H,5026,0.09,Nez_PerceT_H,5021,0.06,Methow_R,5026,0.00,Lyons_Ferry_H,5021,0.00
Area127 (09) troll 223 570,,L_Thompson,5,0.48,Little_R,5,0.24,M_Shuswap,5,0.17,South_Thom,5,0.06,Duteau_Cr,5,0.03
Area127 (09) troll 223 571,,Kispiox,22,0.62,Little_R,5,0.11,South_Thom,5,0.10,L_Thompson,5,0.07,M_Shuswap,5,0.03
Area127 (09) troll 223 572,,Sarita,8,0.34,Trask_R,5015,0.31,Coos_H,5011,0.10,S_Umpqua_H,5011,0.08,Queets_R,5028,0.03
Area127 (09) troll 223 573,,South_Thom,5,0.88,Little_R,5,0.11,L_Thompson,5,0.01,Hanford_Reach,5026,0.00,Wenatchee_R_SF,5026,0.00
Area127 (09) troll 223 574,,South_Thom,5,0.66,L_Thompson,5,0.25,Little_R,5,0.10,L_Adams,5,0.00,,,
Area127 (09) troll 223 575,,Priest_Rapid_H,5026,0.30,Washougal_R_Fa,5008,0.22,Hanford_Reach,5026,0.21,Nez_PerceT_H,5021,0.14,Umatilla_H_Fa,5026,0.08
Area127 (09) troll 223 576,,L_Thompson,5,0.79,U_Cariboo,2,0.10,Little_R,5,0.05,Wenatchee_R_SF,5026,0.04,Kispiox,22,0.01
Area127 (09) troll 223 577,,Hanford_Reach,5026,0.20,Priest_Rapid_H,5026,0.16,Wenatchee_R_SF,5026,0.12,Washougal_R_Fa,5008,0.10,Umpqua_H,5011,0.06
Area127 (09) troll 223 578,,Lewis_R_Su,5008,0.48,Cowlitz_H_fa,5008,0.42,Lewis_R_f,5008,0.03,Washougal_R_Fa,5008,0.03,Elochoman_H,5030,0.02
Area127 (09) troll 223 579,,Hanford_Reach,5026,0.88,Priest_Rapid_H,5026,0.08,Umatilla_H_Fa,5026,0.04,Nez_PerceT_H,5021,0.01,Methow_R,5026,0.00
Area127 (09) troll 223 580,,S_Umpqua_H,5011,0.84,S_Coos_R,5011,0.11,Coos_H,5011,0.05,Umpqua_H,5011,0.00,Coquille_R,5011,0.00
Area127 (09) troll 223 581,,Elk_H,5011,1.00,Sixes_R,5011,0.00,Coquille_R,5011,0.00,,,,,,
Area127 (09) troll 223 582,,Chilako,2,0.28,Nazko,2,0.23,Clearwater,4,0.12,Queets_R,5028,0.09,McGregor,1,0.07
Area127 (09) troll 223 583,,Wenatchee_R_SF,5026,0.93,Hanford_Reach,5026,0.05,Priest_Rapid_H,5026,0.03,Wells_H,5026,0.00,L_Wh_Sal_H_SF,5026,0.00
Area127 (09) troll 223 584,,Coos_H,5011,0.99,Coquille_R,5011,0.00,Washougal_R_Fa,5008,0.00,L_Thompson,5,0.00,S_Coos_R,5011,0.00
,,,,,,,,,,,,,,,,
Sample: 22, Area123,2010, troll, May10-Sep08,,,,,,,,,,,,
Area123 (10) troll 130 1,,Spring_Cr_col,5030,0.97,Big_Cr_H_Col,5030,0.03,Lewis_R_Su,5008,0.00,Cowlitz_H_fa,5008,0.00,Elochoman_H,5030,0.00
Area123 (10) troll 130 10,,Nanaimo_SU,7,0.46,L_Qualicum,7,0.32,Puntledge_Su,7,0.20,Puntledge_BackX,7,0.01,Nanaimo_F,7,0.01
Area123 (10) troll 130 11,,George_Adams_H,5005,0.31,Cedar_R_SuFa,5020,0.16,Hamma_Hamma_R,5005,0.16,Clear_Cr_H,5020,0.15,Soos_H,5020,0.06
Area123 (10) troll 130 12,,Wenatchee_R_SF,5026,0.27,Nez_PerceT_H,5021,0.22,Wells_H,5026,0.20,Lyons_Ferry_H,5021,0.10,Hanford_Reach,5026,0.07
Area123 (10) troll 130 13,,L_Qualicum,7,0.29,Snoqualmie_R,5016,0.24,Cedar_R_SuFa,5020,0.15,Soos_H,5020,0.08,Hanford_Reach,5026,0.06
Area123 (10) troll 130 14,,Spring_Cr_col,5030,0.98,Big_Cr_H_Col,5030,0.01,Lewis_R_Su,5008,0.00,Elochoman_H,5030,0.00,Cowlitz_H_fa,5008,0.00
Area123 (10) troll 130 15,,Cedar_R_SuFa,5020,0.80,Soos_H,5020,0.06,Hanford_Reach,5026,0.04,George_Adams_H,5005,0.03,Snoqualmie_R,5016,0.02
Area123 (10) troll 130 16,,Spring_Cr_col,5030,0.98,Big_Cr_H_Col,5030,0.01,Abernathy_NFH_F,5008,0.01,Cowlitz_H_fa,5008,0.00,Washougal_R_Fa,5008,0.00
Area123 (10) troll 130 17,,George_Adams_H,5005,0.32,Hamma_Hamma_R,5005,0.27,Clear_Cr_H,5020,0.27,Grovers_Cr_H,5020,0.06,Cedar_R_SuFa,5020,0.02
Area123 (10) troll 130 18,,Spring_Cr_col,5030,1.00,Big_Cr_H_Col,5030,0.00,Cowlitz_H_sp,5009,0.00,Elochoman_H,5030,0.00,Abernathy_NFH_F,5008,0.00
Area123 (10) troll 130 19,,Samish_H,5016,0.98,Hamma_Hamma_R,5005,0.01,Cedar_R_SuFa,5020,0.01,George_Adams_H,5005,0.00,NF_Skokomish_F,5005,0.00
Area123 (10) troll 130 2,,George_Adams_H,5005,0.59,S_Prairie_Cr,5020,0.18,Hamma_Hamma_R,5005,0.17,Cedar_R_SuFa,5020,0.04,NF_Skokomish_F,5005,0.01
Area123 (10) troll 130 20,,Soos_H,5020,0.34,S_Prairie_Cr,5020,0.33,Clear_Cr_H,5020,0.18,UW_H_SuFa,5020,0.05,Cedar_R_SuFa,5020,0.05
Area123 (10) troll 130 21,,George_Adams_H,5005,0.74,Hamma_Hamma_R,5005,0.11,Clear_Cr_H,5020,0.06,Samish_H,5016,0.03,Grovers_Cr_H,5020,0.01
Area123 (10) troll 130 22,,Hamma_Hamma_R,5005,0.47,George_Adams_H,5005,0.25,Clear_Cr_H,5020,0.23,NF_Skokomish_F,5005,0.01,Samish_H,5016,0.01
Area123 (10) troll 130 23,,Spring_Cr_col,5030,1.00,Big_Cr_H_Col,5030,0.00,Abernathy_NFH_F,5008,0.00,Elochoman_H,5030,0.00,,,
Area123 (10) troll 130 24,,Spring_Cr_col,5030,0.89,Elochoman_H,5030,0.07,Big_Cr_H_Col,5030,0.03,Abernathy_NFH_F,5008,0.00,Cowlitz_H_fa,5008,0.00
Area123 (10) troll 130 25,,Spring_Cr_col,5030,0.96,Big_Cr_H_Col,5030,0.04,Abernathy_NFH_F,5008,0.00,Elochoman_H,5030,0.00,Washougal_R_Fa,5008,0.00
Area123 (10) troll 130 26,,Cedar_R_SuFa,5020,0.42,Harrison,3,0.33,Samish_H,5016,0.14,Soos_H,5020,0.06,Clear_Cr_H,5020,0.03
Area123 (10) troll 130 27,,Clear_Cr_H,5020,0.70,Hamma_Hamma_R,5005,0.09,Cedar_R_SuFa,5020,0.08,Soos_H,5020,0.07,S_Prairie_Cr,5020,0.05
Area123 (10) troll 130 28,,Chilliwack_F,3,0.91,Harrison,3,0.09,Chilliwac@Stav,3,0.00,Capilano,9,0.00,,,
Area123 (10) troll 130 29,,Harrison,3,0.80,Hanford_Reach,5026,0.05,Elochoman_H,5030,0.04,Snoqualmie_R,5016,0.03,S_Prairie_Cr,5020,0.02
Area123 (10) troll 130 3,,Priest_Rapid_H,5026,0.74,Hanford_Reach,5026,0.10,Priest_Rapids_H,5026,0.09,Nez_PerceT_H,5021,0.03,Umatilla_H_Fa,5026,0.02
Area123 (10) troll 130 30,,Samish_H,5016,0.85,Cedar_R_SuFa,5020,0.09,Grovers_Cr_H,5020,0.02,Soos_H,5020,0.02,George_Adams_H,5005,0.02
Area123 (10) troll 130 31,,L_Qualicum,7,0.82,Cowichan,7,0.14,Big_Qualicum,7,0.02,Puntledge_BackX,7,0.01,Nanaimo_F,7,0.01
Area123 (10) troll 130 32,,L_Qualicum,7,0.98,Cowichan,7,0.01,Big_Qualicum,7,0.01,Puntledge_F,7,0.00,Puntledge_BackX,7,0.00
Area123 (10) troll 130 33,,Hamma_Hamma_R,5005,0.42,Clear_Cr_H,5020,0.35,Snoqualmie_R,5016,0.07,Cedar_R_SuFa,5020,0.04,L_Qualicum,7,0.03
Area123 (10) troll 130 34,,Harrison,3,0.83,NF_Nooksack_H,5016,0.06,U_Sauk_R_SpSu,5016,0.04,Cedar_R_SuFa,5020,0.02,Soos_H,5020,0.01
Area123 (10) troll 130 35,,Clear_Cr_H,5020,0.29,Grovers_Cr_H,5020,0.17,Samish_H,5016,0.14,George_Adams_H,5005,0.11,S_Prairie_Cr,5020,0.10
Area123 (10) troll 130 36,,Priest_Rapid_H,5026,0.48,Hanford_Reach,5026,0.28,Lyons_Ferry_H,5021,0.20,Umatilla_H_Fa,5026,0.03,U_Deschutes_R,5004,0.00
Area123 (10) troll 130 37,,Spring_Cr_col,5030,0.99,Elochoman_H,5030,0.00,Elochoman_R_Fa,5008,0.00,Abernathy_NFH_F,5008,0.00,Big_Cr_H_Col,5030,0.00
Area123 (10) troll 130 38,,Cedar_R_SuFa,5020,0.86,Soos_H,5020,0.04,Samish_H,5016,0.04,George_Adams_H,5005,0.02,S_Prairie_Cr,5020,0.02
Area123 (10) troll 130 39,,Spring_Cr_col,5030,1.00,Elochoman_H,5030,0.00,Abernathy_NFH_F,5008,0.00,Elochoman_R_Fa,5008,0.00,Big_Cr_H_Col,5030,0.00
Area123 (10) troll 130 4,,Clear_Cr_H,5020,0.53,Grovers_Cr_H,5020,0.34,Hamma_Hamma_R,5005,0.05,Cedar_R_SuFa,5020,0.02,George_Adams_H,5005,0.02
Area123 (10) troll 130 40,,Spring_Cr_col,5030,0.81,Big_Cr_H_Col,5030,0.16,Abernathy_NFH_F,5008,0.01,Elochoman_H,5030,0.01,Hanford_Reach,5026,0.00
Area123 (10) troll 130 41,,Snoqualmie_R,5016,0.34,Clear_Cr_H,5020,0.22,S_Prairie_Cr,5020,0.16,George_Adams_H,5005,0.12,Priest_Rapid_H,5026,0.06
Area123 (10) troll 130 42,,Spring_Cr_col,5030,0.80,Green_R_Fa,5008,0.13,Elochoman_H,5030,0.05,Cowlitz_H_fa,5008,0.01,Big_Cr_H_Col,5030,0.01
Area123 (10) troll 130 43,,Spring_Cr_col,5030,0.76,Big_Cr_H_Col,5030,0.22,Elochoman_H,5030,0.02,Abernathy_NFH_F,5008,0.00,,,
Area123 (10) troll 130 44,,Spring_Cr_col,5030,0.98,Elochoman_H,5030,0.02,Abernathy_NFH_F,5008,0.00,Big_Cr_H_Col,5030,0.00,Washougal_R_Fa,5008,0.00
Area123 (10) troll 130 45,,Harrison,3,0.95,Chilliwack_F,3,0.05,NanaimoSu_BackX,7,0.00,,,,,,
Area123 (10) troll 130 46,,Nez_PerceT_H,5021,0.40,Priest_Rapid_H,5026,0.17,Hanford_Reach,5026,0.11,Umatilla_H_Fa,5026,0.11,Chilliwack_F,3,0.06
Area123 (10) troll 130 47,,Spring_Cr_col,5030,0.99,Elochoman_H,5030,0.01,Abernathy_NFH_F,5008,0.00,Elochoman_R_Fa,5008,0.00,Big_Cr_H_Col,5030,0.00
Area123 (10) troll 130 48,,Samish_H,5016,1.00,S_Prairie_Cr,5020,0.00,Hamma_Hamma_R,5005,0.00,Cedar_R_SuFa,5020,0.00,Voights_H,5020,0.00
Area123 (10) troll 130 49,,Cedar_R_SuFa,5020,0.77,Snoqualmie_R,5016,0.11,Soos_H,5020,0.03,Samish_H,5016,0.02,L_Skagit_R_Fa,5016,0.02
Area123 (10) troll 130 5,,Spring_Cr_col,5030,1.00,Big_Cr_H_Col,5030,0.00,,,,,,,,,
Area123 (10) troll 130 50,,Cedar_R_SuFa,5020,0.53,Grovers_Cr_H,5020,0.20,Clear_Cr_H,5020,0.11,Soos_H,5020,0.10,S_Prairie_Cr,5020,0.03
Area123 (10) troll 130 51,,Spring_Cr_col,5030,0.85,Big_Cr_H_Col,5030,0.09,Cowlitz_H_fa,5008,0.04,Elochoman_H,5030,0.01,Umatilla_H_Fa,5026,0.01
Area123 (10) troll 130 52,,Spring_Cr_col,5030,1.00,Elochoman_H,5030,0.00,Big_Cr_H_Col,5030,0.00,Abernathy_NFH_F,5008,0.00,Green_R_Fa,5008,0.00
Area123 (10) troll 130 53,,Cedar_R_SuFa,5020,0.43,Soos_H,5020,0.25,Clear_Cr_H,5020,0.14,George_Adams_H,5005,0.10,Grovers_Cr_H,5020,0.03
Area123 (10) troll 130 54,,Soos_H,5020,0.89,Hamma_Hamma_R,5005,0.05,Cedar_R_SuFa,5020,0.03,Voights_H,5020,0.02,Grovers_Cr_H,5020,0.01
Area123 (10) troll 130 55,,McKenzie_H,5029,0.77,N_Santiam_H,5029,0.17,Cowlitz_H_sp,5009,0.03,Cowlitz_H_fa,5008,0.03,Lewis_R_Su,5008,0.00
Area123 (10) troll 130 56,,Cowlitz_H_fa,5008,0.98,Lewis_R_Su,5008,0.01,Washougal_R_Fa,5008,0.00,Spring_Cr_col,5030,0.00,Cowlitz_H_sp,5009,0.00
Area123 (10) troll 130 57,,Cedar_R_SuFa,5020,0.59,George_Adams_H,5005,0.27,Hamma_Hamma_R,5005,0.04,S_Prairie_Cr,5020,0.03,Clear_Cr_H,5020,0.02
Area123 (10) troll 130 58,,Cedar_R_SuFa,5020,0.72,S_Prairie_Cr,5020,0.08,George_Adams_H,5005,0.07,Hamma_Hamma_R,5005,0.04,Soos_H,5020,0.02
Area123 (10) troll 130 59,,Chilliwack_F,3,1.00,Harrison,3,0.00,Samish_H,5016,0.00,,,,,,
Area123 (10) troll 130 6,,Soos_H,5020,0.89,Clear_Cr_H,5020,0.04,Hamma_Hamma_R,5005,0.03,George_Adams_H,5005,0.02,Cedar_R_SuFa,5020,0.01
Area123 (10) troll 130 60,,Cedar_R_SuFa,5020,0.59,George_Adams_H,5005,0.13,Samish_H,5016,0.13,Soos_H,5020,0.11,Hamma_Hamma_R,5005,0.03
Area123 (10) troll 130 61,,Spring_Cr_col,5030,0.73,Big_Cr_H_Col,5030,0.27,Elochoman_H,5030,0.00,Abernathy_NFH_F,5008,0.00,Cowlitz_H_fa,5008,0.00
Area123 (10) troll 130 62,,L_Qualicum,7,0.64,Puntledge_Su,7,0.26,Nanaimo_SU,7,0.07,Puntledge_BackX,7,0.02,Cowichan,7,0.01
Area123 (10) troll 130 63,,Spring_Cr_col,5030,0.98,Elochoman_H,5030,0.01,Abernathy_NFH_F,5008,0.00,Big_Cr_H_Col,5030,0.00,,,
Area123 (10) troll 130 64,,Spring_Cr_col,5030,0.66,Washougal_R_Fa,5008,0.14,Big_Cr_H_Col,5030,0.12,Cowlitz_H_fa,5008,0.05,Abernathy_NFH_F,5008,0.02
Area123 (10) troll 130 65,,Spring_Cr_col,5030,0.99,Big_Cr_H_Col,5030,0.01,Abernathy_NFH_F,5008,0.00,Elochoman_H,5030,0.00,,,
Area123 (10) troll 130 66,,George_Adams_H,5005,0.41,S_Prairie_Cr,5020,0.14,Soos_H,5020,0.13,Hamma_Hamma_R,5005,0.12,NF_Skokomish_F,5005,0.09
Area123 (10) troll 130 67,,Spring_Cr_col,5030,0.67,Cowlitz_H_fa,5008,0.19,Elochoman_H,5030,0.09,Washougal_R_Fa,5008,0.02,Green_R_Fa,5008,0.01
Area123 (10) troll 130 68,,Cedar_R_SuFa,5020,0.35,Clear_Cr_H,5020,0.23,Hamma_Hamma_R,5005,0.18,Soos_H,5020,0.17,George_Adams_H,5005,0.04
Area123 (10) troll 130 69,,Spring_Cr_col,5030,0.94,Big_Cr_H_Col,5030,0.04,Elochoman_H,5030,0.02,Abernathy_NFH_F,5008,0.00,Cowlitz_H_fa,5008,0.00
Area123 (10) troll 130 7,,Cedar_R_SuFa,5020,0.83,Clear_Cr_H,5020,0.14,S_Prairie_Cr,5020,0.02,Lyons_Ferry_H,5021,0.00,Samish_H,5016,0.00
Area123 (10) troll 130 70,,Samish_H,5016,0.60,Soos_H,5020,0.14,George_Adams_H,5005,0.11,S_Prairie_Cr,5020,0.08,Clear_Cr_H,5020,0.03
Area123 (10) troll 130 71,,Samish_H,5016,0.39,Cedar_R_SuFa,5020,0.18,George_Adams_H,5005,0.17,Hamma_Hamma_R,5005,0.17,S_Prairie_Cr,5020,0.03
Area123 (10) troll 130 72,,Spring_Cr_col,5030,0.60,Big_Cr_H_Col,5030,0.39,Abernathy_NFH_F,5008,0.00,Elochoman_H,5030,0.00,Cowlitz_H_fa,5008,0.00
Area123 (10) troll 130 73,,Spring_Cr_col,5030,1.00,Elochoman_H,5030,0.00,,,,,,,,,
Area123 (10) troll 130 74,,Samish_H,5016,0.85,Cedar_R_SuFa,5020,0.06,Snoqualmie_R,5016,0.03,Hamma_Hamma_R,5005,0.02,Soos_H,5020,0.02
Area123 (10) troll 130 75,,Spring_Cr_col,5030,0.99,Elochoman_H,5030,0.01,,,,,,,,,
Area123 (10) troll 130 76,,Hamma_Hamma_R,5005,0.56,George_Adams_H,5005,0.26,Samish_H,5016,0.12,Cedar_R_SuFa,5020,0.03,Clear_Cr_H,5020,0.02
Area123 (10) troll 130 77,,Cedar_R_SuFa,5020,0.54,Soos_H,5020,0.16,Hamma_Hamma_R,5005,0.14,Samish_H,5016,0.11,George_Adams_H,5005,0.02
Area123 (10) troll 130 8,,Harrison,3,0.94,Cedar_R_SuFa,5020,0.03,Chilliwack_F,3,0.02,Clear_Cr_H,5020,0.00,Hanford_Reach,5026,0.00
Area123 (10) troll 130 9,,Samish_H,5016,0.48,Hamma_Hamma_R,5005,0.21,Snoqualmie_R,5016,0.12,George_Adams_H,5005,0.08,S_Prairie_Cr,5020,0.05
Area123 (10) troll 131 100,,Cedar_R_SuFa,5020,0.87,UW_H_SuFa,5020,0.08,Hamma_Hamma_R,5005,0.03,Samish_H,5016,0.02,George_Adams_H,5005,0.01
Area123 (10) troll 131 101,,Spring_Cr_col,5030,0.53,Big_Cr_H_Col,5030,0.40,Elochoman_H,5030,0.06,Green_R_Fa,5008,0.01,Abernathy_NFH_F,5008,0.00
Area123 (10) troll 131 102,,Spring_Cr_col,5030,0.96,Big_Cr_H_Col,5030,0.03,Elochoman_H,5030,0.01,Abernathy_NFH_F,5008,0.00,Green_R_Fa,5008,0.00
Area123 (10) troll 131 103,,George_Adams_H,5005,0.60,Clear_Cr_H,5020,0.25,Samish_H,5016,0.08,Hamma_Hamma_R,5005,0.04,Cedar_R_SuFa,5020,0.02
Area123 (10) troll 131 104,,Cowlitz_H_sp,5009,0.90,Lewis_R_Su,5008,0.07,Cowlitz_H_fa,5008,0.02,Lewis_R_LSu,5008,0.01,Green_R_Fa,5008,0.00
Area123 (10) troll 131 105,,Umpqua_H,5011,0.62,Cole_Rivers_H,5019,0.21,Applegate_Cr,5019,0.04,Umatilla_H_Fa,5026,0.03,Cedar_R_SuFa,5020,0.02
Area123 (10) troll 131 106,,Hamma_Hamma_R,5005,0.66,Clear_Cr_H,5020,0.20,George_Adams_H,5005,0.09,Cedar_R_SuFa,5020,0.04,NF_Skokomish_F,5005,0.01
Area123 (10) troll 131 107,,Soos_H,5020,0.28,Clear_Cr_H,5020,0.27,Cedar_R_SuFa,5020,0.25,Hamma_Hamma_R,5005,0.14,George_Adams_H,5005,0.03
Area123 (10) troll 131 108,,Cedar_R_SuFa,5020,0.39,Clear_Cr_H,5020,0.34,Grovers_Cr_H,5020,0.17,Soos_H,5020,0.06,S_Prairie_Cr,5020,0.02
Area123 (10) troll 131 109,,Cedar_R_SuFa,5020,0.43,Samish_H,5016,0.33,Hamma_Hamma_R,5005,0.13,Soos_H,5020,0.02,Clear_Cr_H,5020,0.02
Area123 (10) troll 131 110,,George_Adams_H,5005,0.36,Hamma_Hamma_R,5005,0.30,Cedar_R_SuFa,5020,0.27,Clear_Cr_H,5020,0.02,Soos_H,5020,0.02
Area123 (10) troll 131 111,,Priest_Rapid_H,5026,0.42,Nez_PerceT_H,5021,0.31,Hanford_Reach,5026,0.15,Lewis_R_Su,5008,0.10,Lewis_R_LSu,5008,0.01
Area123 (10) troll 131 112,,Grovers_Cr_H,5020,0.58,Hamma_Hamma_R,5005,0.25,George_Adams_H,5005,0.09,Soos_H,5020,0.04,Cedar_R_SuFa,5020,0.02
Area123 (10) troll 131 113,,Cowlitz_H_fa,5008,0.48,Elochoman_H,5030,0.47,Elochoman_R_Fa,5008,0.02,Green_R_Fa,5008,0.02,Big_Cr_H_Col,5030,0.01
Area123 (10) troll 131 114,,Grovers_Cr_H,5020,0.51,Cedar_R_SuFa,5020,0.44,Soos_H,5020,0.01,Samish_H,5016,0.01,Hamma_Hamma_R,5005,0.01
Area123 (10) troll 131 115,,Alsea_R,5015,0.50,Coos_H,5011,0.15,Trask_R,5015,0.14,Wilson_R,5015,0.09,Sixes_R,5011,0.04
Area123 (10) troll 131 116,,McKenzie_H,5029,0.78,N_Santiam_H,5029,0.22,,,,,,,,,
Area123 (10) troll 131 117,,Cowlitz_H_fa,5008,0.99,Washougal_R_Fa,5008,0.00,Elochoman_H,5030,0.00,Cowlitz_H_sp,5009,0.00,Lewis_R_Su,5008,0.00
Area123 (10) troll 131 118,,S_Prairie_Cr,5020,0.42,Soos_H,5020,0.17,Hamma_Hamma_R,5005,0.09,Samish_H,5016,0.08,George_Adams_H,5005,0.07
Area123 (10) troll 131 119,,Spring_Cr_col,5030,0.89,Cowlitz_H_fa,5008,0.10,Green_R_Fa,5008,0.00,Cowlitz_H_sp,5009,0.00,Washougal_R_Fa,5008,0.00
Area123 (10) troll 131 120,,Spring_Cr_col,5030,0.54,George_Adams_H,5005,0.39,Hamma_Hamma_R,5005,0.04,Grovers_Cr_H,5020,0.01,Clear_Cr_H,5020,0.01
Area123 (10) troll 131 121,,Spring_Cr_col,5030,0.83,Big_Cr_H_Col,5030,0.17,Elochoman_H,5030,0.00,Abernathy_Cr_Fa,5008,0.00,,,
Area123 (10) troll 131 122,,Spring_Cr_col,5030,0.92,Big_Cr_H_Col,5030,0.08,Elochoman_H,5030,0.01,Hanford_Reach,5026,0.00,Cowlitz_H_fa,5008,0.00
Area123 (10) troll 131 123,,Cowlitz_H_fa,5008,0.37,Spring_Cr_col,5030,0.19,Lewis_R_Su,5008,0.17,Green_R_Fa,5008,0.13,Washougal_R_Fa,5008,0.09
Area123 (10) troll 131 124,,Clear_Cr_H,5020,0.45,George_Adams_H,5005,0.16,Cedar_R_SuFa,5020,0.07,Soos_H,5020,0.07,Hamma_Hamma_R,5005,0.07
Area123 (10) troll 131 125,,Spring_Cr_col,5030,0.97,Big_Cr_H_Col,5030,0.02,Elochoman_H,5030,0.00,Abernathy_NFH_F,5008,0.00,,,
Area123 (10) troll 131 126,,Clear_Cr_H,5020,0.93,George_Adams_H,5005,0.03,Hamma_Hamma_R,5005,0.02,Snoqualmie_R,5016,0.01,Soos_H,5020,0.01
Area123 (10) troll 131 127,,Cowlitz_H_fa,5008,0.33,Spring_Cr_col,5030,0.32,Green_R_Fa,5008,0.19,Elochoman_H,5030,0.08,Washougal_R_Fa,5008,0.05
Area123 (10) troll 131 128,,Spring_Cr_col,5030,1.00,Elochoman_H,5030,0.00,Big_Cr_H_Col,5030,0.00,Lewis_R_LSu,5008,0.00,Abernathy_NFH_F,5008,0.00
Area123 (10) troll 131 129,,Hanford_Reach,5026,0.47,Priest_Rapid_H,5026,0.39,Lyons_Ferry_H,5021,0.07,Nez_PerceT_H,5021,0.05,Wells_H,5026,0.02
Area123 (10) troll 131 130,,Spring_Cr_col,5030,0.98,Elochoman_H,5030,0.01,Green_R_Fa,5008,0.01,Big_Cr_H_Col,5030,0.00,,,
Area123 (10) troll 131 131,,Chilliwack_F,3,0.08,Lyons_Ferry_H,5021,0.08,Nez_PerceT_H,5021,0.08,Cedar_R_SuFa,5020,0.08,Soos_H,5020,0.07
Area123 (10) troll 131 132,,Chilliwack_F,3,0.96,Harrison,3,0.03,Chilliwac@Stav,3,0.00,Snoqualmie_R,5016,0.00,L_Skagit_R_Fa,5016,0.00
Area123 (10) troll 131 133,,NF_Nooksack_H,5016,0.98,Cedar_R_SuFa,5020,0.01,Snoqualmie_R,5016,0.01,S_Prairie_Cr,5020,0.00,Hanford_Reach,5026,0.00
Area123 (10) troll 131 134,,Spring_Cr_col,5030,0.84,Big_Cr_H_Col,5030,0.16,Elochoman_H,5030,0.00,,,,,,
Area123 (10) troll 131 135,,Priest_Rapid_H,5026,0.34,Hanford_Reach,5026,0.32,Nez_PerceT_H,5021,0.21,Priest_Rapids_H,5026,0.03,Umatilla_H,5026,0.03
Area123 (10) troll 131 136,,Umpqua_H,5011,0.51,Cole_Rivers_H,5019,0.07,Nez_PerceT_H,5021,0.07,Priest_Rapid_H,5026,0.06,Lewis_R_Su,5008,0.06
Area123 (10) troll 131 137,,White_H,5020,0.55,Hupp_Sp_H,5020,0.44,George_Adams_H,5005,0.01,Clear_Cr_H,5020,0.00,Grovers_Cr_H,5020,0.00
Area123 (10) troll 131 138,,Clear_Cr_H,5020,0.93,George_Adams_H,5005,0.03,Soos_H,5020,0.01,S_Prairie_Cr,5020,0.01,Cedar_R_SuFa,5020,0.01
Area123 (10) troll 131 139,,Chilliwack_F,3,0.68,Harrison,3,0.32,Chilliwac@Stav,3,0.00,,,,,,
Area123 (10) troll 131 140,,Spring_Cr_col,5030,0.96,Big_Cr_H_Col,5030,0.04,Elochoman_H,5030,0.00,Abernathy_NFH_F,5008,0.00,Elochoman_R_Fa,5008,0.00
Area123 (10) troll 131 141,,Chilliwack_F,3,1.00,Harrison,3,0.00,,,,,,,,,
Area123 (10) troll 131 142,,Cowlitz_H_fa,5008,0.87,Lewis_R_Su,5008,0.13,Cowlitz_H_sp,5009,0.00,Washougal_R_Fa,5008,0.00,Lewis_R_LSu,5008,0.00
Area123 (10) troll 131 143,,U_Deschutes_R,5004,1.00,Lyons_Ferry_H,5021,0.00,Nez_PerceT_H,5021,0.00,Hanford_Reach,5026,0.00,Umatilla_H_Fa,5026,0.00
Area123 (10) troll 131 144,,Soos_H,5020,0.39,Cedar_R_SuFa,5020,0.26,Hamma_Hamma_R,5005,0.14,Grovers_Cr_H,5020,0.08,Samish_H,5016,0.06
Area123 (10) troll 131 145,,Hanford_Reach,5026,0.60,Umatilla_H_Fa,5026,0.15,Priest_Rapid_H,5026,0.10,Samish_H,5016,0.08,Hamma_Hamma_R,5005,0.02
Area123 (10) troll 131 146,,Hanford_Reach,5026,0.78,Priest_Rapid_H,5026,0.12,Nez_PerceT_H,5021,0.09,Priest_Rapids_H,5026,0.00,Lyons_Ferry_H,5021,0.00
Area123 (10) troll 131 147,,Clear_Cr_H,5020,0.54,Snoqualmie_R,5016,0.15,Cedar_R_SuFa,5020,0.10,Soos_H,5020,0.07,Hamma_Hamma_R,5005,0.05
Area123 (10) troll 131 148,,Harrison,3,0.89,Chilliwack_F,3,0.10,Chilliwac@Stav,3,0.00,U_Sauk_R_SpSu,5016,0.00,,,
Area123 (10) troll 131 149,,U_Deschutes_R,5004,1.00,Nez_PerceT_H,5021,0.00,L_Deschutes_R,5004,0.00,,,,,,
Area123 (10) troll 131 150,,Spring_Cr_col,5030,0.92,Big_Cr_H_Col,5030,0.08,Cowlitz_H_sp,5009,0.00,Elochoman_H,5030,0.00,,,
Area123 (10) troll 131 151,,Chilliwack_F,3,0.79,Harrison,3,0.21,Chilliwac@Stav,3,0.00,,,,,,
Area123 (10) troll 131 152,,Harrison,3,0.26,Lyons_Ferry_H,5021,0.25,S_Umpqua_H,5011,0.20,Umpqua_H,5011,0.10,Nez_PerceT_H,5021,0.07
Area123 (10) troll 131 153,,Cedar_R_SuFa,5020,0.94,Clear_Cr_H,5020,0.03,UW_H_SuFa,5020,0.01,L_Qualicum,7,0.01,Hamma_Hamma_R,5005,0.01
Area123 (10) troll 131 154,,Hanford_Reach,5026,0.38,Wells_H,5026,0.36,Priest_Rapid_H,5026,0.20,Priest_Rapids_H,5026,0.03,Umatilla_H_Fa,5026,0.02
Area123 (10) troll 131 155,,Spring_Cr_col,5030,0.95,Elochoman_H,5030,0.02,Big_Cr_H_Col,5030,0.02,Abernathy_NFH_F,5008,0.01,Elochoman_R_Fa,5008,0.00
Area123 (10) troll 131 156,,Snoqualmie_R,5016,0.57,Harrison,3,0.13,U_Sauk_R_SpSu,5016,0.07,L_Qualicum,7,0.05,Nez_PerceT_H,5021,0.04
Area123 (10) troll 131 157,,Snoqualmie_R,5016,0.66,S_Umpqua_H,5011,0.09,Applegate_Cr,5019,0.07,U_Sauk_R_SpSu,5016,0.04,Coos_H,5011,0.03
Area123 (10) troll 131 158,,Nez_PerceT_H,5021,0.74,Cowlitz_H_sp,5009,0.11,Lyons_Ferry_H,5021,0.09,Hanford_Reach,5026,0.03,Umatilla_H_Fa,5026,0.02
Area123 (10) troll 131 159,,George_Adams_H,5005,0.88,Samish_H,5016,0.08,Hamma_Hamma_R,5005,0.02,Cedar_R_SuFa,5020,0.01,NF_Skokomish_F,5005,0.00
Area123 (10) troll 131 160,,Hanford_Reach,5026,0.73,Umatilla_H_Fa,5026,0.09,Lyons_Ferry_H,5021,0.06,Priest_Rapids_H,5026,0.03,Umatilla_H,5026,0.03
Area123 (10) troll 131 161,,Spring_Cr_col,5030,0.93,Big_Cr_H_Col,5030,0.07,Elochoman_H,5030,0.00,,,,,,
Area123 (10) troll 131 162,,Cowlitz_H_fa,5008,0.74,Washougal_R_Fa,5008,0.11,Elochoman_H,5030,0.07,Elochoman_R_Fa,5008,0.03,Lewis_R_Su,5008,0.03
Area123 (10) troll 131 163,,Spring_Cr_col,5030,1.00,Green_R_Fa,5008,0.00,Big_Cr_H_Col,5030,0.00,,,,,,
Area123 (10) troll 131 164,,Big_Cr_H_Col,5030,0.51,Spring_Cr_col,5030,0.41,Elochoman_H,5030,0.08,Abernathy_NFH_F,5008,0.00,,,
Area123 (10) troll 131 165,,Big_Cr_H_Col,5030,0.83,Elochoman_H,5030,0.09,Cowlitz_H_fa,5008,0.07,Cowlitz_H_sp,5009,0.00,Abernathy_NFH_F,5008,0.00
Area123 (10) troll 131 166,,McKenzie_H,5029,0.77,N_Santiam_H,5029,0.23,,,,,,,,,
Area123 (10) troll 131 167,,Spring_Cr_col,5030,0.91,Abernathy_NFH_F,5008,0.04,Elochoman_H,5030,0.03,Big_Cr_H_Col,5030,0.02,Elochoman_R_Fa,5008,0.00
Area123 (10) troll 131 168,,Spring_Cr_col,5030,0.91,Big_Cr_H_Col,5030,0.09,Abernathy_NFH_F,5008,0.00,Elochoman_H,5030,0.00,Elochoman_R_Fa,5008,0.00
Area123 (10) troll 131 169,,Chilliwack_F,3,1.00,,,,,,,,,,,,
Area123 (10) troll 131 170,,Chilliwack_F,3,0.73,Harrison,3,0.15,Snoqualmie_R,5016,0.08,NF_Nooksack_H,5016,0.01,Samish_H,5016,0.00
Area123 (10) troll 131 171,,L_Qualicum,7,0.84,George_Adams_H,5005,0.04,Harrison,3,0.03,L_Skagit_R_Fa,5016,0.03,Cowichan,7,0.02
Area123 (10) troll 131 172,,Washougal_R_Fa,5008,0.34,Cowlitz_H_sp,5009,0.32,Cowlitz_H_fa,5008,0.30,Spring_Cr_col,5030,0.02,Elochoman_H,5030,0.01
Area123 (10) troll 131 173,,Snoqualmie_R,5016,0.52,Cedar_R_SuFa,5020,0.17,L_Qualicum,7,0.16,U_Sauk_R_SpSu,5016,0.04,Clear_Cr_H,5020,0.03
Area123 (10) troll 131 174,,Nez_PerceT_H,5021,0.60,Lyons_Ferry_H,5021,0.18,Priest_Rapid_H,5026,0.13,Umatilla_H_Fa,5026,0.08,Hanford_Reach,5026,0.01
Area123 (10) troll 131 175,,Samish_H,5016,0.32,George_Adams_H,5005,0.28,Cedar_R_SuFa,5020,0.22,Clear_Cr_H,5020,0.10,Hamma_Hamma_R,5005,0.06
Area123 (10) troll 131 176,,Umatilla_H_Fa,5026,0.63,Hanford_Reach,5026,0.21,Lyons_Ferry_H,5021,0.13,Priest_Rapid_H,5026,0.01,Nez_PerceT_H,5021,0.01
Area123 (10) troll 131 78,,McKenzie_H,5029,0.73,N_Santiam_H,5029,0.27,Nez_PerceT_H,5021,0.00,Priest_Rapid_H,5026,0.00,Wenatchee_R_SF,5026,0.00
Area123 (10) troll 131 79,,Cowlitz_H_fa,5008,0.79,Lewis_R_Su,5008,0.16,Elochoman_H,5030,0.02,Washougal_R_Fa,5008,0.01,Cowlitz_H_sp,5009,0.00
Area123 (10) troll 131 80,,Spring_Cr_col,5030,0.76,Big_Cr_H_Col,5030,0.08,Elochoman_H,5030,0.07,Lewis_R_Su,5008,0.05,Elochoman_R_Fa,5008,0.02
Area123 (10) troll 131 81,,Cedar_R_SuFa,5020,0.42,Samish_H,5016,0.20,Clear_Cr_H,5020,0.19,George_Adams_H,5005,0.08,Hamma_Hamma_R,5005,0.04
Area123 (10) troll 131 82,,Hamma_Hamma_R,5005,0.55,Clear_Cr_H,5020,0.27,George_Adams_H,5005,0.15,Soos_H,5020,0.01,Cedar_R_SuFa,5020,0.01
Area123 (10) troll 131 83,,Samish_H,5016,0.29,George_Adams_H,5005,0.27,Cedar_R_SuFa,5020,0.18,Grovers_Cr_H,5020,0.12,Hamma_Hamma_R,5005,0.09
Area123 (10) troll 131 84,,Feather_H_fa,5001,0.70,Cedar_R_SuFa,5020,0.16,Umatilla_H_Fa,5026,0.04,Hamma_Hamma_R,5005,0.04,George_Adams_H,5005,0.03
Area123 (10) troll 131 85,,Big_Cr_H_Col,5030,0.55,Cowlitz_H_fa,5008,0.31,Elochoman_H,5030,0.10,Spring_Cr_col,5030,0.02,Washougal_R_Fa,5008,0.02
Area123 (10) troll 131 86,,Spring_Cr_col,5030,0.94,Elochoman_H,5030,0.03,Big_Cr_H_Col,5030,0.02,Abernathy_NFH_F,5008,0.00,Elochoman_R_Fa,5008,0.00
Area123 (10) troll 131 87,,Spring_Cr_col,5030,1.00,Elochoman_H,5030,0.00,Big_Cr_H_Col,5030,0.00,Abernathy_NFH_F,5008,0.00,Lewis_R_Su,5008,0.00
Area123 (10) troll 131 88,,Nez_PerceT_H,5021,0.51,Lyons_Ferry_H,5021,0.20,Hanford_Reach,5026,0.19,Umatilla_H_Fa,5026,0.07,Harrison,3,0.01
Area123 (10) troll 131 89,,Spring_Cr_col,5030,0.99,Elochoman_H,5030,0.01,Elochoman_R_Fa,5008,0.00,Big_Cr_H_Col,5030,0.00,Abernathy_NFH_F,5008,0.00
Area123 (10) troll 131 90,,George_Adams_H,5005,0.94,Hamma_Hamma_R,5005,0.02,Soos_H,5020,0.01,Cedar_R_SuFa,5020,0.01,NF_Skokomish_F,5005,0.00
Area123 (10) troll 131 91,,UW_H_SuFa,5020,0.95,Cedar_R_SuFa,5020,0.04,S_Prairie_Cr,5020,0.01,Samish_H,5016,0.00,Hamma_Hamma_R,5005,0.00
Area123 (10) troll 131 92,,Cedar_R_SuFa,5020,0.29,Grovers_Cr_H,5020,0.16,Samish_H,5016,0.16,Clear_Cr_H,5020,0.16,George_Adams_H,5005,0.10
Area123 (10) troll 131 93,,McKenzie_H,5029,0.74,N_Santiam_H,5029,0.25,Priest_Rapid_H,5026,0.00,Hanford_Reach,5026,0.00,U_Sauk_R_SpSu,5016,0.00
Area123 (10) troll 131 94,,George_Adams_H,5005,0.37,Samish_H,5016,0.20,Cedar_R_SuFa,5020,0.15,Hamma_Hamma_R,5005,0.14,Soos_H,5020,0.08
Area123 (10) troll 131 95,,NF_Nooksack_H,5016,1.00,Priest_Rapid_H,5026,0.00,U_Sauk_R_SpSu,5016,0.00,,,,,,
Area123 (10) troll 131 96,,Hamma_Hamma_R,5005,0.69,Cedar_R_SuFa,5020,0.22,Samish_H,5016,0.04,Grovers_Cr_H,5020,0.02,Snoqualmie_R,5016,0.01
Area123 (10) troll 131 97,,Cedar_R_SuFa,5020,0.43,Hamma_Hamma_R,5005,0.43,Samish_H,5016,0.08,George_Adams_H,5005,0.04,Soos_H,5020,0.01
Area123 (10) troll 131 98,,George_Adams_H,5005,0.54,Samish_H,5016,0.32,Cedar_R_SuFa,5020,0.08,NF_Skokomish_F,5005,0.03,Hamma_Hamma_R,5005,0.01
Area123 (10) troll 131 99,,Hamma_Hamma_R,5005,0.32,Samish_H,5016,0.26,George_Adams_H,5005,0.25,Clear_Cr_H,5020,0.08,Soos_H,5020,0.04
Area123 (10) troll 132 177,,Clear_Cr_H,5020,0.50,Soos_H,5020,0.17,Cedar_R_SuFa,5020,0.14,George_Adams_H,5005,0.11,S_Prairie_Cr,5020,0.03
Area123 (10) troll 132 178,,Spring_Cr_col,5030,0.97,Big_Cr_H_Col,5030,0.03,Elochoman_H,5030,0.00,Abernathy_NFH_F,5008,0.00,Cowlitz_H_sp,5009,0.00
Area123 (10) troll 132 179,,Spring_Cr_col,5030,0.78,Big_Cr_H_Col,5030,0.18,Abernathy_NFH_F,5008,0.03,Elochoman_H,5030,0.00,Cowlitz_H_fa,5008,0.00
Area123 (10) troll 132 180,,Snoqualmie_R,5016,0.39,Soos_H,5020,0.29,Samish_H,5016,0.16,George_Adams_H,5005,0.05,Clear_Cr_H,5020,0.04
Area123 (10) troll 132 181,,Spring_Cr_col,5030,0.54,Big_Cr_H_Col,5030,0.40,Elochoman_H,5030,0.03,Green_R_Fa,5008,0.02,Elochoman_R_Fa,5008,0.01
Area123 (10) troll 132 182,,Spring_Cr_col,5030,0.98,Big_Cr_H_Col,5030,0.02,Elochoman_H,5030,0.01,Abernathy_NFH_F,5008,0.00,,,
Area123 (10) troll 132 183,,Hanford_Reach,5026,0.76,Priest_Rapids_H,5026,0.09,Nez_PerceT_H,5021,0.06,Priest_Rapid_H,5026,0.06,Umatilla_H_Fa,5026,0.03
Area123 (10) troll 132 184,,George_Adams_H,5005,0.48,Cedar_R_SuFa,5020,0.17,Soos_H,5020,0.13,Snoqualmie_R,5016,0.10,Clear_Cr_H,5020,0.05
Area123 (10) troll 132 185,,Spring_Cr_col,5030,1.00,Big_Cr_H_Col,5030,0.00,,,,,,,,,
Area123 (10) troll 132 186,,Hamma_Hamma_R,5005,0.63,George_Adams_H,5005,0.26,Clear_Cr_H,5020,0.05,Snoqualmie_R,5016,0.03,Samish_H,5016,0.02
Area123 (10) troll 132 187,,Samish_H,5016,0.53,George_Adams_H,5005,0.34,Cedar_R_SuFa,5020,0.08,Grovers_Cr_H,5020,0.02,Hamma_Hamma_R,5005,0.01
Area123 (10) troll 132 188,,McKenzie_H,5029,0.78,N_Santiam_H,5029,0.22,,,,,,,,,
Area123 (10) troll 132 189,,Spring_Cr_col,5030,1.00,Elochoman_H,5030,0.00,Abernathy_NFH_F,5008,0.00,Washougal_R_Fa,5008,0.00,Big_Cr_H_Col,5030,0.00
Area123 (10) troll 132 190,,Spring_Cr_col,5030,1.00,Big_Cr_H_Col,5030,0.00,Abernathy_NFH_F,5008,0.00,Washougal_R_Fa,5008,0.00,,,
Area123 (10) troll 132 191,,Priest_Rapid_H,5026,0.62,Nez_PerceT_H,5021,0.14,Umatilla_H_Fa,5026,0.14,Wells_H,5026,0.06,Lyons_Ferry_H,5021,0.02
Area123 (10) troll 132 192,,Spring_Cr_col,5030,1.00,Big_Cr_H_Col,5030,0.00,Elochoman_H,5030,0.00,Abernathy_NFH_F,5008,0.00,,,
Area123 (10) troll 132 193,,Spring_Cr_col,5030,1.00,Big_Cr_H_Col,5030,0.00,Elochoman_H,5030,0.00,,,,,,
Area123 (10) troll 132 194,,Spring_Cr_col,5030,0.75,Big_Cr_H_Col,5030,0.16,Cowlitz_H_fa,5008,0.05,Abernathy_NFH_F,5008,0.04,Elochoman_H,5030,0.00
Area123 (10) troll 132 195,,Spring_Cr_col,5030,0.99,Big_Cr_H_Col,5030,0.01,Elochoman_H,5030,0.00,Abernathy_NFH_F,5008,0.00,Green_R_Fa,5008,0.00
Area123 (10) troll 132 196,,Hanford_Reach,5026,0.74,Wells_H,5026,0.07,Priest_Rapid_H,5026,0.06,Priest_Rapids_H,5026,0.06,Lyons_Ferry_H,5021,0.03
Area123 (10) troll 132 197,,George_Adams_H,5005,0.47,Clear_Cr_H,5020,0.18,Cedar_R_SuFa,5020,0.10,Soos_H,5020,0.09,Hamma_Hamma_R,5005,0.08
Area123 (10) troll 132 198,,Elochoman_H,5030,0.62,Washougal_R_Fa,5008,0.25,Cowlitz_H_fa,5008,0.06,Spring_Cr_col,5030,0.05,Big_Cr_H_Col,5030,0.01
Area123 (10) troll 132 199,,Hanford_Reach,5026,0.25,Soos_H,5020,0.24,Nez_PerceT_H,5021,0.18,Snoqualmie_R,5016,0.17,L_Thompson,5,0.04
Area123 (10) troll 132 200,,Spring_Cr_col,5030,0.95,Big_Cr_H_Col,5030,0.03,Elochoman_H,5030,0.01,Abernathy_NFH_F,5008,0.00,Washougal_R_Fa,5008,0.00
Area123 (10) troll 132 201,,Kaouk_R,8,0.85,San_Juan,8,0.10,Moyeha_R,8,0.03,Burman,8,0.01,Tahsis,8,0.00
Area123 (10) troll 132 202,,Kaouk_R,8,0.96,Moyeha_R,8,0.04,Conuma,8,0.00,Tahsis,8,0.00,Tranquil,8,0.00
Area123 (10) troll 137 203,,Cowlitz_H_fa,5008,0.91,Washougal_R_Fa,5008,0.07,Lewis_R_Su,5008,0.01,Green_R_Fa,5008,0.00,Elochoman_R_Fa,5008,0.00
Area123 (10) troll 137 204,,Spring_Cr_col,5030,0.61,Big_Cr_H_Col,5030,0.39,Green_R_Fa,5008,0.00,Cowlitz_H_fa,5008,0.00,,,
Area123 (10) troll 137 205,,NF_Nooksack_H,5016,1.00,,,,,,,,,,,,
Area123 (10) troll 137 206,,Cedar_R_SuFa,5020,0.54,Clear_Cr_H,5020,0.19,Soos_H,5020,0.09,George_Adams_H,5005,0.06,UW_H_SuFa,5020,0.06
Area123 (10) troll 137 207,,Nez_PerceT_H,5021,0.45,Priest_Rapid_H,5026,0.31,Umatilla_H_Fa,5026,0.15,Lyons_Ferry_H,5021,0.07,Priest_Rapids_H,5026,0.01
Area123 (10) troll 137 208,,Harrison,3,0.95,Chilliwack_F,3,0.05,,,,,,,,,
Area123 (10) troll 137 209,,Harrison,3,0.90,Chilliwack_F,3,0.09,Gold_R,8,0.01,Robertson,8,0.00,NanaimoSu_BackX,7,0.00
Area123 (10) troll 137 210,,Chilliwack_F,3,0.66,Harrison,3,0.24,White_H,5020,0.02,Cedar_R_SuFa,5020,0.01,Hupp_Sp_H,5020,0.01
Area123 (10) troll 137 211,,Chilliwack_F,3,0.99,Harrison,3,0.01,S_Prairie_Cr,5020,0.00,,,,,,
Area123 (10) troll 137 212,,Nez_PerceT_H,5021,0.95,Lyons_Ferry_H,5021,0.04,Priest_Rapid_H,5026,0.00,Hanford_Reach,5026,0.00,L_Wh_Sal_H_SF,5026,0.00
Area123 (10) troll 137 213,,George_Adams_H,5005,0.83,Soos_H,5020,0.10,Snoqualmie_R,5016,0.03,Clear_Cr_H,5020,0.01,Cedar_R_SuFa,5020,0.01
Area123 (10) troll 137 214,,Chilliwack_F,3,0.55,Harrison,3,0.45,Chilliwac@Stav,3,0.00,L_Skagit_R_Fa,5016,0.00,,,
Area123 (10) troll 137 215,,Chilliwack_F,3,0.98,Harrison,3,0.01,Cedar_R_SuFa,5020,0.00,L_Skagit_R_Fa,5016,0.00,Snoqualmie_R,5016,0.00
Area123 (10) troll 137 216,,Hanford_Reach,5026,0.80,Priest_Rapid_H,5026,0.13,Umatilla_H_Fa,5026,0.07,Nez_PerceT_H,5021,0.01,Wells_H,5026,0.00
Area123 (10) troll 137 217,,Chilliwack_F,3,0.55,Harrison,3,0.45,,,,,,,,,
Area123 (10) troll 137 218,Dupe with 219,Chilliwack_F,3,0.48,Harrison,3,0.35,NanaimoSu_BackX,7,0.10,Snoqualmie_R,5016,0.04,George_Adams_H,5005,0.02
Area123 (10) troll 137 219,Dupe with 218,Chilliwack_F,3,0.47,Harrison,3,0.35,NanaimoSu_BackX,7,0.10,Snoqualmie_R,5016,0.04,George_Adams_H,5005,0.03
Area123 (10) troll 137 220,,Harrison,3,0.99,Chilliwack_F,3,0.01,Chilliwac@Stav,3,0.00,,,,,,
Area123 (10) troll 137 221,,Hamma_Hamma_R,5005,0.36,Samish_H,5016,0.27,Clear_Cr_H,5020,0.24,Soos_H,5020,0.05,Cedar_R_SuFa,5020,0.04
Area123 (10) troll 137 222,,Clear_Cr_H,5020,0.75,Soos_H,5020,0.10,S_Prairie_Cr,5020,0.04,Grovers_Cr_H,5020,0.03,George_Adams_H,5005,0.02
Area123 (10) troll 137 223,,Spring_Cr_col,5030,0.97,Washougal_R_Fa,5008,0.01,Cowlitz_H_fa,5008,0.01,Abernathy_NFH_F,5008,0.00,Elochoman_H,5030,0.00
Area123 (10) troll 137 224,,Hamma_Hamma_R,5005,0.28,S_Prairie_Cr,5020,0.27,Soos_H,5020,0.19,Clear_Cr_H,5020,0.16,Cedar_R_SuFa,5020,0.07
Area123 (10) troll 137 225,,Hamma_Hamma_R,5005,0.29,Cedar_R_SuFa,5020,0.21,George_Adams_H,5005,0.15,Clear_Cr_H,5020,0.10,Soos_H,5020,0.09
Area123 (10) troll 137 226,,Samish_H,5016,0.57,George_Adams_H,5005,0.32,Clear_Cr_H,5020,0.05,Hamma_Hamma_R,5005,0.04,Cedar_R_SuFa,5020,0.02
Area123 (10) troll 137 227,,George_Adams_H,5005,0.46,Clear_Cr_H,5020,0.32,Hamma_Hamma_R,5005,0.21,Snoqualmie_R,5016,0.00,Cedar_R_SuFa,5020,0.00
Area123 (10) troll 137 228,,Soos_H,5020,0.24,S_Prairie_Cr,5020,0.17,Snoqualmie_R,5016,0.16,Cedar_R_SuFa,5020,0.11,Samish_H,5016,0.10
Area123 (10) troll 137 229,,Nez_PerceT_H,5021,0.55,Lyons_Ferry_H,5021,0.41,Priest_Rapid_H,5026,0.02,Wells_H,5026,0.01,Umatilla_H,5026,0.00
Area123 (10) troll 137 230,Dupe with 239,Samish_H,5016,0.24,Cedar_R_SuFa,5020,0.18,Soos_H,5020,0.18,Hamma_Hamma_R,5005,0.11,Snoqualmie_R,5016,0.10
Area123 (10) troll 137 231,,Soos_H,5020,0.48,Cedar_R_SuFa,5020,0.16,George_Adams_H,5005,0.10,Grovers_Cr_H,5020,0.09,Clear_Cr_H,5020,0.08
Area123 (10) troll 137 232,,Cedar_R_SuFa,5020,0.73,Clear_Cr_H,5020,0.19,George_Adams_H,5005,0.04,Snoqualmie_R,5016,0.02,Hamma_Hamma_R,5005,0.01
Area123 (10) troll 137 233,,Priest_Rapid_H,5026,0.49,Hanford_Reach,5026,0.19,Wenatchee_R_SF,5026,0.12,Umatilla_H_Fa,5026,0.09,Nez_PerceT_H,5021,0.06
Area123 (10) troll 137 234,,UW_H_SuFa,5020,0.49,Snoqualmie_R,5016,0.14,S_Prairie_Cr,5020,0.10,Hamma_Hamma_R,5005,0.08,Clear_Cr_H,5020,0.07
Area123 (10) troll 137 235,,Cedar_R_SuFa,5020,0.36,Soos_H,5020,0.26,Clear_Cr_H,5020,0.25,Samish_H,5016,0.08,Snoqualmie_R,5016,0.03
Area123 (10) troll 137 236,,Cedar_R_SuFa,5020,0.29,George_Adams_H,5005,0.22,Hamma_Hamma_R,5005,0.15,Clear_Cr_H,5020,0.11,Snoqualmie_R,5016,0.07
Area123 (10) troll 137 237,,Nez_PerceT_H,5021,0.54,Lyons_Ferry_H,5021,0.17,Priest_Rapid_H,5026,0.08,Clear_Cr_H,5020,0.08,Wells_H,5026,0.03
Area123 (10) troll 137 238,,Elochoman_H,5030,0.43,Big_Cr_H_Col,5030,0.39,Spring_Cr_col,5030,0.14,Cowlitz_H_fa,5008,0.02,Lewis_R_Su,5008,0.01
Area123 (10) troll 137 239,Dupe with 230,Samish_H,5016,0.24,Cedar_R_SuFa,5020,0.18,Soos_H,5020,0.18,Hamma_Hamma_R,5005,0.11,Snoqualmie_R,5016,0.11
Area123 (10) troll 137 240,,Spring_Cr_col,5030,0.96,Big_Cr_H_Col,5030,0.02,Elochoman_H,5030,0.02,Abernathy_NFH_F,5008,0.00,,,
Area123 (10) troll 137 241,,Chilliwack_F,3,0.96,Harrison,3,0.04,,,,,,,,,
Area123 (10) troll 137 242,,Chilliwack_F,3,0.98,Harrison,3,0.02,,,,,,,,,
Area123 (10) troll 137 243,,Harrison,3,0.99,S_Prairie_Cr,5020,0.00,Chilliwack_F,3,0.00,Cedar_R_SuFa,5020,0.00,Soos_H,5020,0.00
Area123 (10) troll 137 244,,Chilliwack_F,3,0.92,Harrison,3,0.08,Chilliwac@Stav,3,0.00,,,,,,
Area123 (10) troll 137 245,,Hamma_Hamma_R,5005,0.71,George_Adams_H,5005,0.20,L_Skagit_R_Fa,5016,0.04,Samish_H,5016,0.02,Lyons_Ferry_H,5021,0.01
Area123 (10) troll 137 246,,Nez_PerceT_H,5021,0.45,Lyons_Ferry_H,5021,0.39,Samish_H,5016,0.06,Priest_Rapid_H,5026,0.03,Umatilla_H_Fa,5026,0.03
Area123 (10) troll 137 247,,Harrison,3,1.00,NanaimoSu_BackX,7,0.00,Torpy,1,0.00,Elochoman_R_Fa,5008,0.00,,,
Area123 (10) troll 137 248,,Samish_H,5016,0.56,S_Prairie_Cr,5020,0.20,George_Adams_H,5005,0.16,Soos_H,5020,0.05,Grovers_Cr_H,5020,0.01
Area123 (10) troll 137 249,,Harrison,3,0.54,Cedar_R_SuFa,5020,0.28,Chilliwack_F,3,0.06,Clear_Cr_H,5020,0.04,Soos_H,5020,0.03
Area123 (10) troll 137 250,,Lyons_Ferry_H,5021,0.87,Umatilla_H_Fa,5026,0.10,Hanford_Reach,5026,0.02,Priest_Rapids_H,5026,0.00,Priest_Rapid_H,5026,0.00
Area123 (10) troll 137 251,,Hamma_Hamma_R,5005,0.47,George_Adams_H,5005,0.43,Clear_Cr_H,5020,0.08,NF_Skokomish_F,5005,0.01,Grovers_Cr_H,5020,0.00
Area123 (10) troll 137 252,,Priest_Rapid_H,5026,0.34,Hanford_Reach,5026,0.30,Lyons_Ferry_H,5021,0.24,Nez_PerceT_H,5021,0.05,U_Deschutes_R,5004,0.04
Area123 (10) troll 137 253,,Cedar_R_SuFa,5020,0.40,Nez_PerceT_H,5021,0.28,Lyons_Ferry_H,5021,0.14,Clear_Cr_H,5020,0.05,Priest_Rapid_H,5026,0.03
Area123 (10) troll 137 254,,Spring_Cr_col,5030,0.90,Big_Cr_H_Col,5030,0.06,Cowlitz_H_fa,5008,0.03,Abernathy_NFH_F,5008,0.00,Elochoman_H,5030,0.00
Area123 (10) troll 137 255,,Clear_Cr_H,5020,0.62,Hamma_Hamma_R,5005,0.13,George_Adams_H,5005,0.08,Cedar_R_SuFa,5020,0.05,Grovers_Cr_H,5020,0.04
Area123 (10) troll 137 256,,Soos_H,5020,0.38,Samish_H,5016,0.27,Hamma_Hamma_R,5005,0.12,Cedar_R_SuFa,5020,0.10,George_Adams_H,5005,0.08
Area123 (10) troll 137 257,,Cedar_R_SuFa,5020,0.64,Hamma_Hamma_R,5005,0.20,Samish_H,5016,0.06,Clear_Cr_H,5020,0.04,Soos_H,5020,0.02
Area123 (10) troll 137 258,,Hanford_Reach,5026,0.82,Nez_PerceT_H,5021,0.08,Umatilla_H_Fa,5026,0.08,Priest_Rapid_H,5026,0.01,Wenatchee_R_SF,5026,0.00
Area123 (10) troll 137 259,,Chilliwack_F,3,0.70,Harrison,3,0.30,Samish_H,5016,0.00,,,,,,
Area123 (10) troll 137 260,,Chilliwack_F,3,0.99,Harrison,3,0.01,Priest_Rapid_H,5026,0.00,Hanford_Reach,5026,0.00,Nez_PerceT_H,5021,0.00
Area123 (10) troll 137 261,,Chilliwack_F,3,0.96,Harrison,3,0.03,U_Sauk_R_SpSu,5016,0.00,NanaimoSu_BackX,7,0.00,Kitsumkalum_R,23,0.00
Area123 (10) troll 137 262,,Little_R,5,0.52,South_Thom,5,0.38,Priest_Rapid_H,5026,0.04,Umatilla_H_Fa,5026,0.02,Hanford_Reach,5026,0.02
Area123 (10) troll 137 263,,Harrison,3,0.90,Chilliwack_F,3,0.09,Chilliwac@Stav,3,0.00,Soos_H,5020,0.00,Grovers_Cr_H,5020,0.00
Area123 (10) troll 137 264,,U_Deschutes_R,5004,0.67,Lyons_Ferry_H,5021,0.30,Nez_PerceT_H,5021,0.02,Hanford_Reach,5026,0.01,Priest_Rapids_H,5026,0.00
Area123 (10) troll 137 265,,Harrison,3,0.63,Chilliwack_F,3,0.21,Umpqua_H,5011,0.03,NanaimoSu_BackX,7,0.02,U_Sauk_R_SpSu,5016,0.02
Area123 (10) troll 138 266,,Cowlitz_H_fa,5008,0.26,Spring_Cr_col,5030,0.13,Elochoman_R_Fa,5008,0.11,Green_R_Fa,5008,0.11,Washougal_R_Fa,5008,0.10
Area123 (10) troll 138 267,,Soos_H,5020,0.66,Cedar_R_SuFa,5020,0.19,Clear_Cr_H,5020,0.07,S_Prairie_Cr,5020,0.06,Hamma_Hamma_R,5005,0.02
Area123 (10) troll 138 268,,Cedar_R_SuFa,5020,0.41,Hamma_Hamma_R,5005,0.16,Samish_H,5016,0.13,Clear_Cr_H,5020,0.10,Soos_H,5020,0.09
Area123 (10) troll 138 269,,Samish_H,5016,0.35,Cedar_R_SuFa,5020,0.23,Soos_H,5020,0.18,S_Prairie_Cr,5020,0.18,Clear_Cr_H,5020,0.04
Area123 (10) troll 138 270,,Spring_Cr_col,5030,0.98,Big_Cr_H_Col,5030,0.02,Abernathy_NFH_F,5008,0.00,Cowlitz_H_fa,5008,0.00,,,
Area123 (10) troll 138 271,,Spring_Cr_col,5030,0.67,Big_Cr_H_Col,5030,0.32,Abernathy_NFH_F,5008,0.00,Elochoman_H,5030,0.00,Cowlitz_H_fa,5008,0.00
Area123 (10) troll 138 272,,Priest_Rapid_H,5026,0.35,Umatilla_H_Fa,5026,0.32,Hanford_Reach,5026,0.18,Nez_PerceT_H,5021,0.12,L_Wh_Sal_H_SF,5026,0.01
Area123 (10) troll 138 273,,Harrison,3,0.94,Chilliwack_F,3,0.06,Chilliwac@Stav,3,0.00,Snoqualmie_R,5016,0.00,,,
Area123 (10) troll 138 274,,Cowlitz_H_fa,5008,1.00,Lewis_R_Su,5008,0.00,Washougal_R_Fa,5008,0.00,Elochoman_H,5030,0.00,Cowlitz_H_sp,5009,0.00
Area123 (10) troll 138 275,,Harrison,3,0.85,Chilliwack_F,3,0.13,Spring_Cr_col,5030,0.01,Cedar_R_SuFa,5020,0.00,Hamma_Hamma_R,5005,0.00
Area123 (10) troll 138 276,,George_Adams_H,5005,0.77,Hamma_Hamma_R,5005,0.14,Cedar_R_SuFa,5020,0.06,Clear_Cr_H,5020,0.03,NF_Skokomish_F,5005,0.00
Area123 (10) troll 138 277,,George_Adams_H,5005,0.88,NF_Skokomish_F,5005,0.07,Hamma_Hamma_R,5005,0.03,Clear_Cr_H,5020,0.01,Cedar_R_SuFa,5020,0.01
Area123 (10) troll 138 278,,Lewis_R_LSu,5008,0.62,Lewis_R_Su,5008,0.26,Hanford_Reach,5026,0.03,Washougal_R_Fa,5008,0.03,Lyons_Ferry_H,5021,0.02
Area123 (10) troll 138 279,,NF_Nooksack_H,5016,1.00,,,,,,,,,,,,
Area123 (10) troll 138 280,,Grovers_Cr_H,5020,0.75,Cedar_R_SuFa,5020,0.13,Soos_H,5020,0.08,Hamma_Hamma_R,5005,0.03,UW_H_SuFa,5020,0.01
Area123 (10) troll 138 281,,Nez_PerceT_H,5021,0.50,U_Sauk_R_SpSu,5016,0.19,Lyons_Ferry_H,5021,0.11,Priest_Rapid_H,5026,0.05,U_Deschutes_R,5004,0.04
Area123 (10) troll 138 282,,Clear_Cr_H,5020,0.47,Cedar_R_SuFa,5020,0.24,George_Adams_H,5005,0.12,Grovers_Cr_H,5020,0.11,NF_Skokomish_F,5005,0.03
Area123 (10) troll 138 283,,Spring_Cr_col,5030,0.96,Big_Cr_H_Col,5030,0.03,Elochoman_H,5030,0.01,Abernathy_NFH_F,5008,0.00,,,
Area123 (10) troll 138 284,,Clear_Cr_H,5020,0.51,George_Adams_H,5005,0.17,Cedar_R_SuFa,5020,0.13,Hamma_Hamma_R,5005,0.09,Snoqualmie_R,5016,0.05
Area123 (10) troll 138 285,,Spring_Cr_col,5030,0.47,Big_Cr_H_Col,5030,0.45,Washougal_R_Fa,5008,0.04,Elochoman_H,5030,0.04,Cowlitz_H_fa,5008,0.01
Area123 (10) troll 138 286,,Priest_Rapid_H,5026,0.76,Hanford_Reach,5026,0.07,Wells_H,5026,0.06,Lyons_Ferry_H,5021,0.06,Umatilla_H_Fa,5026,0.03
Area123 (10) troll 138 287,,Harrison,3,0.53,Chilliwack_F,3,0.38,NF_Nooksack_H,5016,0.04,Lewis_R_Su,5008,0.02,Washougal_R_Fa,5008,0.01
Area123 (10) troll 138 288,,Nez_PerceT_H,5021,0.62,Lyons_Ferry_H,5021,0.33,Priest_Rapid_H,5026,0.02,Hanford_Reach,5026,0.02,Umatilla_H_Fa,5026,0.00
Area123 (10) troll 138 289,,Hanford_Reach,5026,0.65,Nez_PerceT_H,5021,0.14,Umatilla_H_Fa,5026,0.09,Lyons_Ferry_H,5021,0.05,Priest_Rapid_H,5026,0.03
Area123 (10) troll 138 290,,Cowlitz_H_fa,5008,0.76,Lewis_R_Su,5008,0.21,Washougal_R_Fa,5008,0.02,Cowlitz_H_sp,5009,0.01,Lewis_R_LSu,5008,0.00
Area123 (10) troll 138 291,,Priest_Rapid_H,5026,0.26,Lewis_R_Su,5008,0.17,Cowlitz_H_fa,5008,0.16,Hanford_Reach,5026,0.14,Umatilla_H_Fa,5026,0.13
Area123 (10) troll 138 292,,George_Adams_H,5005,0.81,Hamma_Hamma_R,5005,0.06,Clear_Cr_H,5020,0.05,NF_Skokomish_F,5005,0.03,Samish_H,5016,0.02
Area123 (10) troll 138 293,,Soos_H,5020,0.77,Cedar_R_SuFa,5020,0.18,George_Adams_H,5005,0.02,Hamma_Hamma_R,5005,0.01,UW_H_SuFa,5020,0.01
Area123 (10) troll 138 294,,Feather_H_fa,5001,1.00,Deer_Cr_sp,5002,0.00,Stanislaus_R,5001,0.00,,,,,,
Area123 (10) troll 138 295,,Spring_Cr_col,5030,0.98,Big_Cr_H_Col,5030,0.01,Abernathy_NFH_F,5008,0.01,Green_R_Fa,5008,0.00,Cowlitz_H_fa,5008,0.00
Area123 (10) troll 138 296,,Spring_Cr_col,5030,0.99,Big_Cr_H_Col,5030,0.01,Elochoman_H,5030,0.00,Washougal_R_Fa,5008,0.00,Abernathy_NFH_F,5008,0.00
Area123 (10) troll 138 297,,Clear_Cr_H,5020,0.46,Grovers_Cr_H,5020,0.44,Hamma_Hamma_R,5005,0.05,George_Adams_H,5005,0.05,Soos_H,5020,0.00
Area123 (10) troll 138 298,,Cowlitz_H_fa,5008,0.68,Cowlitz_H_sp,5009,0.22,Green_R_Fa,5008,0.07,Spring_Cr_col,5030,0.01,Elochoman_H,5030,0.01
Area123 (10) troll 138 299,,Priest_Rapid_H,5026,0.47,Nez_PerceT_H,5021,0.41,Lyons_Ferry_H,5021,0.10,Wells_H,5026,0.01,L_Deschutes_R,5004,0.00
Area123 (10) troll 138 300,,Chilliwack_F,3,0.69,Harrison,3,0.31,Chilliwac@Stav,3,0.00,,,,,,
Area123 (10) troll 138 301,,Samish_H,5016,0.68,Clear_Cr_H,5020,0.14,Soos_H,5020,0.12,George_Adams_H,5005,0.03,S_Prairie_Cr,5020,0.02
Area123 (10) troll 138 302,,Harrison,3,0.79,Chilliwack_F,3,0.21,,,,,,,,,
Area123 (10) troll 138 303,,Umatilla_H_Fa,5026,0.47,Lyons_Ferry_H,5021,0.22,Nez_PerceT_H,5021,0.13,Hanford_Reach,5026,0.05,Spring_Cr_col,5030,0.03
Area123 (10) troll 138 304,,Chilliwack_F,3,0.94,Harrison,3,0.05,Cowlitz_H_fa,5008,0.00,Lyons_Ferry_H,5021,0.00,Priest_Rapid_H,5026,0.00
Area123 (10) troll 138 305,,Harrison,3,0.88,Chilliwack_F,3,0.12,,,,,,,,,
Area123 (10) troll 138 306,,George_Adams_H,5005,0.29,Samish_H,5016,0.25,Grovers_Cr_H,5020,0.22,Cedar_R_SuFa,5020,0.09,S_Prairie_Cr,5020,0.05
Area123 (10) troll 138 307,,Harrison,3,0.73,Chilliwack_F,3,0.24,Cedar_R_SuFa,5020,0.02,George_Adams_H,5005,0.00,Samish_H,5016,0.00
Area123 (10) troll 138 308,,Wells_H,5026,0.28,Wenatchee_R_SF,5026,0.24,Hanford_Reach,5026,0.24,Priest_Rapid_H,5026,0.23,Lyons_Ferry_H,5021,0.01
Area123 (10) troll 138 309,,Kaouk_R,8,0.94,Moyeha_R,8,0.04,Conuma,8,0.01,Burman,8,0.00,Tahsis,8,0.00
Area123 (10) troll 138 310,,George_Adams_H,5005,0.70,Hamma_Hamma_R,5005,0.17,Clear_Cr_H,5020,0.06,Samish_H,5016,0.03,Cedar_R_SuFa,5020,0.02
Area123 (10) troll 138 311,,Hamma_Hamma_R,5005,0.77,Samish_H,5016,0.10,S_Prairie_Cr,5020,0.06,Soos_H,5020,0.04,George_Adams_H,5005,0.02
Area123 (10) troll 138 312,,Hanford_Reach,5026,0.62,Lyons_Ferry_H,5021,0.20,Priest_Rapids_H,5026,0.17,Umatilla_H_Fa,5026,0.01,Priest_Rapid_H,5026,0.00
Area123 (10) troll 138 313,,Spring_Cr_col,5030,0.92,Elochoman_H,5030,0.05,Big_Cr_H_Col,5030,0.02,Abernathy_NFH_F,5008,0.01,Green_R_Fa,5008,0.00
Area123 (10) troll 138 314,,Cowlitz_H_fa,5008,0.73,Green_R_Fa,5008,0.10,Washougal_R_Fa,5008,0.07,Lewis_R_LSu,5008,0.04,Elochoman_R_Fa,5008,0.03
Area123 (10) troll 138 315,,Hamma_Hamma_R,5005,0.62,Cedar_R_SuFa,5020,0.24,Samish_H,5016,0.05,George_Adams_H,5005,0.03,Soos_H,5020,0.02
Area123 (10) troll 138 316,,S_Prairie_Cr,5020,0.28,Grovers_Cr_H,5020,0.22,Cedar_R_SuFa,5020,0.15,UW_H_SuFa,5020,0.09,Samish_H,5016,0.08
Area123 (10) troll 138 317,,Cedar_R_SuFa,5020,0.35,George_Adams_H,5005,0.19,Hamma_Hamma_R,5005,0.14,Samish_H,5016,0.12,Grovers_Cr_H,5020,0.07
Area123 (10) troll 138 318,,Spring_Cr_col,5030,0.99,Elochoman_H,5030,0.00,Lyons_Ferry_H,5021,0.00,Big_Cr_H_Col,5030,0.00,Hanford_Reach,5026,0.00
Area123 (10) troll 138 319,,Clear_Cr_H,5020,0.97,George_Adams_H,5005,0.02,Hamma_Hamma_R,5005,0.01,Soos_H,5020,0.00,Grovers_Cr_H,5020,0.00
Area123 (10) troll 138 320,,Hanford_Reach,5026,0.53,Wenatchee_R_SF,5026,0.24,Priest_Rapid_H,5026,0.12,Umatilla_H_Fa,5026,0.04,Priest_Rapids_H,5026,0.04
Area123 (10) troll 138 321,,Chilliwack_F,3,0.80,Harrison,3,0.20,,,,,,,,,
Area123 (10) troll 138 322,,George_Adams_H,5005,0.43,Samish_H,5016,0.20,Hamma_Hamma_R,5005,0.15,Soos_H,5020,0.09,Cedar_R_SuFa,5020,0.06
Area123 (10) troll 138 323,,George_Adams_H,5005,0.64,S_Prairie_Cr,5020,0.21,Hamma_Hamma_R,5005,0.05,Clear_Cr_H,5020,0.04,Cedar_R_SuFa,5020,0.02
Area123 (10) troll 138 324,,Samish_H,5016,0.46,Cedar_R_SuFa,5020,0.37,Grovers_Cr_H,5020,0.11,Soos_H,5020,0.02,George_Adams_H,5005,0.02
Area123 (10) troll 138 325,,Spring_Cr_col,5030,0.97,Big_Cr_H_Col,5030,0.03,Cowlitz_H_fa,5008,0.00,,,,,,
Area123 (10) troll 138 326,,Spring_Cr_col,5030,1.00,Cowlitz_H_fa,5008,0.00,,,,,,,,,
Area123 (10) troll 138 327,,Lewis_R_Su,5008,0.53,Cowlitz_H_fa,5008,0.33,Priest_Rapid_H,5026,0.03,Hanford_Reach,5026,0.03,S_Umpqua_H,5011,0.02
Area123 (10) troll 138 328,,Lyons_Ferry_H,5021,0.96,Nez_PerceT_H,5021,0.01,U_Deschutes_R,5004,0.01,Hanford_Reach,5026,0.01,U_Sauk_R_SpSu,5016,0.00
Area123 (10) troll 138 329,,Spring_Cr_col,5030,0.56,Elochoman_H,5030,0.26,Big_Cr_H_Col,5030,0.18,Abernathy_NFH_F,5008,0.00,Green_R_Fa,5008,0.00
Area123 (10) troll 138 330,,Clear_Cr_H,5020,0.22,Cedar_R_SuFa,5020,0.15,Snoqualmie_R,5016,0.14,George_Adams_H,5005,0.11,Samish_H,5016,0.10
Area123 (10) troll 138 331,,Harrison,3,0.98,Hanford_Reach,5026,0.00,Umatilla_H_Fa,5026,0.00,Chilliwack_F,3,0.00,Priest_Rapids_H,5026,0.00
Area123 (10) troll 138 332,,Chilliwack_F,3,0.99,Harrison,3,0.01,,,,,,,,,
Area123 (10) troll 139 333,,Soos_H,5020,0.35,George_Adams_H,5005,0.28,S_Prairie_Cr,5020,0.20,Clear_Cr_H,5020,0.09,Cedar_R_SuFa,5020,0.04
Area123 (10) troll 139 334,,Applegate_Cr,5019,0.92,Umpqua_H,5011,0.05,Elk_H,5011,0.01,Sixes_R,5011,0.01,Columbia_Rogue,5019,0.00
Area123 (10) troll 139 335,,Harrison,3,0.96,Snoqualmie_R,5016,0.02,Chilliwack_F,3,0.02,South_Thom,5,0.00,Umpqua_H,5011,0.00
Area123 (10) troll 139 336,,Chilliwack_F,3,0.99,Harrison,3,0.01,,,,,,,,,
Area123 (10) troll 139 337,,Chilliwack_F,3,0.50,Harrison,3,0.30,George_Adams_H,5005,0.04,Samish_H,5016,0.03,S_Prairie_Cr,5020,0.03
Area123 (10) troll 139 338,,Lyons_Ferry_H,5021,0.98,Nez_PerceT_H,5021,0.02,L_Wh_Sal_H_SF,5026,0.00,U_Sauk_R_SpSu,5016,0.00,Snoqualmie_R,5016,0.00
Area123 (10) troll 139 339,,Cowlitz_H_fa,5008,0.87,Wells_H,5026,0.05,Wenatchee_R_SF,5026,0.03,Priest_Rapid_H,5026,0.03,Applegate_Cr,5019,0.01
Area123 (10) troll 139 340,,Chilliwack_F,3,1.00,,,,,,,,,,,,
Area123 (10) troll 139 341,,Harrison,3,0.66,George_Adams_H,5005,0.10,Hamma_Hamma_R,5005,0.05,South_Thom,5,0.04,Umpqua_H,5011,0.03
Area123 (10) troll 139 342,,Elk_H,5011,0.82,Sixes_R,5011,0.17,Applegate_Cr,5019,0.01,Skagit_R,5016,0.00,Snoqualmie_R,5016,0.00
Area123 (10) troll 139 343,,Clear_Cr_H,5020,0.41,S_Prairie_Cr,5020,0.24,Samish_H,5016,0.18,Hamma_Hamma_R,5005,0.08,Soos_H,5020,0.06
Area123 (10) troll 139 344,,Spring_Cr_col,5030,0.99,Abernathy_NFH_F,5008,0.00,Elochoman_H,5030,0.00,Elochoman_R_Fa,5008,0.00,,,
Area123 (10) troll 139 345,,Spring_Cr_col,5030,1.00,Big_Cr_H_Col,5030,0.00,,,,,,,,,
Area123 (10) troll 139 346,,Spring_Cr_col,5030,1.00,Elochoman_H,5030,0.00,Big_Cr_H_Col,5030,0.00,Elochoman_R_Fa,5008,0.00,Abernathy_NFH_F,5008,0.00
Area123 (10) troll 139 347,,Spring_Cr_col,5030,0.74,Big_Cr_H_Col,5030,0.24,Elochoman_H,5030,0.01,Washougal_R_Fa,5008,0.01,Cowlitz_H_fa,5008,0.00
Area123 (10) troll 139 348,,L_Qualicum,7,0.48,Snoqualmie_R,5016,0.18,Cedar_R_SuFa,5020,0.14,S_Prairie_Cr,5020,0.07,L_Skagit_R_Fa,5016,0.05
Area123 (10) troll 139 349,,Harrison,3,0.60,Chilliwack_F,3,0.40,,,,,,,,,
Area123 (10) troll 139 350,,Lyons_Ferry_H,5021,0.63,Hanford_Reach,5026,0.27,Nez_PerceT_H,5021,0.06,Priest_Rapid_H,5026,0.02,Wells_H,5026,0.01
Area123 (10) troll 139 351,,Soos_H,5020,0.79,George_Adams_H,5005,0.10,Clear_Cr_H,5020,0.06,Cedar_R_SuFa,5020,0.03,Hamma_Hamma_R,5005,0.01
Area123 (10) troll 139 352,,Cedar_R_SuFa,5020,0.87,Clear_Cr_H,5020,0.06,Hamma_Hamma_R,5005,0.04,George_Adams_H,5005,0.01,Soos_H,5020,0.01
Area123 (10) troll 139 353,,Spring_Cr_col,5030,0.62,Elochoman_H,5030,0.22,Cowlitz_H_fa,5008,0.11,Green_R_Fa,5008,0.02,Abernathy_NFH_F,5008,0.02
Area123 (10) troll 139 354,,Priest_Rapid_H,5026,0.36,Priest_Rapids_H,5026,0.31,Hanford_Reach,5026,0.24,Wells_H,5026,0.08,Lyons_Ferry_H,5021,0.01
Area123 (10) troll 139 355,,Elochoman_H,5030,0.46,Big_Cr_H_Col,5030,0.41,Green_R_Fa,5008,0.09,Spring_Cr_col,5030,0.02,Washougal_R_Fa,5008,0.01
Area123 (10) troll 139 356,,Priest_Rapid_H,5026,0.55,Wells_H,5026,0.18,Wenatchee_R_SF,5026,0.13,Hanford_Reach,5026,0.07,Methow_R,5026,0.05
Area123 (10) troll 143 357,,Clear_Cr_H,5020,0.87,Soos_H,5020,0.08,Snoqualmie_R,5016,0.01,Cedar_R_SuFa,5020,0.01,Voights_H,5020,0.01
Area123 (10) troll 143 358,,Nez_PerceT_H,5021,0.87,Lyons_Ferry_H,5021,0.10,Hanford_Reach,5026,0.02,Priest_Rapids_H,5026,0.00,Washougal_R_Fa,5008,0.00
Area123 (10) troll 143 359,,Cedar_R_SuFa,5020,0.38,Grovers_Cr_H,5020,0.26,Clear_Cr_H,5020,0.22,S_Prairie_Cr,5020,0.10,Soos_H,5020,0.01
Area123 (10) troll 143 360,,NF_Nooksack_H,5016,0.98,Harrison,3,0.01,U_Sauk_R_SpSu,5016,0.00,Samish_H,5016,0.00,Soos_H,5020,0.00
Area123 (10) troll 143 361,,Umatilla_H_Fa,5026,0.62,Priest_Rapid_H,5026,0.16,Lyons_Ferry_H,5021,0.12,Hanford_Reach,5026,0.08,Wells_H,5026,0.01
Area123 (10) troll 143 362,,Spring_Cr_col,5030,0.98,Big_Cr_H_Col,5030,0.02,Elochoman_H,5030,0.00,,,,,,
Area123 (10) troll 143 363,,Washougal_R_Fa,5008,0.55,Elochoman_H,5030,0.20,Green_R_Fa,5008,0.17,Cowlitz_H_fa,5008,0.07,Kaouk_R,8,0.00
Area123 (10) troll 143 364,,Spring_Cr_col,5030,1.00,,,,,,,,,,,,
Area123 (10) troll 143 365,,Spring_Cr_col,5030,0.82,Big_Cr_H_Col,5030,0.17,Elochoman_H,5030,0.01,Abernathy_NFH_F,5008,0.00,Washougal_R_Fa,5008,0.00
Area123 (10) troll 143 366,,Samish_H,5016,0.81,Cedar_R_SuFa,5020,0.18,George_Adams_H,5005,0.00,Soos_H,5020,0.00,S_Prairie_Cr,5020,0.00
Area123 (10) troll 143 367,,L_Qualicum,7,0.33,Cedar_R_SuFa,5020,0.22,U_Sauk_R_SpSu,5016,0.18,George_Adams_H,5005,0.04,Clear_Cr_H,5020,0.04
Area123 (10) troll 143 368,,Clear_Cr_H,5020,0.27,UW_H_SuFa,5020,0.26,George_Adams_H,5005,0.18,Soos_H,5020,0.13,Grovers_Cr_H,5020,0.11
Area123 (10) troll 143 369,,Spring_Cr_col,5030,0.85,Big_Cr_H_Col,5030,0.10,Cowlitz_H_fa,5008,0.02,Elochoman_H,5030,0.02,Washougal_R_Fa,5008,0.01
Area123 (10) troll 143 370,,Chilliwack_F,3,0.78,Harrison,3,0.17,South_Thom,5,0.01,L_Qualicum,7,0.01,Cowlitz_H_fa,5008,0.01
Area123 (10) troll 143 371,,Spring_Cr_col,5030,0.99,Big_Cr_H_Col,5030,0.00,Abernathy_NFH_F,5008,0.00,Elochoman_H,5030,0.00,Elochoman_R_Fa,5008,0.00
Area123 (10) troll 143 372,,Harrison,3,0.84,Cedar_R_SuFa,5020,0.12,Hamma_Hamma_R,5005,0.01,U_Sauk_R_SpSu,5016,0.01,Clear_Cr_H,5020,0.01
Area123 (10) troll 143 373,,Hanford_Reach,5026,0.40,Priest_Rapid_H,5026,0.32,Wells_H,5026,0.14,Priest_Rapids_H,5026,0.10,Wenatchee_R_SF,5026,0.03
Area123 (10) troll 143 374,,Samish_H,5016,0.71,George_Adams_H,5005,0.23,Cedar_R_SuFa,5020,0.05,Hamma_Hamma_R,5005,0.00,Clear_Cr_H,5020,0.00
Area123 (10) troll 143 375,,Lyons_Ferry_H,5021,0.63,Nez_PerceT_H,5021,0.32,Hanford_Reach,5026,0.05,L_Wh_Sal_H_SF,5026,0.01,Umatilla_H_Fa,5026,0.00
Area123 (10) troll 143 376,,Priest_Rapid_H,5026,0.95,Umatilla_H_Fa,5026,0.02,Nez_PerceT_H,5021,0.02,Hanford_Reach,5026,0.01,Priest_Rapids_H,5026,0.00
Area123 (10) troll 143 377,,Spring_Cr_col,5030,0.75,Elochoman_H,5030,0.11,Elochoman_R_Fa,5008,0.04,Big_Cr_H_Col,5030,0.03,Abernathy_NFH_F,5008,0.02
Area123 (10) troll 143 378,,George_Adams_H,5005,0.54,Hamma_Hamma_R,5005,0.33,Clear_Cr_H,5020,0.04,Samish_H,5016,0.02,NF_Skokomish_F,5005,0.02
Area123 (10) troll 143 379,,George_Adams_H,5005,0.42,Hamma_Hamma_R,5005,0.16,Grovers_Cr_H,5020,0.08,Cedar_R_SuFa,5020,0.07,S_Prairie_Cr,5020,0.07
Area123 (10) troll 143 380,,Clear_Cr_H,5020,0.31,George_Adams_H,5005,0.26,Hamma_Hamma_R,5005,0.14,Cedar_R_SuFa,5020,0.11,Snoqualmie_R,5016,0.07
Area123 (10) troll 143 381,,Hanford_Reach,5026,0.77,Priest_Rapids_H,5026,0.14,Priest_Rapid_H,5026,0.05,Umatilla_H_Fa,5026,0.03,Methow_R,5026,0.00
Area123 (10) troll 143 382,,Samish_H,5016,0.26,Soos_H,5020,0.20,George_Adams_H,5005,0.18,Hamma_Hamma_R,5005,0.14,Clear_Cr_H,5020,0.11
Area123 (10) troll 143 383,,Umatilla_H_Fa,5026,0.33,Hanford_Reach,5026,0.22,Priest_Rapid_H,5026,0.21,Nez_PerceT_H,5021,0.11,Priest_Rapids_H,5026,0.06
Area123 (10) troll 143 384,,Hamma_Hamma_R,5005,0.43,George_Adams_H,5005,0.35,Snoqualmie_R,5016,0.08,Samish_H,5016,0.05,NF_Skokomish_F,5005,0.04
Area123 (10) troll 143 385,,Spring_Cr_col,5030,0.96,Big_Cr_H_Col,5030,0.04,Elochoman_H,5030,0.00,Abernathy_NFH_F,5008,0.00,Washougal_R_Fa,5008,0.00
Area123 (10) troll 143 386,,George_Adams_H,5005,0.48,Hamma_Hamma_R,5005,0.40,Grovers_Cr_H,5020,0.06,Clear_Cr_H,5020,0.04,NF_Skokomish_F,5005,0.01
Area123 (10) troll 143 387,,Nez_PerceT_H,5021,0.72,Lyons_Ferry_H,5021,0.19,Hanford_Reach,5026,0.06,Priest_Rapid_H,5026,0.02,Priest_Rapids_H,5026,0.00
Area123 (10) troll 143 388,,Hanford_Reach,5026,0.28,U_Deschutes_R,5004,0.24,Priest_Rapid_H,5026,0.23,Umatilla_H_Fa,5026,0.08,Chilliwack_F,3,0.04
Area123 (10) troll 143 389,,Priest_Rapid_H,5026,0.51,Hanford_Reach,5026,0.26,Umatilla_H_Fa,5026,0.12,Nez_PerceT_H,5021,0.07,Wells_H,5026,0.03
Area123 (10) troll 143 390,,Spring_Cr_col,5030,0.96,Big_Cr_H_Col,5030,0.03,Elochoman_H,5030,0.01,Green_R_Fa,5008,0.00,Abernathy_NFH_F,5008,0.00
Area123 (10) troll 143 391,,Lyons_Ferry_H,5021,0.51,Nez_PerceT_H,5021,0.48,Hanford_Reach,5026,0.01,Umatilla_H_Fa,5026,0.00,Priest_Rapid_H,5026,0.00
Area123 (10) troll 143 392,,Spring_Cr_col,5030,0.88,Cowlitz_H_fa,5008,0.05,Elochoman_H,5030,0.04,Green_R_Fa,5008,0.02,Washougal_R_Fa,5008,0.01
Area123 (10) troll 143 393,,Priest_Rapid_H,5026,0.34,Nez_PerceT_H,5021,0.30,Lyons_Ferry_H,5021,0.15,Priest_Rapids_H,5026,0.09,Hanford_Reach,5026,0.06
Area123 (10) troll 143 394,,Spring_Cr_col,5030,1.00,Elochoman_H,5030,0.00,Abernathy_NFH_F,5008,0.00,,,,,,
Area123 (10) troll 143 395,,Spring_Cr_col,5030,0.95,Big_Cr_H_Col,5030,0.04,Elochoman_H,5030,0.01,Green_R_Fa,5008,0.00,Lyons_Ferry_H,5021,0.00
Area123 (10) troll 143 396,,Soos_H,5020,0.38,Clear_Cr_H,5020,0.29,Samish_H,5016,0.11,Cedar_R_SuFa,5020,0.08,S_Prairie_Cr,5020,0.05
Area123 (10) troll 143 397,,Hamma_Hamma_R,5005,0.75,George_Adams_H,5005,0.16,Clear_Cr_H,5020,0.03,Cedar_R_SuFa,5020,0.02,NF_Skokomish_F,5005,0.01
Area123 (10) troll 143 398,,Nez_PerceT_H,5021,0.88,Lyons_Ferry_H,5021,0.08,Priest_Rapids_H,5026,0.02,Priest_Rapid_H,5026,0.01,L_Deschutes_R,5004,0.01
Area123 (10) troll 143 399,,Spring_Cr_col,5030,0.93,Cowlitz_H_fa,5008,0.04,Elochoman_H,5030,0.01,Lewis_R_Su,5008,0.00,Washougal_R_Fa,5008,0.00
Area123 (10) troll 143 400,,Spring_Cr_col,5030,0.42,Elochoman_H,5030,0.17,Big_Cr_H_Col,5030,0.11,Green_R_Fa,5008,0.10,Elochoman_R_Fa,5008,0.09
Area123 (10) troll 154 468,,Soos_H,5020,0.80,George_Adams_H,5005,0.14,Voights_H,5020,0.02,Clear_Cr_H,5020,0.02,S_Prairie_Cr,5020,0.01
Area123 (10) troll 154 469,,Priest_Rapid_H,5026,0.56,Umatilla_H_Fa,5026,0.18,Hanford_Reach,5026,0.16,Nez_PerceT_H,5021,0.03,Lyons_Ferry_H,5021,0.03
Area123 (10) troll 154 470,,Spring_Cr_col,5030,0.97,Big_Cr_H_Col,5030,0.01,Elochoman_H,5030,0.01,Abernathy_NFH_F,5008,0.01,Washougal_R_Fa,5008,0.00
Area123 (10) troll 154 471,,Spring_Cr_col,5030,0.50,Elochoman_H,5030,0.29,Big_Cr_H_Col,5030,0.18,Abernathy_NFH_F,5008,0.03,Cowlitz_H_fa,5008,0.00
Area123 (10) troll 154 472,,Spring_Cr_col,5030,0.98,Cowlitz_H_fa,5008,0.01,Big_Cr_H_Col,5030,0.00,Washougal_R_Fa,5008,0.00,Elochoman_H,5030,0.00
Area123 (10) troll 154 473,,Spring_Cr_col,5030,0.77,Big_Cr_H_Col,5030,0.20,Elochoman_H,5030,0.03,Abernathy_NFH_F,5008,0.00,Cowlitz_H_fa,5008,0.00
Area123 (10) troll 154 474,,Spring_Cr_col,5030,0.81,Big_Cr_H_Col,5030,0.12,Elochoman_H,5030,0.04,Abernathy_NFH_F,5008,0.03,Elochoman_R_Fa,5008,0.00
Area123 (10) troll 154 475,,Cedar_R_SuFa,5020,0.48,Soos_H,5020,0.29,Clear_Cr_H,5020,0.16,Hamma_Hamma_R,5005,0.03,S_Prairie_Cr,5020,0.02
Area123 (10) troll 154 476,,Samish_H,5016,0.43,George_Adams_H,5005,0.38,Cedar_R_SuFa,5020,0.14,S_Prairie_Cr,5020,0.04,NF_Skokomish_F,5005,0.01
Area123 (10) troll 154 477,,Clear_Cr_H,5020,0.25,Hanford_Reach,5026,0.19,Soos_H,5020,0.15,Cedar_R_SuFa,5020,0.07,Nez_PerceT_H,5021,0.06
Area123 (10) troll 154 478,,Soos_H,5020,0.37,Hamma_Hamma_R,5005,0.26,Cedar_R_SuFa,5020,0.19,Clear_Cr_H,5020,0.14,Snoqualmie_R,5016,0.01
Area123 (10) troll 154 479,,Lyons_Ferry_H,5021,0.53,Nez_PerceT_H,5021,0.30,Umatilla_H_Fa,5026,0.11,U_Deschutes_R,5004,0.04,Applegate_Cr,5019,0.01
Area123 (10) troll 154 480,,Clear_Cr_H,5020,0.33,Samish_H,5016,0.28,Cedar_R_SuFa,5020,0.13,Soos_H,5020,0.07,Hamma_Hamma_R,5005,0.05
Area123 (10) troll 154 481,,Priest_Rapid_H,5026,0.68,Umatilla_H_Fa,5026,0.19,Hanford_Reach,5026,0.07,Lyons_Ferry_H,5021,0.04,Wells_H,5026,0.02
Area123 (10) troll 154 482,,Cowlitz_H_fa,5008,0.57,Priest_Rapid_H,5026,0.29,Elochoman_R_Fa,5008,0.06,Nez_PerceT_H,5021,0.03,Lyons_Ferry_H,5021,0.02
Area123 (10) troll 154 483,,Hamma_Hamma_R,5005,0.54,Cedar_R_SuFa,5020,0.22,George_Adams_H,5005,0.16,Grovers_Cr_H,5020,0.07,Samish_H,5016,0.01
Area123 (10) troll 154 484,,Big_Cr_H_Col,5030,0.82,Spring_Cr_col,5030,0.08,Elochoman_H,5030,0.04,Green_R_Fa,5008,0.03,Washougal_R_Fa,5008,0.01
Area123 (10) troll 154 485,,Hamma_Hamma_R,5005,0.65,George_Adams_H,5005,0.21,Clear_Cr_H,5020,0.04,Samish_H,5016,0.04,Soos_H,5020,0.02
Area123 (10) troll 154 486,,Samish_H,5016,0.60,Cedar_R_SuFa,5020,0.35,Soos_H,5020,0.02,S_Prairie_Cr,5020,0.01,Clear_Cr_H,5020,0.01
Area123 (10) troll 154 487,,Spring_Cr_col,5030,1.00,Elochoman_H,5030,0.00,Big_Cr_H_Col,5030,0.00,Abernathy_NFH_F,5008,0.00,,,
Area123 (10) troll 154 488,,Robertson,8,0.52,Gold_R,8,0.47,San_Juan,8,0.00,Trask_R,5015,0.00,Thornton,8,0.00
Area123 (10) troll 154 489,,Harrison,3,0.98,Chilliwack_F,3,0.02,,,,,,,,,
Area123 (10) troll 154 490,,NF_Nooksack_H,5016,1.00,,,,,,,,,,,,
Area123 (10) troll 154 491,,Cowlitz_H_fa,5008,0.28,Elochoman_H,5030,0.20,Washougal_R_Fa,5008,0.12,Green_R_Fa,5008,0.11,Lewis_R_LSu,5008,0.07
Area123 (10) troll 154 492,,Chilliwack_F,3,0.66,Harrison,3,0.33,Coos_H,5011,0.00,Chilliwac@Stav,3,0.00,Skagit_R,5016,0.00
Area123 (10) troll 154 493,,Hamma_Hamma_R,5005,0.78,George_Adams_H,5005,0.06,Soos_H,5020,0.05,Grovers_Cr_H,5020,0.05,Samish_H,5016,0.03
Area123 (10) troll 154 494,,Chilliwack_F,3,0.91,Harrison,3,0.08,Chilliwac@Stav,3,0.01,Clear_Cr_H,5020,0.00,Snoqualmie_R,5016,0.00
Area123 (10) troll 154 495,,Samish_H,5016,0.84,Clear_Cr_H,5020,0.08,Snoqualmie_R,5016,0.03,Cedar_R_SuFa,5020,0.03,Voights_H,5020,0.01
Area123 (10) troll 154 496,,Harrison,3,0.53,Chilliwack_F,3,0.42,Cowlitz_H_fa,5008,0.03,Spring_Cr_col,5030,0.00,Elochoman_H,5030,0.00
Area123 (10) troll 154 497,,NF_Nooksack_H,5016,1.00,Priest_Rapid_H,5026,0.00,Soos_H,5020,0.00,Lyons_Ferry_H,5021,0.00,Samish_H,5016,0.00
Area123 (10) troll 154 498,,Lyons_Ferry_H,5021,0.73,Hanford_Reach,5026,0.22,Umatilla_H_Fa,5026,0.02,Priest_Rapid_H,5026,0.01,Nez_PerceT_H,5021,0.01
Area123 (10) troll 154 499,,Lyons_Ferry_H,5021,0.79,Hanford_Reach,5026,0.08,Nez_PerceT_H,5021,0.06,Umatilla_H_Fa,5026,0.04,Priest_Rapid_H,5026,0.02
Area123 (10) troll 154 500,,L_Qualicum,7,0.93,Hamma_Hamma_R,5005,0.04,NF_Nooksack_H,5016,0.01,Cedar_R_SuFa,5020,0.01,U_Sauk_R_SpSu,5016,0.01
Area123 (10) troll 154 501,,Umatilla_H_Fa,5026,0.60,Priest_Rapid_H,5026,0.28,Lyons_Ferry_H,5021,0.04,Nez_PerceT_H,5021,0.03,U_Deschutes_R,5004,0.03
Area123 (10) troll 154 502,,Chilliwack_F,3,0.68,Harrison,3,0.32,Chilliwac@Stav,3,0.00,Umpqua_H,5011,0.00,Elochoman_R_Fa,5008,0.00
Area123 (10) troll 154 503,,Harrison,3,0.47,Umatilla_H_Fa,5026,0.23,Applegate_Cr,5019,0.12,Hanford_Reach,5026,0.07,Lyons_Ferry_H,5021,0.06
Area123 (10) troll 154 504,,Priest_Rapid_H,5026,0.93,Hanford_Reach,5026,0.04,Wells_H,5026,0.02,Umatilla_H_Fa,5026,0.01,Wenatchee_R_SF,5026,0.00
Area123 (10) troll 154 505,,Nez_PerceT_H,5021,0.49,Priest_Rapid_H,5026,0.24,Umatilla_H_Fa,5026,0.12,Hanford_Reach,5026,0.11,Lyons_Ferry_H,5021,0.03
Area123 (10) troll 154 506,,Cedar_R_SuFa,5020,0.31,Samish_H,5016,0.25,Snoqualmie_R,5016,0.11,Soos_H,5020,0.09,UW_H_SuFa,5020,0.06
Area123 (10) troll 154 507,,NF_Nooksack_H,5016,1.00,,,,,,,,,,,,
Area123 (10) troll 155 401,Dupe with 450,Spring_Cr_col,5030,0.96,Big_Cr_H_Col,5030,0.03,Elochoman_H,5030,0.01,Abernathy_NFH_F,5008,0.00,,,
Area123 (10) troll 155 402,,Spring_Cr_col,5030,0.95,Elochoman_H,5030,0.03,Big_Cr_H_Col,5030,0.02,Abernathy_NFH_F,5008,0.00,,,
Area123 (10) troll 155 403,,Clear_Cr_H,5020,0.64,George_Adams_H,5005,0.15,Samish_H,5016,0.10,Hamma_Hamma_R,5005,0.07,Soos_H,5020,0.03
Area123 (10) troll 155 404,,NF_Nooksack_H,5016,1.00,,,,,,,,,,,,
Area123 (10) troll 155 405,,Hanford_Reach,5026,0.37,Wenatchee_R_SF,5026,0.23,Wells_H,5026,0.12,Priest_Rapids_H,5026,0.09,Cedar_R_SuFa,5020,0.09
Area123 (10) troll 155 406,,George_Adams_H,5005,0.59,Samish_H,5016,0.28,Hamma_Hamma_R,5005,0.07,Cedar_R_SuFa,5020,0.04,Soos_H,5020,0.01
Area123 (10) troll 155 407,,S_Prairie_Cr,5020,0.35,Clear_Cr_H,5020,0.27,Soos_H,5020,0.17,George_Adams_H,5005,0.10,Cedar_R_SuFa,5020,0.09
Area123 (10) troll 155 408,,George_Adams_H,5005,0.85,NF_Skokomish_F,5005,0.04,Samish_H,5016,0.03,UW_H_SuFa,5020,0.03,Hamma_Hamma_R,5005,0.03
Area123 (10) troll 155 409,,Nez_PerceT_H,5021,0.56,Priest_Rapid_H,5026,0.24,Lyons_Ferry_H,5021,0.09,Hanford_Reach,5026,0.08,Cedar_R_SuFa,5020,0.01
Area123 (10) troll 155 410,Dupe with 441,Spring_Cr_col,5030,0.96,Big_Cr_H_Col,5030,0.03,Elochoman_H,5030,0.01,Abernathy_NFH_F,5008,0.00,Cowlitz_H_fa,5008,0.00
Area123 (10) troll 155 411,,Samish_H,5016,0.55,Cedar_R_SuFa,5020,0.32,Grovers_Cr_H,5020,0.05,Soos_H,5020,0.04,George_Adams_H,5005,0.03
Area123 (10) troll 155 412,,Snoqualmie_R,5016,0.77,U_Sauk_R_SpSu,5016,0.12,L_Skagit_R_Fa,5016,0.04,U_Sauk_R,5016,0.02,S_Umpqua_H,5011,0.01
Area123 (10) troll 155 413,,Big_Cr_H_Col,5030,0.69,Spring_Cr_col,5030,0.28,Cowlitz_H_fa,5008,0.03,Abernathy_NFH_F,5008,0.00,Green_R_Fa,5008,0.00
Area123 (10) troll 155 414,,George_Adams_H,5005,0.61,Cedar_R_SuFa,5020,0.20,Hamma_Hamma_R,5005,0.12,NF_Skokomish_F,5005,0.05,S_Prairie_Cr,5020,0.01
Area123 (10) troll 155 415,,Hamma_Hamma_R,5005,0.52,George_Adams_H,5005,0.18,Samish_H,5016,0.15,Cedar_R_SuFa,5020,0.09,Grovers_Cr_H,5020,0.05
Area123 (10) troll 155 416,,Cowlitz_H_fa,5008,0.53,Lewis_R_Su,5008,0.46,Green_R_Fa,5008,0.00,Lewis_R_LSu,5008,0.00,Lewis_R_f,5008,0.00
Area123 (10) troll 155 417,,Clear_Cr_H,5020,0.57,Samish_H,5016,0.17,George_Adams_H,5005,0.16,Hamma_Hamma_R,5005,0.04,Soos_H,5020,0.04
Area123 (10) troll 155 418,,Cedar_R_SuFa,5020,0.62,Hamma_Hamma_R,5005,0.35,George_Adams_H,5005,0.02,Clear_Cr_H,5020,0.00,Grovers_Cr_H,5020,0.00
Area123 (10) troll 155 419,,Cedar_R_SuFa,5020,0.45,Hamma_Hamma_R,5005,0.19,George_Adams_H,5005,0.14,Harrison,3,0.13,U_Sauk_R_SpSu,5016,0.03
Area123 (10) troll 155 420,,Chilliwack_F,3,0.52,Harrison,3,0.47,Cedar_R_SuFa,5020,0.01,Samish_H,5016,0.00,Soos_H,5020,0.00
Area123 (10) troll 155 421,,George_Adams_H,5005,0.26,Clear_Cr_H,5020,0.26,Cedar_R_SuFa,5020,0.18,Hamma_Hamma_R,5005,0.17,Grovers_Cr_H,5020,0.12
Area123 (10) troll 155 422,,Lyons_Ferry_H,5021,0.46,Hanford_Reach,5026,0.34,Priest_Rapid_H,5026,0.10,Nez_PerceT_H,5021,0.03,Umatilla_H_Fa,5026,0.02
Area123 (10) troll 155 423,,Spring_Cr_col,5030,1.00,Big_Cr_H_Col,5030,0.00,,,,,,,,,
Area123 (10) troll 155 424,,Hanford_Reach,5026,0.41,Priest_Rapid_H,5026,0.39,Umatilla_H_Fa,5026,0.10,Umatilla_H,5026,0.07,Nez_PerceT_H,5021,0.02
Area123 (10) troll 155 425,Dupe with 467,Cedar_R_SuFa,5020,0.41,Soos_H,5020,0.24,S_Prairie_Cr,5020,0.18,Samish_H,5016,0.15,Clear_Cr_H,5020,0.01
Area123 (10) troll 155 426,,Priest_Rapid_H,5026,0.85,Umatilla_H_Fa,5026,0.09,Wells_H,5026,0.03,Hanford_Reach,5026,0.02,Nez_PerceT_H,5021,0.02
Area123 (10) troll 155 427,Dupe with 465,Cedar_R_SuFa,5020,0.41,Soos_H,5020,0.23,S_Prairie_Cr,5020,0.17,Samish_H,5016,0.16,George_Adams_H,5005,0.01
Area123 (10) troll 155 428,,Nez_PerceT_H,5021,0.80,Lyons_Ferry_H,5021,0.14,Hanford_Reach,5026,0.03,Priest_Rapid_H,5026,0.03,Cowlitz_H_fa,5008,0.00
Area123 (10) troll 155 429,,Nez_PerceT_H,5021,0.87,Lyons_Ferry_H,5021,0.08,Priest_Rapid_H,5026,0.05,Hanford_Reach,5026,0.01,Umatilla_H_Fa,5026,0.00
Area123 (10) troll 155 430,,Hamma_Hamma_R,5005,0.40,Samish_H,5016,0.27,Clear_Cr_H,5020,0.19,Snoqualmie_R,5016,0.05,Cedar_R_SuFa,5020,0.04
Area123 (10) troll 155 431,,Snoqualmie_R,5016,0.31,Soos_H,5020,0.29,George_Adams_H,5005,0.09,S_Prairie_Cr,5020,0.05,Clear_Cr_H,5020,0.05
Area123 (10) troll 155 432,,Samish_H,5016,0.88,Cedar_R_SuFa,5020,0.10,Soos_H,5020,0.01,Hanford_Reach,5026,0.00,Clear_Cr_H,5020,0.00
Area123 (10) troll 155 433,,Clear_Cr_H,5020,0.48,George_Adams_H,5005,0.16,Cedar_R_SuFa,5020,0.15,Hamma_Hamma_R,5005,0.09,Grovers_Cr_H,5020,0.07
Area123 (10) troll 155 434,,Cedar_R_SuFa,5020,0.53,George_Adams_H,5005,0.27,Clear_Cr_H,5020,0.09,Soos_H,5020,0.08,Grovers_Cr_H,5020,0.01
Area123 (10) troll 155 435,,Soos_H,5020,0.28,Cedar_R_SuFa,5020,0.19,George_Adams_H,5005,0.15,Snoqualmie_R,5016,0.14,Samish_H,5016,0.14
Area123 (10) troll 155 436,,Little_R,5,0.20,S_Prairie_Cr,5020,0.13,Soos_H,5020,0.12,Snoqualmie_R,5016,0.09,Cedar_R_SuFa,5020,0.09
Area123 (10) troll 155 437,,Priest_Rapid_H,5026,0.78,Hanford_Reach,5026,0.18,Wells_H,5026,0.01,Umatilla_H,5026,0.01,Umatilla_H_Fa,5026,0.01
Area123 (10) troll 155 438,,Hamma_Hamma_R,5005,0.47,George_Adams_H,5005,0.21,Cedar_R_SuFa,5020,0.13,Samish_H,5016,0.07,Clear_Cr_H,5020,0.03
Area123 (10) troll 155 439,,Samish_H,5016,0.47,Cedar_R_SuFa,5020,0.40,Hamma_Hamma_R,5005,0.05,Clear_Cr_H,5020,0.04,Soos_H,5020,0.03
Area123 (10) troll 155 440,,Samish_H,5016,0.82,Hamma_Hamma_R,5005,0.07,George_Adams_H,5005,0.06,S_Prairie_Cr,5020,0.04,Cedar_R_SuFa,5020,0.01
Area123 (10) troll 155 441,,UW_H_SuFa,5020,0.90,Samish_H,5016,0.08,Cedar_R_SuFa,5020,0.02,,,,,,
Area123 (10) troll 155 442,,Clear_Cr_H,5020,0.39,Soos_H,5020,0.21,Cedar_R_SuFa,5020,0.21,Hamma_Hamma_R,5005,0.08,George_Adams_H,5005,0.04
Area123 (10) troll 155 443,,Spring_Cr_col,5030,0.99,Big_Cr_H_Col,5030,0.01,Elochoman_H,5030,0.00,Abernathy_NFH_F,5008,0.00,Green_R_Fa,5008,0.00
Area123 (10) troll 155 444,Dupe with 492,Cedar_R_SuFa,5020,0.59,Samish_H,5016,0.23,George_Adams_H,5005,0.04,Soos_H,5020,0.03,Clear_Cr_H,5020,0.03
Area123 (10) troll 155 445,,Clear_Cr_H,5020,0.59,Cedar_R_SuFa,5020,0.29,George_Adams_H,5005,0.05,Hamma_Hamma_R,5005,0.04,Snoqualmie_R,5016,0.01
Area123 (10) troll 155 446,,Spring_Cr_col,5030,0.94,Elochoman_H,5030,0.02,Big_Cr_H_Col,5030,0.02,Cowlitz_H_fa,5008,0.01,Abernathy_NFH_F,5008,0.01
Area123 (10) troll 155 447,,Clear_Cr_H,5020,0.64,George_Adams_H,5005,0.22,Cedar_R_SuFa,5020,0.09,Soos_H,5020,0.02,Hamma_Hamma_R,5005,0.02
Area123 (10) troll 155 448,,Soos_H,5020,0.41,Clear_Cr_H,5020,0.38,Cedar_R_SuFa,5020,0.09,S_Prairie_Cr,5020,0.04,Samish_H,5016,0.04
Area123 (10) troll 155 449,,Spring_Cr_col,5030,0.61,Big_Cr_H_Col,5030,0.38,Elochoman_H,5030,0.00,Abernathy_NFH_F,5008,0.00,Elochoman_R_Fa,5008,0.00
Area123 (10) troll 155 450,,Spring_Cr_col,5030,0.57,Big_Cr_H_Col,5030,0.35,Elochoman_H,5030,0.07,Abernathy_NFH_F,5008,0.01,Cowlitz_H_fa,5008,0.00
Area123 (10) troll 155 451,,Spring_Cr_col,5030,1.00,,,,,,,,,,,,
Area123 (10) troll 155 452,Dupe with 484,Cedar_R_SuFa,5020,0.60,Samish_H,5016,0.23,George_Adams_H,5005,0.04,Soos_H,5020,0.03,Clear_Cr_H,5020,0.03
Area123 (10) troll 155 453,,George_Adams_H,5005,0.41,Hamma_Hamma_R,5005,0.25,Samish_H,5016,0.14,Cedar_R_SuFa,5020,0.10,S_Prairie_Cr,5020,0.05
Area123 (10) troll 155 454,,Clear_Cr_H,5020,0.62,Soos_H,5020,0.32,Cedar_R_SuFa,5020,0.05,Hamma_Hamma_R,5005,0.01,Samish_H,5016,0.00
Area123 (10) troll 155 455,,Samish_H,5016,0.62,Clear_Cr_H,5020,0.18,Cedar_R_SuFa,5020,0.06,Soos_H,5020,0.05,Hamma_Hamma_R,5005,0.04
Area123 (10) troll 155 456,,Spring_Cr_col,5030,0.99,Big_Cr_H_Col,5030,0.01,,,,,,,,,
Area123 (10) troll 155 457,,Green_R_Fa,5008,0.66,Cowlitz_H_fa,5008,0.19,Washougal_R_Fa,5008,0.06,Spring_Cr_col,5030,0.05,Elochoman_R_Fa,5008,0.02
Area123 (10) troll 155 458,,Lyons_Ferry_H,5021,0.82,Nez_PerceT_H,5021,0.08,Hanford_Reach,5026,0.07,Priest_Rapid_H,5026,0.01,Umatilla_H_Fa,5026,0.01
Area123 (10) troll 155 459,,S_Prairie_Cr,5020,0.32,George_Adams_H,5005,0.24,Snoqualmie_R,5016,0.19,Clear_Cr_H,5020,0.10,Cedar_R_SuFa,5020,0.05
Area123 (10) troll 155 460,,Spring_Cr_col,5030,0.83,Green_R_Fa,5008,0.11,Big_Cr_H_Col,5030,0.04,Elochoman_H,5030,0.01,Abernathy_NFH_F,5008,0.00
Area123 (10) troll 155 461,,Hamma_Hamma_R,5005,0.39,Cedar_R_SuFa,5020,0.20,Soos_H,5020,0.20,Samish_H,5016,0.12,George_Adams_H,5005,0.08
Area123 (10) troll 155 462,,Grovers_Cr_H,5020,0.85,George_Adams_H,5005,0.11,Hamma_Hamma_R,5005,0.02,Cedar_R_SuFa,5020,0.01,Soos_H,5020,0.01
Area123 (10) troll 155 463,,Cedar_R_SuFa,5020,0.42,George_Adams_H,5005,0.22,Hamma_Hamma_R,5005,0.13,Clear_Cr_H,5020,0.09,Samish_H,5016,0.06
Area123 (10) troll 155 464,,Soos_H,5020,0.98,Hamma_Hamma_R,5005,0.01,S_Prairie_Cr,5020,0.00,Clear_Cr_H,5020,0.00,George_Adams_H,5005,0.00
Area123 (10) troll 155 465,,Spring_Cr_col,5030,0.86,Big_Cr_H_Col,5030,0.11,Elochoman_H,5030,0.01,Cowlitz_H_fa,5008,0.00,Hamma_Hamma_R,5005,0.00
Area123 (10) troll 155 466,,Clear_Cr_H,5020,0.86,Hamma_Hamma_R,5005,0.05,Cedar_R_SuFa,5020,0.04,George_Adams_H,5005,0.03,NF_Skokomish_F,5005,0.02
Area123 (10) troll 155 467,,Hamma_Hamma_R,5005,0.49,Clear_Cr_H,5020,0.12,George_Adams_H,5005,0.09,Soos_H,5020,0.08,Cedar_R_SuFa,5020,0.07
Area123 (10) troll 155 508,,Big_Cr_H_Col,5030,0.69,Spring_Cr_col,5030,0.30,Abernathy_NFH_F,5008,0.01,Elochoman_H,5030,0.00,Cowlitz_H_fa,5008,0.00
Area123 (10) troll 155 509,,Spring_Cr_col,5030,0.97,Big_Cr_H_Col,5030,0.02,Elochoman_H,5030,0.01,Abernathy_NFH_F,5008,0.00,Elochoman_R_Fa,5008,0.00
Area123 (10) troll 155 510,,Spring_Cr_col,5030,1.00,,,,,,,,,,,,
Area123 (10) troll 155 511,,Spring_Cr_col,5030,0.97,Big_Cr_H_Col,5030,0.02,Abernathy_NFH_F,5008,0.00,Elochoman_H,5030,0.00,Green_R_Fa,5008,0.00
Area123 (10) troll 155 512,,Spring_Cr_col,5030,0.88,Elochoman_H,5030,0.07,Big_Cr_H_Col,5030,0.03,Abernathy_NFH_F,5008,0.02,Green_R_Fa,5008,0.00
Area123 (10) troll 155 513,,Priest_Rapid_H,5026,0.67,Nez_PerceT_H,5021,0.15,Umatilla_H_Fa,5026,0.10,Lyons_Ferry_H,5021,0.08,Priest_Rapids_H,5026,0.00
Area123 (10) troll 155 514,,Lyons_Ferry_H,5021,0.50,Hanford_Reach,5026,0.18,Nez_PerceT_H,5021,0.10,Priest_Rapid_H,5026,0.08,Umatilla_H_Fa,5026,0.08
Area123 (10) troll 155 515,,Spring_Cr_col,5030,0.80,Big_Cr_H_Col,5030,0.19,Elochoman_H,5030,0.01,Cowlitz_H_fa,5008,0.00,Priest_Rapid_H,5026,0.00
Area123 (10) troll 155 516,,Spring_Cr_col,5030,1.00,Big_Cr_H_Col,5030,0.00,Elochoman_H,5030,0.00,,,,,,
Area123 (10) troll 155 517,,Samish_H,5016,0.90,Cedar_R_SuFa,5020,0.08,Clear_Cr_H,5020,0.01,George_Adams_H,5005,0.01,Soos_H,5020,0.00
Area123 (10) troll 155 518,,Applegate_Cr,5019,0.43,Umpqua_H,5011,0.18,Lewis_R_LSu,5008,0.12,Elochoman_R_Fa,5008,0.09,S_Umpqua_H,5011,0.08
Area123 (10) troll 155 520,,Priest_Rapid_H,5026,0.20,Hanford_Reach,5026,0.16,Harrison,3,0.15,Nez_PerceT_H,5021,0.10,Wells_H,5026,0.07
Area123 (10) troll 155 521,,Lyons_Ferry_H,5021,0.50,Nez_PerceT_H,5021,0.46,Hanford_Reach,5026,0.03,Clear_Cr_H,5020,0.00,Priest_Rapid_H,5026,0.00
Area123 (10) troll 155 522,,Spring_Cr_col,5030,0.98,Big_Cr_H_Col,5030,0.02,Elochoman_H,5030,0.00,,,,,,
Area123 (10) troll 155 523,,Lyons_Ferry_H,5021,0.95,Hanford_Reach,5026,0.02,Nez_PerceT_H,5021,0.01,Priest_Rapids_H,5026,0.01,Wells_H,5026,0.00
Area123 (10) troll 155 524,,Clear_Cr_H,5020,0.31,George_Adams_H,5005,0.27,Hamma_Hamma_R,5005,0.19,Cedar_R_SuFa,5020,0.13,Soos_H,5020,0.07
Area123 (10) troll 155 525,,Hanford_Reach,5026,0.58,Priest_Rapid_H,5026,0.19,Priest_Rapids_H,5026,0.14,Umatilla_H_Fa,5026,0.05,Nez_PerceT_H,5021,0.01
Area123 (10) troll 155 526,,Umatilla_H_Fa,5026,0.37,Priest_Rapid_H,5026,0.25,Hanford_Reach,5026,0.22,Nez_PerceT_H,5021,0.14,Lyons_Ferry_H,5021,0.02
Area123 (10) troll 155 527,,Priest_Rapid_H,5026,0.50,Nez_PerceT_H,5021,0.19,Lyons_Ferry_H,5021,0.13,Hanford_Reach,5026,0.12,Umatilla_H_Fa,5026,0.06
Area123 (10) troll 155 528,,Priest_Rapid_H,5026,0.70,Hanford_Reach,5026,0.22,Nez_PerceT_H,5021,0.05,Wells_H,5026,0.02,Lyons_Ferry_H,5021,0.00
Area123 (10) troll 155 529,,Harrison,3,0.93,Chilliwack_F,3,0.06,Morice_R,21,0.01,Torpy,1,0.00,Babine,20,0.00
Area123 (10) troll 155 530,,Cedar_R_SuFa,5020,0.23,Hanford_Reach,5026,0.20,Umatilla_H_Fa,5026,0.18,Snoqualmie_R,5016,0.15,Little_R,5,0.06
Area123 (10) troll 155 531,,Hanford_Reach,5026,0.60,Lyons_Ferry_H,5021,0.17,Nez_PerceT_H,5021,0.13,Priest_Rapid_H,5026,0.08,Wenatchee_R_SF,5026,0.02
Area123 (10) troll 155 532,,Priest_Rapid_H,5026,0.62,Umatilla_H_Fa,5026,0.12,Nez_PerceT_H,5021,0.08,Lyons_Ferry_H,5021,0.07,Hanford_Reach,5026,0.05
Area123 (10) troll 155 533,,Priest_Rapid_H,5026,0.44,Umatilla_H_Fa,5026,0.36,Lyons_Ferry_H,5021,0.09,Hanford_Reach,5026,0.05,Wells_H,5026,0.03
Area123 (10) troll 155 534,Dupe with 534,Harrison,3,0.55,Chilliwack_F,3,0.45,,,,,,,,,
Area123 (10) troll 155 535,Dupe with 533,Harrison,3,0.58,Chilliwack_F,3,0.42,,,,,,,,,
Area123 (10) troll 155 536,,Hanford_Reach,5026,0.76,Umatilla_H_Fa,5026,0.15,Priest_Rapid_H,5026,0.04,Nez_PerceT_H,5021,0.03,Lyons_Ferry_H,5021,0.01
Area123 (10) troll 155 537,,Nez_PerceT_H,5021,0.88,Lyons_Ferry_H,5021,0.07,Priest_Rapid_H,5026,0.05,Priest_Rapids_H,5026,0.00,Wells_H,5026,0.00
Area123 (10) troll 155 538,,Priest_Rapid_H,5026,0.66,Wenatchee_R_SF,5026,0.12,Nez_PerceT_H,5021,0.10,Hanford_Reach,5026,0.08,Lyons_Ferry_H,5021,0.02
Area123 (10) troll 155 539,,Lyons_Ferry_H,5021,0.96,Nez_PerceT_H,5021,0.03,U_Deschutes_R,5004,0.00,Hanford_Reach,5026,0.00,Priest_Rapid_H,5026,0.00
Area123 (10) troll 155 540,,Hanford_Reach,5026,0.60,Priest_Rapid_H,5026,0.14,Umatilla_H_Fa,5026,0.12,Wells_H,5026,0.08,Priest_Rapids_H,5026,0.03
Area123 (10) troll 155 541,,Kaouk_R,8,0.69,Gold_R,8,0.10,Robertson,8,0.06,Harrison,3,0.04,Moyeha_R,8,0.02
Area123 (10) troll 155 542,,Nez_PerceT_H,5021,0.33,Hanford_Reach,5026,0.26,Priest_Rapid_H,5026,0.20,Lyons_Ferry_H,5021,0.12,Wells_H,5026,0.04
Area123 (10) troll 155 543,,Grovers_Cr_H,5020,0.54,Soos_H,5020,0.31,George_Adams_H,5005,0.08,Hamma_Hamma_R,5005,0.05,NF_Skokomish_F,5005,0.01
Area123 (10) troll 155 544,,Spring_Cr_col,5030,0.64,Big_Cr_H_Col,5030,0.25,Cowlitz_H_fa,5008,0.11,Elochoman_H,5030,0.00,Washougal_R_Fa,5008,0.00
Area123 (10) troll 155 545,,Hanford_Reach,5026,0.42,Priest_Rapid_H,5026,0.28,Lyons_Ferry_H,5021,0.11,Umatilla_H_Fa,5026,0.09,Nez_PerceT_H,5021,0.05
Area123 (10) troll 155 546,,Clear_Cr_H,5020,0.73,Soos_H,5020,0.16,Cedar_R_SuFa,5020,0.06,Samish_H,5016,0.04,Hamma_Hamma_R,5005,0.00
Area123 (10) troll 155 547,,Hanford_Reach,5026,0.96,L_Wh_Sal_H_SF,5026,0.02,Priest_Rapid_H,5026,0.01,Umatilla_H_Fa,5026,0.00,Priest_Rapids_H,5026,0.00
Area123 (10) troll 155 548,,Cedar_R_SuFa,5020,0.87,Soos_H,5020,0.04,Snoqualmie_R,5016,0.02,George_Adams_H,5005,0.02,S_Prairie_Cr,5020,0.02
Area123 (10) troll 155 549,,Hamma_Hamma_R,5005,0.41,Clear_Cr_H,5020,0.18,Samish_H,5016,0.14,S_Prairie_Cr,5020,0.07,George_Adams_H,5005,0.07
Area123 (10) troll 155 550,,Samish_H,5016,0.82,George_Adams_H,5005,0.09,Cedar_R_SuFa,5020,0.06,Hamma_Hamma_R,5005,0.01,Snoqualmie_R,5016,0.01
Area123 (10) troll 155 551,,Spring_Cr_col,5030,0.99,Green_R_Fa,5008,0.01,Cowlitz_H_fa,5008,0.00,Elochoman_H,5030,0.00,Big_Cr_H_Col,5030,0.00
Area123 (10) troll 155 552,,Hamma_Hamma_R,5005,0.35,George_Adams_H,5005,0.34,Clear_Cr_H,5020,0.12,Snoqualmie_R,5016,0.06,Samish_H,5016,0.05
Area123 (10) troll 155 553,,Hamma_Hamma_R,5005,0.38,George_Adams_H,5005,0.32,Snoqualmie_R,5016,0.10,Soos_H,5020,0.07,Cedar_R_SuFa,5020,0.06
Area123 (10) troll 155 554,,Spring_Cr_col,5030,0.88,Big_Cr_H_Col,5030,0.06,Washougal_R_Fa,5008,0.03,Cowlitz_H_fa,5008,0.02,Elochoman_H,5030,0.01
Area123 (10) troll 155 555,,Clear_Cr_H,5020,0.44,Soos_H,5020,0.28,Cedar_R_SuFa,5020,0.18,Hamma_Hamma_R,5005,0.05,George_Adams_H,5005,0.03
Area123 (10) troll 155 556,,George_Adams_H,5005,0.66,Samish_H,5016,0.11,Hamma_Hamma_R,5005,0.10,Cedar_R_SuFa,5020,0.04,Clear_Cr_H,5020,0.03
Area123 (10) troll 155 557,,Cedar_R_SuFa,5020,0.57,NF_Nooksack_H,5016,0.23,Soos_H,5020,0.07,Samish_H,5016,0.05,Clear_Cr_H,5020,0.03
Area123 (10) troll 155 558,,George_Adams_H,5005,0.22,Grovers_Cr_H,5020,0.15,Cedar_R_SuFa,5020,0.14,Soos_H,5020,0.13,Hamma_Hamma_R,5005,0.10
Area123 (10) troll 155 559,,Nez_PerceT_H,5021,0.85,Lyons_Ferry_H,5021,0.13,Priest_Rapid_H,5026,0.01,Umatilla_H_Fa,5026,0.01,Hanford_Reach,5026,0.01
Area123 (10) troll 155 560,,Cedar_R_SuFa,5020,0.51,Clear_Cr_H,5020,0.26,Soos_H,5020,0.07,S_Prairie_Cr,5020,0.06,George_Adams_H,5005,0.04
Area123 (10) troll 155 561,,San_Juan,8,0.43,L_Qualicum,7,0.32,Soos_H,5020,0.07,Grovers_Cr_H,5020,0.06,S_Prairie_Cr,5020,0.04
Area123 (10) troll 155 562,,Chilliwack_F,3,0.96,Harrison,3,0.04,Chilliwac@Stav,3,0.00,,,,,,
Area123 (10) troll 155 563,,Harrison,3,0.97,Chilliwack_F,3,0.03,,,,,,,,,
Area123 (10) troll 155 564,,NF_Nooksack_H,5016,1.00,,,,,,,,,,,,
Area123 (10) troll 155 565,,Lyons_Ferry_H,5021,0.91,Nez_PerceT_H,5021,0.06,Priest_Rapids_H,5026,0.01,Hanford_Reach,5026,0.01,Priest_Rapid_H,5026,0.01
Area123 (10) troll 155 566,,Lyons_Ferry_H,5021,0.44,Priest_Rapid_H,5026,0.25,Hanford_Reach,5026,0.16,Nez_PerceT_H,5021,0.08,Wells_H,5026,0.02
Area123 (10) troll 155 567,,Lyons_Ferry_H,5021,0.52,Nez_PerceT_H,5021,0.30,Hanford_Reach,5026,0.17,Priest_Rapid_H,5026,0.01,Wells_H,5026,0.00
Area123 (10) troll 155 568,,Clear_Cr_H,5020,0.47,Soos_H,5020,0.17,Hamma_Hamma_R,5005,0.13,Samish_H,5016,0.11,Cedar_R_SuFa,5020,0.09
Area123 (10) troll 155 569,,Spring_Cr_col,5030,1.00,Big_Cr_H_Col,5030,0.00,,,,,,,,,
Area123 (10) troll 155 570,,Spring_Cr_col,5030,0.51,Big_Cr_H_Col,5030,0.47,Elochoman_H,5030,0.01,Green_R_Fa,5008,0.00,Harrison,3,0.00
Area123 (10) troll 155 571,,Hanford_Reach,5026,0.35,Priest_Rapid_H,5026,0.30,Umatilla_H_Fa,5026,0.13,Nez_PerceT_H,5021,0.11,Wells_H,5026,0.05
Area123 (10) troll 155 572,,Spring_Cr_col,5030,1.00,Big_Cr_H_Col,5030,0.00,Cowlitz_H_fa,5008,0.00,Elochoman_H,5030,0.00,,,
Area123 (10) troll 155 573,,Spring_Cr_col,5030,0.99,Elochoman_H,5030,0.01,Abernathy_NFH_F,5008,0.00,Big_Cr_H_Col,5030,0.00,,,
Area123 (10) troll 155 574,,Samish_H,5016,0.29,George_Adams_H,5005,0.26,Hamma_Hamma_R,5005,0.20,Clear_Cr_H,5020,0.09,Soos_H,5020,0.09
Area123 (10) troll 155 575,,Samish_H,5016,0.57,Cedar_R_SuFa,5020,0.28,Hamma_Hamma_R,5005,0.13,Snoqualmie_R,5016,0.01,Soos_H,5020,0.01
Area123 (10) troll 155 576,,George_Adams_H,5005,0.54,Cedar_R_SuFa,5020,0.22,Samish_H,5016,0.09,Snoqualmie_R,5016,0.08,Hamma_Hamma_R,5005,0.04
Area123 (10) troll 155 577,,Applegate_Cr,5019,0.40,Hanford_Reach,5026,0.20,Umatilla_H_Fa,5026,0.15,Umpqua_H,5011,0.06,Priest_Rapid_H,5026,0.04
Area123 (10) troll 155 578,,Spring_Cr_col,5030,0.76,Big_Cr_H_Col,5030,0.23,Elochoman_H,5030,0.01,Cowlitz_H_fa,5008,0.00,Umatilla_H_Fa,5026,0.00
Area123 (10) troll 155 579,,Cowlitz_H_fa,5008,0.81,Lewis_R_Su,5008,0.13,Washougal_R_Fa,5008,0.04,Green_R_Fa,5008,0.02,Elochoman_H,5030,0.00
Area123 (10) troll 155 580,,Hamma_Hamma_R,5005,0.55,Clear_Cr_H,5020,0.13,Cedar_R_SuFa,5020,0.13,George_Adams_H,5005,0.07,Samish_H,5016,0.05
Area123 (10) troll 155 581,,Spring_Cr_col,5030,1.00,Big_Cr_H_Col,5030,0.00,Abernathy_NFH_F,5008,0.00,,,,,,
Area123 (10) troll 155 582,,Samish_H,5016,0.52,S_Prairie_Cr,5020,0.19,George_Adams_H,5005,0.10,Hamma_Hamma_R,5005,0.07,Soos_H,5020,0.04
Area123 (10) troll 155 583,,Soos_H,5020,0.22,Clear_Cr_H,5020,0.20,Hamma_Hamma_R,5005,0.19,Cedar_R_SuFa,5020,0.12,Samish_H,5016,0.10
Area123 (10) troll 155 584,,Soos_H,5020,0.37,George_Adams_H,5005,0.34,Hamma_Hamma_R,5005,0.15,Cedar_R_SuFa,5020,0.05,Snoqualmie_R,5016,0.04
Area123 (10) troll 155 585,,Hamma_Hamma_R,5005,0.91,George_Adams_H,5005,0.05,Cedar_R_SuFa,5020,0.02,Clear_Cr_H,5020,0.01,Soos_H,5020,0.01
Area123 (10) troll 155 586,,Clear_Cr_H,5020,0.38,Cedar_R_SuFa,5020,0.23,Soos_H,5020,0.18,Grovers_Cr_H,5020,0.09,Hamma_Hamma_R,5005,0.04
Area123 (10) troll 155 587,,Spring_Cr_col,5030,0.94,Big_Cr_H_Col,5030,0.04,Elochoman_H,5030,0.02,Abernathy_NFH_F,5008,0.00,Lewis_R_LSu,5008,0.00
Area123 (10) troll 155 588,,George_Adams_H,5005,0.59,UW_H_SuFa,5020,0.19,Cedar_R_SuFa,5020,0.12,Samish_H,5016,0.06,Soos_H,5020,0.01
Area123 (10) troll 155 589,,Harrison,3,0.47,Little_R,5,0.14,Snoqualmie_R,5016,0.07,Cedar_R_SuFa,5020,0.05,South_Thom,5,0.05
Area123 (10) troll 155 590,,Priest_Rapid_H,5026,0.71,Lyons_Ferry_H,5021,0.17,Nez_PerceT_H,5021,0.09,Hanford_Reach,5026,0.01,Wells_H,5026,0.01
Area123 (10) troll 155 591,,Hanford_Reach,5026,0.47,Umatilla_H_Fa,5026,0.23,Nez_PerceT_H,5021,0.10,Priest_Rapid_H,5026,0.09,Priest_Rapids_H,5026,0.03
Area123 (10) troll 155 592,,Lyons_Ferry_H,5021,0.54,Nez_PerceT_H,5021,0.35,Priest_Rapid_H,5026,0.03,Umatilla_H_Fa,5026,0.03,Lewis_R_LSu,5008,0.02
Area123 (10) troll 155 593,,Hanford_Reach,5026,0.42,Priest_Rapids_H,5026,0.28,Nez_PerceT_H,5021,0.23,Priest_Rapid_H,5026,0.06,Lyons_Ferry_H,5021,0.00
Area123 (10) troll 155 594,,Lyons_Ferry_H,5021,0.58,Nez_PerceT_H,5021,0.29,Priest_Rapid_H,5026,0.04,Umatilla_H_Fa,5026,0.03,Hanford_Reach,5026,0.02
Area123 (10) troll 155 595,,Spring_Cr_col,5030,1.00,Elochoman_H,5030,0.00,Big_Cr_H_Col,5030,0.00,,,,,,
Area123 (10) troll 155 596,,Hanford_Reach,5026,0.37,Nez_PerceT_H,5021,0.26,Priest_Rapid_H,5026,0.15,Wells_H,5026,0.09,Lyons_Ferry_H,5021,0.06
Area123 (10) troll 155 597,,Priest_Rapid_H,5026,0.59,Nez_PerceT_H,5021,0.14,Lyons_Ferry_H,5021,0.12,Hanford_Reach,5026,0.08,South_Thom,5,0.02
Area123 (10) troll 155 598,,Hanford_Reach,5026,0.82,Umatilla_H_Fa,5026,0.07,Umatilla_H,5026,0.04,Nez_PerceT_H,5021,0.02,Priest_Rapid_H,5026,0.02
Area123 (10) troll 155 599,,Cedar_R_SuFa,5020,0.36,Snoqualmie_R,5016,0.22,George_Adams_H,5005,0.17,U_Sauk_R_SpSu,5016,0.13,Clear_Cr_H,5020,0.03
Area123 (10) troll 155 600,,Cowlitz_H_fa,5008,0.37,Washougal_R_Fa,5008,0.36,Green_R_Fa,5008,0.16,Lewis_R_LSu,5008,0.04,Elochoman_H,5030,0.03
Area123 (10) troll 155 601,,Samish_H,5016,0.43,Snoqualmie_R,5016,0.37,Hamma_Hamma_R,5005,0.07,S_Prairie_Cr,5020,0.07,George_Adams_H,5005,0.04
Area123 (10) troll 155 602,,Cedar_R_SuFa,5020,0.62,Clear_Cr_H,5020,0.12,Samish_H,5016,0.10,S_Prairie_Cr,5020,0.05,George_Adams_H,5005,0.04
Area123 (10) troll 155 603,,Spring_Cr_col,5030,0.64,Big_Cr_H_Col,5030,0.17,Elochoman_H,5030,0.14,Cowlitz_H_fa,5008,0.02,Green_R_Fa,5008,0.01
Area123 (10) troll 155 604,,Grovers_Cr_H,5020,0.59,Hamma_Hamma_R,5005,0.14,George_Adams_H,5005,0.14,Soos_H,5020,0.06,Cedar_R_SuFa,5020,0.04
Area123 (10) troll 155 605,,George_Adams_H,5005,0.43,Snoqualmie_R,5016,0.25,S_Prairie_Cr,5020,0.13,UW_H_SuFa,5020,0.07,Hamma_Hamma_R,5005,0.05
Area123 (10) troll 155 606,,Spring_Cr_col,5030,0.63,Big_Cr_H_Col,5030,0.31,Abernathy_NFH_F,5008,0.03,Elochoman_H,5030,0.01,Chilliwack_F,3,0.00
Area123 (10) troll 155 607,,Cedar_R_SuFa,5020,0.42,Soos_H,5020,0.19,Grovers_Cr_H,5020,0.13,Clear_Cr_H,5020,0.11,S_Prairie_Cr,5020,0.07
Area123 (10) troll 155 608,,Samish_H,5016,0.92,Cedar_R_SuFa,5020,0.05,S_Prairie_Cr,5020,0.01,George_Adams_H,5005,0.01,Hamma_Hamma_R,5005,0.01
Area123 (10) troll 155 609,,Hanford_Reach,5026,0.53,Umatilla_H_Fa,5026,0.13,Snoqualmie_R,5016,0.12,Priest_Rapid_H,5026,0.11,Cole_Rivers_H,5019,0.03
Area123 (10) troll 155 610,,Nez_PerceT_H,5021,0.51,Wells_H,5026,0.25,Hanford_Reach,5026,0.13,Wenatchee_R_SF,5026,0.04,Lyons_Ferry_H,5021,0.04
Area123 (10) troll 155 611,,Cowlitz_H_fa,5008,0.97,Big_Cr_H_Col,5030,0.03,Spring_Cr_col,5030,0.00,Lewis_R_Su,5008,0.00,Cowlitz_H_sp,5009,0.00
Area123 (10) troll 155 612,,Umatilla_H_Fa,5026,0.33,Hanford_Reach,5026,0.21,Priest_Rapid_H,5026,0.19,Wells_H,5026,0.09,Lyons_Ferry_H,5021,0.05
Area123 (10) troll 158 613,,Clear_Cr_H,5020,0.48,Hamma_Hamma_R,5005,0.18,Cedar_R_SuFa,5020,0.14,George_Adams_H,5005,0.12,Grovers_Cr_H,5020,0.05
Area123 (10) troll 158 614,,Snoqualmie_R,5016,0.68,U_Sauk_R_SpSu,5016,0.10,Soos_H,5020,0.07,Cedar_R_SuFa,5020,0.05,Clear_Cr_H,5020,0.03
Area123 (10) troll 158 615,,Spring_Cr_col,5030,0.98,Big_Cr_H_Col,5030,0.02,Abernathy_NFH_F,5008,0.00,Elochoman_H,5030,0.00,,,
Area123 (10) troll 158 616,,Spring_Cr_col,5030,1.00,Elochoman_H,5030,0.00,Abernathy_NFH_F,5008,0.00,Washougal_R_Fa,5008,0.00,Green_R_Fa,5008,0.00
Area123 (10) troll 158 617,,Spring_Cr_col,5030,1.00,Big_Cr_H_Col,5030,0.00,Elochoman_H,5030,0.00,Abernathy_NFH_F,5008,0.00,Elochoman_R_Fa,5008,0.00
Area123 (10) troll 158 618,,Spring_Cr_col,5030,0.96,Elochoman_H,5030,0.02,Cowlitz_H_fa,5008,0.01,Abernathy_NFH_F,5008,0.01,Big_Cr_H_Col,5030,0.01
Area123 (10) troll 158 619,,Spring_Cr_col,5030,0.99,Elochoman_H,5030,0.01,Abernathy_NFH_F,5008,0.00,Cowlitz_H_fa,5008,0.00,Nez_PerceT_H,5021,0.00
Area123 (10) troll 158 620,,Hamma_Hamma_R,5005,0.57,George_Adams_H,5005,0.19,Clear_Cr_H,5020,0.14,NF_Skokomish_F,5005,0.04,U_Sauk_R_SpSu,5016,0.03
Area123 (10) troll 158 621,,Spring_Cr_col,5030,0.98,Big_Cr_H_Col,5030,0.01,Elochoman_H,5030,0.01,Abernathy_NFH_F,5008,0.00,Elochoman_R_Fa,5008,0.00
Area123 (10) troll 158 622,,Spring_Cr_col,5030,0.93,Big_Cr_H_Col,5030,0.01,Elochoman_R_Fa,5008,0.01,Cowlitz_H_fa,5008,0.01,Elochoman_H,5030,0.01
Area123 (10) troll 158 623,,George_Adams_H,5005,0.38,Clear_Cr_H,5020,0.27,Soos_H,5020,0.14,Cedar_R_SuFa,5020,0.11,Hamma_Hamma_R,5005,0.04
Area123 (10) troll 158 624,,Cedar_R_SuFa,5020,0.81,Soos_H,5020,0.12,Hamma_Hamma_R,5005,0.03,Samish_H,5016,0.02,Clear_Cr_H,5020,0.01
Area123 (10) troll 158 625,,Priest_Rapid_H,5026,0.30,Hanford_Reach,5026,0.21,Wells_H,5026,0.16,Nez_PerceT_H,5021,0.14,Lyons_Ferry_H,5021,0.09
Area123 (10) troll 158 626,,Spring_Cr_col,5030,0.91,Big_Cr_H_Col,5030,0.09,Elochoman_H,5030,0.00,Abernathy_NFH_F,5008,0.00,Green_R_Fa,5008,0.00
Area123 (10) troll 158 627,,Spring_Cr_col,5030,0.97,Big_Cr_H_Col,5030,0.01,Elochoman_H,5030,0.01,Cowlitz_H_fa,5008,0.00,Washougal_R_Fa,5008,0.00
Area123 (10) troll 158 628,,Spring_Cr_col,5030,0.75,Big_Cr_H_Col,5030,0.09,Cowlitz_H_fa,5008,0.08,Elochoman_H,5030,0.07,Abernathy_NFH_F,5008,0.01
Area123 (10) troll 158 629,,George_Adams_H,5005,0.38,Hamma_Hamma_R,5005,0.24,Cedar_R_SuFa,5020,0.13,Soos_H,5020,0.11,NF_Skokomish_F,5005,0.06
Area123 (10) troll 158 630,,Cedar_R_SuFa,5020,0.60,Hamma_Hamma_R,5005,0.16,George_Adams_H,5005,0.08,Clear_Cr_H,5020,0.06,Soos_H,5020,0.05
Area123 (10) troll 158 631,,Spring_Cr_col,5030,1.00,Abernathy_NFH_F,5008,0.00,Elochoman_H,5030,0.00,,,,,,
Area123 (10) troll 158 632,,Spring_Cr_col,5030,0.60,Big_Cr_H_Col,5030,0.28,Elochoman_H,5030,0.06,Chilliwack_F,3,0.04,Elochoman_R_Fa,5008,0.00
Area123 (10) troll 158 633,,Soos_H,5020,0.40,Hamma_Hamma_R,5005,0.24,Clear_Cr_H,5020,0.22,George_Adams_H,5005,0.07,Cedar_R_SuFa,5020,0.04
Area123 (10) troll 158 634,,Spring_Cr_col,5030,0.96,Elochoman_H,5030,0.03,Big_Cr_H_Col,5030,0.02,Green_R_Fa,5008,0.00,Abernathy_NFH_F,5008,0.00
Area123 (10) troll 158 635,,Hamma_Hamma_R,5005,0.73,George_Adams_H,5005,0.17,Clear_Cr_H,5020,0.04,Soos_H,5020,0.02,Cedar_R_SuFa,5020,0.02
Area123 (10) troll 158 636,,Hamma_Hamma_R,5005,0.24,Cedar_R_SuFa,5020,0.22,George_Adams_H,5005,0.22,S_Prairie_Cr,5020,0.15,Clear_Cr_H,5020,0.07
Area123 (10) troll 158 637,,Spring_Cr_col,5030,0.89,Elochoman_H,5030,0.09,Big_Cr_H_Col,5030,0.02,Cowlitz_H_fa,5008,0.00,Abernathy_NFH_F,5008,0.00
Area123 (10) troll 158 638,,Hanford_Reach,5026,0.52,Lyons_Ferry_H,5021,0.17,Nez_PerceT_H,5021,0.14,Priest_Rapids_H,5026,0.09,Priest_Rapid_H,5026,0.05
Area123 (10) troll 158 639,,Cedar_R_SuFa,5020,0.37,Samish_H,5016,0.29,S_Prairie_Cr,5020,0.12,Clear_Cr_H,5020,0.09,Soos_H,5020,0.06
Area123 (10) troll 158 640,,Grovers_Cr_H,5020,0.77,George_Adams_H,5005,0.16,Hamma_Hamma_R,5005,0.05,S_Prairie_Cr,5020,0.01,Snoqualmie_R,5016,0.00
Area123 (10) troll 158 641,,NF_Nooksack_H,5016,1.00,,,,,,,,,,,,
Area123 (10) troll 158 642,,Spring_Cr_col,5030,0.99,Big_Cr_H_Col,5030,0.00,Cowlitz_H_fa,5008,0.00,Elochoman_H,5030,0.00,Abernathy_NFH_F,5008,0.00
Area123 (10) troll 158 643,,Samish_H,5016,0.71,Cedar_R_SuFa,5020,0.15,S_Prairie_Cr,5020,0.05,Soos_H,5020,0.04,George_Adams_H,5005,0.03
Area123 (10) troll 158 644,,Grovers_Cr_H,5020,0.42,Hamma_Hamma_R,5005,0.32,Cedar_R_SuFa,5020,0.18,UW_H_SuFa,5020,0.04,Soos_H,5020,0.02
Area123 (10) troll 158 645,,Priest_Rapid_H,5026,0.71,Lyons_Ferry_H,5021,0.21,Nez_PerceT_H,5021,0.06,Wells_H,5026,0.01,Umatilla_H,5026,0.00
Area123 (10) troll 158 646,,Spring_Cr_col,5030,0.60,Big_Cr_H_Col,5030,0.38,Abernathy_NFH_F,5008,0.01,Elochoman_H,5030,0.01,,,
Area123 (10) troll 158 647,,Priest_Rapid_H,5026,0.96,Wells_H,5026,0.02,Lyons_Ferry_H,5021,0.01,Nez_PerceT_H,5021,0.00,Soos_H,5020,0.00
Area123 (10) troll 158 648,,Nez_PerceT_H,5021,0.65,Lyons_Ferry_H,5021,0.34,Umatilla_H_Fa,5026,0.01,Hanford_Reach,5026,0.00,Priest_Rapid_H,5026,0.00
Area123 (10) troll 158 649,,S_Prairie_Cr,5020,0.44,Clear_Cr_H,5020,0.17,Cedar_R_SuFa,5020,0.15,Samish_H,5016,0.14,Soos_H,5020,0.04
Area123 (10) troll 158 650,,Cedar_R_SuFa,5020,0.39,Soos_H,5020,0.22,George_Adams_H,5005,0.19,Clear_Cr_H,5020,0.11,Grovers_Cr_H,5020,0.04
Area123 (10) troll 158 651,,Cedar_R_SuFa,5020,0.55,George_Adams_H,5005,0.17,Clear_Cr_H,5020,0.15,Soos_H,5020,0.06,Samish_H,5016,0.04
Area123 (10) troll 158 652,,Cedar_R_SuFa,5020,0.50,S_Prairie_Cr,5020,0.15,Clear_Cr_H,5020,0.13,Soos_H,5020,0.09,George_Adams_H,5005,0.04
Area123 (10) troll 158 653,,Hanford_Reach,5026,0.87,Priest_Rapid_H,5026,0.07,Wells_H,5026,0.05,Wenatchee_R_SF,5026,0.01,Priest_Rapids_H,5026,0.01
Area123 (10) troll 158 654,,Spring_Cr_col,5030,0.68,Big_Cr_H_Col,5030,0.23,Elochoman_H,5030,0.04,Cowlitz_H_fa,5008,0.03,Elochoman_R_Fa,5008,0.01
Area123 (10) troll 158 655,,Robertson,8,0.51,Gold_R,8,0.48,Kaouk_R,8,0.00,Thornton,8,0.00,Coos_H,5011,0.00
Area123 (10) troll 158 656,,Chilliwack_F,3,0.79,Harrison,3,0.21,Chilliwac@Stav,3,0.00,,,,,,
Area123 (10) troll 158 657,,Nez_PerceT_H,5021,0.65,George_Adams_H,5005,0.26,Snoqualmie_R,5016,0.05,Lyons_Ferry_H,5021,0.01,S_Prairie_Cr,5020,0.01
Area123 (10) troll 158 658,,Harrison,3,0.87,Chilliwack_F,3,0.12,Snoqualmie_R,5016,0.00,S_Prairie_Cr,5020,0.00,George_Adams_H,5005,0.00
Area123 (10) troll 158 659,,Spring_Cr_col,5030,1.00,Elochoman_H,5030,0.00,,,,,,,,,
Area123 (10) troll 158 660,,Hanford_Reach,5026,0.48,Priest_Rapid_H,5026,0.25,Wells_H,5026,0.10,Umatilla_H_Fa,5026,0.08,Priest_Rapids_H,5026,0.05
Area123 (10) troll 158 661,,Chilliwack_F,3,0.95,Harrison,3,0.05,Skykomish_R,5016,0.00,L_Qualicum,7,0.00,,,
Area123 (10) troll 158 662,,Cedar_R_SuFa,5020,0.45,Samish_H,5016,0.37,Clear_Cr_H,5020,0.09,Hamma_Hamma_R,5005,0.03,Grovers_Cr_H,5020,0.03
Area123 (10) troll 158 663,,Samish_H,5016,0.68,Cedar_R_SuFa,5020,0.21,George_Adams_H,5005,0.06,Hamma_Hamma_R,5005,0.02,Grovers_Cr_H,5020,0.02
Area123 (10) troll 158 664,,Grovers_Cr_H,5020,0.49,Hamma_Hamma_R,5005,0.25,U_Deschutes_R,5004,0.10,UW_H_SuFa,5020,0.04,Soos_H,5020,0.03
Area123 (10) troll 158 665,,Clear_Cr_H,5020,0.50,George_Adams_H,5005,0.24,Hamma_Hamma_R,5005,0.21,Samish_H,5016,0.02,Cedar_R_SuFa,5020,0.01
Area123 (10) troll 158 666,,UW_H_SuFa,5020,0.52,Soos_H,5020,0.45,Cedar_R_SuFa,5020,0.01,Clear_Cr_H,5020,0.01,Grovers_Cr_H,5020,0.00
Area123 (10) troll 158 667,,Clear_Cr_H,5020,0.49,S_Prairie_Cr,5020,0.17,George_Adams_H,5005,0.15,Snoqualmie_R,5016,0.04,Samish_H,5016,0.04
Area123 (10) troll 158 668,,Spring_Cr_col,5030,1.00,Abernathy_NFH_F,5008,0.00,Elochoman_H,5030,0.00,Big_Cr_H_Col,5030,0.00,,,
Area123 (10) troll 158 669,,Elochoman_H,5030,0.38,Spring_Cr_col,5030,0.35,Green_R_Fa,5008,0.19,Abernathy_NFH_F,5008,0.04,Washougal_R_Fa,5008,0.03
Area123 (10) troll 158 670,,Soos_H,5020,0.70,Cedar_R_SuFa,5020,0.24,Priest_Rapid_H,5026,0.03,Samish_H,5016,0.01,Hamma_Hamma_R,5005,0.01
Area123 (10) troll 158 671,,Soos_H,5020,0.26,Grovers_Cr_H,5020,0.21,Clear_Cr_H,5020,0.17,Hamma_Hamma_R,5005,0.16,George_Adams_H,5005,0.09
Area123 (10) troll 158 672,,Cedar_R_SuFa,5020,0.73,George_Adams_H,5005,0.13,UW_H_SuFa,5020,0.07,Hamma_Hamma_R,5005,0.03,NF_Skokomish_F,5005,0.02
Area123 (10) troll 158 673,,Soos_H,5020,0.35,Grovers_Cr_H,5020,0.25,Clear_Cr_H,5020,0.10,Cedar_R_SuFa,5020,0.08,Samish_H,5016,0.05
Area123 (10) troll 158 674,,George_Adams_H,5005,0.54,Clear_Cr_H,5020,0.25,Hamma_Hamma_R,5005,0.11,Samish_H,5016,0.05,Grovers_Cr_H,5020,0.02
Area123 (10) troll 158 675,,Spring_Cr_col,5030,0.98,Elochoman_H,5030,0.02,Big_Cr_H_Col,5030,0.00,Abernathy_NFH_F,5008,0.00,,,
Area123 (10) troll 158 676,,Clear_Cr_H,5020,0.56,Snoqualmie_R,5016,0.22,Cedar_R_SuFa,5020,0.08,Hamma_Hamma_R,5005,0.06,George_Adams_H,5005,0.04
Area123 (10) troll 158 677,,Spring_Cr_col,5030,0.87,Elochoman_H,5030,0.09,Abernathy_NFH_F,5008,0.02,Big_Cr_H_Col,5030,0.01,Green_R_Fa,5008,0.01
Area123 (10) troll 158 678,,Harrison,3,0.40,Snoqualmie_R,5016,0.33,Chilliwack_F,3,0.21,George_Adams_H,5005,0.03,Hamma_Hamma_R,5005,0.01
Area123 (10) troll 158 679,,Clear_Cr_H,5020,0.40,Hamma_Hamma_R,5005,0.23,George_Adams_H,5005,0.17,Soos_H,5020,0.10,Cedar_R_SuFa,5020,0.03
Area123 (10) troll 158 680,,Soos_H,5020,0.57,George_Adams_H,5005,0.18,S_Prairie_Cr,5020,0.11,Grovers_Cr_H,5020,0.07,Hamma_Hamma_R,5005,0.03
Area123 (10) troll 158 681,,Spring_Cr_col,5030,1.00,Elochoman_H,5030,0.00,Big_Cr_H_Col,5030,0.00,Abernathy_NFH_F,5008,0.00,,,
Area123 (10) troll 158 682,,Samish_H,5016,0.42,Hamma_Hamma_R,5005,0.24,Cedar_R_SuFa,5020,0.23,George_Adams_H,5005,0.06,Grovers_Cr_H,5020,0.04
Area123 (10) troll 158 683,,Soos_H,5020,0.53,S_Prairie_Cr,5020,0.34,Clear_Cr_H,5020,0.08,Grovers_Cr_H,5020,0.02,George_Adams_H,5005,0.02
Area123 (10) troll 158 684,,Cedar_R_SuFa,5020,0.37,S_Prairie_Cr,5020,0.35,Soos_H,5020,0.08,Clear_Cr_H,5020,0.06,Samish_H,5016,0.05
Area123 (10) troll 158 685,,McKenzie_H,5029,0.78,N_Santiam_H,5029,0.20,Lyons_Ferry_H,5021,0.02,Nez_PerceT_H,5021,0.00,Hanford_Reach,5026,0.00
Area123 (10) troll 158 686,,George_Adams_H,5005,0.41,Samish_H,5016,0.18,Cedar_R_SuFa,5020,0.11,Hamma_Hamma_R,5005,0.09,Soos_H,5020,0.07
Area123 (10) troll 158 687,,George_Adams_H,5005,0.73,Clear_Cr_H,5020,0.17,Grovers_Cr_H,5020,0.03,Hamma_Hamma_R,5005,0.03,Soos_H,5020,0.02
Area123 (10) troll 158 688,,Samish_H,5016,0.54,Cedar_R_SuFa,5020,0.28,Clear_Cr_H,5020,0.05,George_Adams_H,5005,0.04,Hamma_Hamma_R,5005,0.03
Area123 (10) troll 158 689,,NF_Nooksack_H,5016,1.00,,,,,,,,,,,,
Area123 (10) troll 158 690,,Spring_Cr_col,5030,1.00,,,,,,,,,,,,
Area123 (10) troll 158 691,,Cedar_R_SuFa,5020,0.33,Grovers_Cr_H,5020,0.18,George_Adams_H,5005,0.14,Clear_Cr_H,5020,0.14,Hamma_Hamma_R,5005,0.09
Area123 (10) troll 158 692,,Hanford_Reach,5026,0.93,Umatilla_H_Fa,5026,0.03,Nez_PerceT_H,5021,0.02,Priest_Rapid_H,5026,0.01,Elochoman_H,5030,0.00
Area123 (10) troll 158 693,,Spring_Cr_col,5030,0.81,Elochoman_H,5030,0.15,Big_Cr_H_Col,5030,0.02,Abernathy_NFH_F,5008,0.01,Green_R_Fa,5008,0.01
Area123 (10) troll 158 694,,Cowlitz_H_fa,5008,0.89,Priest_Rapid_H,5026,0.04,Lewis_R_Su,5008,0.03,Hanford_Reach,5026,0.02,Cowlitz_H_sp,5009,0.00
Area123 (10) troll 158 695,,L_Qualicum,7,0.89,Cowichan,7,0.09,Big_Qualicum,7,0.01,Puntledge_BackX,7,0.00,Puntledge_F,7,0.00
Area123 (10) troll 158 696,,NF_Nooksack_H,5016,1.00,,,,,,,,,,,,
Area123 (10) troll 158 697,,Soos_H,5020,0.58,Cedar_R_SuFa,5020,0.26,UW_H_SuFa,5020,0.13,Clear_Cr_H,5020,0.02,S_Prairie_Cr,5020,0.01
Area123 (10) troll 158 698,,Spring_Cr_col,5030,0.99,Big_Cr_H_Col,5030,0.01,Elochoman_H,5030,0.00,Abernathy_NFH_F,5008,0.00,Cowlitz_H_fa,5008,0.00
Area123 (10) troll 158 699,,S_Prairie_Cr,5020,0.54,Clear_Cr_H,5020,0.26,Soos_H,5020,0.09,Cedar_R_SuFa,5020,0.05,George_Adams_H,5005,0.04
Area123 (10) troll 158 700,,Snoqualmie_R,5016,0.32,George_Adams_H,5005,0.24,S_Prairie_Cr,5020,0.14,Samish_H,5016,0.10,Grovers_Cr_H,5020,0.06
Area123 (10) troll 158 701,,Spring_Cr_col,5030,0.82,Big_Cr_H_Col,5030,0.16,Elochoman_H,5030,0.01,Cowlitz_H_fa,5008,0.00,Abernathy_NFH_F,5008,0.00
Area123 (10) troll 158 702,,Grovers_Cr_H,5020,0.51,George_Adams_H,5005,0.43,Soos_H,5020,0.04,Clear_Cr_H,5020,0.01,Hamma_Hamma_R,5005,0.01
Area123 (10) troll 158 703,,Spring_Cr_col,5030,0.97,Big_Cr_H_Col,5030,0.02,Elochoman_H,5030,0.01,Cowlitz_H_fa,5008,0.00,Elochoman_R_Fa,5008,0.00
Area123 (10) troll 158 704,,Hamma_Hamma_R,5005,0.26,George_Adams_H,5005,0.24,Cedar_R_SuFa,5020,0.23,Soos_H,5020,0.10,Clear_Cr_H,5020,0.08
Area123 (10) troll 158 705,,Hanford_Reach,5026,0.63,Lyons_Ferry_H,5021,0.16,Nez_PerceT_H,5021,0.09,Priest_Rapid_H,5026,0.05,Wells_H,5026,0.03
Area123 (10) troll 158 706,,Clear_Cr_H,5020,0.27,Cedar_R_SuFa,5020,0.17,Soos_H,5020,0.17,George_Adams_H,5005,0.06,Hamma_Hamma_R,5005,0.06
Area123 (10) troll 158 707,,Priest_Rapid_H,5026,0.44,Nez_PerceT_H,5021,0.24,Lyons_Ferry_H,5021,0.11,Umatilla_H_Fa,5026,0.10,Priest_Rapids_H,5026,0.06
Area123 (10) troll 158 708,,Lyons_Ferry_H,5021,0.50,Priest_Rapid_H,5026,0.29,Hanford_Reach,5026,0.15,Nez_PerceT_H,5021,0.02,Lewis_R_Su,5008,0.01
Area123 (10) troll 158 709,,Harrison,3,0.56,Chilliwack_F,3,0.29,Umpqua_H,5011,0.10,Applegate_Cr,5019,0.02,Umatilla_H_Fa,5026,0.02
Area123 (10) troll 158 710,,Harrison,3,0.94,Coos_H,5011,0.04,Chilliwack_F,3,0.02,Umpqua_H,5011,0.00,Coquille_R,5011,0.00
Area123 (10) troll 158 711,,Chilliwack_F,3,0.97,Harrison,3,0.03,,,,,,,,,
Area123 (10) troll 158 712,,Chilliwack_F,3,0.98,Harrison,3,0.02,,,,,,,,,
Area123 (10) troll 158 713,,George_Adams_H,5005,0.52,Clear_Cr_H,5020,0.44,Hamma_Hamma_R,5005,0.02,Grovers_Cr_H,5020,0.01,S_Prairie_Cr,5020,0.00
Area123 (10) troll 158 714,,Kaouk_R,8,0.96,Moyeha_R,8,0.03,Tranquil,8,0.00,Conuma,8,0.00,Megin_R,8,0.00
Area123 (10) troll 158 715,,Harrison,3,0.98,Chilliwack_F,3,0.01,Little_R,5,0.01,South_Thom,5,0.00,Snoqualmie_R,5016,0.00
Area123 (10) troll 158 716,,Samish_H,5016,0.98,Cedar_R_SuFa,5020,0.02,Hamma_Hamma_R,5005,0.00,S_Prairie_Cr,5020,0.00,Snoqualmie_R,5016,0.00
Area123 (10) troll 158 717,,Cedar_R_SuFa,5020,0.48,Grovers_Cr_H,5020,0.20,Soos_H,5020,0.10,Snoqualmie_R,5016,0.08,George_Adams_H,5005,0.08
Area123 (10) troll 158 718,,Coos_H,5011,1.00,,,,,,,,,,,,
Area123 (10) troll 158 719,,Priest_Rapid_H,5026,0.39,Nez_PerceT_H,5021,0.28,Umatilla_H_Fa,5026,0.27,Lyons_Ferry_H,5021,0.03,U_Deschutes_R,5004,0.01
Area123 (10) troll 158 720,,Cowlitz_H_fa,5008,0.54,Green_R_Fa,5008,0.43,Washougal_R_Fa,5008,0.02,Elochoman_H,5030,0.01,Elochoman_R_Fa,5008,0.01
Area123 (10) troll 158 721,Dupe with 738,Spring_Cr_col,5030,0.83,Elochoman_H,5030,0.15,Big_Cr_H_Col,5030,0.01,Cowlitz_H_fa,5008,0.00,Abernathy_NFH_F,5008,0.00
Area123 (10) troll 158 722,,Cowlitz_H_fa,5008,0.70,Big_Cr_H_Col,5030,0.14,Lewis_R_Su,5008,0.05,Elochoman_H,5030,0.05,Cowlitz_H_sp,5009,0.03
Area123 (10) troll 158 723,,George_Adams_H,5005,0.29,Clear_Cr_H,5020,0.27,Samish_H,5016,0.19,Cedar_R_SuFa,5020,0.07,Hamma_Hamma_R,5005,0.07
Area123 (10) troll 158 724,,Umatilla_H_Fa,5026,0.47,Lewis_R_Su,5008,0.27,Hanford_Reach,5026,0.21,Washougal_R_Fa,5008,0.02,Priest_Rapid_H,5026,0.02
Area123 (10) troll 158 725,,Lyons_Ferry_H,5021,0.76,Umatilla_H_Fa,5026,0.08,U_Deschutes_R,5004,0.06,Nez_PerceT_H,5021,0.06,Priest_Rapid_H,5026,0.03
Area123 (10) troll 158 726,,McKenzie_H,5029,0.67,N_Santiam_H,5029,0.20,Spring_Cr_col,5030,0.11,Cowlitz_H_fa,5008,0.02,Elochoman_R_Fa,5008,0.00
Area123 (10) troll 158 727,,Spring_Cr_col,5030,0.99,Abernathy_NFH_F,5008,0.00,Big_Cr_H_Col,5030,0.00,Elochoman_H,5030,0.00,Elochoman_R_Fa,5008,0.00
Area123 (10) troll 158 728,,George_Adams_H,5005,0.58,Cedar_R_SuFa,5020,0.18,Samish_H,5016,0.12,Hamma_Hamma_R,5005,0.05,Grovers_Cr_H,5020,0.02
Area123 (10) troll 158 729,,Hamma_Hamma_R,5005,0.30,Clear_Cr_H,5020,0.19,UW_H_SuFa,5020,0.17,George_Adams_H,5005,0.13,Cedar_R_SuFa,5020,0.12
Area123 (10) troll 158 730,,Cowlitz_H_sp,5009,0.32,Cowlitz_H_fa,5008,0.27,Green_R_Fa,5008,0.10,Elochoman_R_Fa,5008,0.08,Elochoman_H,5030,0.08
Area123 (10) troll 158 731,,Nez_PerceT_H,5021,0.60,Priest_Rapid_H,5026,0.13,Lyons_Ferry_H,5021,0.12,Umatilla_H_Fa,5026,0.08,Hanford_Reach,5026,0.04
Area123 (10) troll 158 732,,Spring_Cr_col,5030,0.98,Big_Cr_H_Col,5030,0.01,Abernathy_NFH_F,5008,0.00,Elochoman_H,5030,0.00,George_Adams_H,5005,0.00
Area123 (10) troll 158 733,,George_Adams_H,5005,0.71,Samish_H,5016,0.12,Cedar_R_SuFa,5020,0.05,Hamma_Hamma_R,5005,0.05,Clear_Cr_H,5020,0.04
Area123 (10) troll 158 734,,Harrison,3,0.98,Chilliwack_F,3,0.02,Chilliwac@Stav,3,0.00,,,,,,
Area123 (10) troll 158 735,,Priest_Rapid_H,5026,0.72,Lyons_Ferry_H,5021,0.12,Nez_PerceT_H,5021,0.12,Hanford_Reach,5026,0.01,Umatilla_H_Fa,5026,0.01
Area123 (10) troll 158 736,,Spring_Cr_col,5030,1.00,Big_Cr_H_Col,5030,0.00,Abernathy_NFH_F,5008,0.00,Elochoman_H,5030,0.00,Elochoman_R_Fa,5008,0.00
Area123 (10) troll 158 737,,Spring_Cr_col,5030,0.84,Big_Cr_H_Col,5030,0.15,Cowlitz_H_fa,5008,0.01,Washougal_R_Fa,5008,0.00,Elochoman_H,5030,0.00
Area123 (10) troll 158 738,,Spring_Cr_col,5030,0.65,Big_Cr_H_Col,5030,0.22,Elochoman_H,5030,0.09,Green_R_Fa,5008,0.03,Cowlitz_H_fa,5008,0.00
Area123 (10) troll 158 739,Dupe with 720,Spring_Cr_col,5030,0.82,Elochoman_H,5030,0.15,Big_Cr_H_Col,5030,0.01,Cowlitz_H_fa,5008,0.01,Abernathy_NFH_F,5008,0.00
Area123 (10) troll 158 740,,Cedar_R_SuFa,5020,0.29,Soos_H,5020,0.28,Clear_Cr_H,5020,0.23,Grovers_Cr_H,5020,0.11,George_Adams_H,5005,0.04
Area123 (10) troll 158 741,,Trask_R,5015,0.32,Alsea_R,5015,0.22,Sixes_R,5011,0.11,Coos_H,5011,0.10,Wilson_R,5015,0.10
Area123 (10) troll 158 742,,Priest_Rapids_H,5026,0.28,Umatilla_H_Fa,5026,0.23,Nez_PerceT_H,5021,0.17,Hanford_Reach,5026,0.15,Priest_Rapid_H,5026,0.07
Area123 (10) troll 158 743,,Big_Cr_H_Col,5030,0.74,Spring_Cr_col,5030,0.13,Elochoman_H,5030,0.13,Cowlitz_H_fa,5008,0.00,Washougal_R_Fa,5008,0.00
Area123 (10) troll 158 744,,Harrison,3,0.99,Chilliwack_F,3,0.01,,,,,,,,,
Area123 (10) troll 158 745,,Lyons_Ferry_H,5021,0.45,Priest_Rapid_H,5026,0.22,Hanford_Reach,5026,0.16,Nez_PerceT_H,5021,0.08,Umatilla_H_Fa,5026,0.05
Area123 (10) troll 158 746,,Hamma_Hamma_R,5005,0.57,Grovers_Cr_H,5020,0.28,George_Adams_H,5005,0.12,Cedar_R_SuFa,5020,0.01,NF_Skokomish_F,5005,0.01
Area123 (10) troll 158 747,,White_H,5020,0.47,George_Adams_H,5005,0.18,Grovers_Cr_H,5020,0.12,Cedar_R_SuFa,5020,0.09,Hupp_Sp_H,5020,0.06
Area123 (10) troll 158 748,,Nez_PerceT_H,5021,0.49,Lyons_Ferry_H,5021,0.35,McKenzie_H,5029,0.06,Umatilla_H_Fa,5026,0.03,Priest_Rapid_H,5026,0.02
Area123 (10) troll 158 749,,Chilliwack_F,3,1.00,Harrison,3,0.00,Elochoman_H,5030,0.00,Elochoman_R_Fa,5008,0.00,L_Thompson,5,0.00
Area123 (10) troll 158 750,,Priest_Rapid_H,5026,0.74,Nez_PerceT_H,5021,0.12,Lyons_Ferry_H,5021,0.06,Wells_H,5026,0.03,Umatilla_H_Fa,5026,0.01
Area123 (10) troll 158 751,,Nez_PerceT_H,5021,0.38,Hanford_Reach,5026,0.25,Lyons_Ferry_H,5021,0.16,Umatilla_H_Fa,5026,0.11,Priest_Rapid_H,5026,0.08
Area123 (10) troll 158 752,,Spring_Cr_col,5030,0.99,Big_Cr_H_Col,5030,0.01,Elochoman_H,5030,0.00,Abernathy_NFH_F,5008,0.00,,,
Area123 (10) troll 158 753,,Harrison,3,0.76,Chilliwack_F,3,0.13,Hackett_r,17,0.04,Nakina,17,0.01,Nakina_R,5025,0.01
Area123 (10) troll 158 754,,Nez_PerceT_H,5021,0.89,Lyons_Ferry_H,5021,0.08,Priest_Rapid_H,5026,0.02,Priest_Rapids_H,5026,0.00,Umatilla_H_Fa,5026,0.00
Area123 (10) troll 213 1136,,L_Qualicum,7,0.87,Cowichan,7,0.09,Big_Qualicum,7,0.03,Puntledge_F,7,0.00,San_Juan,8,0.00
Area123 (10) troll 213 1137,,Little_R,5,0.51,South_Thom,5,0.41,Lewis_R_Su,5008,0.04,L_Thompson,5,0.02,Umpqua_H,5011,0.01
Area123 (10) troll 213 1138,,Harrison,3,0.82,Chilliwack_F,3,0.17,Soos_H,5020,0.00,Hamma_Hamma_R,5005,0.00,Hanford_Reach,5026,0.00
Area123 (10) troll 213 1139,,Chilliwack_F,3,0.31,Priest_Rapid_H,5026,0.22,Harrison,3,0.15,Hanford_Reach,5026,0.06,Priest_Rapids_H,5026,0.05
Area123 (10) troll 213 1140,,Harrison,3,0.97,Chilliwack_F,3,0.03,Chilliwac@Stav,3,0.00,Grovers_Cr_H,5020,0.00,L_Thompson,5,0.00
Area123 (10) troll 213 1141,,Chilliwack_F,3,0.91,Harrison,3,0.09,Chilliwac@Stav,3,0.00,Torpy,1,0.00,NF_Nooksack_H,5016,0.00
Area123 (10) troll 213 1142,,Chilliwack_F,3,0.99,Harrison,3,0.01,,,,,,,,,
Area123 (10) troll 213 1143,,Harrison,3,0.99,Chilliwack_F,3,0.00,Chilliwac@Stav,3,0.00,U_Sauk_R_SpSu,5016,0.00,L_Qualicum,7,0.00
Area123 (10) troll 213 1144,,Spring_Cr_col,5030,0.72,Big_Cr_H_Col,5030,0.22,Elochoman_H,5030,0.05,Cowlitz_H_fa,5008,0.02,Abernathy_NFH_F,5008,0.01
Area123 (10) troll 213 1145,,Samish_H,5016,0.63,Hamma_Hamma_R,5005,0.13,George_Adams_H,5005,0.12,Cedar_R_SuFa,5020,0.08,S_Prairie_Cr,5020,0.02
Area123 (10) troll 213 1146,,Samish_H,5016,0.96,Cedar_R_SuFa,5020,0.02,Hamma_Hamma_R,5005,0.01,L_Skagit_R_Fa,5016,0.01,George_Adams_H,5005,0.00
Area123 (10) troll 213 1147,,Harrison,3,0.99,Chilliwack_F,3,0.01,Chilliwac@Stav,3,0.00,Samish_H,5016,0.00,,,
Area123 (10) troll 213 1148,,Harrison,3,1.00,Chilliwack_F,3,0.00,Chilliwac@Stav,3,0.00,L_Qualicum,7,0.00,U_Sauk_R_SpSu,5016,0.00
Area123 (10) troll 213 1149,,Applegate_Cr,5019,0.79,Harrison,3,0.17,Cowlitz_H_fa,5008,0.01,Umpqua_H,5011,0.01,Chilliwack_F,3,0.01
Area123 (10) troll 213 1150,,Harrison,3,0.82,Chilliwack_F,3,0.18,Chilliwac@Stav,3,0.00,,,,,,
Area123 (10) troll 213 1151,,Chilliwack_F,3,0.90,Harrison,3,0.10,,,,,,,,,
Area123 (10) troll 213 1152,,Kaouk_R,8,0.49,San_Juan,8,0.39,Gold_R,8,0.08,Robertson,8,0.02,Sarita,8,0.01
Area123 (10) troll 213 1153,,Little_R,5,0.54,Priest_Rapid_H,5026,0.24,South_Thom,5,0.07,Umatilla_H_Fa,5026,0.07,L_Thompson,5,0.04
Area123 (10) troll 213 1154,,South_Thom,5,0.35,Little_R,5,0.27,McKenzie_H,5029,0.21,Torpy,1,0.04,Umpqua_H,5011,0.04
Area123 (10) troll 213 1155,,Chilliwack_F,3,0.84,Harrison,3,0.16,,,,,,,,,
Area123 (10) troll 213 1156,,Chilliwack_F,3,0.59,Harrison,3,0.28,U_Dean,10,0.05,NanaimoSu_BackX,7,0.02,Kitimat,10,0.01
Area123 (10) troll 213 1157,,Harrison,3,0.93,Applegate_Cr,5019,0.05,Chilliwack_F,3,0.01,Umpqua_H,5011,0.00,Cowlitz_H_fa,5008,0.00
Area123 (10) troll 213 1158,,Cedar_R_SuFa,5020,0.81,Grovers_Cr_H,5020,0.09,Samish_H,5016,0.05,Clear_Cr_H,5020,0.02,Soos_H,5020,0.01
Area123 (10) troll 213 1159,,Cedar_R_SuFa,5020,0.37,L_Qualicum,7,0.19,Soos_H,5020,0.18,Samish_H,5016,0.12,Hamma_Hamma_R,5005,0.04
Area123 (10) troll 213 1160,,Spring_Cr_col,5030,1.00,Big_Cr_H_Col,5030,0.00,Abernathy_NFH_F,5008,0.00,,,,,,
Area123 (10) troll 213 1161,,Spring_Cr_col,5030,0.96,Big_Cr_H_Col,5030,0.04,Elochoman_H,5030,0.00,Cowlitz_H_fa,5008,0.00,Elochoman_R_Fa,5008,0.00
Area123 (10) troll 213 1162,,Harrison,3,0.98,Chilliwack_F,3,0.01,Snoqualmie_R,5016,0.00,Elochoman_H,5030,0.00,Cowlitz_H_sp,5009,0.00
Area123 (10) troll 213 1163,,Coos_H,5011,0.59,Elk_H,5011,0.16,Sixes_R,5011,0.11,Alsea_R,5015,0.10,Trask_R,5015,0.01
Area123 (10) troll 213 1164,,Big_Cr_H_Col,5030,0.49,Cowlitz_H_fa,5008,0.44,Spring_Cr_col,5030,0.05,Elochoman_H,5030,0.01,Abernathy_NFH_F,5008,0.00
Area123 (10) troll 213 1165,,Nez_PerceT_H,5021,0.48,Lyons_Ferry_H,5021,0.46,Priest_Rapid_H,5026,0.05,Priest_Rapids_H,5026,0.01,Hanford_Reach,5026,0.00
Area123 (10) troll 213 1166,,Cowlitz_H_fa,5008,0.71,Lewis_R_LSu,5008,0.26,Lewis_R_Su,5008,0.02,Elochoman_R_Fa,5008,0.00,Washougal_R_Fa,5008,0.00
Area123 (10) troll 213 1167,,George_Adams_H,5005,0.57,Hamma_Hamma_R,5005,0.16,Soos_H,5020,0.13,Clear_Cr_H,5020,0.07,Cedar_R_SuFa,5020,0.07
Area123 (10) troll 213 1168,,Nez_PerceT_H,5021,0.58,Umatilla_H_Fa,5026,0.17,Hanford_Reach,5026,0.16,Priest_Rapid_H,5026,0.05,Lyons_Ferry_H,5021,0.04
Area123 (10) troll 213 1169,,Clear_Cr_H,5020,0.37,Soos_H,5020,0.31,Cedar_R_SuFa,5020,0.20,George_Adams_H,5005,0.05,Samish_H,5016,0.03
Area123 (10) troll 213 1170,,Spring_Cr_col,5030,1.00,Big_Cr_H_Col,5030,0.00,Abernathy_NFH_F,5008,0.00,,,,,,
Area123 (10) troll 213 1171,,Chilliwack_F,3,0.75,Harrison,3,0.25,,,,,,,,,
Area123 (10) troll 213 1172,,Harrison,3,1.00,Lewis_R_LSu,5008,0.00,Chilliwack_F,3,0.00,Coos_H,5011,0.00,Chilliwac@Stav,3,0.00
Area123 (10) troll 213 1173,,Umatilla_H_Fa,5026,0.44,Priest_Rapid_H,5026,0.35,Hanford_Reach,5026,0.16,Umatilla_H,5026,0.03,Priest_Rapids_H,5026,0.01
Area123 (10) troll 213 1174,,Cedar_R_SuFa,5020,0.57,Samish_H,5016,0.14,Clear_Cr_H,5020,0.11,Hamma_Hamma_R,5005,0.07,Soos_H,5020,0.05
Area123 (10) troll 213 1175,,Nez_PerceT_H,5021,0.47,Lyons_Ferry_H,5021,0.43,Hanford_Reach,5026,0.08,Feather_H_fa,5001,0.01,Priest_Rapid_H,5026,0.00
Area123 (10) troll 213 1176,,Clear_Cr_H,5020,0.64,Cedar_R_SuFa,5020,0.17,George_Adams_H,5005,0.10,Hamma_Hamma_R,5005,0.03,UW_H_SuFa,5020,0.02
Area123 (10) troll 213 1177,,Umatilla_H_Fa,5026,0.49,Priest_Rapid_H,5026,0.31,Lyons_Ferry_H,5021,0.14,Nez_PerceT_H,5021,0.03,Hanford_Reach,5026,0.02
Area123 (10) troll 213 1178,,Chilliwack_F,3,0.96,Harrison,3,0.03,Chilliwac@Stav,3,0.00,,,,,,
Area123 (10) troll 213 1179,,Chilliwack_F,3,0.88,Harrison,3,0.12,Chilliwac@Stav,3,0.00,Skagit_R,5016,0.00,,,
Area123 (10) troll 213 1180,,Elochoman_H,5030,0.51,Washougal_R_Fa,5008,0.21,Spring_Cr_col,5030,0.17,Lewis_R_Su,5008,0.08,Elochoman_R_Fa,5008,0.01
Area123 (10) troll 213 1181,,Chilliwack_F,3,0.56,Harrison,3,0.44,NF_Skokomish_F,5005,0.00,,,,,,
Area123 (10) troll 213 1182,,Chilliwack_F,3,0.81,Harrison,3,0.19,Chilliwac@Stav,3,0.00,Kluayaz_Cr,19,0.00,,,
Area123 (10) troll 213 1183,,Harrison,3,0.89,Chilliwack_F,3,0.11,Chilliwac@Stav,3,0.00,Applegate_Cr,5019,0.00,,,
Area123 (10) troll 213 1184,,Lyons_Ferry_H,5021,0.89,Nez_PerceT_H,5021,0.10,Hanford_Reach,5026,0.01,Umatilla_H_Fa,5026,0.00,Priest_Rapid_H,5026,0.00
Area123 (10) troll 213 1185,,Chilliwack_F,3,1.00,Harrison,3,0.00,,,,,,,,,
Area123 (10) troll 213 1186,,Harrison,3,0.99,Chilliwack_F,3,0.01,L_Thompson,5,0.00,Chilliwac@Stav,3,0.00,Snoqualmie_R,5016,0.00
Area123 (10) troll 213 1187,,Harrison,3,0.95,Chilliwack_F,3,0.05,Applegate_Cr,5019,0.00,Hanford_Reach,5026,0.00,Chilliwac@Stav,3,0.00
Area123 (10) troll 213 1188,,Chilliwack_F,3,0.89,Harrison,3,0.11,U_Sauk_R_SpSu,5016,0.00,,,,,,
Area123 (10) troll 213 1189,,Coos_H,5011,0.60,S_Umpqua_H,5011,0.19,Umpqua_H,5011,0.08,Applegate_Cr,5019,0.05,Hanford_Reach,5026,0.03
Area123 (10) troll 213 1190,,Harrison,3,0.79,Priest_Rapid_H,5026,0.08,Umatilla_H_Fa,5026,0.06,Chilliwack_F,3,0.04,Lyons_Ferry_H,5021,0.01
Area123 (10) troll 213 1191,,Harrison,3,0.95,Chilliwack_F,3,0.05,Chilliwac@Stav,3,0.00,BlueCr_UpPitt,12,0.00,Big_Silver,12,0.00
Area123 (10) troll 213 1192,,Lyons_Ferry_H,5021,0.22,Elochoman_R_Fa,5008,0.20,Umpqua_H,5011,0.18,McKenzie_H,5029,0.07,Green_R_Fa,5008,0.05
Area123 (10) troll 213 1193,,Spring_Cr_col,5030,0.78,Washougal_R_Fa,5008,0.10,Cowlitz_H_sp,5009,0.08,Cowlitz_H_fa,5008,0.03,Green_R_Fa,5008,0.00
Area123 (10) troll 213 1194,,Priest_Rapid_H,5026,0.63,Hanford_Reach,5026,0.25,Nez_PerceT_H,5021,0.05,Wenatchee_R_SF,5026,0.04,Lyons_Ferry_H,5021,0.03
Area123 (10) troll 213 1195,,Chilliwack_F,3,0.98,Harrison,3,0.02,Nez_PerceT_H,5021,0.00,Cedar_R_SuFa,5020,0.00,George_Adams_H,5005,0.00
Area123 (10) troll 213 1196,,Lyons_Ferry_H,5021,0.47,Hanford_Reach,5026,0.24,Nez_PerceT_H,5021,0.16,Umatilla_H_Fa,5026,0.06,Priest_Rapid_H,5026,0.05
Area123 (10) troll 213 1197,,Chilliwack_F,3,0.96,Harrison,3,0.04,,,,,,,,,
Area123 (10) troll 213 1198,,Harrison,3,0.72,Chilliwack_F,3,0.27,Feather_H_fa,5001,0.00,Nez_PerceT_H,5021,0.00,Hanford_Reach,5026,0.00
Area123 (10) troll 213 1199,,Umatilla_H_Fa,5026,0.40,Hanford_Reach,5026,0.20,Cedar_R_SuFa,5020,0.16,Nez_PerceT_H,5021,0.08,Umpqua_H,5011,0.04
Area123 (10) troll 213 1200,,Chilliwack_F,3,0.64,Harrison,3,0.36,,,,,,,,,
Area123 (10) troll 213 1201,,Harrison,3,0.97,Chilliwack_F,3,0.02,Hanford_Reach,5026,0.00,L_Qualicum,7,0.00,Cedar_R_SuFa,5020,0.00
Area123 (10) troll 213 1202,,Harrison,3,0.75,Chilliwack_F,3,0.25,Nicola,6,0.00,,,,,,
Area123 (10) troll 213 1203,,L_Qualicum,7,0.95,Cowichan,7,0.05,Nanaimo_SU,7,0.00,Cedar_R_SuFa,5020,0.00,Hupp_Sp_H,5020,0.00
Area123 (10) troll 213 1204,,Chilliwack_F,3,0.87,Harrison,3,0.13,Lyons_Ferry_H,5021,0.00,,,,,,
Area123 (10) troll 216 1015,Number of missing Loci exceeded,,,,,,,,,,,,,,,
Area123 (10) troll 216 1016,,Green_R_Fa,5008,0.41,Elochoman_R_Fa,5008,0.33,Umatilla_H_Fa,5026,0.09,Umpqua_H,5011,0.06,Washougal_R_Fa,5008,0.05
Area123 (10) troll 216 1017,,Harrison,3,1.00,Chilliwack_F,3,0.00,South_Thom,5,0.00,Cedar_R_SuFa,5020,0.00,Samish_H,5016,0.00
Area123 (10) troll 216 1018,Number of missing Loci exceeded,,,,,,,,,,,,,,,
Area123 (10) troll 216 1019,,Harrison,3,0.99,Chilliwack_F,3,0.01,Samish_H,5016,0.00,Kitlope,10,0.00,Unuk,15,0.00
Area123 (10) troll 216 1020,,Priest_Rapid_H,5026,0.26,Umatilla_H_Fa,5026,0.22,Hanford_Reach,5026,0.17,Lyons_Ferry_H,5021,0.17,Priest_Rapids_H,5026,0.08
Area123 (10) troll 216 1021,,Cedar_R_SuFa,5020,0.57,Clear_Cr_H,5020,0.14,Hamma_Hamma_R,5005,0.10,Samish_H,5016,0.10,S_Prairie_Cr,5020,0.06
Area123 (10) troll 216 1022,,Harrison,3,0.53,South_Thom,5,0.32,Little_R,5,0.13,L_Thompson,5,0.02,L_Shuswap,5,0.00
Area123 (10) troll 216 1023,,Chilliwack_F,3,1.00,Harrison,3,0.00,Chilliwac@Stav,3,0.00,,,,,,
Area123 (10) troll 216 1024,Number of missing Loci exceeded,,,,,,,,,,,,,,,
Area123 (10) troll 216 1025,,Clear_Cr_H,5020,0.39,Soos_H,5020,0.27,Cedar_R_SuFa,5020,0.21,George_Adams_H,5005,0.07,Samish_H,5016,0.03
Area123 (10) troll 216 1026,,Chilliwack_F,3,0.93,Harrison,3,0.07,,,,,,,,,
Area123 (10) troll 216 1027,,Harrison,3,0.99,Chilliwack_F,3,0.01,Priest_Rapid_H,5026,0.00,Hanford_Reach,5026,0.00,Lyons_Ferry_H,5021,0.00
Area123 (10) troll 216 1028,,Harrison,3,0.85,Chilliwack_F,3,0.14,Clear_Cr_H,5020,0.00,U_Dean,10,0.00,Takia,10,0.00
Area123 (10) troll 216 1029,,Chilliwack_F,3,0.69,Harrison,3,0.31,Chilliwac@Stav,3,0.00,Hamma_Hamma_R,5005,0.00,,,
Area123 (10) troll 216 1030,,Harrison,3,1.00,Chilliwack_F,3,0.00,,,,,,,,,
Area123 (10) troll 216 1031,,Chilliwack_F,3,0.91,Harrison,3,0.08,Hanford_Reach,5026,0.00,Priest_Rapids_H,5026,0.00,Priest_Rapid_H,5026,0.00
Area123 (10) troll 216 1032,,Harrison,3,0.76,Chilliwack_F,3,0.24,Cedar_R_SuFa,5020,0.00,U_Dean,10,0.00,Coos_H,5011,0.00
Area123 (10) troll 216 1033,,Cowlitz_H_fa,5008,0.91,Elochoman_H,5030,0.05,Washougal_R_Fa,5008,0.03,Lewis_R_Su,5008,0.00,Green_R_Fa,5008,0.00
Area123 (10) troll 216 1034,,Harrison,3,0.61,Chilliwack_F,3,0.36,Cedar_R_SuFa,5020,0.01,Snoqualmie_R,5016,0.00,S_Prairie_Cr,5020,0.00
Area123 (10) troll 216 1035,,Grovers_Cr_H,5020,0.28,Soos_H,5020,0.23,UW_H_SuFa,5020,0.17,Cedar_R_SuFa,5020,0.14,George_Adams_H,5005,0.13
Area123 (10) troll 216 1036,,Harrison,3,0.96,Chilliwack_F,3,0.04,,,,,,,,,
Area123 (10) troll 216 1037,,Harrison,3,0.87,Chilliwack_F,3,0.13,Chilliwac@Stav,3,0.00,,,,,,
Area123 (10) troll 216 1038,,Harrison,3,0.65,Chilliwack_F,3,0.16,Soos_H,5020,0.05,Samish_H,5016,0.05,Cedar_R_SuFa,5020,0.03
Area123 (10) troll 216 1039,,Cowlitz_H_fa,5008,0.52,Green_R_Fa,5008,0.38,Washougal_R_Fa,5008,0.03,Elochoman_R_Fa,5008,0.02,Elochoman_H,5030,0.02
Area123 (10) troll 216 1040,,Torpy,1,0.27,Quesnel,2,0.21,Harrison,3,0.20,Goat,1,0.09,Indianpoint,1,0.06
Area123 (10) troll 216 1041,,Cowlitz_H_fa,5008,0.43,Lewis_R_Su,5008,0.32,U_Deschutes_R,5004,0.08,Washougal_R_Fa,5008,0.07,Cowlitz_H_sp,5009,0.03
Area123 (10) troll 216 1042,,Harrison,3,0.97,U_Dean,10,0.01,Dean,10,0.00,Priest_Rapid_H,5026,0.00,Chilliwack_F,3,0.00
Area123 (10) troll 216 1043,,Cedar_R_SuFa,5020,0.61,Clear_Cr_H,5020,0.30,S_Prairie_Cr,5020,0.03,George_Adams_H,5005,0.02,Soos_H,5020,0.02
Area123 (10) troll 216 1044,Number of missing Loci exceeded,,,,,,,,,,,,,,,
Area123 (10) troll 216 1045,Number of missing Loci exceeded,,,,,,,,,,,,,,,
Area123 (10) troll 216 1046,,Harrison,3,1.00,Snoqualmie_R,5016,0.00,Cedar_R_SuFa,5020,0.00,L_Skagit_R_Fa,5016,0.00,Chilliwac@Stav,3,0.00
Area123 (10) troll 216 1047,,U_Deschutes_R,5004,0.71,Nez_PerceT_H,5021,0.09,Hanford_Reach,5026,0.06,Umatilla_H_Fa,5026,0.06,Priest_Rapid_H,5026,0.04
Area123 (10) troll 216 1048,Number of missing Loci exceeded,,,,,,,,,,,,,,,
Area123 (10) troll 216 1049,,Harrison,3,0.88,Chilliwack_F,3,0.12,Kaouk_R,8,0.00,Robertson,8,0.00,Priest_Rapid_H,5026,0.00
Area123 (10) troll 216 1050,,Cowlitz_H_fa,5008,1.00,Lewis_R_LSu,5008,0.00,Big_Cr_H_Col,5030,0.00,Washougal_R_Fa,5008,0.00,,,
Area123 (10) troll 216 1051,,Cedar_R_SuFa,5020,0.44,Samish_H,5016,0.24,Soos_H,5020,0.11,Hamma_Hamma_R,5005,0.10,Clear_Cr_H,5020,0.07
Area123 (10) troll 216 1052,,Harrison,3,0.81,Chilliwack_F,3,0.16,Cowlitz_H_fa,5008,0.00,Elochoman_H,5030,0.00,Cedar_R_SuFa,5020,0.00
Area123 (10) troll 216 1053,,Lyons_Ferry_H,5021,0.61,Hanford_Reach,5026,0.19,Nez_PerceT_H,5021,0.17,Priest_Rapid_H,5026,0.02,Umatilla_H_Fa,5026,0.00
Area123 (10) troll 216 1054,Number of missing Loci exceeded,,,,,,,,,,,,,,,
Area123 (10) troll 216 1055,,Lewis_R_Su,5008,0.45,Priest_Rapid_H,5026,0.20,Washougal_R_Fa,5008,0.13,Cowlitz_H_fa,5008,0.09,Lewis_R_LSu,5008,0.07
Area123 (10) troll 216 1056,,Chilliwack_F,3,0.77,Harrison,3,0.23,,,,,,,,,
Area123 (10) troll 216 1057,Number of missing Loci exceeded,,,,,,,,,,,,,,,
Area123 (10) troll 216 1058,,Chilliwack_F,3,1.00,Harrison,3,0.00,,,,,,,,,
Area123 (10) troll 216 1060,Number of missing Loci exceeded,,,,,,,,,,,,,,,
Area123 (10) troll 216 1061,,Washougal_R_Fa,5008,0.47,Cowlitz_H_fa,5008,0.37,Elochoman_R_Fa,5008,0.05,Green_R_Fa,5008,0.05,Elochoman_H,5030,0.02
Area123 (10) troll 216 1062,,Samish_H,5016,0.83,Hamma_Hamma_R,5005,0.08,Cedar_R_SuFa,5020,0.05,George_Adams_H,5005,0.02,Soos_H,5020,0.01
Area123 (10) troll 216 1063,,Lyons_Ferry_H,5021,0.24,Priest_Rapid_H,5026,0.20,Hanford_Reach,5026,0.20,Umatilla_H_Fa,5026,0.13,Nez_PerceT_H,5021,0.08
Area123 (10) troll 216 1064,,Hanford_Reach,5026,0.56,Umatilla_H_Fa,5026,0.18,Priest_Rapid_H,5026,0.16,Nez_PerceT_H,5021,0.07,Umatilla_H,5026,0.02
Area123 (10) troll 216 1065,,Hanford_Reach,5026,0.20,Hamma_Hamma_R,5005,0.16,Priest_Rapid_H,5026,0.12,Clear_Cr_H,5020,0.09,Spring_Cr_col,5030,0.06
Area123 (10) troll 216 1066,,Clear_Cr_H,5020,0.34,George_Adams_H,5005,0.28,Grovers_Cr_H,5020,0.14,UW_H_SuFa,5020,0.14,Cedar_R_SuFa,5020,0.07
Area123 (10) troll 216 1067,,Spring_Cr_col,5030,0.85,Elochoman_H,5030,0.06,Big_Cr_H_Col,5030,0.05,Abernathy_NFH_F,5008,0.02,Cowlitz_H_fa,5008,0.01
Area123 (10) troll 216 1068,,Cedar_R_SuFa,5020,0.63,Soos_H,5020,0.13,Samish_H,5016,0.10,Hamma_Hamma_R,5005,0.10,George_Adams_H,5005,0.02
Area123 (10) troll 216 1069,,Green_R_Fa,5008,0.67,Cowlitz_H_fa,5008,0.28,Elochoman_H,5030,0.02,Lewis_R_Su,5008,0.01,Big_Cr_H_Col,5030,0.01
Area123 (10) troll 216 1070,,Spring_Cr_col,5030,0.96,Abernathy_NFH_F,5008,0.03,Big_Cr_H_Col,5030,0.01,Elochoman_H,5030,0.00,Cowlitz_H_fa,5008,0.00
Area123 (10) troll 216 1071,Number of missing Loci exceeded,,,,,,,,,,,,,,,
Area123 (10) troll 216 1072,,Samish_H,5016,0.59,George_Adams_H,5005,0.23,Hamma_Hamma_R,5005,0.06,Cedar_R_SuFa,5020,0.05,Clear_Cr_H,5020,0.03
Area123 (10) troll 216 1073,,Cedar_R_SuFa,5020,0.59,Soos_H,5020,0.11,Hamma_Hamma_R,5005,0.10,Samish_H,5016,0.08,George_Adams_H,5005,0.06
Area123 (10) troll 216 1074,Dupe with 879,L_Qualicum,7,0.99,Big_Qualicum,7,0.01,Harrison,3,0.00,Hanford_Reach,5026,0.00,Hamma_Hamma_R,5005,0.00
Area123 (10) troll 216 1075,,Cedar_R_SuFa,5020,0.44,Hamma_Hamma_R,5005,0.23,Cowlitz_H_fa,5008,0.09,Snoqualmie_R,5016,0.06,Spring_Cr_col,5030,0.04
Area123 (10) troll 216 1076,,Nez_PerceT_H,5021,0.81,Umatilla_H_Fa,5026,0.10,Hanford_Reach,5026,0.05,Lyons_Ferry_H,5021,0.03,Priest_Rapid_H,5026,0.00
Area123 (10) troll 216 1077,,Chilliwack_F,3,0.77,Harrison,3,0.23,Chilliwac@Stav,3,0.00,,,,,,
Area123 (10) troll 216 1078,,Soos_H,5020,0.63,Clear_Cr_H,5020,0.21,Cedar_R_SuFa,5020,0.12,S_Prairie_Cr,5020,0.03,Samish_H,5016,0.00
Area123 (10) troll 216 1079,,Hanford_Reach,5026,0.93,Nez_PerceT_H,5021,0.04,Lyons_Ferry_H,5021,0.02,Priest_Rapid_H,5026,0.00,Priest_Rapids_H,5026,0.00
Area123 (10) troll 216 1080,,Harrison,3,1.00,Chilliwack_F,3,0.00,Kaouk_R,8,0.00,Samish_H,5016,0.00,,,
Area123 (10) troll 216 1081,,Chilliwack_F,3,1.00,Harrison,3,0.00,,,,,,,,,
Area123 (10) troll 216 1082,Dupe with 871,L_Qualicum,7,0.98,Big_Qualicum,7,0.01,Harrison,3,0.00,Hanford_Reach,5026,0.00,Umatilla_H_Fa,5026,0.00
Area123 (10) troll 216 1083,,Soos_H,5020,0.56,S_Prairie_Cr,5020,0.26,Cedar_R_SuFa,5020,0.10,Clear_Cr_H,5020,0.06,Samish_H,5016,0.01
Area123 (10) troll 216 1084,,Cedar_R_SuFa,5020,0.39,Clear_Cr_H,5020,0.19,Soos_H,5020,0.17,S_Prairie_Cr,5020,0.15,Hamma_Hamma_R,5005,0.08
Area123 (10) troll 216 1085,,NF_Nooksack_H,5016,1.00,L_Qualicum,7,0.00,L_Skagit_R_Fa,5016,0.00,U_Sauk_R_SpSu,5016,0.00,Cedar_R_SuFa,5020,0.00
Area123 (10) troll 216 1086,,Harrison,3,0.96,Chilliwack_F,3,0.03,Chilliwac@Stav,3,0.00,Spring_Cr_col,5030,0.00,Priest_Rapid_H,5026,0.00
Area123 (10) troll 216 1087,,Spring_Cr_col,5030,0.98,Big_Cr_H_Col,5030,0.01,Cowlitz_H_fa,5008,0.00,Elochoman_H,5030,0.00,Abernathy_NFH_F,5008,0.00
Area123 (10) troll 216 1088,,Lyons_Ferry_H,5021,0.78,Nez_PerceT_H,5021,0.10,Wells_H,5026,0.05,Hanford_Reach,5026,0.03,Priest_Rapid_H,5026,0.02
Area123 (10) troll 216 1089,,Harrison,3,0.99,Chilliwack_F,3,0.00,Nakina,17,0.00,Andrew_CryH,5024,0.00,Craig,18,0.00
Area123 (10) troll 216 1090,,Spring_Cr_col,5030,0.83,Chilliwack_F,3,0.08,Harrison,3,0.06,Big_Cr_H_Col,5030,0.02,Elochoman_H,5030,0.00
Area123 (10) troll 216 1091,,Chilliwack_F,3,0.99,Harrison,3,0.01,Hamma_Hamma_R,5005,0.00,Clear_Cr_H,5020,0.00,Samish_H,5016,0.00
Area123 (10) troll 216 1092,Number of missing Loci exceeded,,,,,,,,,,,,,,,
Area123 (10) troll 216 1093,,Harrison,3,0.98,Chilliwack_F,3,0.02,Chilliwac@Stav,3,0.00,Lyons_Ferry_H,5021,0.00,Nez_PerceT_H,5021,0.00
Area123 (10) troll 216 1094,,Chilliwack_F,3,0.99,Harrison,3,0.01,,,,,,,,,
Area123 (10) troll 216 1095,,Nez_PerceT_H,5021,0.30,Lyons_Ferry_H,5021,0.26,U_Deschutes_R,5004,0.25,Feather_H_fa,5001,0.10,Hanford_Reach,5026,0.04
Area123 (10) troll 216 1096,,Alsea_R,5015,0.17,Trask_R,5015,0.15,Elk_H,5011,0.12,Umpqua_H,5011,0.10,Wilson_R,5015,0.06
Area123 (10) troll 216 1097,,George_Adams_H,5005,0.34,Clear_Cr_H,5020,0.22,Cedar_R_SuFa,5020,0.12,Hamma_Hamma_R,5005,0.10,Soos_H,5020,0.08
Area123 (10) troll 216 1098,,Chilliwack_F,3,1.00,,,,,,,,,,,,
Area123 (10) troll 216 1099,Number of missing Loci exceeded,,,,,,,,,,,,,,,
Area123 (10) troll 216 1100,Number of missing Loci exceeded,,,,,,,,,,,,,,,
Area123 (10) troll 216 1101,Number of missing Loci exceeded,,,,,,,,,,,,,,,
Area123 (10) troll 216 1102,Number of missing Loci exceeded,,,,,,,,,,,,,,,
Area123 (10) troll 216 1103,,George_Adams_H,5005,0.40,Clear_Cr_H,5020,0.33,Cedar_R_SuFa,5020,0.16,Soos_H,5020,0.05,S_Prairie_Cr,5020,0.04
Area123 (10) troll 216 1104,,Chilliwack_F,3,0.71,Harrison,3,0.29,,,,,,,,,
Area123 (10) troll 216 1105,,Chilliwack_F,3,0.97,Harrison,3,0.03,Cowlitz_H_sp,5009,0.00,Hanford_Reach,5026,0.00,Chilliwac@Stav,3,0.00
Area123 (10) troll 216 1106,,George_Adams_H,5005,0.50,Clear_Cr_H,5020,0.32,Cedar_R_SuFa,5020,0.12,NF_Skokomish_F,5005,0.02,Hamma_Hamma_R,5005,0.02
Area123 (10) troll 216 1107,Number of missing Loci exceeded,,,,,,,,,,,,,,,
Area123 (10) troll 216 1108,,Priest_Rapid_H,5026,0.34,Umatilla_H_Fa,5026,0.21,Nez_PerceT_H,5021,0.20,Hanford_Reach,5026,0.11,Lyons_Ferry_H,5021,0.09
Area123 (10) troll 216 1109,Dupe with 916,Samish_H,5016,0.60,Cedar_R_SuFa,5020,0.34,Soos_H,5020,0.02,George_Adams_H,5005,0.02,Hamma_Hamma_R,5005,0.01
Area123 (10) troll 216 1110,,Harrison,3,1.00,,,,,,,,,,,,
Area123 (10) troll 216 1111,,Chilliwack_F,3,0.62,Harrison,3,0.32,Snoqualmie_R,5016,0.03,Cedar_R_SuFa,5020,0.01,Coos_H,5011,0.01
Area123 (10) troll 216 1112,,Priest_Rapid_H,5026,0.37,Umatilla_H_Fa,5026,0.27,Hanford_Reach,5026,0.23,Lyons_Ferry_H,5021,0.08,Nez_PerceT_H,5021,0.02
Area123 (10) troll 216 1113,Number of missing Loci exceeded,,,,,,,,,,,,,,,
Area123 (10) troll 216 1114,,Cowlitz_H_fa,5008,0.94,Big_Cr_H_Col,5030,0.03,Cowlitz_H_sp,5009,0.01,Elochoman_H,5030,0.01,Washougal_R_Fa,5008,0.00
Area123 (10) troll 216 1115,,Lyons_Ferry_H,5021,0.49,Hanford_Reach,5026,0.34,Wells_H,5026,0.08,Priest_Rapid_H,5026,0.04,Umatilla_H_Fa,5026,0.03
Area123 (10) troll 216 1116,,Samish_H,5016,0.33,George_Adams_H,5005,0.28,Hamma_Hamma_R,5005,0.18,Cedar_R_SuFa,5020,0.15,Clear_Cr_H,5020,0.04
Area123 (10) troll 216 1117,Number of missing Loci exceeded,,,,,,,,,,,,,,,
Area123 (10) troll 216 1118,,Harrison,3,1.00,Elochoman_R_Fa,5008,0.00,Chilliwack_F,3,0.00,Abernathy_Cr_Fa,5008,0.00,Elochoman_H,5030,0.00
Area123 (10) troll 216 1119,Number of missing Loci exceeded,,,,,,,,,,,,,,,
Area123 (10) troll 216 1120,Number of missing Loci exceeded,,,,,,,,,,,,,,,
Area123 (10) troll 216 1121,,Lyons_Ferry_H,5021,0.20,Priest_Rapid_H,5026,0.17,Nez_PerceT_H,5021,0.15,Hanford_Reach,5026,0.15,Umatilla_H_Fa,5026,0.14
Area123 (10) troll 216 1122,,Spring_Cr_col,5030,0.99,Big_Cr_H_Col,5030,0.00,Elochoman_R_Fa,5008,0.00,,,,,,
Area123 (10) troll 216 1123,Number of missing Loci exceeded,,,,,,,,,,,,,,,
Area123 (10) troll 216 1124,Number of missing Loci exceeded,,,,,,,,,,,,,,,
Area123 (10) troll 216 1125,,Chilliwack_F,3,0.95,Harrison,3,0.05,Chilliwac@Stav,3,0.00,,,,,,
Area123 (10) troll 216 1126,Number of missing Loci exceeded,,,,,,,,,,,,,,,
Area123 (10) troll 216 1127,,Harrison,3,0.98,Chilliwack_F,3,0.02,L_Skagit_R_Fa,5016,0.00,U_Sauk_R_SpSu,5016,0.00,Snoqualmie_R,5016,0.00
Area123 (10) troll 216 1128,,Samish_H,5016,0.50,Soos_H,5020,0.21,Cedar_R_SuFa,5020,0.11,Clear_Cr_H,5020,0.07,George_Adams_H,5005,0.03
Area123 (10) troll 216 1129,,Harrison,3,0.91,Chilliwack_F,3,0.03,NF_Nooksack_H,5016,0.02,U_Sauk_R_SpSu,5016,0.01,Coos_H,5011,0.01
Area123 (10) troll 216 1130,Number of missing Loci exceeded,,,,,,,,,,,,,,,
Area123 (10) troll 216 1131,,Harrison,3,0.57,Chilliwack_F,3,0.43,Umpqua_H,5011,0.00,Cedar_R_SuFa,5020,0.00,Gold_R,8,0.00
Area123 (10) troll 216 1132,,Little_R,5,0.31,South_Thom,5,0.25,Snoqualmie_R,5016,0.10,L_Thompson,5,0.07,Hamma_Hamma_R,5005,0.07
Area123 (10) troll 216 1133,Number of missing Loci exceeded,,,,,,,,,,,,,,,
Area123 (10) troll 216 1134,Dupe with 900,Samish_H,5016,0.61,Cedar_R_SuFa,5020,0.34,Soos_H,5020,0.02,George_Adams_H,5005,0.02,Hamma_Hamma_R,5005,0.01
Area123 (10) troll 216 1135,,Harrison,3,0.88,Chilliwack_F,3,0.12,,,,,,,,,
Area123 (10) troll 248 855,,White_H,5020,0.54,Samish_H,5016,0.18,Hamma_Hamma_R,5005,0.15,Hupp_Sp_H,5020,0.04,George_Adams_H,5005,0.03
Area123 (10) troll 248 856,,Priest_Rapid_H,5026,0.19,Umpqua_H,5011,0.17,Cole_Rivers_H,5019,0.17,Hanford_Reach,5026,0.15,U_Sauk_R_SpSu,5016,0.08
Area123 (10) troll 248 857,,Cowlitz_H_fa,5008,0.71,Cowlitz_H_sp,5009,0.22,Lewis_R_Su,5008,0.05,Lewis_R_LSu,5008,0.02,Lewis_R_f,5008,0.00
Area123 (10) troll 248 858,,Chilliwack_F,3,0.95,Harrison,3,0.05,Chilliwac@Stav,3,0.00,Goat,1,0.00,,,
Area123 (10) troll 248 859,,NF_Nooksack_H,5016,1.00,Harrison,3,0.00,L_Skagit_R_Fa,5016,0.00,,,,,,
Area123 (10) troll 248 860,,George_Adams_H,5005,0.65,Clear_Cr_H,5020,0.17,Cedar_R_SuFa,5020,0.08,Soos_H,5020,0.04,S_Prairie_Cr,5020,0.03
Area123 (10) troll 248 861,,Harrison,3,1.00,Chilliwack_F,3,0.00,,,,,,,,,
Area123 (10) troll 248 862,,Harrison,3,0.77,Chilliwack_F,3,0.23,Chilliwac@Stav,3,0.00,L_Qualicum,7,0.00,,,
Area123 (10) troll 248 863,,Harrison,3,0.96,Chilliwack_F,3,0.02,U_Dean,10,0.01,Lemieux_Cr,4,0.00,S_Prairie_Cr,5020,0.00
Area123 (10) troll 248 864,,Hanford_Reach,5026,0.47,Priest_Rapid_H,5026,0.39,Wells_H,5026,0.07,Priest_Rapids_H,5026,0.03,Nez_PerceT_H,5021,0.02
Area123 (10) troll 248 865,,Chilliwack_F,3,0.53,Harrison,3,0.46,Chilliwac@Stav,3,0.00,Priest_Rapid_H,5026,0.00,Hanford_Reach,5026,0.00
Area123 (10) troll 248 866,,Cedar_R_SuFa,5020,0.35,Clear_Cr_H,5020,0.30,George_Adams_H,5005,0.16,Hamma_Hamma_R,5005,0.11,Soos_H,5020,0.08
Area123 (10) troll 248 867,,Harrison,3,1.00,Chilliwack_F,3,0.00,,,,,,,,,
Area123 (10) troll 248 868,,Spring_Cr_col,5030,0.85,Big_Cr_H_Col,5030,0.13,Elochoman_H,5030,0.01,Cowlitz_H_fa,5008,0.01,Green_R_Fa,5008,0.00
Area123 (10) troll 248 869,,Samish_H,5016,0.76,Cedar_R_SuFa,5020,0.16,George_Adams_H,5005,0.03,Clear_Cr_H,5020,0.01,Soos_H,5020,0.01
Area123 (10) troll 248 870,,Harrison,3,0.94,Chilliwack_F,3,0.05,Cedar_R_SuFa,5020,0.00,S_Prairie_Cr,5020,0.00,Clear_Cr_H,5020,0.00
Area123 (10) troll 248 871,,Priest_Rapid_H,5026,0.43,Umatilla_H_Fa,5026,0.31,Hanford_Reach,5026,0.22,Lyons_Ferry_H,5021,0.04,Nez_PerceT_H,5021,0.00
Area123 (10) troll 248 872,,Chilliwack_F,3,1.00,Harrison,3,0.00,,,,,,,,,
Area123 (10) troll 248 873,,Harrison,3,0.85,Chilliwack_F,3,0.15,,,,,,,,,
Area123 (10) troll 248 874,,Spring_Cr_col,5030,0.99,Elochoman_H,5030,0.00,Big_Cr_H_Col,5030,0.00,Cowlitz_H_fa,5008,0.00,Abernathy_NFH_F,5008,0.00
Area123 (10) troll 248 875,,Cowlitz_H_sp,5009,1.00,Spring_Cr_col,5030,0.00,Washougal_R_Fa,5008,0.00,Cowlitz_H_fa,5008,0.00,Big_Cr_H_Col,5030,0.00
Area123 (10) troll 248 876,,Spring_Cr_col,5030,0.87,Big_Cr_H_Col,5030,0.11,Elochoman_H,5030,0.01,Abernathy_NFH_F,5008,0.00,Green_R_Fa,5008,0.00
Area123 (10) troll 248 877,,Chilliwack_F,3,0.59,Harrison,3,0.41,L_Skagit_R_Fa,5016,0.00,George_Adams_H,5005,0.00,,,
Area123 (10) troll 248 878,,Grovers_Cr_H,5020,0.70,George_Adams_H,5005,0.12,Cedar_R_SuFa,5020,0.10,Hamma_Hamma_R,5005,0.07,Clear_Cr_H,5020,0.01
Area123 (10) troll 248 879,,Nez_PerceT_H,5021,0.49,Lyons_Ferry_H,5021,0.31,Priest_Rapid_H,5026,0.08,Umatilla_H_Fa,5026,0.06,Hanford_Reach,5026,0.05
Area123 (10) troll 248 880,,Harrison,3,0.97,Chilliwack_F,3,0.01,Cole_Rivers_H,5019,0.01,S_Umpqua_H,5011,0.01,Snoqualmie_R,5016,0.00
Area123 (10) troll 248 881,,Alsea_R,5015,0.77,Wilson_R,5015,0.09,Coos_H,5011,0.07,Kilchis_R,5015,0.04,Trask_R,5015,0.02
Area123 (10) troll 248 882,,Spring_Cr_col,5030,0.87,Big_Cr_H_Col,5030,0.10,Elochoman_H,5030,0.03,Abernathy_NFH_F,5008,0.00,Cowlitz_H_fa,5008,0.00
Area123 (10) troll 249 883,,Chilliwack_F,3,0.60,Harrison,3,0.40,,,,,,,,,
Area123 (10) troll 249 884,,Chilliwack_F,3,0.98,Harrison,3,0.02,Cedar_R_SuFa,5020,0.00,Grovers_Cr_H,5020,0.00,Snoqualmie_R,5016,0.00
Area123 (10) troll 249 885,,Snoqualmie_R,5016,0.50,Hamma_Hamma_R,5005,0.22,Soos_H,5020,0.11,U_Sauk_R_SpSu,5016,0.06,Cedar_R_SuFa,5020,0.04
Area123 (10) troll 249 886,,Clear_Cr_H,5020,0.55,Cedar_R_SuFa,5020,0.16,Samish_H,5016,0.13,Soos_H,5020,0.07,Hamma_Hamma_R,5005,0.05
Area123 (10) troll 249 887,,Harrison,3,0.62,Chilliwack_F,3,0.14,Samish_H,5016,0.04,Nez_PerceT_H,5021,0.04,L_Qualicum,7,0.03
Area123 (10) troll 249 888,,Clear_Cr_H,5020,0.30,Soos_H,5020,0.29,S_Prairie_Cr,5020,0.29,Hamma_Hamma_R,5005,0.05,Cedar_R_SuFa,5020,0.05
Area123 (10) troll 249 889,,Harrison,3,0.97,U_Deschutes_R,5004,0.02,Chilliwack_F,3,0.00,Lyons_Ferry_H,5021,0.00,Snoqualmie_R,5016,0.00
Area123 (10) troll 249 890,,Harrison,3,1.00,Chilliwack_F,3,0.00,Chilliwac@Stav,3,0.00,,,,,,
Area123 (10) troll 249 891,,Chilliwack_F,3,0.76,Harrison,3,0.24,,,,,,,,,
Area123 (10) troll 249 892,,Snoqualmie_R,5016,0.44,Coos_H,5011,0.36,L_Skagit_R_Fa,5016,0.05,S_Prairie_Cr,5020,0.04,Samish_H,5016,0.02
Area123 (10) troll 249 893,,Samish_H,5016,0.27,Hamma_Hamma_R,5005,0.20,George_Adams_H,5005,0.15,Cedar_R_SuFa,5020,0.14,Grovers_Cr_H,5020,0.11
Area123 (10) troll 249 894,,Clear_Cr_H,5020,0.73,George_Adams_H,5005,0.12,Soos_H,5020,0.05,Cedar_R_SuFa,5020,0.03,Hamma_Hamma_R,5005,0.03
Area123 (10) troll 249 895,,George_Adams_H,5005,0.27,Cedar_R_SuFa,5020,0.24,Soos_H,5020,0.23,Samish_H,5016,0.10,Hamma_Hamma_R,5005,0.07
Area123 (10) troll 249 896,,Cowlitz_H_fa,5008,0.84,Elochoman_R_Fa,5008,0.09,Cowlitz_H_sp,5009,0.03,Elochoman_H,5030,0.01,Green_R_Fa,5008,0.01
Area123 (10) troll 249 897,,Chilliwack_F,3,0.96,Harrison,3,0.04,Chilliwac@Stav,3,0.00,Torpy,1,0.00,,,
Area123 (10) troll 249 898,,Cowlitz_H_fa,5008,0.74,Cowlitz_H_sp,5009,0.22,Lewis_R_Su,5008,0.03,Lewis_R_f,5008,0.00,Elochoman_H,5030,0.00
Area123 (10) troll 249 899,,Harrison,3,0.86,Chilliwack_F,3,0.13,Applegate_Cr,5019,0.00,Hanford_Reach,5026,0.00,Umatilla_H_Fa,5026,0.00
Area123 (10) troll 249 900,,Clear_Cr_H,5020,0.37,Cedar_R_SuFa,5020,0.28,Soos_H,5020,0.21,Hamma_Hamma_R,5005,0.04,Snoqualmie_R,5016,0.03
Area123 (10) troll 249 901,,Chilliwack_F,3,0.64,Harrison,3,0.36,Kaouk_R,8,0.00,,,,,,
Area123 (10) troll 249 902,,Samish_H,5016,0.94,Cowlitz_H_fa,5008,0.01,Kilchis_R,5015,0.01,Kateen,10,0.01,Lewis_R_Su,5008,0.01
Area123 (10) troll 249 903,,Chilliwack_F,3,0.82,Harrison,3,0.09,Nez_PerceT_H,5021,0.07,Lyons_Ferry_H,5021,0.01,Hanford_Reach,5026,0.00
Area123 (10) troll 249 904,Dupe with 980,Harrison,3,0.99,Chilliwack_F,3,0.01,Chilliwac@Stav,3,0.00,,,,,,
Area123 (10) troll 249 905,,Chilliwack_F,3,0.97,Harrison,3,0.03,,,,,,,,,
Area123 (10) troll 249 906,,Hanford_Reach,5026,0.86,Priest_Rapid_H,5026,0.13,Priest_Rapids_H,5026,0.00,Feather_H_fa,5001,0.00,Nez_PerceT_H,5021,0.00
Area123 (10) troll 249 907,,Nez_PerceT_H,5021,0.99,Lyons_Ferry_H,5021,0.00,Priest_Rapids_H,5026,0.00,Hanford_Reach,5026,0.00,Priest_Rapid_H,5026,0.00
Area123 (10) troll 249 908,,Lyons_Ferry_H,5021,0.70,Nez_PerceT_H,5021,0.15,Hanford_Reach,5026,0.09,U_Deschutes_R,5004,0.04,Priest_Rapid_H,5026,0.01
Area123 (10) troll 249 909,,Harrison,3,1.00,Chilliwack_F,3,0.00,Chilliwac@Stav,3,0.00,,,,,,
Area123 (10) troll 249 910,,Spring_Cr_col,5030,0.99,Big_Cr_H_Col,5030,0.01,Abernathy_NFH_F,5008,0.00,Green_R_Fa,5008,0.00,Elochoman_H,5030,0.00
Area123 (10) troll 249 911,,Harrison,3,0.99,Chilliwack_F,3,0.01,Hamma_Hamma_R,5005,0.00,Soos_H,5020,0.00,U_Sauk_R_SpSu,5016,0.00
Area123 (10) troll 249 912,,Chilliwack_F,3,1.00,Harrison,3,0.00,,,,,,,,,
Area123 (10) troll 249 913,,George_Adams_H,5005,0.47,Grovers_Cr_H,5020,0.30,Cedar_R_SuFa,5020,0.10,Hamma_Hamma_R,5005,0.07,Clear_Cr_H,5020,0.03
Area123 (10) troll 249 914,,Chilliwack_F,3,0.46,Harrison,3,0.44,Cedar_R_SuFa,5020,0.07,Grovers_Cr_H,5020,0.01,Soos_H,5020,0.00
Area123 (10) troll 249 915,,Clear_Cr_H,5020,0.59,Grovers_Cr_H,5020,0.16,Soos_H,5020,0.08,Cedar_R_SuFa,5020,0.05,Hamma_Hamma_R,5005,0.05
Area123 (10) troll 249 916,,Harrison,3,1.00,Chilliwack_F,3,0.00,NanaimoSu_BackX,7,0.00,,,,,,
Area123 (10) troll 249 917,Dupe with 967,Harrison,3,0.99,Chilliwack_F,3,0.01,Chilliwac@Stav,3,0.00,,,,,,
Area123 (10) troll 249 918,,Chilliwack_F,3,0.98,Harrison,3,0.01,Snoqualmie_R,5016,0.00,L_Thompson,5,0.00,,,
Area123 (10) troll 249 919,,Harrison,3,0.96,Chilliwack_F,3,0.04,Chilliwac@Stav,3,0.00,,,,,,
Area123 (10) troll 249 920,,Spring_Cr_col,5030,0.99,Big_Cr_H_Col,5030,0.01,Green_R_Fa,5008,0.00,,,,,,
Area123 (10) troll 249 921,,Spring_Cr_col,5030,0.99,Elochoman_H,5030,0.01,Big_Cr_H_Col,5030,0.00,,,,,,
Area123 (10) troll 249 922,,Cowlitz_H_fa,5008,0.82,Nez_PerceT_H,5021,0.05,Green_R_Fa,5008,0.05,Lyons_Ferry_H,5021,0.04,Hanford_Reach,5026,0.01
Area123 (10) troll 249 923,,Harrison,3,0.40,Chilliwack_F,3,0.24,Samish_H,5016,0.12,L_Qualicum,7,0.11,Soos_H,5020,0.05
Area123 (10) troll 249 924,,Chilliwack_F,3,0.75,Harrison,3,0.25,,,,,,,,,
Area123 (10) troll 249 925,,Harrison,3,0.91,Chilliwack_F,3,0.08,Little_R,5,0.00,Little_Tahltan,18,0.00,Torpy,1,0.00
Area123 (10) troll 249 926,,Chilliwack_F,3,0.87,Harrison,3,0.12,Priest_Rapid_H,5026,0.01,Hanford_Reach,5026,0.00,Priest_Rapids_H,5026,0.00
Area123 (10) troll 249 927,,Spring_Cr_col,5030,0.86,Big_Cr_H_Col,5030,0.12,Elochoman_H,5030,0.01,Cowlitz_H_fa,5008,0.01,Abernathy_NFH_F,5008,0.01
Area123 (10) troll 249 928,,Harrison,3,0.99,Chilliwack_F,3,0.01,Spring_Cr_col,5030,0.00,Elochoman_H,5030,0.00,Cedar_R_SuFa,5020,0.00
Area123 (10) troll 250 929,,Lyons_Ferry_H,5021,0.85,Nez_PerceT_H,5021,0.14,Priest_Rapid_H,5026,0.01,U_Deschutes_R,5004,0.00,L_Deschutes_R,5004,0.00
Area123 (10) troll 250 930,,Harrison,3,1.00,Chilliwack_F,3,0.00,,,,,,,,,
Area123 (10) troll 250 931,,Hanford_Reach,5026,0.33,Priest_Rapid_H,5026,0.32,Nez_PerceT_H,5021,0.12,Lyons_Ferry_H,5021,0.12,Umatilla_H_Fa,5026,0.08
Area123 (10) troll 250 932,,Lyons_Ferry_H,5021,0.60,Coos_H,5011,0.24,Lewis_R_LSu,5008,0.08,Priest_Rapid_H,5026,0.02,Nez_PerceT_H,5021,0.01
Area123 (10) troll 250 933,,Cowlitz_H_fa,5008,0.96,Lewis_R_Su,5008,0.02,Spring_Cr_col,5030,0.01,Elochoman_R_Fa,5008,0.00,Cowlitz_H_sp,5009,0.00
Area123 (10) troll 250 934,,Spring_Cr_col,5030,0.66,Big_Cr_H_Col,5030,0.33,Elochoman_H,5030,0.01,Cowlitz_H_fa,5008,0.00,Abernathy_NFH_F,5008,0.00
Area123 (10) troll 250 935,,Cowlitz_H_fa,5008,0.69,Elochoman_H,5030,0.16,Washougal_R_Fa,5008,0.08,Green_R_Fa,5008,0.03,Elochoman_R_Fa,5008,0.03
Area123 (10) troll 250 936,,Harrison,3,0.49,Torpy,1,0.26,Goat,1,0.06,Indianpoint,1,0.05,Chilliwack_F,3,0.02
Area123 (10) troll 250 937,,Samish_H,5016,0.96,S_Prairie_Cr,5020,0.01,Soos_H,5020,0.01,Grovers_Cr_H,5020,0.01,Cedar_R_SuFa,5020,0.01
Area123 (10) troll 250 938,,Lyons_Ferry_H,5021,0.54,McKenzie_H,5029,0.15,Priest_Rapid_H,5026,0.11,N_Santiam_H,5029,0.05,Umpqua_H,5011,0.04
Area123 (10) troll 250 939,,Harrison,3,0.62,Chilliwack_F,3,0.38,Chilliwac@Stav,3,0.00,Snoqualmie_R,5016,0.00,,,
Area123 (10) troll 250 940,,Cowlitz_H_fa,5008,0.99,Lewis_R_Su,5008,0.01,Elochoman_H,5030,0.00,Green_R_Fa,5008,0.00,Washougal_R_Fa,5008,0.00
Area123 (10) troll 250 941,,Harrison,3,0.79,Chilliwack_F,3,0.21,Nez_PerceT_H,5021,0.00,Priest_Rapid_H,5026,0.00,Lyons_Ferry_H,5021,0.00
Area123 (10) troll 250 942,,Harrison,3,0.61,Chilliwack_F,3,0.39,Snoqualmie_R,5016,0.00,NanaimoSu_BackX,7,0.00,Grovers_Cr_H,5020,0.00
Area123 (10) troll 250 943,,Hanford_Reach,5026,0.97,Umatilla_H_Fa,5026,0.02,Priest_Rapid_H,5026,0.01,Lyons_Ferry_H,5021,0.00,Umatilla_H,5026,0.00
Area123 (10) troll 250 944,,Umpqua_H,5011,0.67,Cole_Rivers_H,5019,0.26,Lyons_Ferry_H,5021,0.03,Umatilla_H_Fa,5026,0.02,Cedar_R_SuFa,5020,0.01
Area123 (10) troll 250 945,,Chilliwack_F,3,0.87,Harrison,3,0.13,,,,,,,,,
Area123 (10) troll 250 946,,Cowlitz_H_fa,5008,0.60,Spring_Cr_col,5030,0.24,Big_Cr_H_Col,5030,0.07,Elochoman_H,5030,0.04,Lewis_R_Su,5008,0.03
Area123 (10) troll 250 947,,Lyons_Ferry_H,5021,0.82,Nez_PerceT_H,5021,0.15,Hanford_Reach,5026,0.02,Priest_Rapid_H,5026,0.01,Samish_H,5016,0.00
Area123 (10) troll 250 948,,Snoqualmie_R,5016,0.27,Lyons_Ferry_H,5021,0.26,Priest_Rapid_H,5026,0.14,Nez_PerceT_H,5021,0.12,Umatilla_H,5026,0.04
Area123 (10) troll 250 949,,Cedar_R_SuFa,5020,0.59,Soos_H,5020,0.21,Grovers_Cr_H,5020,0.13,Hamma_Hamma_R,5005,0.04,Samish_H,5016,0.02
Area123 (10) troll 250 950,,Cedar_R_SuFa,5020,0.73,Clear_Cr_H,5020,0.14,Nez_PerceT_H,5021,0.04,Samish_H,5016,0.02,Grovers_Cr_H,5020,0.02
Area123 (10) troll 250 951,,Hanford_Reach,5026,0.39,Priest_Rapid_H,5026,0.34,Lyons_Ferry_H,5021,0.06,Harrison,3,0.06,Umatilla_H,5026,0.05
Area123 (10) troll 250 952,,Cowlitz_H_sp,5009,0.96,Cowlitz_H_fa,5008,0.04,Lewis_R_Su,5008,0.00,Washougal_R_Fa,5008,0.00,,,
Area123 (10) troll 250 953,,Soos_H,5020,0.28,Cedar_R_SuFa,5020,0.25,Clear_Cr_H,5020,0.17,Hamma_Hamma_R,5005,0.14,George_Adams_H,5005,0.10
Area123 (10) troll 250 954,,Nez_PerceT_H,5021,0.81,Feather_H_fa,5001,0.09,Elochoman_R_Fa,5008,0.06,Lyons_Ferry_H,5021,0.01,Snoqualmie_R,5016,0.01
Area123 (10) troll 250 955,,Cowlitz_H_sp,5009,0.63,Cowlitz_H_fa,5008,0.18,Lewis_R_Su,5008,0.11,Lewis_R_LSu,5008,0.05,Washougal_R_Fa,5008,0.02
Area123 (10) troll 250 956,,Feather_H_fa,5001,0.99,Feather_H_sp,5002,0.00,Lewis_R_Su,5008,0.00,Hanford_Reach,5026,0.00,Stanislaus_R,5001,0.00
Area123 (10) troll 250 957,,Chilliwack_F,3,0.71,Harrison,3,0.29,,,,,,,,,
Area123 (10) troll 250 958,,Cowlitz_H_fa,5008,0.74,Lewis_R_LSu,5008,0.21,Lewis_R_Su,5008,0.04,Cowlitz_H_sp,5009,0.00,Washougal_R_Fa,5008,0.00
Area123 (10) troll 250 959,,George_Adams_H,5005,0.72,Clear_Cr_H,5020,0.09,Cedar_R_SuFa,5020,0.08,Soos_H,5020,0.05,Hamma_Hamma_R,5005,0.02
Area123 (10) troll 250 960,,Lyons_Ferry_H,5021,0.67,Nez_PerceT_H,5021,0.33,Umatilla_H_Fa,5026,0.00,Hanford_Reach,5026,0.00,Priest_Rapid_H,5026,0.00
Area123 (10) troll 250 961,,Chilliwack_F,3,0.98,Harrison,3,0.02,Umpqua_H,5011,0.00,Chilliwac@Stav,3,0.00,,,
Area123 (10) troll 250 962,,Washougal_R_Fa,5008,0.49,Lewis_R_Su,5008,0.20,Cowlitz_H_fa,5008,0.15,Lewis_R_LSu,5008,0.15,Lewis_R_f,5008,0.00
Area123 (10) troll 250 963,,Harrison,3,0.68,Chilliwack_F,3,0.32,Coos_H,5011,0.00,,,,,,
Area123 (10) troll 250 964,,George_Adams_H,5005,0.59,Snoqualmie_R,5016,0.24,Cedar_R_SuFa,5020,0.07,Soos_H,5020,0.06,S_Prairie_Cr,5020,0.01
Area123 (10) troll 250 965,,Coos_H,5011,1.00,Alsea_R,5015,0.00,Kilchis_R,5015,0.00,Trask_R,5015,0.00,Sixes_R,5011,0.00
Area123 (10) troll 250 966,,Soos_H,5020,0.34,Cedar_R_SuFa,5020,0.29,Hamma_Hamma_R,5005,0.13,Grovers_Cr_H,5020,0.07,Clear_Cr_H,5020,0.05
Area123 (10) troll 250 967,,Priest_Rapid_H,5026,0.40,U_Sauk_R_SpSu,5016,0.18,Umpqua_H,5011,0.16,Cole_Rivers_H,5019,0.16,Hanford_Reach,5026,0.02
Area123 (10) troll 250 968,,Hanford_Reach,5026,0.88,Nez_PerceT_H,5021,0.04,Priest_Rapid_H,5026,0.04,Methow_R,5026,0.02,Wells_H,5026,0.01
Area123 (10) troll 250 969,,Cedar_R_SuFa,5020,0.33,Hamma_Hamma_R,5005,0.30,George_Adams_H,5005,0.24,Clear_Cr_H,5020,0.12,Soos_H,5020,0.01
Area123 (10) troll 250 970,,Chilliwack_F,3,0.98,Harrison,3,0.02,,,,,,,,,
Area123 (10) troll 250 971,,Spring_Cr_col,5030,0.40,Elochoman_H,5030,0.31,Cowlitz_H_fa,5008,0.12,Big_Cr_H_Col,5030,0.08,Abernathy_NFH_F,5008,0.04
Area123 (10) troll 250 972,,Harrison,3,0.64,Lyons_Ferry_H,5021,0.15,Nez_PerceT_H,5021,0.14,Hanford_Reach,5026,0.02,Priest_Rapid_H,5026,0.01
Area123 (10) troll 250 973,,Priest_Rapid_H,5026,0.36,Wells_H,5026,0.20,Hanford_Reach,5026,0.18,Umatilla_H_Fa,5026,0.11,Lyons_Ferry_H,5021,0.05
Area123 (10) troll 250 974,,Harrison,3,0.76,Chilliwack_F,3,0.24,Chilliwac@Stav,3,0.00,,,,,,
Area123 (10) troll 250 975,,Samish_H,5016,0.40,Clear_Cr_H,5020,0.15,Cedar_R_SuFa,5020,0.14,Snoqualmie_R,5016,0.12,Hamma_Hamma_R,5005,0.06
Area123 (10) troll 250 976,,Grovers_Cr_H,5020,0.20,George_Adams_H,5005,0.15,Clear_Cr_H,5020,0.13,Hamma_Hamma_R,5005,0.12,UW_H_SuFa,5020,0.09
Area123 (10) troll 250 977,,Chilliwack_F,3,1.00,Harrison,3,0.00,Samish_H,5016,0.00,Hamma_Hamma_R,5005,0.00,George_Adams_H,5005,0.00
Area123 (10) troll 250 978,,Chilliwack_F,3,1.00,Hanford_Reach,5026,0.00,Wells_H,5026,0.00,Priest_Rapid_H,5026,0.00,Cowlitz_H_fa,5008,0.00
Area123 (10) troll 250 979,,Cowlitz_H_fa,5008,0.92,Elochoman_H,5030,0.03,Elochoman_R_Fa,5008,0.02,Spring_Cr_col,5030,0.01,Washougal_R_Fa,5008,0.01
Area123 (10) troll 250 980,,Cowlitz_H_fa,5008,0.83,Washougal_R_Fa,5008,0.07,Spring_Cr_col,5030,0.04,Elochoman_H,5030,0.03,Green_R_Fa,5008,0.02
Area123 (10) troll 250 981,,McKenzie_H,5029,0.53,N_Santiam_H,5029,0.20,Nez_PerceT_H,5021,0.08,Lyons_Ferry_H,5021,0.04,Hanford_Reach,5026,0.03
Area123 (10) troll 250 982,,George_Adams_H,5005,0.78,Hamma_Hamma_R,5005,0.15,NF_Skokomish_F,5005,0.04,Cedar_R_SuFa,5020,0.02,Samish_H,5016,0.01
Area123 (10) troll 250 983,,Spring_Cr_col,5030,0.83,Big_Cr_H_Col,5030,0.17,Abernathy_NFH_F,5008,0.00,,,,,,
Area123 (10) troll 250 984,,Lyons_Ferry_H,5021,0.76,Nez_PerceT_H,5021,0.24,Umatilla_H_Fa,5026,0.00,ClearwaterRFa,5021,0.00,Hanford_Reach,5026,0.00
Area123 (10) troll 251 1000,,Chilliwack_F,3,0.61,Harrison,3,0.39,Lyons_Ferry_H,5021,0.00,Umatilla_H_Fa,5026,0.00,,,
Area123 (10) troll 251 1001,,Elk_H,5011,0.81,Sixes_R,5011,0.19,Applegate_Cr,5019,0.00,S_Umpqua_H,5011,0.00,Columbia_Rogue,5019,0.00
Area123 (10) troll 251 1002,,Harrison,3,0.97,Chilliwack_F,3,0.03,Cedar_R_SuFa,5020,0.00,,,,,,
Area123 (10) troll 251 1003,,Applegate_Cr,5019,0.84,Umpqua_H,5011,0.08,Elk_H,5011,0.02,Cole_Rivers_H,5019,0.02,Hanford_Reach,5026,0.02
Area123 (10) troll 251 1004,,Harrison,3,0.50,Chilliwack_F,3,0.48,Little_R,5,0.01,U_Dean,10,0.00,Chilliwac@Stav,3,0.00
Area123 (10) troll 251 1005,,Cedar_R_SuFa,5020,0.54,Clear_Cr_H,5020,0.17,George_Adams_H,5005,0.10,Samish_H,5016,0.09,Grovers_Cr_H,5020,0.03
Area123 (10) troll 251 1006,,Big_Cr_H_Col,5030,0.66,Spring_Cr_col,5030,0.29,Elochoman_H,5030,0.04,Cowlitz_H_fa,5008,0.01,Washougal_R_Fa,5008,0.00
Area123 (10) troll 251 1007,,Harrison,3,0.62,Chilliwack_F,3,0.38,Chilliwac@Stav,3,0.01,,,,,,
Area123 (10) troll 251 1008,,Cowlitz_H_fa,5008,0.98,Lewis_R_Su,5008,0.02,Elochoman_R_Fa,5008,0.00,Lewis_R_LSu,5008,0.00,Abernathy_Cr_Fa,5008,0.00
Area123 (10) troll 251 1009,,Applegate_Cr,5019,0.60,Umpqua_H,5011,0.17,Hanford_Reach,5026,0.10,Nez_PerceT_H,5021,0.04,Lyons_Ferry_H,5021,0.03
Area123 (10) troll 251 1010,Dupe with 1074,George_Adams_H,5005,0.50,Grovers_Cr_H,5020,0.28,Clear_Cr_H,5020,0.13,Hamma_Hamma_R,5005,0.07,Cedar_R_SuFa,5020,0.01
Area123 (10) troll 251 1011,Dupe with 1073,George_Adams_H,5005,0.50,Grovers_Cr_H,5020,0.28,Clear_Cr_H,5020,0.13,Hamma_Hamma_R,5005,0.07,Cedar_R_SuFa,5020,0.01
Area123 (10) troll 251 1012,,Clear_Cr_H,5020,0.41,Harrison,3,0.14,Grovers_Cr_H,5020,0.10,Soos_H,5020,0.10,Snoqualmie_R,5016,0.06
Area123 (10) troll 251 1013,,Applegate_Cr,5019,0.84,Umpqua_H,5011,0.13,Cole_Rivers_H,5019,0.02,Umatilla_H_Fa,5026,0.01,S_Umpqua_H,5011,0.00
Area123 (10) troll 251 1014,,Hanford_Reach,5026,0.37,Umatilla_H_Fa,5026,0.15,Nez_PerceT_H,5021,0.14,Priest_Rapid_H,5026,0.10,Applegate_Cr,5019,0.09
Area123 (10) troll 251 985,,Cowlitz_H_fa,5008,0.90,Spring_Cr_col,5030,0.04,Lewis_R_Su,5008,0.03,Big_Cr_H_Col,5030,0.02,Cowlitz_H_sp,5009,0.00
Area123 (10) troll 251 986,,Snoqualmie_R,5016,0.44,George_Adams_H,5005,0.43,Hamma_Hamma_R,5005,0.04,Soos_H,5020,0.02,Cedar_R_SuFa,5020,0.02
Area123 (10) troll 251 987,,Hamma_Hamma_R,5005,0.37,George_Adams_H,5005,0.31,Soos_H,5020,0.14,Cedar_R_SuFa,5020,0.08,Samish_H,5016,0.07
Area123 (10) troll 251 988,,Applegate_Cr,5019,0.27,Umpqua_H,5011,0.14,Umatilla_H_Fa,5026,0.12,Priest_Rapid_H,5026,0.10,Cole_Rivers_H,5019,0.10
Area123 (10) troll 251 989,,Grovers_Cr_H,5020,0.54,Soos_H,5020,0.28,Samish_H,5016,0.09,Cedar_R_SuFa,5020,0.05,UW_H_SuFa,5020,0.02
Area123 (10) troll 251 990,,Nez_PerceT_H,5021,0.72,Hanford_Reach,5026,0.11,Wells_H,5026,0.07,Lyons_Ferry_H,5021,0.07,Spring_Cr_col,5030,0.01
Area123 (10) troll 251 991,,Clear_Cr_H,5020,0.57,S_Prairie_Cr,5020,0.17,Cedar_R_SuFa,5020,0.07,Samish_H,5016,0.06,George_Adams_H,5005,0.06
Area123 (10) troll 251 992,,Soos_H,5020,0.87,Clear_Cr_H,5020,0.07,George_Adams_H,5005,0.02,Grovers_Cr_H,5020,0.01,Cedar_R_SuFa,5020,0.01
Area123 (10) troll 251 993,,Harrison,3,1.00,Chilliwack_F,3,0.00,,,,,,,,,
Area123 (10) troll 251 994,,Lyons_Ferry_H,5021,0.94,Hanford_Reach,5026,0.02,L_Wh_Sal_H_SF,5026,0.02,Priest_Rapid_H,5026,0.01,Umatilla_H_Fa,5026,0.01
Area123 (10) troll 251 995,,Spring_Cr_col,5030,0.50,Cowlitz_H_fa,5008,0.43,Washougal_R_Fa,5008,0.03,Big_Cr_H_Col,5030,0.03,Elochoman_H,5030,0.01
Area123 (10) troll 251 996,,Harrison,3,0.70,Chilliwack_F,3,0.30,,,,,,,,,
Area123 (10) troll 251 997,,Cedar_R_SuFa,5020,0.34,UW_H_SuFa,5020,0.25,Grovers_Cr_H,5020,0.17,Soos_H,5020,0.11,Hamma_Hamma_R,5005,0.04
Area123 (10) troll 251 998,,Priest_Rapid_H,5026,0.22,Hanford_Reach,5026,0.21,Umatilla_H_Fa,5026,0.20,Lewis_R_Su,5008,0.09,Wenatchee_R_SF,5026,0.09
Area123 (10) troll 251 999,,Hamma_Hamma_R,5005,0.81,George_Adams_H,5005,0.16,Clear_Cr_H,5020,0.02,NF_Skokomish_F,5005,0.01,Cedar_R_SuFa,5020,0.00
,,,,,,,,,,,,,,,,
Sample: 23, Area126,2010, troll, Apr23-May09,,,,,,,,,,,,
Area126 (10) troll 113 1,,Spring_Cr_col,5030,1.00,Elochoman_H,5030,0.00,Kalama_H_sp,5009,0.00,Big_Cr_H_Col,5030,0.00,,,
Area126 (10) troll 113 10,,Wenatchee_R_SF,5026,0.80,Wells_H,5026,0.18,Methow_R,5026,0.01,Lyons_Ferry_H,5021,0.00,Hanford_Reach,5026,0.00
Area126 (10) troll 113 100,,Spring_Cr_col,5030,0.99,Abernathy_NFH_F,5008,0.01,Elochoman_H,5030,0.00,Washougal_R_Fa,5008,0.00,Big_Cr_H_Col,5030,0.00
Area126 (10) troll 113 101,,Chilliwack_F,3,1.00,Harrison,3,0.00,,,,,,,,,
Area126 (10) troll 113 102,,Washougal_R_Fa,5008,0.96,ClearwaterRFa,5021,0.01,Hanford_Reach,5026,0.01,Lewis_R_Su,5008,0.01,Soos_H,5020,0.00
Area126 (10) troll 113 103,,Skagit_R,5016,0.98,Washougal_R_Fa,5008,0.01,L_Skagit_R_Fa,5016,0.01,NF_Nooksack_H,5016,0.00,Lewis_R_Su,5008,0.00
Area126 (10) troll 113 104,,Wells_H,5026,0.79,Hanford_Reach,5026,0.20,Wenatchee_R_SF,5026,0.01,Umatilla_H,5026,0.01,Lyons_Ferry_H,5021,0.00
Area126 (10) troll 113 105,,Spring_Cr_col,5030,0.96,Abernathy_NFH_F,5008,0.04,Elochoman_H,5030,0.00,,,,,,
Area126 (10) troll 113 107,,L_Skagit_R_Fa,5016,0.70,Skagit_R,5016,0.10,George_Adams_H,5005,0.09,Cedar_R_SuFa,5020,0.07,Grovers_Cr_H,5020,0.01
Area126 (10) troll 113 108,,Lyons_Ferry_H,5021,0.99,Hanford_Reach,5026,0.01,Wells_H,5026,0.00,Nez_PerceT_H,5021,0.00,,,
Area126 (10) troll 113 109,,Hanford_Reach,5026,0.95,Lyons_Ferry_H,5021,0.02,Wells_H,5026,0.02,Umatilla_H_Fa,5026,0.01,Umatilla_H,5026,0.00
Area126 (10) troll 113 11,,Spring_Cr_col,5030,0.95,Abernathy_NFH_F,5008,0.05,Washougal_R_Fa,5008,0.00,Big_Cr_H_Col,5030,0.00,,,
Area126 (10) troll 113 110,,Harrison,3,0.43,Chilliwack_F,3,0.28,L_Skagit_R_Fa,5016,0.13,Skagit_R,5016,0.09,Hamma_Hamma_R,5005,0.05
Area126 (10) troll 113 111,,Washougal_R_Fa,5008,0.98,Cowlitz_H_fa,5008,0.01,Elochoman_R_Fa,5008,0.01,Lewis_R_f,5008,0.00,Lewis_R_Su,5008,0.00
Area126 (10) troll 113 112,,Wells_H,5026,0.93,Hanford_Reach,5026,0.03,Lyons_Ferry_H,5021,0.01,Wenatchee_R_SF,5026,0.01,Abernathy_NFH_F,5008,0.01
Area126 (10) troll 113 113,,Washougal_R_Fa,5008,0.92,Elochoman_H,5030,0.02,Lewis_R_Su,5008,0.02,Cowlitz_H_fa,5008,0.01,Sandy_R,5008,0.01
Area126 (10) troll 113 114,,Coquille_R,5011,0.37,Hanford_Reach,5026,0.23,Elk_H,5011,0.14,Salmon_R_f,5015,0.11,Yaquina_R,5015,0.05
Area126 (10) troll 113 115,,Washougal_R_Fa,5008,0.52,Cowlitz_H_fa,5008,0.44,Lewis_R_f,5008,0.02,Elochoman_H,5030,0.01,Elochoman_R_Fa,5008,0.00
Area126 (10) troll 113 116,,George_Adams_H,5005,0.96,Hamma_Hamma_R,5005,0.03,L_Skagit_R_Fa,5016,0.01,NF_Skokomish_F,5005,0.00,Cedar_R_SuFa,5020,0.00
Area126 (10) troll 113 117,,Spring_Cr_col,5030,0.33,Hanford_Reach,5026,0.26,Abernathy_NFH_F,5008,0.15,Umatilla_H,5026,0.10,Wells_H,5026,0.07
Area126 (10) troll 113 118,,Lyons_Ferry_H,5021,0.98,Hanford_Reach,5026,0.01,Nez_PerceT_H,5021,0.01,Wells_H,5026,0.00,L_Wh_Sal_H_SF,5026,0.00
Area126 (10) troll 113 119,,Spring_Cr_col,5030,0.96,Abernathy_NFH_F,5008,0.04,Elochoman_H,5030,0.00,Big_Cr_H_Col,5030,0.00,Elochoman_R_Fa,5008,0.00
Area126 (10) troll 113 12,,Abernathy_NFH_F,5008,0.49,Spring_Cr_col,5030,0.25,Cowlitz_H_fa,5008,0.20,Washougal_R_Fa,5008,0.04,Lewis_R_Su,5008,0.01
Area126 (10) troll 113 120,,Wells_H,5026,0.53,Hanford_Reach,5026,0.21,Lyons_Ferry_H,5021,0.16,Wenatchee_R_SF,5026,0.05,ClearwaterRFa,5021,0.03
Area126 (10) troll 113 122,,Spring_Cr_col,5030,0.49,Abernathy_NFH_F,5008,0.45,Elochoman_H,5030,0.03,Washougal_R_Fa,5008,0.01,Big_Cr_H_Col,5030,0.01
Area126 (10) troll 113 123,,Hamma_Hamma_R,5005,0.31,George_Adams_H,5005,0.27,Cedar_R_SuFa,5020,0.21,Soos_H,5020,0.07,L_Skagit_R_Fa,5016,0.05
Area126 (10) troll 113 124,,Washougal_R_Fa,5008,0.29,Lewis_R_f,5008,0.28,Cowlitz_H_fa,5008,0.27,Lewis_R_Su,5008,0.11,Kalama_H_sp,5009,0.03
Area126 (10) troll 113 125,,N_Santiam_H,5029,0.98,McKenzie_H,5029,0.02,Wells_H,5026,0.00,Wenatchee_R_SF,5026,0.00,Hanford_Reach,5026,0.00
Area126 (10) troll 113 126,,Hanford_Reach,5026,0.65,Wells_H,5026,0.13,Umatilla_H,5026,0.04,Skagit_R,5016,0.04,Harrison,3,0.04
Area126 (10) troll 113 127,,Kitseguecla_R,22,0.23,Verrett,18,0.16,L_Skagit_R_Fa,5016,0.10,Kitsumkalum_R,23,0.09,Suskwa,21,0.09
Area126 (10) troll 113 128,,Wells_H,5026,0.67,Wenatchee_R_SF,5026,0.26,Hanford_Reach,5026,0.03,Methow_R,5026,0.02,Lyons_Ferry_H,5021,0.01
Area126 (10) troll 113 129,,Spring_Cr_col,5030,0.91,Abernathy_NFH_F,5008,0.07,Elochoman_H,5030,0.01,Washougal_R_Fa,5008,0.01,Cowlitz_H_fa,5008,0.01
Area126 (10) troll 113 13,,Spring_Cr_col,5030,1.00,Abernathy_NFH_F,5008,0.00,Cowlitz_H_fa,5008,0.00,Big_Cr_H_Col,5030,0.00,Lewis_R_Su,5008,0.00
Area126 (10) troll 113 130,,Hanford_Reach,5026,0.97,Wells_H,5026,0.02,Washougal_R_Fa,5008,0.01,Priest_Rapid_H,5026,0.00,Lewis_R_f,5008,0.00
Area126 (10) troll 113 131,,Hanford_Reach,5026,0.86,Wenatchee_R_SF,5026,0.06,Umatilla_H,5026,0.04,Umatilla_H_Fa,5026,0.02,Lyons_Ferry_H,5021,0.00
Area126 (10) troll 113 132,,Wells_H,5026,0.73,Lyons_Ferry_H,5021,0.12,Hanford_Reach,5026,0.10,Wenatchee_R_SF,5026,0.03,Methow_R,5026,0.01
Area126 (10) troll 113 133,,Cedar_R_SuFa,5020,0.84,George_Adams_H,5005,0.11,Soos_H,5020,0.04,Hamma_Hamma_R,5005,0.01,S_Prairie_Cr,5020,0.00
Area126 (10) troll 113 134,,Spring_Cr_col,5030,0.43,Abernathy_NFH_F,5008,0.33,Hamma_Hamma_R,5005,0.09,George_Adams_H,5005,0.06,Elochoman_R_Fa,5008,0.02
Area126 (10) troll 113 14,,George_Adams_H,5005,0.72,Hamma_Hamma_R,5005,0.17,Cedar_R_SuFa,5020,0.09,L_Skagit_R_Fa,5016,0.02,NF_Skokomish_F,5005,0.01
Area126 (10) troll 113 15,,Chilliwack_F,3,1.00,Harrison,3,0.00,Chilliwac@Stav,3,0.00,,,,,,
Area126 (10) troll 113 16,,Puntledge_F,7,0.99,Nanaimo_F,7,0.00,Big_Qualicum,7,0.00,Cowichan,7,0.00,L_Qualicum,7,0.00
Area126 (10) troll 113 17,,Spring_Cr_col,5030,0.77,Abernathy_NFH_F,5008,0.21,Elochoman_H,5030,0.02,Washougal_R_Fa,5008,0.00,Cowlitz_H_fa,5008,0.00
Area126 (10) troll 113 18,,Forks_Cr_H,5028,1.00,Humptulips_H,5028,0.00,Sandy_R,5008,0.00,,,,,,
Area126 (10) troll 113 19,,N_Santiam_H,5029,1.00,,,,,,,,,,,,
Area126 (10) troll 113 2,,Hanford_Reach,5026,0.88,Umatilla_H,5026,0.04,Wells_H,5026,0.04,Lyons_Ferry_H,5021,0.02,Wenatchee_R_SF,5026,0.01
Area126 (10) troll 113 20,,Washougal_R_Fa,5008,0.46,Spring_Cr_col,5030,0.42,Elochoman_R_Fa,5008,0.04,Elochoman_H,5030,0.03,Abernathy_Cr_Fa,5008,0.02
Area126 (10) troll 113 21,,Cowlitz_H_fa,5008,0.66,Washougal_R_Fa,5008,0.31,Lewis_R_f,5008,0.02,Cowlitz_H_sp,5009,0.00,Abernathy_NFH_F,5008,0.00
Area126 (10) troll 113 22,,Forks_Cr_H,5028,0.72,Trask_R,5015,0.13,Salmon_R_f,5015,0.06,Kilchis_R,5015,0.02,Washougal_R_Fa,5008,0.02
Area126 (10) troll 113 23,,Spring_Cr_col,5030,0.78,Abernathy_NFH_F,5008,0.17,Elochoman_H,5030,0.03,Cowlitz_H_fa,5008,0.01,Elochoman_R_Fa,5008,0.00
Area126 (10) troll 113 24,,Wenatchee_R_SF,5026,0.37,Wells_H,5026,0.31,Hanford_Reach,5026,0.31,Methow_R,5026,0.01,Priest_Rapids_H,5026,0.00
Area126 (10) troll 113 25,,Spring_Cr_col,5030,0.99,Abernathy_NFH_F,5008,0.01,,,,,,,,,
Area126 (10) troll 113 26,,Cedar_R_SuFa,5020,0.77,Soos_H,5020,0.18,George_Adams_H,5005,0.03,Clear_Cr_H,5020,0.02,Hamma_Hamma_R,5005,0.01
Area126 (10) troll 113 27,,Spring_Cr_col,5030,0.97,Abernathy_NFH_F,5008,0.03,Elochoman_H,5030,0.00,Abernathy_Cr_Fa,5008,0.00,Big_Cr_H_Col,5030,0.00
Area126 (10) troll 113 28,,Spring_Cr_col,5030,0.52,Abernathy_NFH_F,5008,0.46,Cowlitz_H_fa,5008,0.02,Washougal_R_Fa,5008,0.00,Elochoman_R_Fa,5008,0.00
Area126 (10) troll 113 29,,Cowlitz_H_fa,5008,0.70,Abernathy_NFH_F,5008,0.27,Washougal_R_Fa,5008,0.01,Lewis_R_Su,5008,0.01,Harrison,3,0.01
Area126 (10) troll 113 3,,Abernathy_NFH_F,5008,0.60,Elochoman_H,5030,0.17,Spring_Cr_col,5030,0.16,Elochoman_R_Fa,5008,0.02,Abernathy_Cr_Fa,5008,0.02
Area126 (10) troll 113 30,,N_Santiam_H,5029,0.99,Kalama_H_sp,5009,0.00,Lewis_R_f,5008,0.00,McKenzie_H,5029,0.00,Cowlitz_H_fa,5008,0.00
Area126 (10) troll 113 31,,Spring_Cr_col,5030,0.42,Cowlitz_H_fa,5008,0.35,Elochoman_H,5030,0.07,Elochoman_R_Fa,5008,0.07,Abernathy_NFH_F,5008,0.05
Area126 (10) troll 113 32,,Spring_Cr_col,5030,0.99,Abernathy_NFH_F,5008,0.00,Elochoman_H,5030,0.00,Abernathy_Cr_Fa,5008,0.00,Big_Cr_H_Col,5030,0.00
Area126 (10) troll 113 33,,Puntledge_F,7,0.23,Soos_H,5020,0.23,Cedar_R_SuFa,5020,0.21,L_Skagit_R_Fa,5016,0.14,S_Prairie_Cr,5020,0.04
Area126 (10) troll 113 34,,Abernathy_NFH_F,5008,0.48,Spring_Cr_col,5030,0.34,Elochoman_H,5030,0.17,Washougal_R_Fa,5008,0.00,Sandy_R,5008,0.00
Area126 (10) troll 113 35,,Wells_H,5026,0.71,Hanford_Reach,5026,0.21,Wenatchee_R_SF,5026,0.07,Methow_R,5026,0.00,L_Deschutes_R,5004,0.00
Area126 (10) troll 113 36,,Hanford_Reach,5026,0.84,Lyons_Ferry_H,5021,0.07,Wenatchee_R_SF,5026,0.03,Umatilla_H_Fa,5026,0.02,Umatilla_H,5026,0.01
Area126 (10) troll 113 37,,Spring_Cr_col,5030,0.58,Abernathy_NFH_F,5008,0.41,Big_Cr_H_Col,5030,0.00,Elochoman_R_Fa,5008,0.00,Elochoman_H,5030,0.00
Area126 (10) troll 113 38,,Soos_H,5020,0.37,Cedar_R_SuFa,5020,0.28,L_Skagit_R_Fa,5016,0.27,Hamma_Hamma_R,5005,0.04,George_Adams_H,5005,0.03
Area126 (10) troll 113 39,,Washougal_R_Fa,5008,0.55,Cowlitz_H_fa,5008,0.38,Lewis_R_f,5008,0.07,Lewis_R_Su,5008,0.01,Sandy_R,5008,0.00
Area126 (10) troll 113 4,,Abernathy_NFH_F,5008,0.51,Spring_Cr_col,5030,0.48,Washougal_R_Fa,5008,0.01,Elochoman_H,5030,0.00,Cowlitz_H_fa,5008,0.00
Area126 (10) troll 113 40,,Cedar_R_SuFa,5020,0.66,Harrison,3,0.30,L_Skagit_R_Fa,5016,0.01,Hamma_Hamma_R,5005,0.01,Clear_Cr_H,5020,0.01
Area126 (10) troll 113 41,,Cedar_R_SuFa,5020,0.57,Soos_H,5020,0.25,George_Adams_H,5005,0.09,L_Skagit_R_Fa,5016,0.06,Hamma_Hamma_R,5005,0.01
Area126 (10) troll 113 42,,Lyons_Ferry_H,5021,0.65,Hanford_Reach,5026,0.32,Umatilla_H,5026,0.01,ClearwaterRFa,5021,0.01,Wells_H,5026,0.01
Area126 (10) troll 113 43,,Wells_H,5026,0.41,Hanford_Reach,5026,0.40,Lyons_Ferry_H,5021,0.08,Umatilla_H,5026,0.07,Wenatchee_R_SF,5026,0.03
Area126 (10) troll 113 44,,Harrison,3,0.50,Chilliwack_F,3,0.49,Chilliwac@Stav,3,0.01,L_Skagit_R_Fa,5016,0.00,,,
Area126 (10) troll 113 45,,Hanford_Reach,5026,0.61,Wells_H,5026,0.22,Wenatchee_R_SF,5026,0.08,Lyons_Ferry_H,5021,0.08,Umatilla_H,5026,0.00
Area126 (10) troll 113 46,,Harrison,3,0.80,Chilliwack_F,3,0.19,L_Skagit_R_Fa,5016,0.01,Skagit_R,5016,0.00,Abernathy_Cr_Fa,5008,0.00
Area126 (10) troll 113 47,,Chilliwack_F,3,0.91,Harrison,3,0.04,Wenatchee_R_SF,5026,0.03,Hanford_Reach,5026,0.01,Skagit_R,5016,0.00
Area126 (10) troll 113 48,,George_Adams_H,5005,0.45,Hamma_Hamma_R,5005,0.27,Cedar_R_SuFa,5020,0.24,Soos_H,5020,0.02,L_Skagit_R_Fa,5016,0.01
Area126 (10) troll 113 49,,Washougal_R_Fa,5008,1.00,Cowlitz_H_fa,5008,0.00,Sandy_R,5008,0.00,Lewis_R_f,5008,0.00,Lewis_R_Su,5008,0.00
Area126 (10) troll 113 5,,L_Skagit_R_Fa,5016,0.66,Hanford_Reach,5026,0.12,Wells_H,5026,0.11,Hamma_Hamma_R,5005,0.03,Soos_H,5020,0.02
Area126 (10) troll 113 50,,Chilliwack_F,3,0.78,L_Skagit_R_Fa,5016,0.04,Harrison,3,0.04,Cowlitz_H_fa,5008,0.03,Verrett,18,0.03
Area126 (10) troll 113 51,,Spring_Cr_col,5030,0.76,Abernathy_NFH_F,5008,0.24,Elochoman_H,5030,0.01,Washougal_R_Fa,5008,0.00,,,
Area126 (10) troll 113 52,,Wells_H,5026,0.27,Hanford_Reach,5026,0.26,Wenatchee_R_SF,5026,0.24,Lyons_Ferry_H,5021,0.13,Washougal_R_Fa,5008,0.07
Area126 (10) troll 113 53,,Hanford_Reach,5026,0.47,Lyons_Ferry_H,5021,0.34,ClearwaterRFa,5021,0.05,Wells_H,5026,0.05,Wenatchee_R_SF,5026,0.02
Area126 (10) troll 113 54,,Wenatchee_R_SF,5026,0.64,Hanford_Reach,5026,0.28,Wells_H,5026,0.08,Methow_R,5026,0.00,Umatilla_H,5026,0.00
Area126 (10) troll 113 55,,Cowlitz_H_fa,5008,0.77,Lewis_R_Su,5008,0.19,Lewis_R_f,5008,0.01,Sol_Duc_H,5028,0.01,Hanford_Reach,5026,0.01
Area126 (10) troll 113 56,,Skagit_R,5016,0.99,L_Skagit_R_Fa,5016,0.00,Elochoman_R_Fa,5008,0.00,Harrison,3,0.00,N_Thom@Main,4,0.00
Area126 (10) troll 113 57,,NF_Nooksack_H,5016,0.99,Skagit_R,5016,0.01,L_Skagit_R_Fa,5016,0.00,Washougal_R_Fa,5008,0.00,,,
Area126 (10) troll 113 58,,George_Adams_H,5005,0.50,Cedar_R_SuFa,5020,0.38,Hamma_Hamma_R,5005,0.10,Soos_H,5020,0.02,S_Prairie_Cr,5020,0.00
Area126 (10) troll 113 59,,Cowlitz_H_fa,5008,0.57,Lewis_R_f,5008,0.22,Lewis_R_Su,5008,0.16,Washougal_R_Fa,5008,0.05,Chilliwack_F,3,0.00
Area126 (10) troll 113 6,,Spring_Cr_col,5030,0.84,Sol_Duc_H,5028,0.09,Washougal_R_Fa,5008,0.04,Abernathy_NFH_F,5008,0.03,Cowlitz_H_fa,5008,0.01
Area126 (10) troll 113 60,,N_Santiam_H,5029,0.67,Kalama_H_sp,5009,0.15,Hanford_Reach,5026,0.09,Salmon_R_f,5015,0.07,McKenzie_H,5029,0.01
Area126 (10) troll 113 61,,Hanford_Reach,5026,0.73,Umatilla_H,5026,0.16,Wells_H,5026,0.09,Cowlitz_H_fa,5008,0.01,Wenatchee_R_SF,5026,0.01
Area126 (10) troll 113 62,,NF_Nooksack_H,5016,1.00,Skagit_R,5016,0.00,,,,,,,,,
Area126 (10) troll 113 63,,Abernathy_NFH_F,5008,0.63,Washougal_R_Fa,5008,0.15,Cowlitz_H_fa,5008,0.12,Elochoman_H,5030,0.08,Spring_Cr_col,5030,0.02
Area126 (10) troll 113 64,,N_Santiam_H,5029,1.00,McKenzie_H,5029,0.00,,,,,,,,,
Area126 (10) troll 113 65,,N_Santiam_H,5029,0.92,Kalama_H_sp,5009,0.07,McKenzie_H,5029,0.01,Cowlitz_H_fa,5008,0.00,Washougal_R_Fa,5008,0.00
Area126 (10) troll 113 66,,Wells_H,5026,0.85,Hanford_Reach,5026,0.14,Wenatchee_R_SF,5026,0.01,Lyons_Ferry_H,5021,0.00,Methow_R,5026,0.00
Area126 (10) troll 113 67,,Cedar_R_SuFa,5020,0.35,George_Adams_H,5005,0.22,Hamma_Hamma_R,5005,0.12,Soos_H,5020,0.09,Hanford_Reach,5026,0.09
Area126 (10) troll 113 68,,Washougal_R_Fa,5008,0.91,Lewis_R_f,5008,0.04,Cowlitz_H_fa,5008,0.03,Lewis_R_Su,5008,0.01,Elochoman_H,5030,0.00
Area126 (10) troll 113 69,,Washougal_R_Fa,5008,0.78,Spring_Cr_col,5030,0.10,Cowlitz_H_fa,5008,0.07,Elochoman_H,5030,0.04,Abernathy_Cr_Fa,5008,0.01
Area126 (10) troll 113 7,,Spring_Cr_col,5030,0.68,Abernathy_NFH_F,5008,0.24,Elochoman_H,5030,0.08,Cowlitz_H_fa,5008,0.01,Big_Cr_H_Col,5030,0.00
Area126 (10) troll 113 70,,Abernathy_NFH_F,5008,0.64,Spring_Cr_col,5030,0.17,Cowlitz_H_fa,5008,0.10,Elochoman_H,5030,0.07,Washougal_R_Fa,5008,0.02
Area126 (10) troll 113 71,,George_Adams_H,5005,0.45,Hamma_Hamma_R,5005,0.21,Soos_H,5020,0.18,Grovers_Cr_H,5020,0.07,Cedar_R_SuFa,5020,0.04
Area126 (10) troll 113 72,,N_Santiam_H,5029,0.97,Hanford_Reach,5026,0.01,McKenzie_H,5029,0.01,Washougal_R_Fa,5008,0.00,Kalama_H_sp,5009,0.00
Area126 (10) troll 113 73,,Spring_Cr_col,5030,0.94,Abernathy_NFH_F,5008,0.04,Big_Cr_H_Col,5030,0.01,Elochoman_H,5030,0.01,,,
Area126 (10) troll 113 74,,Spring_Cr_col,5030,0.89,Abernathy_NFH_F,5008,0.11,Elochoman_H,5030,0.00,Big_Cr_H_Col,5030,0.00,,,
Area126 (10) troll 113 75,,Spring_Cr_col,5030,0.99,Abernathy_NFH_F,5008,0.01,Big_Cr_H_Col,5030,0.00,,,,,,
Area126 (10) troll 113 76,,George_Adams_H,5005,0.98,Hamma_Hamma_R,5005,0.01,Cedar_R_SuFa,5020,0.01,Soos_H,5020,0.00,Grovers_Cr_H,5020,0.00
Area126 (10) troll 113 77,,N_Santiam_H,5029,1.00,,,,,,,,,,,,
Area126 (10) troll 113 78,,Washougal_R_Fa,5008,0.77,Elochoman_H,5030,0.10,Cowlitz_H_fa,5008,0.05,Elochoman_R_Fa,5008,0.04,Spring_Cr_col,5030,0.03
Area126 (10) troll 113 79,,N_Santiam_H,5029,1.00,McKenzie_H,5029,0.00,Kalama_H_sp,5009,0.00,,,,,,
Area126 (10) troll 113 8,,N_Santiam_H,5029,0.98,McKenzie_H,5029,0.02,Washougal_R_Fa,5008,0.00,Cowlitz_H_fa,5008,0.00,Abernathy_NFH_F,5008,0.00
Area126 (10) troll 113 80,,L_Skagit_R_Fa,5016,0.40,Cedar_R_SuFa,5020,0.25,Hamma_Hamma_R,5005,0.20,Grovers_Cr_H,5020,0.06,George_Adams_H,5005,0.03
Area126 (10) troll 113 81,,Spring_Cr_col,5030,0.98,Abernathy_NFH_F,5008,0.02,Elochoman_H,5030,0.00,Big_Cr_H_Col,5030,0.00,Washougal_R_Fa,5008,0.00
Area126 (10) troll 113 82,,Cedar_R_SuFa,5020,0.86,Clear_Cr_H,5020,0.04,S_Prairie_Cr,5020,0.03,Hamma_Hamma_R,5005,0.02,Soos_H,5020,0.02
Area126 (10) troll 113 83,,Spring_Cr_col,5030,0.89,Abernathy_NFH_F,5008,0.10,Elochoman_H,5030,0.01,Cowlitz_H_fa,5008,0.00,Big_Cr_H_Col,5030,0.00
Area126 (10) troll 113 84,,Spring_Cr_col,5030,0.99,Abernathy_NFH_F,5008,0.01,Elochoman_R_Fa,5008,0.00,,,,,,
Area126 (10) troll 113 85,,Forks_Cr_H,5028,1.00,L_Skagit_R_Fa,5016,0.00,,,,,,,,,
Area126 (10) troll 113 86,,Lyons_Ferry_H,5021,0.81,Hanford_Reach,5026,0.16,ClearwaterRFa,5021,0.01,Wells_H,5026,0.01,Stanislaus_R,5001,0.00
Area126 (10) troll 113 87,,Hanford_Reach,5026,0.64,Wells_H,5026,0.19,Wenatchee_R_SF,5026,0.07,Umatilla_H,5026,0.05,Lyons_Ferry_H,5021,0.03
Area126 (10) troll 113 88,,Wells_H,5026,0.68,Wenatchee_R_SF,5026,0.26,Hanford_Reach,5026,0.04,Methow_R,5026,0.02,Harrison,3,0.00
Area126 (10) troll 113 89,,Lyons_Ferry_H,5021,0.56,Hanford_Reach,5026,0.26,Wells_H,5026,0.09,Umatilla_H,5026,0.06,Umatilla_H_Fa,5026,0.01
Area126 (10) troll 113 9,,Washougal_R_Fa,5008,0.60,Abernathy_NFH_F,5008,0.24,Cowlitz_H_fa,5008,0.06,Elochoman_R_Fa,5008,0.04,Elochoman_H,5030,0.02
Area126 (10) troll 113 90,,Wenatchee_R_SF,5026,0.82,Hanford_Reach,5026,0.15,Wells_H,5026,0.02,Priest_Rapids_H,5026,0.01,Methow_R,5026,0.01
Area126 (10) troll 113 91,,Harrison,3,0.57,Chilliwack_F,3,0.35,Hanford_Reach,5026,0.03,L_Skagit_R_Fa,5016,0.01,Tlupana,8,0.01
Area126 (10) troll 113 92,,Wells_H,5026,0.83,Wenatchee_R_SF,5026,0.12,Methow_R,5026,0.01,L_Deschutes_R,5004,0.01,Lyons_Ferry_H,5021,0.01
Area126 (10) troll 113 93,,Harrison,3,0.98,Chilliwack_F,3,0.02,Wenatchee_R_SF,5026,0.00,Wells_H,5026,0.00,Hanford_Reach,5026,0.00
Area126 (10) troll 113 94,,Skagit_R,5016,0.28,Harrison,3,0.24,L_Skagit_R_Fa,5016,0.18,Chilliwack_F,3,0.12,Hanford_Reach,5026,0.03
Area126 (10) troll 113 95,,Cedar_R_SuFa,5020,0.48,Hamma_Hamma_R,5005,0.31,Soos_H,5020,0.17,S_Prairie_Cr,5020,0.03,L_Skagit_R_Fa,5016,0.00
Area126 (10) troll 113 96,,Hanford_Reach,5026,1.00,Wenatchee_R_SF,5026,0.00,Priest_Rapid_H,5026,0.00,Priest_Rapids_H,5026,0.00,Umatilla_H_Fa,5026,0.00
Area126 (10) troll 113 97,,Lyons_Ferry_H,5021,0.94,Hanford_Reach,5026,0.03,Umatilla_H,5026,0.02,Nez_PerceT_H,5021,0.00,L_Deschutes_R,5004,0.00
Area126 (10) troll 113 98,,L_Skagit_R_Fa,5016,0.32,Skagit_R,5016,0.30,Cedar_R_SuFa,5020,0.24,Hamma_Hamma_R,5005,0.10,Khyex_R,23,0.01
Area126 (10) troll 113 99,,Hamma_Hamma_R,5005,0.44,Cedar_R_SuFa,5020,0.30,Soos_H,5020,0.08,Clear_Cr_H,5020,0.06,George_Adams_H,5005,0.04
Area126 (10) troll 121 188,,Puntledge_F,7,0.80,Puntledge_Su,7,0.12,L_Qualicum,7,0.03,Puntledge_BackX,7,0.03,Nanaimo_F,7,0.02
Area126 (10) troll 121 189,,Hanford_Reach,5026,0.97,Skagit_R,5016,0.02,Lyons_Ferry_H,5021,0.01,Wells_H,5026,0.00,Umatilla_H,5026,0.00
Area126 (10) troll 121 190,,Hanford_Reach,5026,0.42,Wells_H,5026,0.20,Wenatchee_R_SF,5026,0.18,Lyons_Ferry_H,5021,0.15,Umatilla_H,5026,0.03
Area126 (10) troll 121 191,,Abernathy_NFH_F,5008,0.43,Spring_Cr_col,5030,0.29,Cowlitz_H_fa,5008,0.13,Washougal_R_Fa,5008,0.12,Elochoman_R_Fa,5008,0.02
Area126 (10) troll 121 192,,Skagit_R,5016,0.85,Hanford_Reach,5026,0.08,L_Skagit_R_Fa,5016,0.05,Wells_H,5026,0.01,ClearwaterRFa,5021,0.00
Area126 (10) troll 121 193,,George_Adams_H,5005,0.46,Cedar_R_SuFa,5020,0.26,Soos_H,5020,0.12,Hamma_Hamma_R,5005,0.09,Clear_Cr_H,5020,0.03
Area126 (10) troll 121 194,,Hanford_Reach,5026,0.52,Lyons_Ferry_H,5021,0.37,L_Deschutes_R,5004,0.05,Nez_PerceT_H,5021,0.02,ClearwaterRFa,5021,0.01
Area126 (10) troll 121 195,,Hanford_Reach,5026,0.87,Wells_H,5026,0.05,Wenatchee_R_SF,5026,0.03,Umatilla_H,5026,0.02,Nez_PerceT_H,5021,0.01
Area126 (10) troll 121 196,,Spring_Cr_col,5030,0.98,Abernathy_NFH_F,5008,0.02,Elochoman_H,5030,0.00,Big_Cr_H_Col,5030,0.00,,,
Area126 (10) troll 121 197,,N_Santiam_H,5029,0.98,McKenzie_H,5029,0.02,,,,,,,,,
Area126 (10) troll 121 198,,Spring_Cr_col,5030,0.45,Abernathy_NFH_F,5008,0.40,Cowlitz_H_fa,5008,0.09,Washougal_R_Fa,5008,0.04,Lewis_R_f,5008,0.01
Area126 (10) troll 121 199,,George_Adams_H,5005,0.54,Cedar_R_SuFa,5020,0.40,Soos_H,5020,0.03,Hamma_Hamma_R,5005,0.01,Grovers_Cr_H,5020,0.00
Area126 (10) troll 121 200,,Spring_Cr_col,5030,0.96,Abernathy_NFH_F,5008,0.02,Washougal_R_Fa,5008,0.02,Elochoman_H,5030,0.00,Abernathy_Cr_Fa,5008,0.00
Area126 (10) troll 121 201,,Spring_Cr_col,5030,0.92,Elochoman_H,5030,0.06,Abernathy_NFH_F,5008,0.02,Big_Cr_H_Col,5030,0.00,Cowlitz_H_fa,5008,0.00
Area126 (10) troll 121 202,,Spring_Cr_col,5030,0.99,Abernathy_NFH_F,5008,0.01,Big_Cr_H_Col,5030,0.00,Elochoman_H,5030,0.00,Washougal_R_Fa,5008,0.00
Area126 (10) troll 121 203,,Hamma_Hamma_R,5005,0.34,Cedar_R_SuFa,5020,0.30,Soos_H,5020,0.14,George_Adams_H,5005,0.13,Clear_Cr_H,5020,0.07
Area126 (10) troll 121 204,,Cedar_R_SuFa,5020,0.65,George_Adams_H,5005,0.19,L_Skagit_R_Fa,5016,0.08,Soos_H,5020,0.03,S_Prairie_Cr,5020,0.03
Area126 (10) troll 121 205,,Cowlitz_H_fa,5008,0.75,Washougal_R_Fa,5008,0.12,Elochoman_R_Fa,5008,0.05,Lewis_R_f,5008,0.02,Abernathy_NFH_F,5008,0.02
Area126 (10) troll 121 206,,Spring_Cr_col,5030,0.98,Abernathy_NFH_F,5008,0.01,Elochoman_H,5030,0.00,Washougal_R_Fa,5008,0.00,,,
Area126 (10) troll 121 207,,Cedar_R_SuFa,5020,0.59,Hamma_Hamma_R,5005,0.19,Soos_H,5020,0.16,George_Adams_H,5005,0.02,Clear_Cr_H,5020,0.02
Area126 (10) troll 121 208,,NF_Nooksack_H,5016,1.00,Skagit_R,5016,0.00,,,,,,,,,
Area126 (10) troll 121 209,,Washougal_R_Fa,5008,0.89,Cowlitz_H_fa,5008,0.08,Lewis_R_f,5008,0.03,Spring_Cr_col,5030,0.00,Lyons_Ferry_H,5021,0.00
Area126 (10) troll 121 210,,Wells_H,5026,0.87,Hanford_Reach,5026,0.05,Wenatchee_R_SF,5026,0.04,Methow_R,5026,0.03,Lyons_Ferry_H,5021,0.00
Area126 (10) troll 121 211,,Hanford_Reach,5026,0.50,Wells_H,5026,0.27,Wenatchee_R_SF,5026,0.15,Umatilla_H,5026,0.05,Methow_R,5026,0.01
Area126 (10) troll 122 212,,Harrison,3,0.77,Chilliwack_F,3,0.21,Chilliwac@Stav,3,0.02,L_Skagit_R_Fa,5016,0.00,L_Qualicum,7,0.00
Area126 (10) troll 122 213,,Harrison,3,0.64,Chilliwack_F,3,0.36,,,,,,,,,
Area126 (10) troll 122 214,,Hanford_Reach,5026,0.57,Wenatchee_R_SF,5026,0.26,Wells_H,5026,0.13,Umatilla_H_Fa,5026,0.02,L_Deschutes_R,5004,0.01
Area126 (10) troll 122 215,,Harrison,3,0.73,Chilliwack_F,3,0.27,Wells_H,5026,0.00,Kalama_H_sp,5009,0.00,Cowlitz_H_fa,5008,0.00
Area126 (10) troll 122 216,,Hanford_Reach,5026,0.90,Lyons_Ferry_H,5021,0.04,ClearwaterRFa,5021,0.04,Umatilla_H_Fa,5026,0.01,Nez_PerceT_H,5021,0.01
Area126 (10) troll 122 217,,Spring_Cr_col,5030,1.00,Abernathy_NFH_F,5008,0.00,Big_Cr_H_Col,5030,0.00,,,,,,
Area126 (10) troll 122 218,,Spring_Cr_col,5030,0.99,Abernathy_NFH_F,5008,0.01,Cowlitz_H_fa,5008,0.00,,,,,,
Area126 (10) troll 122 219,,Harrison,3,0.59,Trask_R,5015,0.23,Salmon_R_f,5015,0.09,Wilson_R,5015,0.03,Kilchis_R,5015,0.03
Area126 (10) troll 122 220,,Wells_H,5026,0.43,George_Adams_H,5005,0.16,Hanford_Reach,5026,0.10,Hamma_Hamma_R,5005,0.10,Wenatchee_R_SF,5026,0.08
Area126 (10) troll 122 221,,George_Adams_H,5005,0.98,Hamma_Hamma_R,5005,0.01,Cedar_R_SuFa,5020,0.00,Clear_Cr_H,5020,0.00,NF_Skokomish_F,5005,0.00
Area126 (10) troll 122 222,,Cowlitz_H_fa,5008,0.63,Lewis_R_f,5008,0.20,Lewis_R_Su,5008,0.08,Elochoman_R_Fa,5008,0.05,Abernathy_NFH_F,5008,0.02
Area126 (10) troll 122 223,,Wenatchee_R_SF,5026,0.83,Wells_H,5026,0.12,Methow_R,5026,0.04,Hanford_Reach,5026,0.01,Priest_Rapids_H,5026,0.00
Area126 (10) troll 122 224,,Chilliwack_F,3,0.81,Harrison,3,0.19,Chilliwac@Stav,3,0.00,L_Skagit_R_Fa,5016,0.00,,,
Area126 (10) troll 122 225,,Cedar_R_SuFa,5020,0.62,Soos_H,5020,0.20,Hamma_Hamma_R,5005,0.08,S_Prairie_Cr,5020,0.04,Puntledge_F,7,0.02
Area126 (10) troll 122 226,,Cedar_R_SuFa,5020,0.40,George_Adams_H,5005,0.36,Soos_H,5020,0.11,S_Prairie_Cr,5020,0.04,L_Skagit_R_Fa,5016,0.03
Area126 (10) troll 122 227,,Harrison,3,0.83,Hanford_Reach,5026,0.06,Skagit_R,5016,0.02,L_Skagit_R_Fa,5016,0.02,Wenatchee_R_SF,5026,0.01
Area126 (10) troll 122 228,,Hanford_Reach,5026,0.91,Umatilla_H,5026,0.04,Wells_H,5026,0.02,Wenatchee_R_SF,5026,0.01,Methow_R,5026,0.01
Area126 (10) troll 122 229,,Cedar_R_SuFa,5020,0.74,Soos_H,5020,0.14,Hamma_Hamma_R,5005,0.06,George_Adams_H,5005,0.04,Clear_Cr_H,5020,0.01
Area126 (10) troll 122 230,,Spring_Cr_col,5030,0.69,Abernathy_NFH_F,5008,0.30,Elochoman_H,5030,0.01,Cowlitz_H_fa,5008,0.00,Washougal_R_Fa,5008,0.00
Area126 (10) troll 122 231,,Wells_H,5026,0.76,Hanford_Reach,5026,0.24,Lyons_Ferry_H,5021,0.00,Wenatchee_R_SF,5026,0.00,Priest_Rapids_H,5026,0.00
Area126 (10) troll 122 232,,Harrison,3,0.70,Chilliwack_F,3,0.30,,,,,,,,,
Area126 (10) troll 122 233,,Chilliwack_F,3,0.98,Harrison,3,0.02,NF_Nooksack_H,5016,0.00,Marblemount_HSp,5016,0.00,Skagit_R,5016,0.00
Area126 (10) troll 122 234,,Hanford_Reach,5026,0.67,Lyons_Ferry_H,5021,0.32,Wells_H,5026,0.00,Cowlitz_H_fa,5008,0.00,Nez_PerceT_H,5021,0.00
Area126 (10) troll 122 235,,Hanford_Reach,5026,0.43,Wells_H,5026,0.32,Wenatchee_R_SF,5026,0.14,Umatilla_H,5026,0.07,Methow_R,5026,0.02
Area126 (10) troll 122 236,,Wells_H,5026,0.84,Wenatchee_R_SF,5026,0.14,L_Deschutes_R,5004,0.01,Methow_R,5026,0.00,Lyons_Ferry_H,5021,0.00
Area126 (10) troll 128 135,,Tlupana,8,0.45,Tahsis,8,0.15,Zeballos,8,0.14,Megin_R,8,0.06,Kennedy,8,0.05
Area126 (10) troll 128 136,,Hanford_Reach,5026,0.72,Wenatchee_R_SF,5026,0.15,Wells_H,5026,0.12,Methow_R,5026,0.00,Lyons_Ferry_H,5021,0.00
Area126 (10) troll 128 137,,N_Santiam_H,5029,0.97,Kalama_H_sp,5009,0.02,McKenzie_H,5029,0.00,,,,,,
Area126 (10) troll 128 138,,Chilliwack_F,3,0.99,Harrison,3,0.01,Cedar_R_SuFa,5020,0.00,Grovers_Cr_H,5020,0.00,,,
Area126 (10) troll 128 139,,Hanford_Reach,5026,0.59,Wells_H,5026,0.20,Wenatchee_R_SF,5026,0.16,Umatilla_H,5026,0.04,Priest_Rapid_H,5026,0.00
Area126 (10) troll 128 140,,Wenatchee_R_SF,5026,0.49,Wells_H,5026,0.48,Hanford_Reach,5026,0.02,Methow_R,5026,0.01,Umatilla_H_Fa,5026,0.00
Area126 (10) troll 128 141,,Cedar_R_SuFa,5020,0.57,Soos_H,5020,0.37,L_Skagit_R_Fa,5016,0.04,S_Prairie_Cr,5020,0.01,Voights_H,5020,0.00
Area126 (10) troll 128 142,,Wells_H,5026,0.97,Wenatchee_R_SF,5026,0.03,Hanford_Reach,5026,0.00,Lyons_Ferry_H,5021,0.00,,,
Area126 (10) troll 128 143,,Skagit_R,5016,0.99,L_Skagit_R_Fa,5016,0.01,Cedar_R_SuFa,5020,0.00,Cowlitz_H_fa,5008,0.00,Sol_Duc_H,5028,0.00
Area126 (10) troll 128 144,,Skagit_R,5016,0.51,Puntledge_F,7,0.32,Hanford_Reach,5026,0.14,Lyons_Ferry_H,5021,0.01,L_Skagit_R_Fa,5016,0.01
Area126 (10) troll 128 145,,Chilliwack_F,3,0.99,Harrison,3,0.01,,,,,,,,,
Area126 (10) troll 128 146,,Harrison,3,1.00,Chilliwac@Stav,3,0.00,Chilliwack_F,3,0.00,,,,,,
Area126 (10) troll 128 147,,Puntledge_F,7,0.98,Cedar_R_SuFa,5020,0.01,Big_Qualicum,7,0.00,L_Qualicum,7,0.00,L_Skagit_R_Fa,5016,0.00
Area126 (10) troll 128 148,,Hanford_Reach,5026,0.87,Wells_H,5026,0.09,ClearwaterRFa,5021,0.02,Wenatchee_R_SF,5026,0.01,Lyons_Ferry_H,5021,0.01
Area126 (10) troll 128 149,,Chilliwack_F,3,0.99,Harrison,3,0.01,Chilliwac@Stav,3,0.00,,,,,,
Area126 (10) troll 128 150,,Spring_Cr_col,5030,0.98,Abernathy_NFH_F,5008,0.02,Elochoman_H,5030,0.00,Elochoman_R_Fa,5008,0.00,Abernathy_Cr_Fa,5008,0.00
Area126 (10) troll 128 151,,Puntledge_F,7,0.98,Nanaimo_F,7,0.01,Big_Qualicum,7,0.01,Cedar_R_SuFa,5020,0.00,Puntledge_BackX,7,0.00
Area126 (10) troll 128 152,,Chilliwack_F,3,0.99,Harrison,3,0.01,Chilliwac@Stav,3,0.00,,,,,,
Area126 (10) troll 128 153,,Chilliwack_F,3,0.63,Harrison,3,0.36,Chilliwac@Stav,3,0.01,,,,,,
Area126 (10) troll 128 237,,Wenatchee_R_SF,5026,0.48,Hanford_Reach,5026,0.44,Wells_H,5026,0.03,Methow_R,5026,0.01,N_Santiam_H,5029,0.01
Area126 (10) troll 128 238,,Abernathy_NFH_F,5008,0.60,Spring_Cr_col,5030,0.35,Elochoman_H,5030,0.05,Washougal_R_Fa,5008,0.00,Big_Cr_H_Col,5030,0.00
Area126 (10) troll 128 239,,Spring_Cr_col,5030,0.83,Abernathy_NFH_F,5008,0.17,Elochoman_H,5030,0.00,Washougal_R_Fa,5008,0.00,Cowlitz_H_fa,5008,0.00
Area126 (10) troll 128 240,,Chilliwack_F,3,0.51,Harrison,3,0.26,Cedar_R_SuFa,5020,0.12,L_Skagit_R_Fa,5016,0.06,Hamma_Hamma_R,5005,0.03
Area126 (10) troll 128 241,,Wells_H,5026,0.86,Wenatchee_R_SF,5026,0.11,Hanford_Reach,5026,0.03,Lyons_Ferry_H,5021,0.00,Methow_R,5026,0.00
Area126 (10) troll 128 242,,L_Skagit_R_Fa,5016,0.32,Soos_H,5020,0.30,Hamma_Hamma_R,5005,0.15,Cedar_R_SuFa,5020,0.13,George_Adams_H,5005,0.07
Area126 (10) troll 128 243,,Wells_H,5026,0.67,Wenatchee_R_SF,5026,0.16,Hanford_Reach,5026,0.14,Methow_R,5026,0.01,Umatilla_H,5026,0.01
Area126 (10) troll 128 244,,Spring_Cr_col,5030,1.00,Abernathy_NFH_F,5008,0.00,Big_Cr_H_Col,5030,0.00,,,,,,
Area126 (10) troll 128 245,,Hanford_Reach,5026,0.77,Wells_H,5026,0.20,Wenatchee_R_SF,5026,0.01,Lyons_Ferry_H,5021,0.00,L_Deschutes_R,5004,0.00
Area126 (10) troll 128 246,,Spring_Cr_col,5030,0.85,Abernathy_NFH_F,5008,0.15,Big_Cr_H_Col,5030,0.00,Elochoman_H,5030,0.00,Washougal_R_Fa,5008,0.00
Area126 (10) troll 128 247,,NF_Nooksack_H,5016,1.00,Skagit_R,5016,0.00,,,,,,,,,
Area126 (10) troll 128 248,,Wenatchee_R_SF,5026,0.40,Hanford_Reach,5026,0.24,Wells_H,5026,0.21,Umatilla_H,5026,0.13,Methow_R,5026,0.02
Area126 (10) troll 128 249,,L_Skagit_R_Fa,5016,0.55,Skagit_R,5016,0.30,Soos_H,5020,0.07,Cedar_R_SuFa,5020,0.03,Hamma_Hamma_R,5005,0.02
Area126 (10) troll 128 250,,Hanford_Reach,5026,0.47,Wells_H,5026,0.24,Lyons_Ferry_H,5021,0.15,Umatilla_H,5026,0.11,Wenatchee_R_SF,5026,0.02
Area126 (10) troll 128 251,,Hanford_Reach,5026,0.72,Wells_H,5026,0.13,Lyons_Ferry_H,5021,0.10,Umatilla_H,5026,0.04,L_Deschutes_R,5004,0.00
Area126 (10) troll 128 252,,Spring_Cr_col,5030,0.96,Abernathy_NFH_F,5008,0.03,Washougal_R_Fa,5008,0.01,Hanford_Reach,5026,0.00,,,
Area126 (10) troll 128 253,,Bessette,5,0.96,L_Shuswap,5,0.04,South_Thom,5,0.00,Puntledge_F,7,0.00,,,
Area126 (10) troll 128 254,,Nanaimo_F,7,0.92,Puntledge_F,7,0.07,L_Qualicum,7,0.01,Puntledge_Su,7,0.00,Puntledge_BackX,7,0.00
Area126 (10) troll 128 255,,Chilliwack_F,3,1.00,Harrison,3,0.00,NF_Nooksack_H,5016,0.00,Chilliwac@Stav,3,0.00,,,
Area126 (10) troll 128 256,,Chilliwack_F,3,0.77,Harrison,3,0.23,Chilliwac@Stav,3,0.00,George_Adams_H,5005,0.00,,,
Area126 (10) troll 128 257,,Abernathy_NFH_F,5008,0.66,Spring_Cr_col,5030,0.34,Big_Cr_H_Col,5030,0.00,Elochoman_H,5030,0.00,,,
Area126 (10) troll 128 258,,Abernathy_NFH_F,5008,0.32,Washougal_R_Fa,5008,0.30,Cowlitz_H_fa,5008,0.14,Elochoman_H,5030,0.13,Spring_Cr_col,5030,0.07
Area126 (10) troll 128 259,,Washougal_R_Fa,5008,0.94,Elochoman_R_Fa,5008,0.04,Cowlitz_H_fa,5008,0.01,Lewis_R_f,5008,0.00,Spring_Cr_col,5030,0.00
Area126 (10) troll 128 260,,Lyons_Ferry_H,5021,0.50,Wells_H,5026,0.49,Hanford_Reach,5026,0.02,N_Santiam_H,5029,0.00,,,
Area126 (10) troll 128 261,,Spring_Cr_col,5030,0.96,Washougal_R_Fa,5008,0.03,Abernathy_NFH_F,5008,0.01,Elochoman_H,5030,0.00,L_Skagit_R_Fa,5016,0.00
Area126 (10) troll 128 262,,Spring_Cr_col,5030,0.73,Abernathy_NFH_F,5008,0.27,Washougal_R_Fa,5008,0.00,Abernathy_Cr_Fa,5008,0.00,Elochoman_R_Fa,5008,0.00
Area126 (10) troll 128 263,,Spring_Cr_col,5030,0.69,Abernathy_NFH_F,5008,0.31,Big_Cr_H_Col,5030,0.00,Cowlitz_H_fa,5008,0.00,Elochoman_H,5030,0.00
Area126 (10) troll 129 154,,Cowlitz_H_fa,5008,0.71,Elochoman_R_Fa,5008,0.06,Hanford_Reach,5026,0.05,Spring_Cr_col,5030,0.05,Washougal_R_Fa,5008,0.04
Area126 (10) troll 129 155,,Wenatchee_R_SF,5026,0.41,Wells_H,5026,0.27,Hanford_Reach,5026,0.25,Methow_R,5026,0.05,Priest_Rapids_H,5026,0.01
Area126 (10) troll 129 156,,Spring_Cr_col,5030,0.94,Abernathy_NFH_F,5008,0.06,Elochoman_H,5030,0.00,Big_Cr_H_Col,5030,0.00,,,
Area126 (10) troll 129 157,,Spring_Cr_col,5030,0.99,Abernathy_NFH_F,5008,0.01,Abernathy_Cr_Fa,5008,0.00,Washougal_R_Fa,5008,0.00,Elochoman_H,5030,0.00
Area126 (10) troll 129 158,,Spring_Cr_col,5030,0.73,Abernathy_NFH_F,5008,0.21,Elochoman_H,5030,0.06,Washougal_R_Fa,5008,0.00,,,
Area126 (10) troll 129 159,,Spring_Cr_col,5030,1.00,Abernathy_NFH_F,5008,0.00,,,,,,,,,
Area126 (10) troll 129 160,,Hanford_Reach,5026,0.73,Wells_H,5026,0.17,Umatilla_H,5026,0.07,Lyons_Ferry_H,5021,0.01,L_Deschutes_R,5004,0.01
Area126 (10) troll 129 161,,George_Adams_H,5005,0.70,Cedar_R_SuFa,5020,0.17,Hamma_Hamma_R,5005,0.06,Soos_H,5020,0.04,Clear_Cr_H,5020,0.02
Area126 (10) troll 129 162,,Spring_Cr_col,5030,0.97,Abernathy_NFH_F,5008,0.02,Elochoman_H,5030,0.00,Cowlitz_H_fa,5008,0.00,Big_Cr_H_Col,5030,0.00
Area126 (10) troll 129 163,,Skagit_R,5016,0.80,L_Skagit_R_Fa,5016,0.09,Cedar_R_SuFa,5020,0.04,Puntledge_F,7,0.03,George_Adams_H,5005,0.01
Area126 (10) troll 129 164,,Cowlitz_H_fa,5008,0.60,Kalama_H_sp,5009,0.23,Lewis_R_f,5008,0.08,N_Santiam_H,5029,0.05,Hanford_Reach,5026,0.02
Area126 (10) troll 129 165,,Hanford_Reach,5026,0.68,Umatilla_H,5026,0.13,Wells_H,5026,0.06,ClearwaterRFa,5021,0.05,Umatilla_H_Fa,5026,0.02
Area126 (10) troll 129 166,,Hanford_Reach,5026,0.89,Wells_H,5026,0.07,Wenatchee_R_SF,5026,0.04,Skagit_R,5016,0.00,,,
Area126 (10) troll 129 167,,Cedar_R_SuFa,5020,0.76,Soos_H,5020,0.16,Hamma_Hamma_R,5005,0.05,L_Skagit_R_Fa,5016,0.02,George_Adams_H,5005,0.01
Area126 (10) troll 129 168,,Spring_Cr_col,5030,0.90,Abernathy_NFH_F,5008,0.09,Elochoman_H,5030,0.00,Big_Cr_H_Col,5030,0.00,Elochoman_R_Fa,5008,0.00
Area126 (10) troll 129 169,Number of missing Loci exceeded,,,,,,,,,,,,,,,
Area126 (10) troll 129 170,,Hanford_Reach,5026,0.87,Lyons_Ferry_H,5021,0.10,Wells_H,5026,0.01,Umatilla_H,5026,0.01,L_Wh_Sal_H_SF,5026,0.00
Area126 (10) troll 129 171,,Cedar_R_SuFa,5020,0.36,George_Adams_H,5005,0.28,Hamma_Hamma_R,5005,0.21,Soos_H,5020,0.08,Clear_Cr_H,5020,0.05
Area126 (10) troll 129 172,,N_Santiam_H,5029,1.00,McKenzie_H,5029,0.00,,,,,,,,,
Area126 (10) troll 129 173,,Spring_Cr_col,5030,0.96,Abernathy_NFH_F,5008,0.03,Elochoman_H,5030,0.01,,,,,,
Area126 (10) troll 129 174,,Spring_Cr_col,5030,0.99,Big_Cr_H_Col,5030,0.00,Elochoman_H,5030,0.00,Abernathy_NFH_F,5008,0.00,,,
Area126 (10) troll 129 175,,Wells_H,5026,0.57,Wenatchee_R_SF,5026,0.20,Hanford_Reach,5026,0.19,Priest_Rapids_H,5026,0.02,Lyons_Ferry_H,5021,0.01
Area126 (10) troll 129 176,,Cedar_R_SuFa,5020,0.56,Soos_H,5020,0.20,Hamma_Hamma_R,5005,0.17,George_Adams_H,5005,0.05,S_Prairie_Cr,5020,0.01
Area126 (10) troll 129 177,,Spring_Cr_col,5030,0.89,Abernathy_NFH_F,5008,0.07,Wells_H,5026,0.02,Hanford_Reach,5026,0.01,Elochoman_H,5030,0.00
Area126 (10) troll 129 178,,N_Santiam_H,5029,0.99,McKenzie_H,5029,0.01,,,,,,,,,
Area126 (10) troll 129 179,,Washougal_R_Fa,5008,0.46,Abernathy_NFH_F,5008,0.21,Elochoman_H,5030,0.21,Elochoman_R_Fa,5008,0.06,Spring_Cr_col,5030,0.05
Area126 (10) troll 129 180,,Hanford_Reach,5026,0.61,Wenatchee_R_SF,5026,0.22,Cedar_R_SuFa,5020,0.09,Wells_H,5026,0.03,ClearwaterRFa,5021,0.01
Area126 (10) troll 129 181,,Hanford_Reach,5026,0.99,Umatilla_H,5026,0.01,Umatilla_H_Fa,5026,0.00,Wenatchee_R_SF,5026,0.00,Priest_Rapids_H,5026,0.00
Area126 (10) troll 129 182,,Hanford_Reach,5026,0.90,Lyons_Ferry_H,5021,0.06,Umatilla_H,5026,0.02,Priest_Rapids_H,5026,0.01,ClearwaterRFa,5021,0.01
Area126 (10) troll 129 183,,Spring_Cr_col,5030,0.99,Abernathy_NFH_F,5008,0.01,Elochoman_H,5030,0.00,,,,,,
Area126 (10) troll 129 184,,Abernathy_NFH_F,5008,0.60,Cowlitz_H_fa,5008,0.15,Elochoman_H,5030,0.09,Spring_Cr_col,5030,0.08,Washougal_R_Fa,5008,0.06
Area126 (10) troll 129 185,,Wells_H,5026,0.94,Wenatchee_R_SF,5026,0.02,Hanford_Reach,5026,0.02,Lyons_Ferry_H,5021,0.01,Priest_Rapid_H,5026,0.00
Area126 (10) troll 129 186,,Chilliwack_F,3,0.75,Harrison,3,0.25,Chilliwac@Stav,3,0.00,,,,,,
Area126 (10) troll 129 187,,Lyons_Ferry_H,5021,0.64,Hanford_Reach,5026,0.30,ClearwaterRFa,5021,0.06,L_Deschutes_R,5004,0.00,Umatilla_H_Fa,5026,0.00
Area126 (10) troll 129 264,,Hanford_Reach,5026,0.90,Umatilla_H,5026,0.09,Washougal_R_Fa,5008,0.00,Wenatchee_R_SF,5026,0.00,Sandy_R,5008,0.00
Area126 (10) troll 129 265,,Cedar_R_SuFa,5020,0.45,Harrison,3,0.42,Chilliwack_F,3,0.06,Hamma_Hamma_R,5005,0.05,L_Skagit_R_Fa,5016,0.01
Area126 (10) troll 129 266,,Spring_Cr_col,5030,0.94,Abernathy_NFH_F,5008,0.06,Big_Cr_H_Col,5030,0.00,Elochoman_H,5030,0.00,Cowlitz_H_fa,5008,0.00
Area126 (10) troll 129 267,,Spring_Cr_col,5030,0.99,Abernathy_NFH_F,5008,0.01,Elochoman_H,5030,0.00,Washougal_R_Fa,5008,0.00,,,
Area126 (10) troll 129 268,,Abernathy_NFH_F,5008,0.67,Spring_Cr_col,5030,0.32,Big_Cr_H_Col,5030,0.01,Cowlitz_H_fa,5008,0.00,,,
Area126 (10) troll 129 269,,Hamma_Hamma_R,5005,0.42,George_Adams_H,5005,0.18,Grovers_Cr_H,5020,0.09,Cedar_R_SuFa,5020,0.08,Soos_H,5020,0.06
Area126 (10) troll 129 270,,Spring_Cr_col,5030,0.99,Abernathy_NFH_F,5008,0.01,Washougal_R_Fa,5008,0.00,Cowlitz_H_fa,5008,0.00,Elochoman_H,5030,0.00
Area126 (10) troll 129 271,,Spring_Cr_col,5030,0.78,Abernathy_NFH_F,5008,0.21,Hanford_Reach,5026,0.01,Umatilla_H,5026,0.00,Wells_H,5026,0.00
Area126 (10) troll 129 272,,Lyons_Ferry_H,5021,0.96,ClearwaterRFa,5021,0.02,Hanford_Reach,5026,0.01,Priest_Rapid_H,5026,0.00,Nez_PerceT_H,5021,0.00
Area126 (10) troll 129 273,,Spring_Cr_col,5030,0.93,Abernathy_NFH_F,5008,0.04,Elochoman_H,5030,0.02,Big_Cr_H_Col,5030,0.00,Washougal_R_Fa,5008,0.00
Area126 (10) troll 129 274,,Cedar_R_SuFa,5020,0.38,Soos_H,5020,0.29,George_Adams_H,5005,0.13,Hamma_Hamma_R,5005,0.08,L_Skagit_R_Fa,5016,0.05
Area126 (10) troll 129 275,,Hanford_Reach,5026,0.83,Wells_H,5026,0.10,Lyons_Ferry_H,5021,0.02,Priest_Rapids_H,5026,0.02,Wenatchee_R_SF,5026,0.01
Area126 (10) troll 129 276,,Wells_H,5026,0.92,Wenatchee_R_SF,5026,0.04,Spring_Cr_col,5030,0.03,Hanford_Reach,5026,0.00,Lyons_Ferry_H,5021,0.00
Area126 (10) troll 129 277,,Spring_Cr_col,5030,0.86,Abernathy_NFH_F,5008,0.14,Elochoman_H,5030,0.00,Big_Cr_H_Col,5030,0.00,Washougal_R_Fa,5008,0.00
Area126 (10) troll 129 278,,Spring_Cr_col,5030,0.98,Abernathy_NFH_F,5008,0.02,Big_Cr_H_Col,5030,0.00,,,,,,
Area126 (10) troll 129 279,,Abernathy_NFH_F,5008,0.47,Spring_Cr_col,5030,0.47,Cowlitz_H_fa,5008,0.03,Elochoman_H,5030,0.02,Abernathy_Cr_Fa,5008,0.00
Area126 (10) troll 129 280,,Spring_Cr_col,5030,0.62,Washougal_R_Fa,5008,0.27,Abernathy_NFH_F,5008,0.11,Elochoman_H,5030,0.01,Cowlitz_H_fa,5008,0.00
Area126 (10) troll 129 281,,Spring_Cr_col,5030,1.00,Abernathy_Cr_Fa,5008,0.00,,,,,,,,,
Area126 (10) troll 129 282,,Spring_Cr_col,5030,0.59,Abernathy_NFH_F,5008,0.34,Elochoman_H,5030,0.07,Big_Cr_H_Col,5030,0.01,Elochoman_R_Fa,5008,0.00
Area126 (10) troll 129 283,,Spring_Cr_col,5030,0.89,Abernathy_NFH_F,5008,0.09,Elochoman_H,5030,0.01,Cedar_R_SuFa,5020,0.01,Big_Cr_H_Col,5030,0.00
Area126 (10) troll 129 284,,Spring_Cr_col,5030,0.96,Elochoman_H,5030,0.04,Big_Cr_H_Col,5030,0.00,Abernathy_NFH_F,5008,0.00,Abernathy_Cr_Fa,5008,0.00
Area126 (10) troll 129 285,,Sol_Duc_H,5028,0.97,Hanford_Reach,5026,0.02,Lyons_Ferry_H,5021,0.00,ClearwaterRFa,5021,0.00,Soos_H,5020,0.00
Area126 (10) troll 129 286,,Wenatchee_R_SF,5026,0.89,Wells_H,5026,0.11,Umatilla_H,5026,0.00,Methow_R,5026,0.00,Hanford_Reach,5026,0.00
Area126 (10) troll 129 287,,Wenatchee_R_SF,5026,0.61,Wells_H,5026,0.31,Hanford_Reach,5026,0.05,Methow_R,5026,0.03,Umatilla_H,5026,0.00
Area126 (10) troll 129 288,,Harrison,3,0.81,L_Skagit_R_Fa,5016,0.10,Chilliwack_F,3,0.05,Cedar_R_SuFa,5020,0.04,Hamma_Hamma_R,5005,0.00
Area126 (10) troll 129 289,,Wenatchee_R_SF,5026,0.88,Methow_R,5026,0.07,Priest_Rapids_H,5026,0.05,L_Deschutes_R,5004,0.00,Wells_H,5026,0.00
Area126 (10) troll 129 290,,Hamma_Hamma_R,5005,0.49,George_Adams_H,5005,0.25,Cedar_R_SuFa,5020,0.14,Clear_Cr_H,5020,0.06,Soos_H,5020,0.05
Area126 (10) troll 129 291,,Nanaimo_F,7,0.76,Puntledge_F,7,0.20,L_Qualicum,7,0.02,Cedar_R_SuFa,5020,0.01,Puntledge_BackX,7,0.00
Area126 (10) troll 129 292,,Bessette,5,0.96,L_Shuswap,5,0.04,M_Shuswap,5,0.00,Portage_C,2,0.00,,,
Area126 (10) troll 129 293,,Cedar_R_SuFa,5020,0.66,Soos_H,5020,0.24,George_Adams_H,5005,0.06,Hamma_Hamma_R,5005,0.02,Clear_Cr_H,5020,0.00
Area126 (10) troll 129 294,,George_Adams_H,5005,0.63,Cedar_R_SuFa,5020,0.16,Hamma_Hamma_R,5005,0.14,Soos_H,5020,0.03,Clear_Cr_H,5020,0.01
Area126 (10) troll 129 295,,George_Adams_H,5005,0.46,Hamma_Hamma_R,5005,0.18,Cedar_R_SuFa,5020,0.18,L_Skagit_R_Fa,5016,0.17,Puntledge_F,7,0.00
Area126 (10) troll 129 296,,Spring_Cr_col,5030,0.99,Abernathy_NFH_F,5008,0.01,Elochoman_H,5030,0.00,Big_Cr_H_Col,5030,0.00,Cowlitz_H_fa,5008,0.00
Area126 (10) troll 129 297,,Abernathy_NFH_F,5008,0.76,Elochoman_H,5030,0.17,Spring_Cr_col,5030,0.03,Cowlitz_H_fa,5008,0.02,Washougal_R_Fa,5008,0.02
Area126 (10) troll 129 298,,L_Skagit_R_Fa,5016,0.70,Cedar_R_SuFa,5020,0.12,George_Adams_H,5005,0.09,Hamma_Hamma_R,5005,0.07,Snoqualmie_R,5016,0.01
Area126 (10) troll 129 299,,Wenatchee_R_SF,5026,0.75,Wells_H,5026,0.19,Hanford_Reach,5026,0.05,Priest_Rapids_H,5026,0.01,Priest_Rapid_H,5026,0.00
Area126 (10) troll 129 300,,Spring_Cr_col,5030,0.99,Abernathy_NFH_F,5008,0.01,Elochoman_H,5030,0.00,Big_Cr_H_Col,5030,0.00,,,
Area126 (10) troll 129 301,,Spring_Cr_col,5030,0.98,Abernathy_NFH_F,5008,0.01,Elochoman_H,5030,0.01,Big_Cr_H_Col,5030,0.01,Cowlitz_H_fa,5008,0.00
Area126 (10) troll 129 302,,Cedar_R_SuFa,5020,0.56,Hamma_Hamma_R,5005,0.25,Soos_H,5020,0.07,George_Adams_H,5005,0.07,Clear_Cr_H,5020,0.04
Area126 (10) troll 129 303,,Cedar_R_SuFa,5020,0.67,George_Adams_H,5005,0.13,Hamma_Hamma_R,5005,0.05,L_Skagit_R_Fa,5016,0.04,Soos_H,5020,0.03
Area126 (10) troll 129 304,,Chilliwack_F,3,0.69,Harrison,3,0.20,L_Skagit_R_Fa,5016,0.07,Skagit_R,5016,0.03,Cedar_R_SuFa,5020,0.01
Area126 (10) troll 129 305,,George_Adams_H,5005,0.52,Cedar_R_SuFa,5020,0.24,Soos_H,5020,0.11,Hamma_Hamma_R,5005,0.11,Grovers_Cr_H,5020,0.02
Area126 (10) troll 129 306,,Spring_Cr_col,5030,0.53,Cowlitz_H_fa,5008,0.33,Lewis_R_f,5008,0.10,Abernathy_NFH_F,5008,0.01,Abernathy_Cr_Fa,5008,0.01
Area126 (10) troll 129 307,,Abernathy_NFH_F,5008,0.65,Spring_Cr_col,5030,0.35,Big_Cr_H_Col,5030,0.00,,,,,,
Area126 (10) troll 129 308,,Hanford_Reach,5026,0.95,Wells_H,5026,0.03,Methow_R,5026,0.01,Wenatchee_R_SF,5026,0.01,Umatilla_H_Fa,5026,0.00
Area126 (10) troll 129 309,,Wells_H,5026,0.77,Wenatchee_R_SF,5026,0.14,Hanford_Reach,5026,0.05,Methow_R,5026,0.02,Lyons_Ferry_H,5021,0.02
Area126 (10) troll 129 310,,Wells_H,5026,0.50,Wenatchee_R_SF,5026,0.39,Hanford_Reach,5026,0.11,Priest_Rapid_H,5026,0.00,Priest_Rapids_H,5026,0.00
Area126 (10) troll 129 311,,Abernathy_NFH_F,5008,0.68,Elochoman_H,5030,0.17,Cowlitz_H_fa,5008,0.06,Spring_Cr_col,5030,0.04,Washougal_R_Fa,5008,0.04
Area126 (10) troll 129 312,,Harrison,3,0.84,Chilliwack_F,3,0.15,Chilliwac@Stav,3,0.00,,,,,,
Area126 (10) troll 129 313,,Abernathy_NFH_F,5008,0.63,Cowlitz_H_fa,5008,0.34,Spring_Cr_col,5030,0.01,Washougal_R_Fa,5008,0.01,Lewis_R_Su,5008,0.00
Area126 (10) troll 129 314,,Spring_Cr_col,5030,0.96,Abernathy_NFH_F,5008,0.04,Elochoman_H,5030,0.00,Cowlitz_H_fa,5008,0.00,Abernathy_Cr_Fa,5008,0.00
Area126 (10) troll 129 315,,Puntledge_F,7,0.85,Nanaimo_F,7,0.11,Cowichan,7,0.03,L_Qualicum,7,0.01,Puntledge_BackX,7,0.00
,,,,,,,,,,,,,,,,
Sample: 24, Area127,2010, troll, Apr30-Aug04,,,,,,,,,,,,
Area127 (10) troll 120 1,,Abernathy_Cr_Fa,5008,0.86,Lewis_R_f,5008,0.06,Lewis_R_Su,5008,0.05,Snoqualmie_R,5016,0.02,Elochoman_H,5030,0.01
Area127 (10) troll 120 10,,N_Santiam_H,5029,0.84,McKenzie_H,5029,0.16,Priest_Rapid_H,5026,0.00,Hanford_Reach,5026,0.00,,,
Area127 (10) troll 120 100,,Snoqualmie_R,5016,0.37,S_Prairie_Cr,5020,0.27,Skagit_R,5016,0.14,Grovers_Cr_H,5020,0.08,L_Skagit_R_Fa,5016,0.07
Area127 (10) troll 120 101,,Umatilla_H,5026,0.45,Hanford_Reach,5026,0.34,Wells_H,5026,0.14,Priest_Rapid_H,5026,0.03,Methow_R,5026,0.01
Area127 (10) troll 120 102,,Elochoman_H,5030,0.47,Lewis_R_Su,5008,0.11,Big_Cr_H_Col,5030,0.10,Lewis_R_f,5008,0.10,Spring_Cr_col,5030,0.09
Area127 (10) troll 120 103,,S_Prairie_Cr,5020,0.97,Hamma_Hamma_R,5005,0.02,Grovers_Cr_H,5020,0.01,George_Adams_H,5005,0.00,Samish_H,5016,0.00
Area127 (10) troll 120 104,,Harrison,3,0.51,S_Prairie_Cr,5020,0.31,Chilliwack_F,3,0.09,Grovers_Cr_H,5020,0.04,Hamma_Hamma_R,5005,0.04
Area127 (10) troll 120 105,Dupe with 89,Hanford_Reach,5026,0.92,Priest_Rapid_H,5026,0.05,Wells_H,5026,0.02,Priest_Rapids_H,5026,0.01,Nez_PerceT_H,5021,0.00
Area127 (10) troll 120 106,,Chilliwack_F,3,1.00,Harrison,3,0.00,,,,,,,,,
Area127 (10) troll 120 11,,Hanford_Reach,5026,0.46,Priest_Rapid_H,5026,0.37,Wells_H,5026,0.10,Methow_R,5026,0.05,Priest_Rapids_H,5026,0.01
Area127 (10) troll 120 12,,Spring_Cr_col,5030,0.90,Elochoman_H,5030,0.07,Cowlitz_H_fa,5008,0.02,Abernathy_NFH_F,5008,0.00,Cowlitz_H_sp,5009,0.00
Area127 (10) troll 120 13,,Spring_Cr_col,5030,0.99,Abernathy_NFH_F,5008,0.01,Abernathy_Cr_Fa,5008,0.00,Elochoman_H,5030,0.00,Big_Cr_H_Col,5030,0.00
Area127 (10) troll 120 14,,NF_Nooksack_H,5016,1.00,,,,,,,,,,,,
Area127 (10) troll 120 15,,Chilliwack_F,3,1.00,Harrison,3,0.00,Chilliwac@Stav,3,0.00,,,,,,
Area127 (10) troll 120 16,,N_Santiam_H,5029,0.96,McKenzie_H,5029,0.04,Hanford_Reach,5026,0.00,Umatilla_H,5026,0.00,Wells_H,5026,0.00
Area127 (10) troll 120 17,,Hamma_Hamma_R,5005,0.88,Grovers_Cr_H,5020,0.07,Bear_Cr_SuFa,5020,0.02,S_Prairie_Cr,5020,0.01,Snoqualmie_R,5016,0.01
Area127 (10) troll 120 18,,Spring_Cr_col,5030,0.99,Green_R_Fa,5008,0.01,Elochoman_H,5030,0.00,Abernathy_Cr_Fa,5008,0.00,Cowlitz_H_fa,5008,0.00
Area127 (10) troll 120 19,,Elochoman_H,5030,0.49,Spring_Cr_col,5030,0.20,Abernathy_Cr_Fa,5008,0.18,Lewis_R_Su,5008,0.06,Big_Cr_H_Col,5030,0.03
Area127 (10) troll 120 2,,Puntledge_F,7,0.91,Big_Qualicum,7,0.04,S_Prairie_Cr,5020,0.03,George_Adams_H,5005,0.01,Puntledge_BackX,7,0.01
Area127 (10) troll 120 20,,Grovers_Cr_H,5020,0.98,George_Adams_H,5005,0.01,Hamma_Hamma_R,5005,0.00,Snoqualmie_R,5016,0.00,S_Prairie_Cr,5020,0.00
Area127 (10) troll 120 21,,Cowlitz_H_fa,5008,0.39,Abernathy_Cr_Fa,5008,0.13,Lewis_R_f,5008,0.12,Spring_Cr_col,5030,0.10,Green_R_Fa,5008,0.09
Area127 (10) troll 120 22,,Spring_Cr_col,5030,0.90,Big_Cr_H_Col,5030,0.06,Elochoman_H,5030,0.04,Abernathy_Cr_Fa,5008,0.00,Abernathy_NFH_F,5008,0.00
Area127 (10) troll 120 23,,Hamma_Hamma_R,5005,0.41,S_Prairie_Cr,5020,0.22,Grovers_Cr_H,5020,0.19,Snoqualmie_R,5016,0.06,George_Adams_H,5005,0.03
Area127 (10) troll 120 24,,Spring_Cr_col,5030,0.94,Abernathy_Cr_Fa,5008,0.03,Abernathy_NFH_F,5008,0.01,Elochoman_H,5030,0.01,Big_Cr_H_Col,5030,0.00
Area127 (10) troll 120 25,,Grovers_Cr_H,5020,0.49,S_Prairie_Cr,5020,0.17,Hamma_Hamma_R,5005,0.14,Snoqualmie_R,5016,0.10,George_Adams_H,5005,0.03
Area127 (10) troll 120 26,,Spring_Cr_col,5030,1.00,,,,,,,,,,,,
Area127 (10) troll 120 27,,Harrison,3,0.83,Gold_R,8,0.12,Chilliwack_F,3,0.03,Snoqualmie_R,5016,0.01,Moyeha_R,8,0.00
Area127 (10) troll 120 28,,S_Prairie_Cr,5020,0.86,Skagit_R,5016,0.11,U_Sauk_R_SpSu,5016,0.02,Snoqualmie_R,5016,0.00,L_Skagit_R_Fa,5016,0.00
Area127 (10) troll 120 29,,Hanford_Reach,5026,0.54,Priest_Rapid_H,5026,0.30,Lyons_Ferry_H,5021,0.08,Wells_H,5026,0.06,Umatilla_H,5026,0.01
Area127 (10) troll 120 3,,Spring_Cr_col,5030,0.98,Elochoman_H,5030,0.01,Green_R_Fa,5008,0.00,Big_Cr_H_Col,5030,0.00,Cowlitz_H_fa,5008,0.00
Area127 (10) troll 120 30,,Spring_Cr_col,5030,1.00,Elochoman_H,5030,0.00,Abernathy_NFH_F,5008,0.00,Big_Cr_H_Col,5030,0.00,,,
Area127 (10) troll 120 31,,Spring_Cr_col,5030,0.95,Big_Cr_H_Col,5030,0.04,Elochoman_H,5030,0.01,Abernathy_NFH_F,5008,0.00,Abernathy_Cr_Fa,5008,0.00
Area127 (10) troll 120 32,,Harrison,3,0.99,Chilliwack_F,3,0.01,U_Sauk_R_SpSu,5016,0.00,Snoqualmie_R,5016,0.00,Kitlope,10,0.00
Area127 (10) troll 120 33,,L_Shuswap,5,0.96,Little_R,5,0.03,M_Shuswap,5,0.00,Eagle_R,5,0.00,L_Thompson,5,0.00
Area127 (10) troll 120 34,,Lewis_R_f,5008,0.46,Abernathy_Cr_Fa,5008,0.22,Skagit_R,5016,0.09,Cowlitz_H_fa,5008,0.08,Lewis_R_Su,5008,0.08
Area127 (10) troll 120 35,,Spring_Cr_col,5030,0.48,Elochoman_H,5030,0.46,Big_Cr_H_Col,5030,0.05,Abernathy_NFH_F,5008,0.01,Abernathy_Cr_Fa,5008,0.00
Area127 (10) troll 120 36,,Spring_Cr_col,5030,1.00,Big_Cr_H_Col,5030,0.00,Abernathy_NFH_F,5008,0.00,Elochoman_H,5030,0.00,,,
Area127 (10) troll 120 37,,Abernathy_Cr_Fa,5008,0.67,Cowlitz_H_fa,5008,0.23,Spring_Cr_col,5030,0.08,Green_R_Fa,5008,0.01,Elochoman_H,5030,0.00
Area127 (10) troll 120 38,,Skagit_R,5016,0.39,Snoqualmie_R,5016,0.32,U_Sauk_R_SpSu,5016,0.18,L_Skagit_R_Fa,5016,0.07,Hamma_Hamma_R,5005,0.02
Area127 (10) troll 120 39,,Puntledge_F,7,0.98,Big_Qualicum,7,0.02,Cheakamus_F,9,0.00,Puntledge_BackX,7,0.00,U_Sauk_R_SpSu,5016,0.00
Area127 (10) troll 120 4,,S_Coos_R,5011,0.84,Coos_H,5011,0.11,Coquille_R,5011,0.03,Trask_R,5015,0.01,L_Skagit_R_Fa,5016,0.00
Area127 (10) troll 120 40,,NF_Nooksack_H,5016,1.00,,,,,,,,,,,,
Area127 (10) troll 120 41,,Spring_Cr_col,5030,0.52,Abernathy_Cr_Fa,5008,0.41,Elochoman_H,5030,0.03,Green_R_Fa,5008,0.02,Priest_Rapid_H,5026,0.00
Area127 (10) troll 120 42,,Spring_Cr_col,5030,0.98,Abernathy_Cr_Fa,5008,0.01,Cowlitz_H_sp,5009,0.01,Cowlitz_H_fa,5008,0.00,Abernathy_NFH_F,5008,0.00
Area127 (10) troll 120 43,,N_Santiam_H,5029,0.72,Abernathy_Cr_Fa,5008,0.16,McKenzie_H,5029,0.04,Elochoman_H,5030,0.04,Cowlitz_H_fa,5008,0.02
Area127 (10) troll 120 44,,Puntledge_F,7,0.87,Snoqualmie_R,5016,0.08,Harrison,3,0.03,Big_Qualicum,7,0.01,Puntledge_BackX,7,0.00
Area127 (10) troll 120 45,,S_Prairie_Cr,5020,0.65,Hamma_Hamma_R,5005,0.17,L_Skagit_R_Fa,5016,0.09,Bear_Cr_SuFa,5020,0.03,Snoqualmie_R,5016,0.02
Area127 (10) troll 120 46,,Spring_Cr_col,5030,0.52,Abernathy_Cr_Fa,5008,0.36,Cowlitz_H_fa,5008,0.05,Cowlitz_H_sp,5009,0.03,Abernathy_NFH_F,5008,0.02
Area127 (10) troll 120 47,,Cowlitz_H_fa,5008,0.98,Lewis_R_f,5008,0.01,Lewis_R_Su,5008,0.01,Abernathy_Cr_Fa,5008,0.00,Sandy_R,5008,0.00
Area127 (10) troll 120 48,,Chilliwack_F,3,0.91,Harrison,3,0.09,,,,,,,,,
Area127 (10) troll 120 49,,Skagit_R,5016,0.89,U_Sauk_R_SpSu,5016,0.11,NF_Nooksack_H,5016,0.00,Hamma_Hamma_R,5005,0.00,Snoqualmie_R,5016,0.00
Area127 (10) troll 120 5,,Grovers_Cr_H,5020,0.65,S_Prairie_Cr,5020,0.15,Hamma_Hamma_R,5005,0.12,George_Adams_H,5005,0.05,Snoqualmie_R,5016,0.02
Area127 (10) troll 120 50,,Lyons_Ferry_H,5021,0.98,Hanford_Reach,5026,0.02,Priest_Rapid_H,5026,0.00,Nez_PerceT_H,5021,0.00,L_Wh_Sal_H_SF,5026,0.00
Area127 (10) troll 120 51,,NF_Nooksack_H,5016,1.00,,,,,,,,,,,,
Area127 (10) troll 120 52,,Eagle_R,5,1.00,Seymour@Thomp,5,0.00,L_Shuswap,5,0.00,,,,,,
Area127 (10) troll 120 53,,Harrison,3,0.71,Cowlitz_H_fa,5008,0.12,Hanford_Reach,5026,0.05,Chilliwack_F,3,0.02,Lewis_R_f,5008,0.02
Area127 (10) troll 120 54,,Spring_Cr_col,5030,0.70,Cowlitz_H_fa,5008,0.20,Abernathy_Cr_Fa,5008,0.03,Big_Cr_H_Col,5030,0.02,Green_R_Fa,5008,0.02
Area127 (10) troll 120 55,,Chilliwack_F,3,1.00,Harrison,3,0.00,,,,,,,,,
Area127 (10) troll 120 56,,Hanford_Reach,5026,0.86,Priest_Rapids_H,5026,0.12,Priest_Rapid_H,5026,0.01,Wenatchee_R_SF,5026,0.00,Umatilla_H,5026,0.00
Area127 (10) troll 120 57,,S_Umpqua_H,5011,0.82,S_Coos_R,5011,0.10,Elk_H,5011,0.07,Coquille_R,5011,0.01,Sixes_R,5011,0.00
Area127 (10) troll 120 58,,Harrison,3,0.97,Little_R,5,0.02,Chilliwack_F,3,0.00,Hanford_Reach,5026,0.00,Capilano,9,0.00
Area127 (10) troll 120 59,,Umatilla_H,5026,0.74,Priest_Rapids_H,5026,0.19,Wells_H,5026,0.03,Nez_PerceT_H,5021,0.03,Hanford_Reach,5026,0.01
Area127 (10) troll 120 6,,Hanford_Reach,5026,0.49,Umatilla_H,5026,0.42,Priest_Rapids_H,5026,0.04,Wenatchee_R_SF,5026,0.03,Lyons_Ferry_H,5021,0.01
Area127 (10) troll 120 60,,Hanford_Reach,5026,0.38,Priest_Rapid_H,5026,0.30,Umatilla_H,5026,0.26,Wells_H,5026,0.04,U_Sauk_R_SpSu,5016,0.01
Area127 (10) troll 120 61,,Chilliwack_F,3,0.89,Harrison,3,0.11,,,,,,,,,
Area127 (10) troll 120 62,,Chilliwack_F,3,0.98,Harrison,3,0.02,Chilliwac@Stav,3,0.00,L_Skagit_R_Fa,5016,0.00,Skagit_R,5016,0.00
Area127 (10) troll 120 63,,Hanford_Reach,5026,0.42,Priest_Rapid_H,5026,0.30,Wells_H,5026,0.16,Umatilla_H,5026,0.04,Harrison,3,0.03
Area127 (10) troll 120 64,,Priest_Rapids_H,5026,0.21,Wenatchee_R_SF,5026,0.19,Priest_Rapid_H,5026,0.18,Hanford_Reach,5026,0.09,Umatilla_H,5026,0.08
Area127 (10) troll 120 65,,Spring_Cr_col,5030,0.67,Elochoman_H,5030,0.32,Abernathy_Cr_Fa,5008,0.01,Hanford_Reach,5026,0.00,Methow_R,5026,0.00
Area127 (10) troll 120 66,,Spring_Cr_col,5030,0.84,Elochoman_H,5030,0.09,Big_Cr_H_Col,5030,0.06,Abernathy_Cr_Fa,5008,0.01,Green_R_Fa,5008,0.00
Area127 (10) troll 120 67,,Wenatchee_R_SF,5026,0.45,Hanford_Reach,5026,0.27,Priest_Rapid_H,5026,0.16,Methow_R,5026,0.03,Wells_H,5026,0.02
Area127 (10) troll 120 68,,Spring_Cr_col,5030,0.95,Elochoman_H,5030,0.05,Abernathy_NFH_F,5008,0.00,Abernathy_Cr_Fa,5008,0.00,Cowlitz_H_sp,5009,0.00
Area127 (10) troll 120 69,,Chilliwack_F,3,1.00,Chilliwac@Stav,3,0.00,Abernathy_Cr_Fa,5008,0.00,Harrison,3,0.00,Cowlitz_H_fa,5008,0.00
Area127 (10) troll 120 7,,Forks_Cr_H,5028,0.83,Skagit_R,5016,0.05,Hamma_Hamma_R,5005,0.04,S_Coos_R,5011,0.02,Cowlitz_H_fa,5008,0.01
Area127 (10) troll 120 70,,Eagle_R,5,1.00,,,,,,,,,,,,
Area127 (10) troll 120 71,,Wells_H,5026,0.43,Umatilla_H,5026,0.24,Hanford_Reach,5026,0.13,Wenatchee_R_SF,5026,0.09,Priest_Rapids_H,5026,0.05
Area127 (10) troll 120 72,,Priest_Rapid_H,5026,0.92,Wenatchee_R_SF,5026,0.06,Hanford_Reach,5026,0.01,Lyons_Ferry_H,5021,0.00,Umatilla_H,5026,0.00
Area127 (10) troll 120 73,,Harrison,3,1.00,Chilliwack_F,3,0.00,L_Thompson,5,0.00,,,,,,
Area127 (10) troll 120 74,,Chilliwack_F,3,0.90,Harrison,3,0.06,NF_Nooksack_H,5016,0.03,U_Sauk_R_SpSu,5016,0.01,Chilliwac@Stav,3,0.00
Area127 (10) troll 120 75,,Chilliwack_F,3,0.60,Harrison,3,0.40,Chilliwac@Stav,3,0.00,Hamma_Hamma_R,5005,0.00,L_Skagit_R_Fa,5016,0.00
Area127 (10) troll 120 76,,Cowlitz_H_fa,5008,0.57,Priest_Rapid_H,5026,0.24,Methow_R,5026,0.09,Wells_H,5026,0.08,U_Deschutes_R,5004,0.01
Area127 (10) troll 120 77,,NF_Nooksack_H,5016,1.00,Skagit_R,5016,0.00,,,,,,,,,
Area127 (10) troll 120 78,,S_Prairie_Cr,5020,0.68,Puntledge_F,7,0.16,Hamma_Hamma_R,5005,0.04,L_Skagit_R_Fa,5016,0.04,George_Adams_H,5005,0.03
Area127 (10) troll 120 79,,L_Shuswap,5,0.93,Little_R,5,0.07,L_Thompson,5,0.00,M_Shuswap,5,0.00,,,
Area127 (10) troll 120 8,,Priest_Rapid_H,5026,0.65,Hanford_Reach,5026,0.20,Umatilla_H,5026,0.09,Wells_H,5026,0.02,Lyons_Ferry_H,5021,0.01
Area127 (10) troll 120 80,,Priest_Rapid_H,5026,0.44,Hanford_Reach,5026,0.19,Priest_Rapids_H,5026,0.12,Wenatchee_R_SF,5026,0.09,Umatilla_H,5026,0.07
Area127 (10) troll 120 81,,Puntledge_F,7,0.96,Big_Qualicum,7,0.02,Puntledge_BackX,7,0.01,Cowichan,7,0.00,Skagit_R,5016,0.00
Area127 (10) troll 120 82,,Chilliwack_F,3,0.99,Harrison,3,0.01,,,,,,,,,
Area127 (10) troll 120 83,,Skagit_R,5016,0.86,U_Sauk_R_SpSu,5016,0.05,Snoqualmie_R,5016,0.03,Priest_Rapid_H,5026,0.01,Wenatchee_R_SF,5026,0.01
Area127 (10) troll 120 84,,Hanford_Reach,5026,0.64,Nez_PerceT_H,5021,0.16,Priest_Rapid_H,5026,0.11,Priest_Rapids_H,5026,0.05,Umatilla_H,5026,0.02
Area127 (10) troll 120 85,,Harrison,3,1.00,L_Thompson,5,0.00,Chilliwack_F,3,0.00,U_Sauk_R_SpSu,5016,0.00,Lewis_R_LSu,5008,0.00
Area127 (10) troll 120 86,,Hanford_Reach,5026,0.64,Priest_Rapids_H,5026,0.16,Priest_Rapid_H,5026,0.16,Nez_PerceT_H,5021,0.01,Methow_R,5026,0.01
Area127 (10) troll 120 87,,Hanford_Reach,5026,0.89,Nez_PerceT_H,5021,0.04,Priest_Rapid_H,5026,0.04,L_Wh_Sal_H_SF,5026,0.01,Wenatchee_R_SF,5026,0.00
Area127 (10) troll 120 88,,Spring_Cr_col,5030,0.93,Elochoman_H,5030,0.03,Big_Cr_H_Col,5030,0.02,Cowlitz_H_fa,5008,0.01,Abernathy_Cr_Fa,5008,0.01
Area127 (10) troll 120 89,Dupe with 105,Hanford_Reach,5026,0.93,Priest_Rapid_H,5026,0.05,Wells_H,5026,0.01,Priest_Rapids_H,5026,0.01,Nez_PerceT_H,5021,0.00
Area127 (10) troll 120 9,,S_Prairie_Cr,5020,0.67,Grovers_Cr_H,5020,0.21,Bear_Cr_SuFa,5020,0.03,Snoqualmie_R,5016,0.03,Hamma_Hamma_R,5005,0.03
Area127 (10) troll 120 90,,Abernathy_Cr_Fa,5008,0.45,Lewis_R_f,5008,0.23,Elochoman_H,5030,0.15,Cowlitz_H_fa,5008,0.11,Lewis_R_Su,5008,0.03
Area127 (10) troll 120 91,,Grovers_Cr_H,5020,0.49,Hamma_Hamma_R,5005,0.26,S_Prairie_Cr,5020,0.16,Bear_Cr_SuFa,5020,0.04,Snoqualmie_R,5016,0.02
Area127 (10) troll 120 92,,NF_Nooksack_H,5016,1.00,Skagit_R,5016,0.00,,,,,,,,,
Area127 (10) troll 120 93,,Chilliwack_F,3,0.95,Harrison,3,0.05,Chilliwac@Stav,3,0.00,Elochoman_H,5030,0.00,Takia,10,0.00
Area127 (10) troll 120 94,,Chilliwack_F,3,0.48,Puntledge_F,7,0.27,Harrison,3,0.20,Cowichan,7,0.02,Gold_R,8,0.01
Area127 (10) troll 120 95,,N_Santiam_H,5029,0.89,McKenzie_H,5029,0.11,Priest_Rapid_H,5026,0.00,Nez_PerceT_H,5021,0.00,Hanford_Reach,5026,0.00
Area127 (10) troll 120 96,,Puntledge_F,7,0.80,L_Thompson,5,0.03,Hanford_Reach,5026,0.02,Wenatchee_R_SF,5026,0.02,Harrison,3,0.01
Area127 (10) troll 120 97,,Lyons_Ferry_H,5021,0.52,Priest_Rapid_H,5026,0.13,Nez_PerceT_H,5021,0.07,Skagit_R,5016,0.05,NF_Nooksack_H,5016,0.03
Area127 (10) troll 120 98,,Wenatchee_R_SF,5026,0.42,Methow_R,5026,0.24,Priest_Rapids_H,5026,0.12,Wells_H,5026,0.11,Priest_Rapid_H,5026,0.04
Area127 (10) troll 120 99,,Hamma_Hamma_R,5005,0.88,L_Skagit_R_Fa,5016,0.07,S_Prairie_Cr,5020,0.03,Snoqualmie_R,5016,0.01,Samish_H,5016,0.00
Area127 (10) troll 128 107,,Spring_Cr_col,5030,0.98,Elochoman_H,5030,0.01,Abernathy_Cr_Fa,5008,0.00,Abernathy_NFH_F,5008,0.00,Big_Cr_H_Col,5030,0.00
Area127 (10) troll 128 108,,Abernathy_Cr_Fa,5008,0.84,Spring_Cr_col,5030,0.10,Elochoman_H,5030,0.05,Cowlitz_H_fa,5008,0.00,Green_R_Fa,5008,0.00
Area127 (10) troll 128 109,,Hanford_Reach,5026,0.42,Priest_Rapid_H,5026,0.30,Wells_H,5026,0.14,Umatilla_H,5026,0.09,Nez_PerceT_H,5021,0.02
Area127 (10) troll 128 110,,Harrison,3,0.61,Chilliwack_F,3,0.31,Little_R,5,0.07,Abernathy_Cr_Fa,5008,0.00,Wenatchee_R_SF,5026,0.00
Area127 (10) troll 128 111,,S_Prairie_Cr,5020,0.92,Hamma_Hamma_R,5005,0.06,Grovers_Cr_H,5020,0.00,Bear_Cr_SuFa,5020,0.00,Clear_Cr_H,5020,0.00
Area127 (10) troll 128 112,,Spring_Cr_col,5030,0.98,Elochoman_H,5030,0.02,Abernathy_NFH_F,5008,0.00,Cowlitz_H_fa,5008,0.00,Abernathy_Cr_Fa,5008,0.00
Area127 (10) troll 128 113,,Snoqualmie_R,5016,0.42,S_Prairie_Cr,5020,0.17,Hamma_Hamma_R,5005,0.11,Bear_Cr_SuFa,5020,0.08,Grovers_Cr_H,5020,0.06
Area127 (10) troll 128 114,,Hamma_Hamma_R,5005,0.89,Snoqualmie_R,5016,0.05,Grovers_Cr_H,5020,0.04,S_Prairie_Cr,5020,0.01,Bear_Cr_SuFa,5020,0.01
Area127 (10) troll 128 115,,Spring_Cr_col,5030,0.86,Big_Cr_H_Col,5030,0.13,Elochoman_H,5030,0.01,Abernathy_NFH_F,5008,0.00,Green_R_Fa,5008,0.00
Area127 (10) troll 128 116,,Elochoman_H,5030,0.39,Spring_Cr_col,5030,0.34,Abernathy_Cr_Fa,5008,0.11,Cowlitz_H_fa,5008,0.08,Cowlitz_H_sp,5009,0.04
Area127 (10) troll 128 117,,Hamma_Hamma_R,5005,0.93,S_Prairie_Cr,5020,0.04,L_Skagit_R_Fa,5016,0.01,Cedar_R_SuFa,5020,0.01,Bear_Cr_SuFa,5020,0.00
Area127 (10) troll 128 118,,Abernathy_Cr_Fa,5008,0.34,Skagit_R,5016,0.24,Spring_Cr_col,5030,0.22,Lewis_R_Su,5008,0.10,Green_R_Fa,5008,0.06
Area127 (10) troll 128 119,,U_Sauk_R_SpSu,5016,0.62,Snoqualmie_R,5016,0.23,Puntledge_F,7,0.06,S_Prairie_Cr,5020,0.02,L_Skagit_R_Fa,5016,0.02
Area127 (10) troll 128 120,,Spring_Cr_col,5030,0.29,Elochoman_H,5030,0.24,Abernathy_Cr_Fa,5008,0.21,Big_Cr_H_Col,5030,0.13,Cowlitz_H_fa,5008,0.10
Area127 (10) troll 128 121,,Hamma_Hamma_R,5005,0.77,Grovers_Cr_H,5020,0.13,George_Adams_H,5005,0.03,L_Skagit_R_Fa,5016,0.02,S_Prairie_Cr,5020,0.02
Area127 (10) troll 128 122,,Green_R_Fa,5008,0.53,Abernathy_Cr_Fa,5008,0.13,Lewis_R_Su,5008,0.13,Cowlitz_H_fa,5008,0.10,Elochoman_H,5030,0.05
Area127 (10) troll 128 123,,Green_R_Fa,5008,0.54,Elochoman_H,5030,0.28,Abernathy_Cr_Fa,5008,0.14,Big_Cr_H_Col,5030,0.03,Cowlitz_H_fa,5008,0.00
Area127 (10) troll 128 124,,U_Deschutes_R,5004,0.79,Hanford_Reach,5026,0.16,Priest_Rapids_H,5026,0.03,Umatilla_H,5026,0.01,Priest_Rapid_H,5026,0.01
Area127 (10) troll 128 125,,Wells_H,5026,0.38,Nez_PerceT_H,5021,0.27,Wenatchee_R_SF,5026,0.15,Hanford_Reach,5026,0.11,Umatilla_H,5026,0.06
Area127 (10) troll 128 126,,Spring_Cr_col,5030,0.95,Big_Cr_H_Col,5030,0.05,Elochoman_H,5030,0.00,Abernathy_NFH_F,5008,0.00,,,
Area127 (10) troll 128 127,,Nez_PerceT_H,5021,0.54,Abernathy_Cr_Fa,5008,0.31,U_Deschutes_R,5004,0.08,Cowlitz_H_fa,5008,0.03,Lyons_Ferry_H,5021,0.03
Area127 (10) troll 128 128,,Snoqualmie_R,5016,0.91,U_Sauk_R_SpSu,5016,0.03,U_Deschutes_R,5004,0.02,Skagit_R,5016,0.01,Lyons_Ferry_H,5021,0.01
Area127 (10) troll 128 129,,Spring_Cr_col,5030,0.98,Abernathy_Cr_Fa,5008,0.01,Abernathy_NFH_F,5008,0.00,Big_Cr_H_Col,5030,0.00,Elochoman_H,5030,0.00
Area127 (10) troll 128 130,,NF_Nooksack_H,5016,0.86,Skagit_R,5016,0.08,Snoqualmie_R,5016,0.06,Hamma_Hamma_R,5005,0.00,S_Umpqua_H,5011,0.00
Area127 (10) troll 128 131,,Snoqualmie_R,5016,0.26,U_Sauk_R_SpSu,5016,0.23,S_Prairie_Cr,5020,0.19,Hamma_Hamma_R,5005,0.10,L_Skagit_R_Fa,5016,0.06
Area127 (10) troll 128 132,,Wenatchee_R_SF,5026,0.49,Wells_H,5026,0.16,Umatilla_H,5026,0.14,Priest_Rapids_H,5026,0.14,Methow_R,5026,0.05
Area127 (10) troll 128 133,,Hamma_Hamma_R,5005,0.98,Bear_Cr_SuFa,5020,0.01,S_Prairie_Cr,5020,0.00,Skagit_R,5016,0.00,Snoqualmie_R,5016,0.00
Area127 (10) troll 128 134,,Spring_Cr_col,5030,0.99,Abernathy_Cr_Fa,5008,0.01,Big_Cr_H_Col,5030,0.00,Hanford_Reach,5026,0.00,Cowlitz_H_fa,5008,0.00
Area127 (10) troll 128 135,,Spring_Cr_col,5030,0.62,Snoqualmie_R,5016,0.29,S_Prairie_Cr,5020,0.03,Hamma_Hamma_R,5005,0.02,Abernathy_Cr_Fa,5008,0.02
Area127 (10) troll 128 136,,Elochoman_H,5030,0.99,Washougal_R_Fa,5008,0.01,Abernathy_Cr_Fa,5008,0.00,Green_R_Fa,5008,0.00,Cowlitz_H_fa,5008,0.00
Area127 (10) troll 128 137,,Spring_Cr_col,5030,0.97,Abernathy_Cr_Fa,5008,0.02,Cowlitz_H_fa,5008,0.00,Big_Cr_H_Col,5030,0.00,,,
Area127 (10) troll 133 138,,Spring_Cr_col,5030,0.75,Abernathy_Cr_Fa,5008,0.16,Elochoman_H,5030,0.03,Cowlitz_H_fa,5008,0.03,Abernathy_NFH_F,5008,0.02
Area127 (10) troll 133 139,,Elochoman_H,5030,0.70,Big_Cr_H_Col,5030,0.16,Spring_Cr_col,5030,0.14,Green_R_Fa,5008,0.00,Cowlitz_H_fa,5008,0.00
Area127 (10) troll 133 140,,Spring_Cr_col,5030,0.97,Big_Cr_H_Col,5030,0.02,Elochoman_H,5030,0.01,Abernathy_Cr_Fa,5008,0.00,Abernathy_NFH_F,5008,0.00
Area127 (10) troll 133 141,,Skagit_R,5016,0.80,U_Sauk_R_SpSu,5016,0.19,Forks_Cr_H,5028,0.01,Kateen,10,0.00,NF_Nooksack_H,5016,0.00
Area127 (10) troll 133 142,,NF_Nooksack_H,5016,1.00,,,,,,,,,,,,
Area127 (10) troll 133 143,,Chilliwack_F,3,0.85,Harrison,3,0.15,,,,,,,,,
Area127 (10) troll 133 144,,Spring_Cr_col,5030,0.94,Elochoman_H,5030,0.04,Cowlitz_H_fa,5008,0.01,Big_Cr_H_Col,5030,0.01,Abernathy_Cr_Fa,5008,0.00
Area127 (10) troll 133 145,,Spring_Cr_col,5030,0.99,Abernathy_NFH_F,5008,0.01,Elochoman_H,5030,0.00,Abernathy_Cr_Fa,5008,0.00,,,
Area127 (10) troll 133 146,,Priest_Rapid_H,5026,0.37,Nez_PerceT_H,5021,0.27,Hanford_Reach,5026,0.18,Priest_Rapids_H,5026,0.13,Lyons_Ferry_H,5021,0.02
Area127 (10) troll 133 147,,Chilliwack_F,3,0.93,Harrison,3,0.07,L_Thompson,5,0.00,,,,,,
Area127 (10) troll 133 148,,Spring_Cr_col,5030,0.99,Elochoman_H,5030,0.00,Lewis_R_f,5008,0.00,Cowlitz_H_fa,5008,0.00,Abernathy_Cr_Fa,5008,0.00
Area127 (10) troll 133 149,,Hanford_Reach,5026,0.69,Puntledge_F,7,0.18,Wenatchee_R_SF,5026,0.05,Priest_Rapid_H,5026,0.03,Priest_Rapids_H,5026,0.02
Area127 (10) troll 133 150,,Priest_Rapid_H,5026,0.41,N_Santiam_H,5029,0.15,McKenzie_H,5029,0.13,Snoqualmie_R,5016,0.12,Nez_PerceT_H,5021,0.07
Area127 (10) troll 133 151,,Puntledge_F,7,0.99,Big_Qualicum,7,0.01,Cowichan,7,0.00,,,,,,
Area127 (10) troll 133 152,,Wells_H,5026,0.33,Wenatchee_R_SF,5026,0.32,Umatilla_H,5026,0.16,Priest_Rapid_H,5026,0.08,Methow_R,5026,0.05
Area127 (10) troll 133 153,,Harrison,3,0.72,Chilliwack_F,3,0.11,Lyons_Ferry_H,5021,0.07,U_Deschutes_R,5004,0.04,Priest_Rapids_H,5026,0.02
Area127 (10) troll 133 154,,S_Umpqua_H,5011,0.90,Umatilla_H,5026,0.04,Hanford_Reach,5026,0.03,Nez_PerceT_H,5021,0.01,Elochoman_H,5030,0.01
Area127 (10) troll 133 155,,Spring_Cr_col,5030,0.97,Elochoman_H,5030,0.02,Cowlitz_H_fa,5008,0.00,Abernathy_NFH_F,5008,0.00,Big_Cr_H_Col,5030,0.00
Area127 (10) troll 133 156,,Skagit_R,5016,0.65,Snoqualmie_R,5016,0.17,S_Prairie_Cr,5020,0.07,Hamma_Hamma_R,5005,0.05,Grovers_Cr_H,5020,0.03
Area127 (10) troll 134 157,,Nez_PerceT_H,5021,0.42,Hanford_Reach,5026,0.29,Lewis_R_f,5008,0.15,Wells_H,5026,0.04,Lewis_R_Su,5008,0.02
Area127 (10) troll 134 158,,Hanford_Reach,5026,0.53,Wells_H,5026,0.19,Umatilla_H,5026,0.12,Priest_Rapid_H,5026,0.10,Lyons_Ferry_H,5021,0.03
Area127 (10) troll 134 159,,Green_R_Fa,5008,0.53,Lewis_R_Su,5008,0.30,Elochoman_H,5030,0.08,Abernathy_Cr_Fa,5008,0.06,Cowlitz_H_fa,5008,0.02
Area127 (10) troll 134 160,,Abernathy_Cr_Fa,5008,0.53,Elochoman_H,5030,0.33,Cowlitz_H_fa,5008,0.12,Big_Cr_H_Col,5030,0.01,Cowlitz_H_sp,5009,0.01
Area127 (10) troll 134 161,,Spring_Cr_col,5030,0.99,Big_Cr_H_Col,5030,0.00,Elochoman_H,5030,0.00,Abernathy_NFH_F,5008,0.00,Abernathy_Cr_Fa,5008,0.00
Area127 (10) troll 134 162,,S_Prairie_Cr,5020,0.88,Hamma_Hamma_R,5005,0.06,Grovers_Cr_H,5020,0.03,Snoqualmie_R,5016,0.01,George_Adams_H,5005,0.00
Area127 (10) troll 134 163,,Elochoman_H,5030,0.75,Abernathy_Cr_Fa,5008,0.23,Spring_Cr_col,5030,0.01,Abernathy_NFH_F,5008,0.00,Cowlitz_H_fa,5008,0.00
Area127 (10) troll 134 164,,S_Prairie_Cr,5020,0.45,Hamma_Hamma_R,5005,0.27,Snoqualmie_R,5016,0.07,George_Adams_H,5005,0.07,Bear_Cr_SuFa,5020,0.06
Area127 (10) troll 134 165,,Grovers_Cr_H,5020,0.41,S_Prairie_Cr,5020,0.37,Hamma_Hamma_R,5005,0.19,George_Adams_H,5005,0.02,NF_Skokomish_F,5005,0.00
Area127 (10) troll 134 166,,Spring_Cr_col,5030,0.95,Big_Cr_H_Col,5030,0.02,Abernathy_Cr_Fa,5008,0.01,Abernathy_NFH_F,5008,0.01,Elochoman_H,5030,0.00
Area127 (10) troll 134 167,,Spring_Cr_col,5030,0.44,Abernathy_Cr_Fa,5008,0.43,Cowlitz_H_fa,5008,0.09,Abernathy_NFH_F,5008,0.01,Elochoman_H,5030,0.01
Area127 (10) troll 134 168,,Abernathy_Cr_Fa,5008,0.81,Elochoman_H,5030,0.07,Spring_Cr_col,5030,0.05,Cowlitz_H_fa,5008,0.03,Lewis_R_Su,5008,0.02
Area127 (10) troll 134 169,,NF_Nooksack_H,5016,0.73,S_Prairie_Cr,5020,0.12,Puntledge_F,7,0.09,Snoqualmie_R,5016,0.05,U_Sauk_R_SpSu,5016,0.00
Area127 (10) troll 134 170,,U_Deschutes_R,5004,0.81,Priest_Rapid_H,5026,0.11,Hanford_Reach,5026,0.03,Umatilla_H,5026,0.01,Lyons_Ferry_H,5021,0.01
Area127 (10) troll 134 171,,Spring_Cr_col,5030,1.00,Elochoman_H,5030,0.00,Abernathy_Cr_Fa,5008,0.00,Big_Cr_H_Col,5030,0.00,Nez_PerceT_H,5021,0.00
Area127 (10) troll 134 172,,S_Prairie_Cr,5020,0.65,Bear_Cr_SuFa,5020,0.09,Harrison,3,0.06,Grovers_Cr_H,5020,0.06,Samish_H,5016,0.05
Area127 (10) troll 134 173,,Priest_Rapid_H,5026,0.54,Hanford_Reach,5026,0.36,Wenatchee_R_SF,5026,0.06,Wells_H,5026,0.02,Priest_Rapids_H,5026,0.00
Area127 (10) troll 134 174,,Spring_Cr_col,5030,0.92,Big_Cr_H_Col,5030,0.07,Elochoman_H,5030,0.01,Abernathy_Cr_Fa,5008,0.00,Cowlitz_H_fa,5008,0.00
Area127 (10) troll 134 175,,Nez_PerceT_H,5021,0.62,Priest_Rapid_H,5026,0.23,Hanford_Reach,5026,0.11,Priest_Rapids_H,5026,0.02,Wells_H,5026,0.01
Area127 (10) troll 134 176,,Spring_Cr_col,5030,0.73,Elochoman_H,5030,0.13,Abernathy_Cr_Fa,5008,0.11,Big_Cr_H_Col,5030,0.03,Green_R_Fa,5008,0.00
Area127 (10) troll 134 177,,Wenatchee_R_SF,5026,0.38,Hanford_Reach,5026,0.20,Priest_Rapid_H,5026,0.16,Wells_H,5026,0.14,Priest_Rapids_H,5026,0.05
Area127 (10) troll 134 178,,Umatilla_H,5026,0.51,Priest_Rapids_H,5026,0.16,Wells_H,5026,0.16,Wenatchee_R_SF,5026,0.07,Priest_Rapid_H,5026,0.05
Area127 (10) troll 134 179,,Burman,8,0.58,Tlupana,8,0.15,Moyeha_R,8,0.12,Kaouk_R,8,0.12,Conuma,8,0.02
Area127 (10) troll 134 180,,Hamma_Hamma_R,5005,0.92,George_Adams_H,5005,0.07,NF_Skokomish_F,5005,0.01,Grovers_Cr_H,5020,0.00,L_Skagit_R_Fa,5016,0.00
Area127 (10) troll 134 181,,Hanford_Reach,5026,0.97,Priest_Rapid_H,5026,0.01,Puntledge_F,7,0.01,Lyons_Ferry_H,5021,0.00,Umatilla_H,5026,0.00
Area127 (10) troll 134 182,,S_Prairie_Cr,5020,0.95,Grovers_Cr_H,5020,0.02,Samish_H,5016,0.01,Snoqualmie_R,5016,0.01,Hamma_Hamma_R,5005,0.01
Area127 (10) troll 134 183,,Burman,8,0.59,Tlupana,8,0.30,Moyeha_R,8,0.11,Conuma,8,0.00,Kaouk_R,8,0.00
Area127 (10) troll 134 184,,Priest_Rapid_H,5026,0.49,Hanford_Reach,5026,0.36,Wells_H,5026,0.10,Lyons_Ferry_H,5021,0.02,Priest_Rapids_H,5026,0.01
Area127 (10) troll 134 185,,Elochoman_H,5030,0.74,Spring_Cr_col,5030,0.14,Big_Cr_H_Col,5030,0.11,Abernathy_Cr_Fa,5008,0.01,Abernathy_NFH_F,5008,0.01
Area127 (10) troll 134 186,,Burman,8,0.42,Kaouk_R,8,0.28,Tlupana,8,0.23,Moyeha_R,8,0.03,Conuma,8,0.02
Area127 (10) troll 138 187,,Harrison,3,0.98,Chilliwack_F,3,0.02,,,,,,,,,
Area127 (10) troll 138 188,,Wenatchee_R_SF,5026,0.30,Wells_H,5026,0.28,Methow_R,5026,0.13,Lewis_R_Su,5008,0.09,Hanford_Reach,5026,0.07
Area127 (10) troll 138 189,,S_Prairie_Cr,5020,0.56,Hamma_Hamma_R,5005,0.40,Bear_Cr_SuFa,5020,0.02,George_Adams_H,5005,0.01,Grovers_Cr_H,5020,0.00
Area127 (10) troll 138 190,,U_Deschutes_R,5004,0.61,N_Santiam_H,5029,0.36,Lyons_Ferry_H,5021,0.01,U_Sauk_R_SpSu,5016,0.01,Hanford_Reach,5026,0.00
Area127 (10) troll 138 191,,Snoqualmie_R,5016,0.87,George_Adams_H,5005,0.03,Hamma_Hamma_R,5005,0.03,Bear_Cr_SuFa,5020,0.03,S_Prairie_Cr,5020,0.02
Area127 (10) troll 138 192,,Hanford_Reach,5026,0.33,Wells_H,5026,0.30,Priest_Rapid_H,5026,0.18,Methow_R,5026,0.12,Wenatchee_R_SF,5026,0.03
Area127 (10) troll 138 193,,Harrison,3,0.59,Chilliwack_F,3,0.39,Hanford_Reach,5026,0.01,Skagit_R,5016,0.00,Little_R,5,0.00
Area127 (10) troll 138 194,,Sixes_R,5011,0.85,Elk_H,5011,0.15,,,,,,,,,
Area127 (10) troll 138 195,,Priest_Rapid_H,5026,0.57,Hanford_Reach,5026,0.38,Priest_Rapids_H,5026,0.02,Nez_PerceT_H,5021,0.01,Wells_H,5026,0.01
Area127 (10) troll 138 196,,Snoqualmie_R,5016,0.57,S_Prairie_Cr,5020,0.35,Hamma_Hamma_R,5005,0.05,Bear_Cr_SuFa,5020,0.01,Clear_Cr_H,5020,0.01
Area127 (10) troll 138 197,,Abernathy_Cr_Fa,5008,0.85,Elochoman_H,5030,0.05,Cowlitz_H_fa,5008,0.04,Lewis_R_f,5008,0.02,Sol_Duc_H,5028,0.02
Area127 (10) troll 138 198,,Cowlitz_H_fa,5008,0.72,Lewis_R_f,5008,0.16,Lewis_R_Su,5008,0.05,Green_R_Fa,5008,0.04,Cowlitz_H_sp,5009,0.01
Area127 (10) troll 138 199,,Harrison,3,0.45,Chilliwack_F,3,0.16,Lewis_R_Su,5008,0.07,Snoqualmie_R,5016,0.07,Skagit_R,5016,0.06
Area127 (10) troll 138 200,,Snoqualmie_R,5016,0.44,Grovers_Cr_H,5020,0.31,S_Prairie_Cr,5020,0.16,Hamma_Hamma_R,5005,0.06,Samish_H,5016,0.01
Area127 (10) troll 138 201,,S_Prairie_Cr,5020,0.66,Hamma_Hamma_R,5005,0.12,Skagit_R,5016,0.08,NF_Nooksack_H,5016,0.05,Grovers_Cr_H,5020,0.03
Area127 (10) troll 138 202,,N_Santiam_H,5029,0.95,McKenzie_H,5029,0.05,S_Umpqua_H,5011,0.00,Green_R_Fa,5008,0.00,,,
Area127 (10) troll 138 203,,Harrison,3,0.45,Chilliwack_F,3,0.43,Little_R,5,0.07,Abernathy_Cr_Fa,5008,0.02,Snoqualmie_R,5016,0.01
Area127 (10) troll 138 204,,Harrison,3,0.65,Skagit_R,5016,0.23,U_Sauk_R_SpSu,5016,0.07,Snoqualmie_R,5016,0.01,Skykomish_R,5016,0.01
Area127 (10) troll 138 205,,Chilliwack_F,3,1.00,Priest_Rapids_H,5026,0.00,,,,,,,,,
Area127 (10) troll 138 206,,Green_R_Fa,5008,0.51,Lyons_Ferry_H,5021,0.26,Cowlitz_H_sp,5009,0.12,Lewis_R_f,5008,0.04,Skagit_R,5016,0.03
Area127 (10) troll 138 207,,Priest_Rapid_H,5026,0.50,Umatilla_H,5026,0.29,Hanford_Reach,5026,0.12,Priest_Rapids_H,5026,0.04,Wenatchee_R_SF,5026,0.02
Area127 (10) troll 138 208,,Wenatchee_R_SF,5026,0.34,Hanford_Reach,5026,0.22,Wells_H,5026,0.13,Methow_R,5026,0.11,Priest_Rapid_H,5026,0.07
Area127 (10) troll 138 209,,Priest_Rapid_H,5026,0.58,Hanford_Reach,5026,0.27,Umatilla_H,5026,0.09,Wells_H,5026,0.02,Lyons_Ferry_H,5021,0.02
Area127 (10) troll 138 210,,Priest_Rapid_H,5026,0.56,Hanford_Reach,5026,0.20,Umatilla_H,5026,0.18,Wenatchee_R_SF,5026,0.03,Lyons_Ferry_H,5021,0.01
Area127 (10) troll 138 211,,Lyons_Ferry_H,5021,0.67,Nez_PerceT_H,5021,0.31,Hanford_Reach,5026,0.01,Priest_Rapid_H,5026,0.00,ClearwaterRFa,5021,0.00
Area127 (10) troll 139 212,,Hanford_Reach,5026,0.36,Lyons_Ferry_H,5021,0.18,Umatilla_H,5026,0.16,Priest_Rapid_H,5026,0.12,Wenatchee_R_SF,5026,0.07
Area127 (10) troll 139 213,,Grovers_Cr_H,5020,0.49,Hamma_Hamma_R,5005,0.42,Bear_Cr_SuFa,5020,0.03,Snoqualmie_R,5016,0.03,George_Adams_H,5005,0.01
Area127 (10) troll 139 214,,Puntledge_F,7,0.78,U_Deschutes_R,5004,0.12,Priest_Rapid_H,5026,0.06,Hanford_Reach,5026,0.03,Wenatchee_R_SF,5026,0.00
Area127 (10) troll 139 215,,S_Umpqua_H,5011,0.79,S_Coos_R,5011,0.10,Coos_H,5011,0.05,Sixes_R,5011,0.02,Cowlitz_H_fa,5008,0.02
Area127 (10) troll 139 216,,Chilliwack_F,3,0.41,Hanford_Reach,5026,0.37,Priest_Rapid_H,5026,0.06,Harrison,3,0.05,Wells_H,5026,0.02
Area127 (10) troll 139 217,,Harrison,3,0.79,U_Sauk_R_SpSu,5016,0.06,Chilliwack_F,3,0.03,L_Skagit_R_Fa,5016,0.02,Grovers_Cr_H,5020,0.02
Area127 (10) troll 139 218,,Hoh_R,5028,0.95,Quilayute_R,5028,0.05,Queets_R,5028,0.00,,,,,,
Area127 (10) troll 139 219,,Chilliwack_F,3,0.89,Harrison,3,0.10,Chilliwac@Stav,3,0.01,S_Umpqua_H,5011,0.00,Priest_Rapid_H,5026,0.00
Area127 (10) troll 139 220,,Umatilla_H,5026,0.90,Hanford_Reach,5026,0.06,Priest_Rapid_H,5026,0.03,Priest_Rapids_H,5026,0.00,Lyons_Ferry_H,5021,0.00
Area127 (10) troll 139 221,,Hanford_Reach,5026,0.49,Priest_Rapids_H,5026,0.32,Lyons_Ferry_H,5021,0.08,Priest_Rapid_H,5026,0.06,Umatilla_H,5026,0.02
Area127 (10) troll 139 222,,Harrison,3,0.77,Chilliwack_F,3,0.19,Snoqualmie_R,5016,0.01,Hanford_Reach,5026,0.01,S_Umpqua_H,5011,0.01
Area127 (10) troll 139 223,,Wenatchee_R_SF,5026,0.34,Priest_Rapid_H,5026,0.33,Priest_Rapids_H,5026,0.18,Hanford_Reach,5026,0.09,Methow_R,5026,0.03
Area127 (10) troll 139 224,,Spring_Cr_col,5030,0.86,Abernathy_Cr_Fa,5008,0.10,Elochoman_H,5030,0.02,Big_Cr_H_Col,5030,0.01,Lewis_R_f,5008,0.00
Area127 (10) troll 139 225,,Lyons_Ferry_H,5021,0.36,Hanford_Reach,5026,0.23,Nez_PerceT_H,5021,0.21,Priest_Rapid_H,5026,0.12,Umatilla_H,5026,0.04
Area127 (10) troll 139 226,,S_Coos_R,5011,0.50,Coquille_R,5011,0.26,Elk_H,5011,0.08,Coos_H,5011,0.04,Abernathy_Cr_Fa,5008,0.04
Area127 (10) troll 139 227,,Hanford_Reach,5026,0.69,Priest_Rapid_H,5026,0.16,Lyons_Ferry_H,5021,0.12,Nez_PerceT_H,5021,0.02,Methow_R,5026,0.00
Area127 (10) troll 139 228,,Harrison,3,0.95,Chilliwack_F,3,0.05,Capilano,9,0.00,U_Sauk_R_SpSu,5016,0.00,Puntledge_F,7,0.00
Area127 (10) troll 139 229,,Snoqualmie_R,5016,0.43,Priest_Rapid_H,5026,0.40,Hanford_Reach,5026,0.11,Umatilla_H,5026,0.04,S_Umpqua_H,5011,0.01
Area127 (10) troll 139 230,,Harrison,3,0.68,U_Sauk_R_SpSu,5016,0.12,Chilliwack_F,3,0.09,Sarita,8,0.03,Skagit_R,5016,0.02
Area127 (10) troll 139 231,Dupe with 233,Forks_Cr_H,5028,0.53,Snoqualmie_R,5016,0.47,Grovers_Cr_H,5020,0.00,L_Skagit_R_Fa,5016,0.00,,,
Area127 (10) troll 139 232,,Snoqualmie_R,5016,0.17,Cowlitz_H_fa,5008,0.15,Green_R_Fa,5008,0.14,Lewis_R_Su,5008,0.13,S_Umpqua_H,5011,0.11
Area127 (10) troll 139 233,Dupe with 231,Forks_Cr_H,5028,0.53,Snoqualmie_R,5016,0.47,Grovers_Cr_H,5020,0.00,S_Prairie_Cr,5020,0.00,,,
Area127 (10) troll 139 234,,Spring_Cr_col,5030,1.00,Elochoman_H,5030,0.00,Abernathy_Cr_Fa,5008,0.00,Hanford_Reach,5026,0.00,,,
Area127 (10) troll 139 235,,Hanford_Reach,5026,0.51,Wells_H,5026,0.22,Umatilla_H,5026,0.16,Priest_Rapid_H,5026,0.08,Wenatchee_R_SF,5026,0.02
Area127 (10) troll 139 236,,Spring_Cr_col,5030,0.94,Elochoman_H,5030,0.03,Big_Cr_H_Col,5030,0.03,Abernathy_Cr_Fa,5008,0.00,Lewis_R_f,5008,0.00
Area127 (10) troll 139 237,,Priest_Rapids_H,5026,0.65,Priest_Rapid_H,5026,0.21,Hanford_Reach,5026,0.09,Nez_PerceT_H,5021,0.03,Wenatchee_R_SF,5026,0.01
Area127 (10) troll 139 238,,S_Umpqua_H,5011,0.99,U_Deschutes_R,5004,0.01,Lyons_Ferry_H,5021,0.00,S_Coos_R,5011,0.00,Hanford_Reach,5026,0.00
Area127 (10) troll 139 239,,Wells_H,5026,0.40,Priest_Rapid_H,5026,0.25,Umatilla_H,5026,0.17,Hanford_Reach,5026,0.08,Wenatchee_R_SF,5026,0.06
Area127 (10) troll 139 240,,Wenatchee_R_SF,5026,0.58,Priest_Rapid_H,5026,0.28,Nez_PerceT_H,5021,0.10,Methow_R,5026,0.02,Wells_H,5026,0.00
Area127 (10) troll 139 241,,Cowlitz_H_fa,5008,0.69,Abernathy_Cr_Fa,5008,0.15,Spring_Cr_col,5030,0.13,Green_R_Fa,5008,0.02,Abernathy_NFH_F,5008,0.00
Area127 (10) troll 139 242,,Wenatchee_R_SF,5026,0.36,Priest_Rapid_H,5026,0.27,Priest_Rapids_H,5026,0.22,Methow_R,5026,0.06,Hanford_Reach,5026,0.05
Area127 (10) troll 139 243,,S_Coos_R,5011,0.83,Coos_H,5011,0.11,Coquille_R,5011,0.05,Alsea_R,5015,0.00,Yaquina_R,5015,0.00
Area127 (10) troll 139 244,,Spring_Cr_col,5030,0.95,Big_Cr_H_Col,5030,0.04,Abernathy_Cr_Fa,5008,0.01,Abernathy_NFH_F,5008,0.00,Elochoman_H,5030,0.00
Area127 (10) troll 139 245,,Spring_Cr_col,5030,1.00,Elochoman_H,5030,0.00,Abernathy_NFH_F,5008,0.00,,,,,,
Area127 (10) troll 139 246,,Lyons_Ferry_H,5021,0.66,Nez_PerceT_H,5021,0.11,Priest_Rapid_H,5026,0.11,Priest_Rapids_H,5026,0.06,Hanford_Reach,5026,0.02
Area127 (10) troll 139 247,,Lyons_Ferry_H,5021,0.82,Nez_PerceT_H,5021,0.08,Hanford_Reach,5026,0.08,Umatilla_H,5026,0.01,Priest_Rapid_H,5026,0.01
Area127 (10) troll 139 248,,Hanford_Reach,5026,0.42,Priest_Rapid_H,5026,0.22,Nez_PerceT_H,5021,0.16,Umatilla_H,5026,0.07,Wells_H,5026,0.06
Area127 (10) troll 139 249,,Chilliwack_F,3,0.93,Elochoman_H,5030,0.01,Abernathy_Cr_Fa,5008,0.01,S_Prairie_Cr,5020,0.01,Chilliwac@Stav,3,0.01
Area127 (10) troll 139 250,,Hanford_Reach,5026,0.37,Priest_Rapid_H,5026,0.32,Umatilla_H,5026,0.29,Priest_Rapids_H,5026,0.01,Snoqualmie_R,5016,0.00
Area127 (10) troll 139 251,,Priest_Rapid_H,5026,0.41,Hanford_Reach,5026,0.40,Methow_R,5026,0.09,Wells_H,5026,0.03,U_Deschutes_R,5004,0.02
Area127 (10) troll 139 252,,Forks_Cr_H,5028,0.98,Hoh_R,5028,0.02,S_Coos_R,5011,0.00,,,,,,
Area127 (10) troll 139 253,,Hanford_Reach,5026,0.76,Priest_Rapid_H,5026,0.10,Methow_R,5026,0.06,Nez_PerceT_H,5021,0.04,Wenatchee_R_SF,5026,0.02
Area127 (10) troll 139 254,,Harrison,3,0.53,Chilliwack_F,3,0.33,Lewis_R_f,5008,0.05,Lewis_R_Su,5008,0.02,Abernathy_Cr_Fa,5008,0.02
Area127 (10) troll 139 255,,Tlupana,8,0.83,Moyeha_R,8,0.17,Megin_R,8,0.00,Burman,8,0.00,,,
Area127 (10) troll 139 256,,Chilliwack_F,3,0.87,Harrison,3,0.13,,,,,,,,,
Area127 (10) troll 139 257,,Wells_H,5026,0.35,Wenatchee_R_SF,5026,0.26,Umatilla_H,5026,0.16,Hanford_Reach,5026,0.06,Nez_PerceT_H,5021,0.04
Area127 (10) troll 139 258,,Priest_Rapid_H,5026,0.63,Hanford_Reach,5026,0.30,Umatilla_H,5026,0.02,Priest_Rapids_H,5026,0.02,Lyons_Ferry_H,5021,0.01
Area127 (10) troll 139 259,,Little_R,5,0.46,L_Thompson,5,0.25,Hanford_Reach,5026,0.14,Priest_Rapid_H,5026,0.09,Cowlitz_H_fa,5008,0.02
Area127 (10) troll 139 260,,Harrison,3,0.45,Hamma_Hamma_R,5005,0.24,Chilliwack_F,3,0.22,Snoqualmie_R,5016,0.06,L_Skagit_R_Fa,5016,0.01
Area127 (10) troll 139 261,,Priest_Rapid_H,5026,0.84,Hanford_Reach,5026,0.10,Priest_Rapids_H,5026,0.03,Methow_R,5026,0.02,Umatilla_H,5026,0.01
Area127 (10) troll 139 262,,Elochoman_H,5030,0.81,Big_Cr_H_Col,5030,0.13,Green_R_Fa,5008,0.02,Spring_Cr_col,5030,0.02,Abernathy_NFH_F,5008,0.01
Area127 (10) troll 139 263,,S_Coos_R,5011,0.80,Coos_H,5011,0.09,S_Umpqua_H,5011,0.06,Coquille_R,5011,0.03,Forks_Cr_H,5028,0.01
Area127 (10) troll 139 264,,Grovers_Cr_H,5020,0.86,Hamma_Hamma_R,5005,0.08,George_Adams_H,5005,0.06,Snoqualmie_R,5016,0.00,Bear_Cr_SuFa,5020,0.00
Area127 (10) troll 139 265,,S_Umpqua_H,5011,1.00,S_Coos_R,5011,0.00,Coos_H,5011,0.00,,,,,,
Area127 (10) troll 139 266,,Lyons_Ferry_H,5021,0.86,Priest_Rapid_H,5026,0.03,Priest_Rapids_H,5026,0.03,Abernathy_Cr_Fa,5008,0.02,Hanford_Reach,5026,0.01
Area127 (10) troll 139 267,,S_Umpqua_H,5011,0.89,Nez_PerceT_H,5021,0.03,S_Coos_R,5011,0.02,Lewis_R_Su,5008,0.02,Cowlitz_H_fa,5008,0.01
Area127 (10) troll 139 268,,Lewis_R_f,5008,0.38,Skagit_R,5016,0.32,Lewis_R_Su,5008,0.13,Cowlitz_H_fa,5008,0.08,Green_R_Fa,5008,0.02
Area127 (10) troll 139 269,,Puntledge_F,7,0.99,Big_Qualicum,7,0.00,L_Qualicum,7,0.00,Cowichan,7,0.00,Puntledge_BackX,7,0.00
Area127 (10) troll 139 270,,Chilliwack_F,3,0.56,Harrison,3,0.34,U_Sauk_R_SpSu,5016,0.07,Skagit_R,5016,0.01,Nechako,2,0.01
Area127 (10) troll 139 271,,Skagit_R,5016,0.61,Lewis_R_Su,5008,0.12,Lewis_R_f,5008,0.11,Nez_PerceT_H,5021,0.07,Abernathy_Cr_Fa,5008,0.03
Area127 (10) troll 139 272,,Hanford_Reach,5026,0.71,Priest_Rapid_H,5026,0.18,Umatilla_H,5026,0.06,Nez_PerceT_H,5021,0.02,Wenatchee_R_SF,5026,0.02
Area127 (10) troll 139 273,,Umatilla_H,5026,0.51,Priest_Rapid_H,5026,0.28,Hanford_Reach,5026,0.20,L_Wh_Sal_H_SF,5026,0.01,Marion_Drain_Fa,5026,0.00
Area127 (10) troll 139 274,,Priest_Rapid_H,5026,0.64,Hanford_Reach,5026,0.30,L_Wh_Sal_H_SF,5026,0.02,Wells_H,5026,0.02,S_Umpqua_H,5011,0.01
Area127 (10) troll 139 275,,NF_Nooksack_H,5016,0.79,U_Sauk_R_SpSu,5016,0.17,Puntledge_F,7,0.02,L_Skagit_R_Fa,5016,0.01,Umatilla_H,5026,0.00
Area127 (10) troll 139 276,,Green_R_Fa,5008,0.43,Abernathy_Cr_Fa,5008,0.37,Cowlitz_H_fa,5008,0.11,Lewis_R_Su,5008,0.04,Spring_Cr_col,5030,0.03
Area127 (10) troll 139 277,,S_Prairie_Cr,5020,0.99,Hamma_Hamma_R,5005,0.01,Soos_H,5020,0.00,Clear_Cr_H,5020,0.00,Samish_H,5016,0.00
Area127 (10) troll 139 278,,N_Santiam_H,5029,0.98,McKenzie_H,5029,0.02,Priest_Rapid_H,5026,0.00,Hanford_Reach,5026,0.00,Abernathy_Cr_Fa,5008,0.00
Area127 (10) troll 139 279,,Spring_Cr_col,5030,0.99,Abernathy_NFH_F,5008,0.00,Elochoman_H,5030,0.00,Big_Cr_H_Col,5030,0.00,Abernathy_Cr_Fa,5008,0.00
Area127 (10) troll 139 280,,Hanford_Reach,5026,0.71,Priest_Rapid_H,5026,0.12,Wells_H,5026,0.12,Wenatchee_R_SF,5026,0.03,Lyons_Ferry_H,5021,0.01
Area127 (10) troll 139 281,,N_Santiam_H,5029,0.97,McKenzie_H,5029,0.02,Abernathy_Cr_Fa,5008,0.01,,,,,,
Area127 (10) troll 139 282,,Elochoman_H,5030,0.57,Spring_Cr_col,5030,0.34,Big_Cr_H_Col,5030,0.09,Abernathy_Cr_Fa,5008,0.00,Abernathy_NFH_F,5008,0.00
Area127 (10) troll 139 283,,Spring_Cr_col,5030,0.98,Elochoman_H,5030,0.01,Abernathy_NFH_F,5008,0.00,Abernathy_Cr_Fa,5008,0.00,Cowlitz_H_fa,5008,0.00
Area127 (10) troll 139 284,,S_Umpqua_H,5011,0.83,Coquille_R,5011,0.04,S_Coos_R,5011,0.03,Trask_R,5015,0.03,Alsea_R,5015,0.02
Area127 (10) troll 139 285,,Priest_Rapid_H,5026,0.50,Hanford_Reach,5026,0.30,Umatilla_H,5026,0.19,Wenatchee_R_SF,5026,0.01,Lyons_Ferry_H,5021,0.00
Area127 (10) troll 139 286,,Wenatchee_R_SF,5026,0.30,Umatilla_H,5026,0.21,Hanford_Reach,5026,0.21,Wells_H,5026,0.16,Priest_Rapid_H,5026,0.05
Area127 (10) troll 139 287,,Tlupana,8,0.81,Moyeha_R,8,0.17,Burman,8,0.01,Kaouk_R,8,0.00,Megin_R,8,0.00
Area127 (10) troll 139 288,,Skagit_R,5016,0.52,U_Sauk_R_SpSu,5016,0.32,Lyons_Ferry_H,5021,0.09,Nez_PerceT_H,5021,0.02,L_Skagit_R_Fa,5016,0.02
Area127 (10) troll 139 289,,S_Prairie_Cr,5020,0.77,Grovers_Cr_H,5020,0.17,Hamma_Hamma_R,5005,0.04,George_Adams_H,5005,0.01,Bear_Cr_SuFa,5020,0.01
Area127 (10) troll 139 290,,Harrison,3,0.88,U_Sauk_R_SpSu,5016,0.07,Chilliwack_F,3,0.02,Snoqualmie_R,5016,0.02,L_Skagit_R_Fa,5016,0.00
Area127 (10) troll 139 291,,Hanford_Reach,5026,0.63,Priest_Rapid_H,5026,0.23,Umatilla_H,5026,0.10,Wells_H,5026,0.03,Methow_R,5026,0.00
Area127 (10) troll 139 292,,Gold_R,8,0.46,Burman,8,0.24,Tlupana,8,0.11,Moyeha_R,8,0.09,Kaouk_R,8,0.04
Area127 (10) troll 139 297,,Harrison,3,0.94,Chilliwack_F,3,0.05,Skagit_R,5016,0.01,Snoqualmie_R,5016,0.00,S_Prairie_Cr,5020,0.00
Area127 (10) troll 139 298,,L_Shuswap,5,0.95,Little_R,5,0.05,M_Shuswap,5,0.00,L_Thompson,5,0.00,Bessette,5,0.00
Area127 (10) troll 142 293,,Wenatchee_R_SF,5026,0.41,Methow_R,5026,0.24,Priest_Rapid_H,5026,0.19,Wells_H,5026,0.07,Hanford_Reach,5026,0.04
Area127 (10) troll 142 294,,Priest_Rapid_H,5026,0.66,Hanford_Reach,5026,0.11,Wells_H,5026,0.09,Priest_Rapids_H,5026,0.05,Methow_R,5026,0.03
Area127 (10) troll 142 295,,S_Prairie_Cr,5020,0.79,Hamma_Hamma_R,5005,0.13,Snoqualmie_R,5016,0.05,L_Skagit_R_Fa,5016,0.01,Grovers_Cr_H,5020,0.00
Area127 (10) troll 142 296,,N_Santiam_H,5029,1.00,McKenzie_H,5029,0.00,S_Umpqua_H,5011,0.00,Elochoman_H,5030,0.00,Abernathy_Cr_Fa,5008,0.00
Area127 (10) troll 142 299,,Priest_Rapid_H,5026,0.52,Hanford_Reach,5026,0.31,Umatilla_H,5026,0.12,Lyons_Ferry_H,5021,0.04,Wenatchee_R_SF,5026,0.01
Area127 (10) troll 142 300,,Chilliwack_F,3,0.96,Harrison,3,0.04,Chilliwac@Stav,3,0.00,,,,,,
Area127 (10) troll 143 301,,Hanford_Reach,5026,0.28,Priest_Rapids_H,5026,0.26,Priest_Rapid_H,5026,0.22,Umatilla_H,5026,0.14,Nez_PerceT_H,5021,0.06
Area127 (10) troll 143 302,,Wenatchee_R_SF,5026,0.49,Umatilla_H,5026,0.17,Methow_R,5026,0.14,Priest_Rapids_H,5026,0.12,Wells_H,5026,0.04
Area127 (10) troll 143 303,,S_Prairie_Cr,5020,0.69,Hamma_Hamma_R,5005,0.23,Bear_Cr_SuFa,5020,0.05,George_Adams_H,5005,0.02,Samish_H,5016,0.01
Area127 (10) troll 143 304,,Skagit_R,5016,0.26,Hamma_Hamma_R,5005,0.26,U_Sauk_R_SpSu,5016,0.15,Grovers_Cr_H,5020,0.10,Harrison,3,0.10
Area127 (10) troll 143 305,,Priest_Rapid_H,5026,0.40,Hanford_Reach,5026,0.28,Umatilla_H,5026,0.23,Wenatchee_R_SF,5026,0.05,Priest_Rapids_H,5026,0.03
Area127 (10) troll 143 306,,Harrison,3,0.92,Puntledge_F,7,0.08,Hanford_Reach,5026,0.00,Puntledge_BackX,7,0.00,U_Sauk_R_SpSu,5016,0.00
Area127 (10) troll 143 307,,Spring_Cr_col,5030,0.99,Abernathy_Cr_Fa,5008,0.00,Big_Cr_H_Col,5030,0.00,Green_R_Fa,5008,0.00,Elochoman_H,5030,0.00
Area127 (10) troll 143 308,,Spring_Cr_col,5030,0.79,Elochoman_H,5030,0.09,Big_Cr_H_Col,5030,0.09,Abernathy_NFH_F,5008,0.02,Abernathy_Cr_Fa,5008,0.01
Area127 (10) troll 143 309,,Hanford_Reach,5026,0.36,Methow_R,5026,0.21,Priest_Rapids_H,5026,0.17,Wells_H,5026,0.10,Nez_PerceT_H,5021,0.10
Area127 (10) troll 143 310,,Lewis_R_Su,5008,0.52,Lewis_R_f,5008,0.39,Cowlitz_H_fa,5008,0.08,Elochoman_H,5030,0.01,Green_R_Fa,5008,0.00
Area127 (10) troll 143 311,,Hamma_Hamma_R,5005,0.76,S_Prairie_Cr,5020,0.08,Bear_Cr_SuFa,5020,0.08,Grovers_Cr_H,5020,0.04,Snoqualmie_R,5016,0.01
Area127 (10) troll 143 312,,Lyons_Ferry_H,5021,0.45,Priest_Rapid_H,5026,0.35,Hanford_Reach,5026,0.15,Priest_Rapids_H,5026,0.02,Wenatchee_R_SF,5026,0.01
Area127 (10) troll 143 313,,Methow_R,5026,0.22,Priest_Rapid_H,5026,0.21,Wenatchee_R_SF,5026,0.20,Hanford_Reach,5026,0.15,Lyons_Ferry_H,5021,0.10
Area127 (10) troll 143 314,Dupe with 317 320,Abernathy_Cr_Fa,5008,0.99,Spring_Cr_col,5030,0.01,Green_R_Fa,5008,0.00,Elochoman_H,5030,0.00,Cowlitz_H_fa,5008,0.00
Area127 (10) troll 143 315,,Wells_H,5026,0.28,Umatilla_H,5026,0.22,Methow_R,5026,0.21,Hanford_Reach,5026,0.17,Priest_Rapids_H,5026,0.09
Area127 (10) troll 143 316,,L_Shuswap,5,0.92,Eagle_R,5,0.08,M_Shuswap,5,0.00,Little_R,5,0.00,Bessette,5,0.00
Area127 (10) troll 143 317,Dupe with 314,Abernathy_Cr_Fa,5008,0.99,Spring_Cr_col,5030,0.01,Green_R_Fa,5008,0.00,,,,,,
Area127 (10) troll 143 318,,Spring_Cr_col,5030,0.99,Abernathy_NFH_F,5008,0.00,Abernathy_Cr_Fa,5008,0.00,Cowlitz_H_fa,5008,0.00,Elochoman_H,5030,0.00
Area127 (10) troll 143 319,,Hanford_Reach,5026,0.26,Umatilla_H,5026,0.24,Priest_Rapid_H,5026,0.22,Wells_H,5026,0.17,Wenatchee_R_SF,5026,0.08
Area127 (10) troll 143 320,Dupe with 314,Abernathy_Cr_Fa,5008,0.99,Spring_Cr_col,5030,0.01,Green_R_Fa,5008,0.00,Cowlitz_H_fa,5008,0.00,,,
Area127 (10) troll 143 321,,Spring_Cr_col,5030,0.92,Elochoman_H,5030,0.04,Big_Cr_H_Col,5030,0.02,Abernathy_Cr_Fa,5008,0.01,S_Prairie_Cr,5020,0.00
Area127 (10) troll 143 322,,Snoqualmie_R,5016,0.96,U_Sauk_R_SpSu,5016,0.01,Skagit_R,5016,0.01,L_Skagit_R_Fa,5016,0.01,S_Umpqua_H,5011,0.00
Area127 (10) troll 143 323,,Sixes_R,5011,0.85,Elk_H,5011,0.15,Trask_R,5015,0.00,Salmon_R_f,5015,0.00,Kilchis_R,5015,0.00
Area127 (10) troll 143 324,,Abernathy_Cr_Fa,5008,0.74,Green_R_Fa,5008,0.14,Elochoman_H,5030,0.05,Lewis_R_Su,5008,0.02,Trask_R,5015,0.02
Area127 (10) troll 143 325,,Hanford_Reach,5026,0.45,Priest_Rapid_H,5026,0.25,Lyons_Ferry_H,5021,0.12,Wells_H,5026,0.08,Nez_PerceT_H,5021,0.05
Area127 (10) troll 156 326,,Little_R,5,0.53,L_Thompson,5,0.22,Umatilla_H,5026,0.16,Priest_Rapids_H,5026,0.02,Hanford_Reach,5026,0.02
Area127 (10) troll 156 327,,Puntledge_F,7,0.45,NF_Nooksack_H,5016,0.17,Hamma_Hamma_R,5005,0.13,Puntledge_BackX,7,0.06,Skagit_R,5016,0.05
Area127 (10) troll 156 328,,Wenatchee_R_SF,5026,0.30,Umatilla_H,5026,0.28,Priest_Rapid_H,5026,0.19,Hanford_Reach,5026,0.10,Methow_R,5026,0.04
Area127 (10) troll 156 329,,Priest_Rapid_H,5026,0.67,Hanford_Reach,5026,0.23,Lyons_Ferry_H,5021,0.04,Wells_H,5026,0.02,Umatilla_H,5026,0.01
Area127 (10) troll 156 330,,Hanford_Reach,5026,0.47,U_Deschutes_R,5004,0.21,Umatilla_H,5026,0.18,Nez_PerceT_H,5021,0.05,Lyons_Ferry_H,5021,0.04
Area127 (10) troll 156 331,,Hanford_Reach,5026,0.34,Priest_Rapid_H,5026,0.29,Umatilla_H,5026,0.21,Wells_H,5026,0.10,Priest_Rapids_H,5026,0.02
Area127 (10) troll 156 332,,Hamma_Hamma_R,5005,0.66,Grovers_Cr_H,5020,0.33,George_Adams_H,5005,0.00,NF_Skokomish_F,5005,0.00,Samish_H,5016,0.00
Area127 (10) troll 156 333,,Harrison,3,0.97,Chilliwack_F,3,0.02,Snoqualmie_R,5016,0.01,Chilliwac@Stav,3,0.00,Hamma_Hamma_R,5005,0.00
Area127 (10) troll 156 334,,Little_R,5,0.80,S_Prairie_Cr,5020,0.09,Hanford_Reach,5026,0.08,L_Thompson,5,0.01,Harrison,3,0.01
Area127 (10) troll 156 335,,Lyons_Ferry_H,5021,0.81,Nez_PerceT_H,5021,0.09,Hanford_Reach,5026,0.09,Wells_H,5026,0.00,Priest_Rapids_H,5026,0.00
Area127 (10) troll 156 336,,Elochoman_H,5030,0.77,Spring_Cr_col,5030,0.15,Abernathy_Cr_Fa,5008,0.07,Abernathy_NFH_F,5008,0.00,Green_R_Fa,5008,0.00
Area127 (10) troll 156 337,,Harrison,3,0.55,Chilliwack_F,3,0.45,Chilliwac@Stav,3,0.00,Snoqualmie_R,5016,0.00,,,
Area127 (10) troll 156 338,,Little_R,5,0.77,L_Thompson,5,0.23,Nez_PerceT_H,5021,0.00,Priest_Rapid_H,5026,0.00,South_Thom,5,0.00
Area127 (10) troll 156 339,,Nez_PerceT_H,5021,0.48,Lyons_Ferry_H,5021,0.40,Priest_Rapid_H,5026,0.06,Hanford_Reach,5026,0.03,Wells_H,5026,0.01
Area127 (10) troll 156 340,,Chilliwack_F,3,0.78,Harrison,3,0.21,Chilliwac@Stav,3,0.01,Hamma_Hamma_R,5005,0.00,Snoqualmie_R,5016,0.00
Area127 (10) troll 156 341,,Harrison,3,0.97,Chilliwack_F,3,0.02,Hoko_H_Fa,5028,0.00,Skagit_R,5016,0.00,L_Skagit_R_Fa,5016,0.00
Area127 (10) troll 156 342,,Lyons_Ferry_H,5021,0.95,Hanford_Reach,5026,0.03,Umatilla_H,5026,0.01,ClearwaterRFa,5021,0.01,Nez_PerceT_H,5021,0.00
Area127 (10) troll 156 343,,Puntledge_F,7,0.99,Cowichan,7,0.01,Puntledge_BackX,7,0.01,Big_Qualicum,7,0.00,L_Qualicum,7,0.00
Area127 (10) troll 156 344,,U_Deschutes_R,5004,0.99,Lyons_Ferry_H,5021,0.00,Feather_H_sp,5002,0.00,ClearwaterRFa,5021,0.00,Nez_PerceT_H,5021,0.00
Area127 (10) troll 156 345,,Priest_Rapid_H,5026,0.91,Wells_H,5026,0.05,Nez_PerceT_H,5021,0.02,Hanford_Reach,5026,0.01,Lyons_Ferry_H,5021,0.01
Area127 (10) troll 156 346,,Lyons_Ferry_H,5021,0.56,Priest_Rapid_H,5026,0.21,Nez_PerceT_H,5021,0.18,Hanford_Reach,5026,0.02,Umatilla_H,5026,0.01
Area127 (10) troll 156 347,,Hanford_Reach,5026,0.44,Lyons_Ferry_H,5021,0.27,U_Deschutes_R,5004,0.20,Umatilla_H,5026,0.05,Nez_PerceT_H,5021,0.02
Area127 (10) troll 156 348,,Harrison,3,0.86,Snoqualmie_R,5016,0.04,Chilliwack_F,3,0.03,Hoh_R,5028,0.02,Lyons_Ferry_H,5021,0.01
Area127 (10) troll 157 349,,Spring_Cr_col,5030,1.00,Elochoman_H,5030,0.00,,,,,,,,,
Area127 (10) troll 157 350,,Priest_Rapid_H,5026,0.66,Wenatchee_R_SF,5026,0.26,Wells_H,5026,0.03,Methow_R,5026,0.03,Priest_Rapids_H,5026,0.02
Area127 (10) troll 157 351,,Priest_Rapid_H,5026,0.46,Hanford_Reach,5026,0.27,Umatilla_H,5026,0.22,Methow_R,5026,0.03,Wells_H,5026,0.01
Area127 (10) troll 157 352,,Abernathy_Cr_Fa,5008,0.87,Spring_Cr_col,5030,0.12,Cowlitz_H_fa,5008,0.00,Green_R_Fa,5008,0.00,Elochoman_H,5030,0.00
Area127 (10) troll 157 353,,Spring_Cr_col,5030,0.40,Elochoman_H,5030,0.34,Cowlitz_H_fa,5008,0.22,Green_R_Fa,5008,0.01,Abernathy_Cr_Fa,5008,0.01
Area127 (10) troll 157 354,,Grovers_Cr_H,5020,0.93,Hamma_Hamma_R,5005,0.06,Bear_Cr_SuFa,5020,0.01,Samish_H,5016,0.00,S_Prairie_Cr,5020,0.00
Area127 (10) troll 157 355,,Cowlitz_H_sp,5009,0.28,Abernathy_Cr_Fa,5008,0.27,Green_R_Fa,5008,0.19,Lewis_R_Su,5008,0.16,Cowlitz_H_fa,5008,0.07
Area127 (10) troll 157 356,,N_Santiam_H,5029,0.54,McKenzie_H,5029,0.18,Green_R_Fa,5008,0.13,Umatilla_H,5026,0.09,S_Coos_R,5011,0.03
Area127 (10) troll 157 357,,N_Santiam_H,5029,1.00,McKenzie_H,5029,0.00,,,,,,,,,
Area127 (10) troll 157 358,,Wenatchee_R_SF,5026,0.48,Hanford_Reach,5026,0.23,Priest_Rapids_H,5026,0.10,Priest_Rapid_H,5026,0.07,Wells_H,5026,0.05
Area127 (10) troll 157 359,,Priest_Rapid_H,5026,0.46,Hanford_Reach,5026,0.41,Wenatchee_R_SF,5026,0.07,Priest_Rapids_H,5026,0.04,Umatilla_H,5026,0.01
Area127 (10) troll 157 360,,N_Santiam_H,5029,0.99,McKenzie_H,5029,0.01,,,,,,,,,
Area127 (10) troll 157 361,,Priest_Rapid_H,5026,0.48,Hanford_Reach,5026,0.42,Umatilla_H,5026,0.05,Snoqualmie_R,5016,0.02,Nez_PerceT_H,5021,0.02
Area127 (10) troll 157 362,,Elochoman_H,5030,0.74,Big_Cr_H_Col,5030,0.14,Spring_Cr_col,5030,0.11,Abernathy_Cr_Fa,5008,0.00,Abernathy_NFH_F,5008,0.00
Area127 (10) troll 157 363,,Trask_R,5015,0.41,Salmon_R_f,5015,0.29,Wilson_R,5015,0.09,S_Coos_R,5011,0.08,Alsea_R,5015,0.08
Area127 (10) troll 157 364,,Cowlitz_H_fa,5008,0.54,Cowlitz_H_sp,5009,0.32,Abernathy_Cr_Fa,5008,0.09,Lewis_R_Su,5008,0.02,Umpqua_H,5011,0.01
Area127 (10) troll 157 365,,Tlupana,8,0.58,Moyeha_R,8,0.15,Kaouk_R,8,0.12,Burman,8,0.08,Gold_R,8,0.03
Area127 (10) troll 157 366,,Lewis_R_f,5008,0.45,Lewis_R_Su,5008,0.32,Priest_Rapid_H,5026,0.15,Cowlitz_H_fa,5008,0.08,Lewis_R_LSu,5008,0.00
Area127 (10) troll 157 367,,Hanford_Reach,5026,0.68,Nez_PerceT_H,5021,0.21,Priest_Rapid_H,5026,0.08,Umatilla_H,5026,0.01,Priest_Rapids_H,5026,0.01
Area127 (10) troll 157 368,,Cowlitz_H_fa,5008,0.92,Abernathy_Cr_Fa,5008,0.03,Elochoman_H,5030,0.02,Green_R_Fa,5008,0.02,Lewis_R_Su,5008,0.01
Area127 (10) troll 157 369,,S_Umpqua_H,5011,0.88,Lyons_Ferry_H,5021,0.10,Nez_PerceT_H,5021,0.01,Priest_Rapids_H,5026,0.01,U_Deschutes_R,5004,0.00
Area127 (10) troll 157 370,,Nechako,2,0.36,Bridge,2,0.29,Kuzkwa_Cr,2,0.16,L_Chilcoti,2,0.07,Stuart,2,0.03
Area127 (10) troll 157 371,,S_Umpqua_H,5011,0.99,Salmon_R_f,5015,0.01,Coquille_R,5011,0.00,Sixes_R,5011,0.00,,,
Area127 (10) troll 157 372,,Priest_Rapid_H,5026,0.29,Hanford_Reach,5026,0.20,Lyons_Ferry_H,5021,0.19,Nez_PerceT_H,5021,0.10,Priest_Rapids_H,5026,0.10
Area127 (10) troll 157 373,,Lyons_Ferry_H,5021,0.89,S_Umpqua_H,5011,0.10,Nez_PerceT_H,5021,0.01,Priest_Rapid_H,5026,0.00,Wells_H,5026,0.00
Area127 (10) troll 157 374,,Harrison,3,0.91,Samish_H,5016,0.03,L_Thompson,5,0.01,Puntledge_F,7,0.01,Chilliwac@Stav,3,0.01
Area127 (10) troll 157 375,,Snoqualmie_R,5016,0.92,Grovers_Cr_H,5020,0.03,Hamma_Hamma_R,5005,0.03,George_Adams_H,5005,0.01,S_Umpqua_H,5011,0.01
Area127 (10) troll 157 376,,Wenatchee_R_SF,5026,0.60,Hanford_Reach,5026,0.21,Wells_H,5026,0.06,Priest_Rapid_H,5026,0.06,Umatilla_H,5026,0.03
Area127 (10) troll 157 377,,Hamma_Hamma_R,5005,0.41,L_Skagit_R_Fa,5016,0.25,S_Prairie_Cr,5020,0.19,Grovers_Cr_H,5020,0.08,George_Adams_H,5005,0.02
Area127 (10) troll 157 378,,Forks_Cr_H,5028,0.61,S_Umpqua_H,5011,0.33,S_Coos_R,5011,0.03,Wilson_R,5015,0.02,Hoh_R,5028,0.01
Area127 (10) troll 157 379,,Lewis_R_Su,5008,0.44,Lewis_R_f,5008,0.28,Abernathy_Cr_Fa,5008,0.22,Cowlitz_H_fa,5008,0.04,Green_R_Fa,5008,0.01
Area127 (10) troll 157 380,,Hanford_Reach,5026,0.84,Priest_Rapid_H,5026,0.12,Nez_PerceT_H,5021,0.02,Wells_H,5026,0.02,Lyons_Ferry_H,5021,0.00
Area127 (10) troll 157 381,,Cowlitz_H_sp,5009,0.35,Sixes_R,5011,0.21,Cowlitz_H_fa,5008,0.11,Green_R_Fa,5008,0.08,Hanford_Reach,5026,0.07
Area127 (10) troll 157 382,,Gold_R,8,0.95,Abernathy_Cr_Fa,5008,0.01,Green_R_Fa,5008,0.01,Robertson,8,0.01,Cowlitz_H_sp,5009,0.00
Area127 (10) troll 157 383,,Chilliwack_F,3,0.99,Harrison,3,0.01,,,,,,,,,
Area127 (10) troll 157 384,,Spring_Cr_col,5030,0.99,Big_Cr_H_Col,5030,0.01,Abernathy_Cr_Fa,5008,0.00,Elochoman_H,5030,0.00,,,
Area127 (10) troll 157 385,,Spring_Cr_col,5030,0.90,Skagit_R,5016,0.02,Abernathy_Cr_Fa,5008,0.02,Abernathy_NFH_F,5008,0.02,Green_R_Fa,5008,0.02
Area127 (10) troll 157 386,,N_Santiam_H,5029,0.99,Lewis_R_Su,5008,0.00,Abernathy_Cr_Fa,5008,0.00,Lewis_R_f,5008,0.00,Hanford_Reach,5026,0.00
Area127 (10) troll 157 387,,Lyons_Ferry_H,5021,0.85,Umatilla_H,5026,0.05,Nez_PerceT_H,5021,0.02,Hanford_Reach,5026,0.02,ClearwaterRFa,5021,0.01
Area127 (10) troll 157 388,,Spring_Cr_col,5030,1.00,Elochoman_H,5030,0.00,Big_Cr_H_Col,5030,0.00,Abernathy_NFH_F,5008,0.00,,,
Area127 (10) troll 157 389,,Priest_Rapid_H,5026,0.85,Wells_H,5026,0.08,Hanford_Reach,5026,0.04,Wenatchee_R_SF,5026,0.02,Priest_Rapids_H,5026,0.00
Area127 (10) troll 157 390,,Hanford_Reach,5026,0.44,Nez_PerceT_H,5021,0.22,Wenatchee_R_SF,5026,0.12,Priest_Rapid_H,5026,0.09,Umatilla_H,5026,0.07
Area127 (10) troll 157 391,,Spring_Cr_col,5030,0.61,Big_Cr_H_Col,5030,0.17,Abernathy_Cr_Fa,5008,0.14,Elochoman_H,5030,0.05,Green_R_Fa,5008,0.01
Area127 (10) troll 157 392,,Spring_Cr_col,5030,1.00,Abernathy_Cr_Fa,5008,0.00,,,,,,,,,
Area127 (10) troll 157 393,,Grovers_Cr_H,5020,0.62,S_Prairie_Cr,5020,0.14,Hamma_Hamma_R,5005,0.12,Snoqualmie_R,5016,0.05,George_Adams_H,5005,0.03
Area127 (10) troll 157 394,,Spring_Cr_col,5030,0.96,Elochoman_H,5030,0.02,Abernathy_NFH_F,5008,0.01,Cowlitz_H_fa,5008,0.00,Green_R_Fa,5008,0.00
Area127 (10) troll 157 395,,Spring_Cr_col,5030,0.98,Abernathy_Cr_Fa,5008,0.01,Elochoman_H,5030,0.01,Abernathy_NFH_F,5008,0.00,Big_Cr_H_Col,5030,0.00
Area127 (10) troll 157 396,,Abernathy_Cr_Fa,5008,0.87,Cowlitz_H_fa,5008,0.07,Green_R_Fa,5008,0.02,Spring_Cr_col,5030,0.02,Elochoman_H,5030,0.01
Area127 (10) troll 157 397,,Hanford_Reach,5026,0.29,Wenatchee_R_SF,5026,0.25,Wells_H,5026,0.19,Lyons_Ferry_H,5021,0.12,Priest_Rapid_H,5026,0.06
Area127 (10) troll 157 398,,Spring_Cr_col,5030,0.93,Elochoman_H,5030,0.04,Big_Cr_H_Col,5030,0.01,Abernathy_NFH_F,5008,0.01,Abernathy_Cr_Fa,5008,0.01
Area127 (10) troll 157 399,,Priest_Rapid_H,5026,0.71,Umatilla_H,5026,0.17,Hanford_Reach,5026,0.08,Priest_Rapids_H,5026,0.02,Nez_PerceT_H,5021,0.01
Area127 (10) troll 157 400,,Nez_PerceT_H,5021,0.30,Lyons_Ferry_H,5021,0.19,Priest_Rapid_H,5026,0.16,Hanford_Reach,5026,0.13,Wells_H,5026,0.12
Area127 (10) troll 157 401,,Green_R_Fa,5008,0.64,Elochoman_H,5030,0.09,Hanford_Reach,5026,0.06,Cowlitz_H_fa,5008,0.05,N_Santiam_H,5029,0.05
Area127 (10) troll 157 402,,Morice_R,21,0.88,Harrison,3,0.04,Snoqualmie_R,5016,0.02,Grovers_Cr_H,5020,0.02,L_Sauk_R,5016,0.02
Area127 (10) troll 157 403,,Little_R,5,0.67,L_Thompson,5,0.32,Wenatchee_R_SF,5026,0.00,South_Thom,5,0.00,Hanford_Reach,5026,0.00
Area127 (10) troll 157 404,,Snoqualmie_R,5016,0.60,Priest_Rapid_H,5026,0.11,L_Skagit_R_Fa,5016,0.07,Hamma_Hamma_R,5005,0.06,Chilliwack_F,3,0.05
Area127 (10) troll 157 405,,Sixes_R,5011,0.84,Elk_H,5011,0.15,Coquille_R,5011,0.01,S_Coos_R,5011,0.00,,,
Area127 (10) troll 157 406,,Lewis_R_Su,5008,0.59,Elochoman_H,5030,0.20,Cowlitz_H_fa,5008,0.09,Cowlitz_H_sp,5009,0.05,Green_R_Fa,5008,0.04
Area127 (10) troll 157 407,,Hanford_Reach,5026,0.25,Priest_Rapid_H,5026,0.24,Lyons_Ferry_H,5021,0.21,Nez_PerceT_H,5021,0.10,Priest_Rapids_H,5026,0.09
Area127 (10) troll 157 408,,Hanford_Reach,5026,0.81,Priest_Rapid_H,5026,0.16,Wells_H,5026,0.02,Priest_Rapids_H,5026,0.00,Nez_PerceT_H,5021,0.00
Area127 (10) troll 157 409,,Hanford_Reach,5026,0.33,Umatilla_H,5026,0.21,Nez_PerceT_H,5021,0.14,Wenatchee_R_SF,5026,0.10,Priest_Rapid_H,5026,0.10
Area127 (10) troll 157 410,,NF_Nooksack_H,5016,1.00,,,,,,,,,,,,
Area127 (10) troll 157 411,,Priest_Rapid_H,5026,0.42,S_Prairie_Cr,5020,0.31,Hanford_Reach,5026,0.22,Lyons_Ferry_H,5021,0.01,Wells_H,5026,0.01
Area127 (10) troll 157 412,,Spring_Cr_col,5030,0.35,Elochoman_H,5030,0.30,Green_R_Fa,5008,0.13,Abernathy_Cr_Fa,5008,0.13,Big_Cr_H_Col,5030,0.07
Area127 (10) troll 157 413,,Puntledge_F,7,1.00,Big_Qualicum,7,0.00,Snoqualmie_R,5016,0.00,S_Prairie_Cr,5020,0.00,Cheakamus_F,9,0.00
Area127 (10) troll 157 414,,Priest_Rapid_H,5026,0.83,Hanford_Reach,5026,0.13,Priest_Rapids_H,5026,0.03,Wells_H,5026,0.01,Lyons_Ferry_H,5021,0.00
Area127 (10) troll 157 415,,Gold_R,8,1.00,Robertson,8,0.00,,,,,,,,,
Area127 (10) troll 157 416,,Grovers_Cr_H,5020,0.76,Hamma_Hamma_R,5005,0.14,S_Prairie_Cr,5020,0.07,Puntledge_F,7,0.02,Big_Qualicum,7,0.00
Area127 (10) troll 157 417,,Lyons_Ferry_H,5021,0.96,Nez_PerceT_H,5021,0.03,Hanford_Reach,5026,0.01,Umatilla_H,5026,0.00,Priest_Rapid_H,5026,0.00
Area127 (10) troll 157 418,,Grovers_Cr_H,5020,0.45,S_Prairie_Cr,5020,0.34,Hamma_Hamma_R,5005,0.19,George_Adams_H,5005,0.02,Snoqualmie_R,5016,0.01
Area127 (10) troll 157 419,,Cowlitz_H_fa,5008,0.80,Cowlitz_H_sp,5009,0.13,Lewis_R_Su,5008,0.07,Sandy_R,5008,0.00,Lewis_H_sp,5009,0.00
Area127 (10) troll 157 420,,Wenatchee_R_SF,5026,0.35,Priest_Rapids_H,5026,0.27,Priest_Rapid_H,5026,0.14,Methow_R,5026,0.10,Hanford_Reach,5026,0.07
Area127 (10) troll 157 421,,U_Sauk_R_SpSu,5016,0.44,Skagit_R,5016,0.40,Gold_R,8,0.06,Puntledge_F,7,0.03,Snoqualmie_R,5016,0.02
Area127 (10) troll 157 422,,Hanford_Reach,5026,0.82,Methow_R,5026,0.17,Priest_Rapid_H,5026,0.00,Priest_Rapids_H,5026,0.00,Cowlitz_H_sp,5009,0.00
Area127 (10) troll 158 423,,Grovers_Cr_H,5020,0.96,S_Prairie_Cr,5020,0.02,Snoqualmie_R,5016,0.01,Hamma_Hamma_R,5005,0.00,Voights_H,5020,0.00
Area127 (10) troll 158 424,,Spring_Cr_col,5030,0.99,Big_Cr_H_Col,5030,0.01,Abernathy_Cr_Fa,5008,0.00,Elochoman_H,5030,0.00,Abernathy_NFH_F,5008,0.00
Area127 (10) troll 158 425,,Wells_H,5026,0.37,Umatilla_H,5026,0.28,Wenatchee_R_SF,5026,0.18,Hanford_Reach,5026,0.09,Priest_Rapid_H,5026,0.04
Area127 (10) troll 158 426,,Wenatchee_R_SF,5026,0.31,Priest_Rapids_H,5026,0.30,Priest_Rapid_H,5026,0.15,Wells_H,5026,0.12,Methow_R,5026,0.07
Area127 (10) troll 158 427,,S_Umpqua_H,5011,0.92,Cowlitz_H_fa,5008,0.04,Trask_R,5015,0.02,Spring_Cr_col,5030,0.01,Green_R_Fa,5008,0.00
Area127 (10) troll 158 428,,Hanford_Reach,5026,0.66,Umatilla_H,5026,0.16,Priest_Rapids_H,5026,0.09,Priest_Rapid_H,5026,0.06,Methow_R,5026,0.02
Area127 (10) troll 158 429,,Spring_Cr_col,5030,1.00,Elochoman_H,5030,0.00,Abernathy_Cr_Fa,5008,0.00,,,,,,
Area127 (10) troll 158 430,,Spring_Cr_col,5030,0.78,Elochoman_H,5030,0.09,Big_Cr_H_Col,5030,0.08,Abernathy_Cr_Fa,5008,0.02,Abernathy_NFH_F,5008,0.02
Area127 (10) troll 158 431,,Priest_Rapid_H,5026,0.53,Hanford_Reach,5026,0.40,Wenatchee_R_SF,5026,0.05,Harrison,3,0.01,Wells_H,5026,0.00
Area127 (10) troll 158 432,,Hanford_Reach,5026,0.79,Umatilla_H,5026,0.07,Nez_PerceT_H,5021,0.06,Priest_Rapid_H,5026,0.04,Methow_R,5026,0.03
Area127 (10) troll 158 433,,Wenatchee_R_SF,5026,0.45,Priest_Rapid_H,5026,0.18,Priest_Rapids_H,5026,0.18,Lyons_Ferry_H,5021,0.09,Hanford_Reach,5026,0.08
Area127 (10) troll 158 434,,Priest_Rapid_H,5026,0.58,Umatilla_H,5026,0.24,Hanford_Reach,5026,0.14,Wenatchee_R_SF,5026,0.02,L_Wh_Sal_H_SF,5026,0.01
Area127 (10) troll 158 435,,Priest_Rapid_H,5026,0.56,Hanford_Reach,5026,0.44,Umatilla_H,5026,0.00,Methow_R,5026,0.00,Nez_PerceT_H,5021,0.00
Area127 (10) troll 158 436,,Snoqualmie_R,5016,0.78,L_Skagit_R_Fa,5016,0.13,S_Prairie_Cr,5020,0.02,Samish_H,5016,0.02,Bear_Cr_SuFa,5020,0.02
Area127 (10) troll 158 437,,Hanford_Reach,5026,0.55,Priest_Rapid_H,5026,0.14,Abernathy_Cr_Fa,5008,0.10,Wenatchee_R_SF,5026,0.09,Priest_Rapids_H,5026,0.04
Area127 (10) troll 158 438,,Hanford_Reach,5026,0.82,Priest_Rapid_H,5026,0.07,Umatilla_H,5026,0.06,Wenatchee_R_SF,5026,0.02,Wells_H,5026,0.02
Area127 (10) troll 158 439,,Hanford_Reach,5026,0.59,Lyons_Ferry_H,5021,0.20,Wenatchee_R_SF,5026,0.04,Lewis_R_f,5008,0.04,Wells_H,5026,0.04
Area127 (10) troll 158 440,,Priest_Rapid_H,5026,0.55,Umatilla_H,5026,0.19,Hanford_Reach,5026,0.10,Priest_Rapids_H,5026,0.06,Wenatchee_R_SF,5026,0.03
Area127 (10) troll 158 441,,Nez_PerceT_H,5021,0.35,Lyons_Ferry_H,5021,0.20,Priest_Rapid_H,5026,0.12,Hanford_Reach,5026,0.10,U_Deschutes_R,5004,0.06
Area127 (10) troll 158 442,,Hanford_Reach,5026,0.43,Priest_Rapid_H,5026,0.32,Nez_PerceT_H,5021,0.06,Lyons_Ferry_H,5021,0.06,Wenatchee_R_SF,5026,0.04
Area127 (10) troll 158 443,,Tlupana,8,0.75,Kaouk_R,8,0.21,Burman,8,0.02,Conuma,8,0.01,Moyeha_R,8,0.00
Area127 (10) troll 158 444,,Burman,8,0.52,Kaouk_R,8,0.27,Tlupana,8,0.17,Conuma,8,0.02,Moyeha_R,8,0.01
Area127 (10) troll 158 445,,Hamma_Hamma_R,5005,0.42,S_Prairie_Cr,5020,0.37,Bear_Cr_SuFa,5020,0.08,George_Adams_H,5005,0.05,Samish_H,5016,0.03
Area127 (10) troll 158 446,,Nitinat,8,0.52,Sarita,8,0.28,Priest_Rapid_H,5026,0.08,Wenatchee_R_SF,5026,0.06,Kaouk_R,8,0.02
Area127 (10) troll 158 447,,NF_Nooksack_H,5016,1.00,,,,,,,,,,,,
Area127 (10) troll 158 448,,Spring_Cr_col,5030,1.00,Big_Cr_H_Col,5030,0.00,Elochoman_H,5030,0.00,N_Santiam_H,5029,0.00,Abernathy_Cr_Fa,5008,0.00
Area127 (10) troll 158 449,,Tlupana,8,0.78,Moyeha_R,8,0.11,Kaouk_R,8,0.07,Conuma,8,0.03,Burman,8,0.01
Area127 (10) troll 158 450,,Wenatchee_R_SF,5026,0.45,Methow_R,5026,0.16,Hanford_Reach,5026,0.15,Wells_H,5026,0.14,Priest_Rapids_H,5026,0.08
Area127 (10) troll 158 451,,Nitinat,8,0.75,Kaouk_R,8,0.10,San_Juan,8,0.07,Sarita,8,0.06,Sooke,8,0.02
Area127 (10) troll 158 453,,Hanford_Reach,5026,0.41,Umatilla_H,5026,0.33,Priest_Rapids_H,5026,0.12,Methow_R,5026,0.08,Priest_Rapid_H,5026,0.04
Area127 (10) troll 158 454,,Abernathy_Cr_Fa,5008,0.45,Spring_Cr_col,5030,0.36,Cowlitz_H_fa,5008,0.16,Abernathy_NFH_F,5008,0.01,Lewis_R_Su,5008,0.01
Area127 (10) troll 158 455,,Spring_Cr_col,5030,0.98,Big_Cr_H_Col,5030,0.01,Elochoman_H,5030,0.01,Abernathy_Cr_Fa,5008,0.00,Green_R_Fa,5008,0.00
Area127 (10) troll 158 456,,N_Santiam_H,5029,0.98,Cowlitz_H_fa,5008,0.01,Priest_Rapid_H,5026,0.00,McKenzie_H,5029,0.00,Abernathy_Cr_Fa,5008,0.00
Area127 (10) troll 158 457,,Hanford_Reach,5026,0.75,Umatilla_H,5026,0.08,Priest_Rapid_H,5026,0.07,Methow_R,5026,0.05,Wells_H,5026,0.03
Area127 (10) troll 158 458,,Hanford_Reach,5026,0.70,Nez_PerceT_H,5021,0.17,Snoqualmie_R,5016,0.12,Puntledge_F,7,0.01,Priest_Rapid_H,5026,0.00
Area127 (10) troll 158 459,,Cowlitz_H_fa,5008,0.99,Lewis_R_Su,5008,0.01,Abernathy_Cr_Fa,5008,0.00,Lewis_R_f,5008,0.00,Cowlitz_H_sp,5009,0.00
Area127 (10) troll 158 460,,Snoqualmie_R,5016,0.85,Nez_PerceT_H,5021,0.04,Skagit_R,5016,0.03,Hanford_Reach,5026,0.03,Lyons_Ferry_H,5021,0.02
Area127 (10) troll 158 461,,Hanford_Reach,5026,0.78,Priest_Rapid_H,5026,0.10,Priest_Rapids_H,5026,0.04,Wells_H,5026,0.04,Nez_PerceT_H,5021,0.03
Area127 (10) troll 158 462,,Spring_Cr_col,5030,0.98,Cowlitz_H_fa,5008,0.01,Abernathy_Cr_Fa,5008,0.01,Elochoman_H,5030,0.00,Lewis_R_Su,5008,0.00
Area127 (10) troll 158 463,,Methow_R,5026,0.25,Priest_Rapids_H,5026,0.24,Wenatchee_R_SF,5026,0.22,Hanford_Reach,5026,0.11,Wells_H,5026,0.06
Area127 (10) troll 158 464,,Burman,8,0.63,Kaouk_R,8,0.31,Gold_R,8,0.04,Tlupana,8,0.01,Conuma,8,0.01
Area127 (10) troll 158 465,,Grovers_Cr_H,5020,0.66,Snoqualmie_R,5016,0.14,Morice_R,21,0.08,U_Sauk_R_SpSu,5016,0.04,Lewis_R_Su,5008,0.02
Area127 (10) troll 158 466,,Harrison,3,0.66,Hanford_Reach,5026,0.13,S_Prairie_Cr,5020,0.11,Priest_Rapid_H,5026,0.03,Chilliwack_F,3,0.02
Area127 (10) troll 158 467,,S_Prairie_Cr,5020,0.56,Hamma_Hamma_R,5005,0.34,Snoqualmie_R,5016,0.05,Skagit_R,5016,0.03,U_Sauk_R_SpSu,5016,0.01
Area127 (10) troll 158 468,,Burman,8,0.47,Kaouk_R,8,0.24,Tlupana,8,0.20,Moyeha_R,8,0.06,Conuma,8,0.03
Area127 (10) troll 158 469,,Green_R_Fa,5008,0.76,Cowlitz_H_fa,5008,0.13,Lewis_R_Su,5008,0.05,Cowlitz_H_sp,5009,0.05,Lewis_R_f,5008,0.01
Area127 (10) troll 158 470,,Tlupana,8,0.77,Moyeha_R,8,0.10,Kaouk_R,8,0.09,Conuma,8,0.01,Gold_R,8,0.01
Area127 (10) troll 158 471,,Abernathy_Cr_Fa,5008,0.54,Spring_Cr_col,5030,0.17,Elochoman_H,5030,0.16,Cowlitz_H_fa,5008,0.06,Big_Cr_H_Col,5030,0.05
Area127 (10) troll 158 472,,Hanford_Reach,5026,0.67,Priest_Rapid_H,5026,0.21,Priest_Rapids_H,5026,0.07,Umatilla_H,5026,0.03,Nez_PerceT_H,5021,0.01
Area127 (10) troll 158 473,,Lyons_Ferry_H,5021,0.98,Priest_Rapid_H,5026,0.01,U_Deschutes_R,5004,0.01,Nez_PerceT_H,5021,0.00,Umatilla_H,5026,0.00
Area127 (10) troll 158 474,,San_Juan,8,0.99,Skagit_R,5016,0.00,Lyons_Ferry_H,5021,0.00,Nitinat,8,0.00,Kaouk_R,8,0.00
Area127 (10) troll 158 475,,L_Shuswap,5,0.77,Little_R,5,0.22,Eagle_R,5,0.01,L_Thompson,5,0.00,Salmon@SA,5,0.00
Area127 (10) troll 158 476,,Nez_PerceT_H,5021,0.67,Lyons_Ferry_H,5021,0.13,Wells_H,5026,0.07,Hanford_Reach,5026,0.04,Wenatchee_R_SF,5026,0.04
Area127 (10) troll 158 477,,Wenatchee_R_SF,5026,0.40,Priest_Rapid_H,5026,0.24,Umatilla_H,5026,0.08,Methow_R,5026,0.08,Wells_H,5026,0.08
Area127 (10) troll 158 478,,Hamma_Hamma_R,5005,0.72,U_Sauk_R_SpSu,5016,0.11,S_Prairie_Cr,5020,0.05,Skagit_R,5016,0.05,George_Adams_H,5005,0.02
Area127 (10) troll 158 479,,Hanford_Reach,5026,0.35,Umatilla_H,5026,0.29,Wells_H,5026,0.18,Priest_Rapid_H,5026,0.12,Methow_R,5026,0.03
Area127 (10) troll 158 480,,Hanford_Reach,5026,0.35,Umatilla_H,5026,0.30,Priest_Rapid_H,5026,0.20,Nez_PerceT_H,5021,0.12,Lyons_Ferry_H,5021,0.01
Area127 (10) troll 158 481,,U_Deschutes_R,5004,0.27,Priest_Rapids_H,5026,0.20,Nez_PerceT_H,5021,0.11,Priest_Rapid_H,5026,0.11,Wenatchee_R_SF,5026,0.10
Area127 (10) troll 158 482,,Hanford_Reach,5026,0.57,Umatilla_H,5026,0.26,Wells_H,5026,0.07,Wenatchee_R_SF,5026,0.05,Nez_PerceT_H,5021,0.03
Area127 (10) troll 158 483,,Chilliwack_F,3,0.99,Harrison,3,0.01,Chilliwac@Stav,3,0.00,,,,,,
Area127 (10) troll 158 484,,Umatilla_H,5026,0.95,Hanford_Reach,5026,0.02,Wells_H,5026,0.01,Priest_Rapid_H,5026,0.01,Methow_R,5026,0.00
Area127 (10) troll 158 485,,Hamma_Hamma_R,5005,0.81,S_Prairie_Cr,5020,0.18,George_Adams_H,5005,0.01,Snoqualmie_R,5016,0.00,Bear_Cr_SuFa,5020,0.00
Area127 (10) troll 158 486,,Tlupana,8,0.83,Moyeha_R,8,0.17,Burman,8,0.00,Kaouk_R,8,0.00,,,
Area127 (10) troll 158 487,,Spring_Cr_col,5030,0.70,Elochoman_H,5030,0.17,Big_Cr_H_Col,5030,0.08,Green_R_Fa,5008,0.04,Abernathy_NFH_F,5008,0.01
Area127 (10) troll 158 488,,Priest_Rapid_H,5026,0.46,Hanford_Reach,5026,0.35,Priest_Rapids_H,5026,0.16,Umatilla_H,5026,0.02,Wenatchee_R_SF,5026,0.01
Area127 (10) troll 158 489,,Green_R_Fa,5008,0.68,Cowlitz_H_fa,5008,0.20,Elochoman_H,5030,0.05,Abernathy_Cr_Fa,5008,0.03,Lewis_R_Su,5008,0.03
Area127 (10) troll 158 490,,Hanford_Reach,5026,0.96,Spring_Cr_col,5030,0.02,Priest_Rapids_H,5026,0.01,Umatilla_H_Fa,5026,0.00,N_Santiam_H,5029,0.00
Area127 (10) troll 158 491,,Lyons_Ferry_H,5021,0.60,Nez_PerceT_H,5021,0.33,Hanford_Reach,5026,0.02,Lewis_R_Su,5008,0.02,Lewis_R_f,5008,0.01
Area127 (10) troll 158 492,,Harrison,3,0.94,Chilliwack_F,3,0.06,,,,,,,,,
Area127 (10) troll 158 493,,Tlupana,8,0.67,Kaouk_R,8,0.21,Moyeha_R,8,0.07,Burman,8,0.04,Conuma,8,0.01
Area127 (10) troll 158 494,,Hamma_Hamma_R,5005,0.47,L_Skagit_R_Fa,5016,0.17,Spring_Cr_col,5030,0.11,Snoqualmie_R,5016,0.07,S_Prairie_Cr,5020,0.04
Area127 (10) troll 158 495,,Priest_Rapid_H,5026,0.74,Hanford_Reach,5026,0.12,Lyons_Ferry_H,5021,0.06,Umatilla_H,5026,0.04,Methow_R,5026,0.01
Area127 (10) troll 158 496,,NF_Nooksack_H,5016,0.67,Skagit_R,5016,0.29,Hamma_Hamma_R,5005,0.02,L_Skagit_R_Fa,5016,0.01,Snoqualmie_R,5016,0.00
Area127 (10) troll 158 497,,Green_R_Fa,5008,0.33,Lewis_R_Su,5008,0.31,Cowlitz_H_fa,5008,0.26,Abernathy_Cr_Fa,5008,0.09,Sandy_R,5008,0.01
Area127 (10) troll 158 498,,Little_R,5,0.55,L_Thompson,5,0.27,Skagit_R,5016,0.14,S_Umpqua_H,5011,0.02,South_Thom,5,0.00
Area127 (10) troll 158 499,,Umatilla_H,5026,0.72,Hanford_Reach,5026,0.12,Wells_H,5026,0.07,Nez_PerceT_H,5021,0.03,Priest_Rapid_H,5026,0.02
Area127 (10) troll 158 500,,Priest_Rapid_H,5026,0.71,Hanford_Reach,5026,0.16,Umatilla_H,5026,0.06,Methow_R,5026,0.03,Nez_PerceT_H,5021,0.01
Area127 (10) troll 158 501,,Cowlitz_H_fa,5008,0.85,Green_R_Fa,5008,0.06,Cowlitz_H_sp,5009,0.06,Abernathy_Cr_Fa,5008,0.03,Hoh_R,5028,0.00
Area127 (10) troll 158 502,,Priest_Rapid_H,5026,0.34,Umatilla_H,5026,0.23,Wells_H,5026,0.16,Hanford_Reach,5026,0.14,Wenatchee_R_SF,5026,0.07
Area127 (10) troll 158 503,,Cowlitz_H_fa,5008,0.58,Abernathy_Cr_Fa,5008,0.14,Green_R_Fa,5008,0.09,Spring_Cr_col,5030,0.07,Elochoman_H,5030,0.04
Area127 (10) troll 158 504,,Hamma_Hamma_R,5005,0.79,Puntledge_F,7,0.11,George_Adams_H,5005,0.04,S_Prairie_Cr,5020,0.02,Grovers_Cr_H,5020,0.01
Area127 (10) troll 158 505,,Abernathy_Cr_Fa,5008,0.48,Elochoman_H,5030,0.42,Green_R_Fa,5008,0.04,Lewis_R_Su,5008,0.02,Spring_Cr_col,5030,0.01
Area127 (10) troll 158 506,,Priest_Rapid_H,5026,0.25,Hanford_Reach,5026,0.23,Nez_PerceT_H,5021,0.17,Wenatchee_R_SF,5026,0.14,Priest_Rapids_H,5026,0.10
Area127 (10) troll 158 507,,Spring_Cr_col,5030,0.94,Big_Cr_H_Col,5030,0.05,Abernathy_Cr_Fa,5008,0.01,Elochoman_H,5030,0.00,Abernathy_NFH_F,5008,0.00
Area127 (10) troll 158 508,,Spring_Cr_col,5030,0.99,Abernathy_Cr_Fa,5008,0.00,Abernathy_NFH_F,5008,0.00,Green_R_Fa,5008,0.00,Big_Cr_H_Col,5030,0.00
Area127 (10) troll 158 509,,Hanford_Reach,5026,0.61,Wenatchee_R_SF,5026,0.15,Umatilla_H,5026,0.14,Priest_Rapid_H,5026,0.07,Priest_Rapids_H,5026,0.02
Area127 (10) troll 158 510,,Skagit_R,5016,0.92,U_Sauk_R_SpSu,5016,0.06,L_Skagit_R_Fa,5016,0.00,L_Sauk_R,5016,0.00,Elochoman_H,5030,0.00
Area127 (10) troll 158 511,,Grovers_Cr_H,5020,0.70,Hamma_Hamma_R,5005,0.25,George_Adams_H,5005,0.03,S_Prairie_Cr,5020,0.01,Bear_Cr_SuFa,5020,0.00
Area127 (10) troll 158 512,,Chilliwack_F,3,1.00,Harrison,3,0.00,Abernathy_Cr_Fa,5008,0.00,Wells_H,5026,0.00,,,
Area127 (10) troll 158 513,,Priest_Rapid_H,5026,0.36,Hanford_Reach,5026,0.23,Wenatchee_R_SF,5026,0.21,Lyons_Ferry_H,5021,0.07,Nez_PerceT_H,5021,0.05
Area127 (10) troll 158 514,,S_Prairie_Cr,5020,0.89,Samish_H,5016,0.06,Snoqualmie_R,5016,0.01,L_Skagit_R_Fa,5016,0.01,Bear_Cr_SuFa,5020,0.01
Area127 (10) troll 158 515,,Gold_R,8,0.91,Kaouk_R,8,0.06,Sarita,8,0.02,Tlupana,8,0.00,Thornton,8,0.00
Area127 (10) troll 158 516,,Priest_Rapid_H,5026,0.60,Nez_PerceT_H,5021,0.19,Priest_Rapids_H,5026,0.12,Hanford_Reach,5026,0.06,Wenatchee_R_SF,5026,0.02
Area127 (10) troll 158 517,,Elochoman_H,5030,0.46,Spring_Cr_col,5030,0.45,Abernathy_Cr_Fa,5008,0.07,Big_Cr_H_Col,5030,0.01,Green_R_Fa,5008,0.01
Area127 (10) troll 158 518,,Gold_R,8,1.00,Robertson,8,0.00,Moyeha_R,8,0.00,Kaouk_R,8,0.00,San_Juan,8,0.00
Area127 (10) troll 158 519,,Hanford_Reach,5026,0.42,Wenatchee_R_SF,5026,0.37,Priest_Rapid_H,5026,0.14,Priest_Rapids_H,5026,0.03,Methow_R,5026,0.02
Area127 (10) troll 158 520,,Tlupana,8,0.73,Burman,8,0.13,Moyeha_R,8,0.11,Kaouk_R,8,0.02,Zeballos,8,0.00
Area127 (10) troll 158 521,,Hanford_Reach,5026,0.91,Priest_Rapids_H,5026,0.06,Methow_R,5026,0.02,Umatilla_H,5026,0.00,L_Wh_Sal_H_SF,5026,0.00
Area127 (10) troll 158 522,,Chilliwack_F,3,0.89,Harrison,3,0.11,S_Prairie_Cr,5020,0.00,Snoqualmie_R,5016,0.00,,,
Area127 (10) troll 158 523,,Hanford_Reach,5026,0.42,Priest_Rapid_H,5026,0.36,Wenatchee_R_SF,5026,0.07,Priest_Rapids_H,5026,0.07,S_Umpqua_H,5011,0.03
Area127 (10) troll 158 524,,Hamma_Hamma_R,5005,0.98,George_Adams_H,5005,0.01,Clear_Cr_H,5020,0.00,Snoqualmie_R,5016,0.00,Harrison,3,0.00
Area127 (10) troll 158 525,,Umatilla_H,5026,0.40,Priest_Rapid_H,5026,0.27,Priest_Rapids_H,5026,0.09,Methow_R,5026,0.09,Hanford_Reach,5026,0.08
Area127 (10) troll 216 526,,Forks_Cr_H,5028,1.00,,,,,,,,,,,,
Area127 (10) troll 216 527,,Spring_Cr_col,5030,0.58,Elochoman_H,5030,0.24,Big_Cr_H_Col,5030,0.13,Abernathy_Cr_Fa,5008,0.04,Lewis_R_Su,5008,0.01
Area127 (10) troll 216 528,,S_Prairie_Cr,5020,0.97,Hamma_Hamma_R,5005,0.01,Bear_Cr_SuFa,5020,0.01,Grovers_Cr_H,5020,0.00,Soos_H,5020,0.00
Area127 (10) troll 216 529,,Lyons_Ferry_H,5021,0.64,Nez_PerceT_H,5021,0.17,Hanford_Reach,5026,0.13,Priest_Rapid_H,5026,0.03,Umatilla_H,5026,0.02
Area127 (10) troll 216 530,,Umatilla_H,5026,0.57,Priest_Rapid_H,5026,0.27,Hanford_Reach,5026,0.16,L_Wh_Sal_H_SF,5026,0.00,Wenatchee_R_SF,5026,0.00
Area127 (10) troll 216 531,,S_Coos_R,5011,0.65,S_Umpqua_H,5011,0.16,Trask_R,5015,0.04,Alsea_R,5015,0.04,Abernathy_Cr_Fa,5008,0.04
Area127 (10) troll 216 532,,Priest_Rapid_H,5026,0.39,Hanford_Reach,5026,0.34,Wenatchee_R_SF,5026,0.07,Umatilla_H,5026,0.07,Methow_R,5026,0.05
Area127 (10) troll 216 533,,Hamma_Hamma_R,5005,0.98,Bear_Cr_SuFa,5020,0.01,S_Prairie_Cr,5020,0.01,Snoqualmie_R,5016,0.00,NF_Skokomish_F,5005,0.00
Area127 (10) troll 216 534,,U_Sauk_R_SpSu,5016,0.54,Grovers_Cr_H,5020,0.10,Snoqualmie_R,5016,0.09,Harrison,3,0.08,Skagit_R,5016,0.04
Area127 (10) troll 216 535,,Spring_Cr_col,5030,0.69,Big_Cr_H_Col,5030,0.19,Elochoman_H,5030,0.09,Cowlitz_H_fa,5008,0.02,Abernathy_Cr_Fa,5008,0.00
Area127 (10) troll 216 536,,Spring_Cr_col,5030,0.96,Abernathy_Cr_Fa,5008,0.03,Big_Cr_H_Col,5030,0.00,Elochoman_H,5030,0.00,Green_R_Fa,5008,0.00
Area127 (10) troll 216 537,,Elochoman_H,5030,0.68,Big_Cr_H_Col,5030,0.15,Spring_Cr_col,5030,0.15,Abernathy_Cr_Fa,5008,0.02,Abernathy_NFH_F,5008,0.00
Area127 (10) troll 216 538,,Lyons_Ferry_H,5021,0.28,Hanford_Reach,5026,0.22,U_Deschutes_R,5004,0.18,Nez_PerceT_H,5021,0.17,Priest_Rapid_H,5026,0.10
Area127 (10) troll 216 539,,Little_R,5,0.88,L_Thompson,5,0.12,Eagle_R,5,0.00,L_Adams,5,0.00,Priest_Rapid_H,5026,0.00
Area127 (10) troll 216 540,,Elochoman_H,5030,0.95,Big_Cr_H_Col,5030,0.02,Spring_Cr_col,5030,0.02,Abernathy_Cr_Fa,5008,0.00,Washougal_R_Fa,5008,0.00
Area127 (10) troll 216 541,,Harrison,3,0.64,Forks_Cr_H,5028,0.21,Trask_R,5015,0.11,Coos_H,5011,0.02,S_Coos_R,5011,0.01
Area127 (10) troll 216 542,,S_Prairie_Cr,5020,0.83,Grovers_Cr_H,5020,0.14,S_Umpqua_H,5011,0.01,Snoqualmie_R,5016,0.01,Hanford_Reach,5026,0.00
Area127 (10) troll 216 543,,Hanford_Reach,5026,0.84,Priest_Rapid_H,5026,0.15,Wenatchee_R_SF,5026,0.01,Wells_H,5026,0.00,Priest_Rapids_H,5026,0.00
Area127 (10) troll 216 544,,Chilliwack_F,3,0.28,Abernathy_Cr_Fa,5008,0.15,S_Umpqua_H,5011,0.14,Nechako,2,0.09,Harrison,3,0.09
Area127 (10) troll 216 545,,Elochoman_H,5030,0.57,Lewis_R_Su,5008,0.14,Cowlitz_H_fa,5008,0.10,Abernathy_Cr_Fa,5008,0.09,Green_R_Fa,5008,0.04
Area127 (10) troll 216 546,,S_Umpqua_H,5011,0.99,S_Coos_R,5011,0.01,Skagit_R,5016,0.00,Coquille_R,5011,0.00,Umpqua_H,5011,0.00
Area127 (10) troll 216 547,,Cowlitz_H_fa,5008,0.77,Nez_PerceT_H,5021,0.09,Hanford_Reach,5026,0.05,Lewis_R_Su,5008,0.02,Lyons_Ferry_H,5021,0.01
Area127 (10) troll 216 548,,Puntledge_F,7,0.96,Puntledge_BackX,7,0.02,Cowichan,7,0.01,L_Qualicum,7,0.00,Nanaimo_F,7,0.00
Area127 (10) troll 216 549,,Chilliwack_F,3,0.64,Harrison,3,0.25,Chilliwac@Stav,3,0.04,Priest_Rapid_H,5026,0.02,Little_R,5,0.01
Area127 (10) troll 216 550,,Priest_Rapid_H,5026,0.72,Nez_PerceT_H,5021,0.15,Lyons_Ferry_H,5021,0.09,Hanford_Reach,5026,0.02,Wells_H,5026,0.02
Area127 (10) troll 216 551,,Trask_R,5015,0.48,Salmon_R_f,5015,0.27,Wilson_R,5015,0.10,Kilchis_R,5015,0.05,Forks_Cr_H,5028,0.03
Area127 (10) troll 216 552,,Little_R,5,0.51,L_Thompson,5,0.49,South_Thom,5,0.00,L_Shuswap,5,0.00,,,
Area127 (10) troll 216 553,,Abernathy_Cr_Fa,5008,0.47,Spring_Cr_col,5030,0.25,Snoqualmie_R,5016,0.12,L_Thompson,5,0.10,Hamma_Hamma_R,5005,0.01
Area127 (10) troll 216 554,,Little_R,5,0.92,L_Thompson,5,0.08,,,,,,,,,
Area127 (10) troll 216 555,,Trask_R,5015,0.42,S_Umpqua_H,5011,0.34,Salmon_R_f,5015,0.07,Alsea_R,5015,0.04,Skagit_R,5016,0.04
Area127 (10) troll 216 556,,Little_R,5,0.98,L_Thompson,5,0.01,L_Shuswap,5,0.00,South_Thom,5,0.00,,,
Area127 (10) troll 216 557,,L_Thompson,5,0.30,Nez_PerceT_H,5021,0.27,Little_R,5,0.16,Hanford_Reach,5026,0.09,Wenatchee_R_SF,5026,0.08
Area127 (10) troll 216 558,,S_Umpqua_H,5011,0.36,Coquille_R,5011,0.25,S_Coos_R,5011,0.21,Elk_H,5011,0.09,Sixes_R,5011,0.06
Area127 (10) troll 216 559,,Chilliwack_F,3,0.98,Chilliwac@Stav,3,0.01,Harrison,3,0.00,Snoqualmie_R,5016,0.00,Abernathy_Cr_Fa,5008,0.00
Area127 (10) troll 216 560,,Puntledge_F,7,0.51,Snoqualmie_R,5016,0.27,L_Skagit_R_Fa,5016,0.12,Hamma_Hamma_R,5005,0.07,S_Prairie_Cr,5020,0.01
Area127 (10) troll 216 561,,Harrison,3,0.98,Chilliwack_F,3,0.02,Chilliwac@Stav,3,0.00,,,,,,
Area127 (10) troll 216 562,,Nez_PerceT_H,5021,0.66,Lyons_Ferry_H,5021,0.21,Hanford_Reach,5026,0.08,U_Deschutes_R,5004,0.02,ClearwaterRFa,5021,0.01
Area127 (10) troll 216 563,,Hanford_Reach,5026,0.38,Priest_Rapid_H,5026,0.38,Wenatchee_R_SF,5026,0.15,Umatilla_H,5026,0.05,Priest_Rapids_H,5026,0.02
Area127 (10) troll 216 564,,Harrison,3,1.00,Chilliwack_F,3,0.00,Hanford_Reach,5026,0.00,Umatilla_H,5026,0.00,,,
Area127 (10) troll 216 565,,Chilliwack_F,3,1.00,Harrison,3,0.00,,,,,,,,,
Area127 (10) troll 216 566,,Sixes_R,5011,0.61,Coquille_R,5011,0.26,Elk_H,5011,0.05,S_Coos_R,5011,0.03,S_Umpqua_H,5011,0.02
Area127 (10) troll 216 567,,Harrison,3,0.99,Chilliwack_F,3,0.01,Snoqualmie_R,5016,0.00,,,,,,
Area127 (10) troll 216 568,,Chilliwack_F,3,0.99,Takia,10,0.00,U_Dean,10,0.00,Harrison,3,0.00,Umatilla_H,5026,0.00
Area127 (10) troll 216 569,,Hanford_Reach,5026,0.42,Priest_Rapid_H,5026,0.39,Nez_PerceT_H,5021,0.09,Umatilla_H,5026,0.04,Wells_H,5026,0.03
Area127 (10) troll 216 570,,Gold_R,8,0.40,Kaouk_R,8,0.24,Puntledge_F,7,0.15,L_Skagit_R_Fa,5016,0.03,Coos_H,5011,0.03
Area127 (10) troll 216 571,,Lyons_Ferry_H,5021,0.93,Nez_PerceT_H,5021,0.05,Umatilla_H,5026,0.03,Hanford_Reach,5026,0.00,Wells_H,5026,0.00
Area127 (10) troll 216 572,,Hanford_Reach,5026,0.49,S_Umpqua_H,5011,0.28,Puntledge_F,7,0.18,Priest_Rapid_H,5026,0.01,Umpqua_H,5011,0.01
Area127 (10) troll 216 573,,Harrison,3,0.99,Chilliwack_F,3,0.01,Snoqualmie_R,5016,0.00,Grovers_Cr_H,5020,0.00,Skagit_R,5016,0.00
Area127 (10) troll 216 574,,Little_R,5,0.96,L_Thompson,5,0.03,South_Thom,5,0.00,,,,,,
Area127 (10) troll 216 575,,Spring_Cr_col,5030,0.76,Elochoman_H,5030,0.19,Abernathy_Cr_Fa,5008,0.04,Big_Cr_H_Col,5030,0.02,Abernathy_NFH_F,5008,0.00
Area127 (10) troll 216 576,,Hanford_Reach,5026,0.47,Priest_Rapid_H,5026,0.23,Umatilla_H,5026,0.11,Lyons_Ferry_H,5021,0.07,U_Deschutes_R,5004,0.05
Area127 (10) troll 216 577,,Gold_R,8,0.99,Little_R,5,0.00,Robertson,8,0.00,Kaouk_R,8,0.00,Capilano,9,0.00
Area127 (10) troll 216 578,,Little_R,5,0.87,L_Thompson,5,0.12,L_Shuswap,5,0.01,Bessette,5,0.00,Duteau_Cr,5,0.00
Area127 (10) troll 216 579,,S_Prairie_Cr,5020,0.40,Snoqualmie_R,5016,0.18,Hamma_Hamma_R,5005,0.16,Puntledge_F,7,0.09,Grovers_Cr_H,5020,0.04
Area127 (10) troll 216 580,,Forks_Cr_H,5028,0.81,Trask_R,5015,0.07,Hoh_R,5028,0.03,S_Coos_R,5011,0.03,Wilson_R,5015,0.01
Area127 (10) troll 216 581,,Forks_Cr_H,5028,0.96,Cowlitz_H_fa,5008,0.02,Abernathy_Cr_Fa,5008,0.01,Harrison,3,0.00,Lewis_R_Su,5008,0.00
Area127 (10) troll 216 582,,Wenatchee_R_SF,5026,0.29,Priest_Rapids_H,5026,0.25,Priest_Rapid_H,5026,0.21,Hanford_Reach,5026,0.16,Umatilla_H,5026,0.07
Area127 (10) troll 216 583,,Spring_Cr_col,5030,0.89,Abernathy_Cr_Fa,5008,0.04,Elochoman_H,5030,0.02,Big_Cr_H_Col,5030,0.02,Cowlitz_H_fa,5008,0.02
Area127 (10) troll 216 584,,NF_Nooksack_H,5016,1.00,U_Sauk_R_SpSu,5016,0.00,Skagit_R,5016,0.00,,,,,,
Area127 (10) troll 216 585,,Snoqualmie_R,5016,0.87,Hamma_Hamma_R,5005,0.04,L_Skagit_R_Fa,5016,0.04,S_Prairie_Cr,5020,0.03,Grovers_Cr_H,5020,0.01
Area127 (10) troll 216 586,,Hanford_Reach,5026,0.48,Priest_Rapid_H,5026,0.25,Wells_H,5026,0.12,Lyons_Ferry_H,5021,0.10,Umatilla_H,5026,0.03
Area127 (10) troll 216 587,,Priest_Rapid_H,5026,0.30,Cowlitz_H_fa,5008,0.25,Umatilla_H,5026,0.17,Harrison,3,0.13,Hanford_Reach,5026,0.04
Area127 (10) troll 216 588,,Spring_Cr_col,5030,0.85,Big_Cr_H_Col,5030,0.07,Elochoman_H,5030,0.04,Abernathy_Cr_Fa,5008,0.02,Cowlitz_H_fa,5008,0.01
Area127 (10) troll 216 589,,Spring_Cr_col,5030,0.89,Elochoman_H,5030,0.09,Big_Cr_H_Col,5030,0.01,Abernathy_Cr_Fa,5008,0.00,Abernathy_NFH_F,5008,0.00
Area127 (10) troll 216 590,,Hamma_Hamma_R,5005,0.65,U_Sauk_R_SpSu,5016,0.09,Snoqualmie_R,5016,0.08,L_Skagit_R_Fa,5016,0.07,Skagit_R,5016,0.04
Area127 (10) troll 216 591,,NF_Nooksack_H,5016,1.00,,,,,,,,,,,,
Area127 (10) troll 216 592,,S_Prairie_Cr,5020,0.84,Hamma_Hamma_R,5005,0.12,Grovers_Cr_H,5020,0.04,Bear_Cr_SuFa,5020,0.00,Cedar_R_SuFa,5020,0.00
Area127 (10) troll 216 593,,Grovers_Cr_H,5020,0.88,Skagit_R,5016,0.11,S_Umpqua_H,5011,0.00,L_Sauk_R,5016,0.00,Lyons_Ferry_H,5021,0.00
Area127 (10) troll 216 594,,Forks_Cr_H,5028,1.00,Humptulips_H,5028,0.00,Priest_Rapid_H,5026,0.00,U_Sauk_R_SpSu,5016,0.00,McKenzie_H,5029,0.00
Area127 (10) troll 216 595,,S_Prairie_Cr,5020,0.74,Hamma_Hamma_R,5005,0.09,Bear_Cr_SuFa,5020,0.08,Snoqualmie_R,5016,0.06,L_Skagit_R_Fa,5016,0.02
Area127 (10) troll 216 596,,Spring_Cr_col,5030,0.98,Big_Cr_H_Col,5030,0.01,Elochoman_H,5030,0.01,Abernathy_Cr_Fa,5008,0.00,Abernathy_NFH_F,5008,0.00
Area127 (10) troll 216 597,,Skagit_R,5016,0.97,Salmon_R_f,5015,0.02,U_Sauk_R_SpSu,5016,0.00,Snoqualmie_R,5016,0.00,Forks_Cr_H,5028,0.00
Area127 (10) troll 216 598,,Hanford_Reach,5026,0.79,Priest_Rapid_H,5026,0.15,Priest_Rapids_H,5026,0.02,Umatilla_H,5026,0.02,Methow_R,5026,0.01
Area127 (10) troll 216 599,,Puntledge_F,7,0.88,Snoqualmie_R,5016,0.04,Big_Qualicum,7,0.02,Cowichan,7,0.02,Harrison,3,0.02
Area127 (10) troll 216 600,,Puntledge_F,7,0.98,Puntledge_BackX,7,0.02,S_Umpqua_H,5011,0.00,Cowichan,7,0.00,L_Qualicum,7,0.00
Area127 (10) troll 216 601,,Spring_Cr_col,5030,0.71,Elochoman_H,5030,0.22,Abernathy_Cr_Fa,5008,0.04,Abernathy_NFH_F,5008,0.01,Big_Cr_H_Col,5030,0.01
Area127 (10) troll 216 602,,Harrison,3,0.66,Chilliwack_F,3,0.32,S_Prairie_Cr,5020,0.01,Hanford_Reach,5026,0.01,Snoqualmie_R,5016,0.00
Area127 (10) troll 216 603,,Snoqualmie_R,5016,0.67,Hanford_Reach,5026,0.11,Hamma_Hamma_R,5005,0.06,Priest_Rapid_H,5026,0.03,Lyons_Ferry_H,5021,0.02
Area127 (10) troll 216 604,,Hanford_Reach,5026,0.52,Priest_Rapid_H,5026,0.46,S_Umpqua_H,5011,0.01,Priest_Rapids_H,5026,0.00,Wells_H,5026,0.00
Area127 (10) troll 216 605,,Hanford_Reach,5026,0.45,Priest_Rapid_H,5026,0.30,Umatilla_H,5026,0.13,Wells_H,5026,0.10,Wenatchee_R_SF,5026,0.01
Area127 (10) troll 216 606,,Chilliwack_F,3,0.67,Harrison,3,0.30,Hamma_Hamma_R,5005,0.01,Little_R,5,0.01,L_Thompson,5,0.01
Area127 (10) troll 216 607,,Chilliwack_F,3,0.91,Harrison,3,0.09,,,,,,,,,
Area127 (10) troll 216 608,,L_Thompson,5,0.42,Little_R,5,0.33,S_Prairie_Cr,5020,0.21,L_Shuswap,5,0.02,Priest_Rapid_H,5026,0.01
Area127 (10) troll 216 609,,Harrison,3,0.67,Chilliwack_F,3,0.33,,,,,,,,,
Area127 (10) troll 216 610,,Hanford_Reach,5026,0.74,Priest_Rapid_H,5026,0.14,Wenatchee_R_SF,5026,0.02,Nez_PerceT_H,5021,0.02,U_Deschutes_R,5004,0.02
Area127 (10) troll 216 611,,Puntledge_F,7,0.96,U_Sauk_R_SpSu,5016,0.02,Big_Qualicum,7,0.01,Hamma_Hamma_R,5005,0.00,S_Prairie_Cr,5020,0.00
Area127 (10) troll 216 612,,San_Juan,8,1.00,,,,,,,,,,,,
Area127 (10) troll 216 613,,Lyons_Ferry_H,5021,0.72,Nez_PerceT_H,5021,0.19,Priest_Rapid_H,5026,0.04,Priest_Rapids_H,5026,0.04,Hanford_Reach,5026,0.01
Area127 (10) troll 216 614,Dupe with 618,Skagit_R,5016,0.72,Green_R_Fa,5008,0.21,Elochoman_H,5030,0.03,Lewis_R_Su,5008,0.02,S_Coos_R,5011,0.00
Area127 (10) troll 216 615,,Chilliwack_F,3,0.99,Harrison,3,0.01,Skagit_R,5016,0.00,U_Sauk_R_SpSu,5016,0.00,Chilliwac@Stav,3,0.00
Area127 (10) troll 216 616,,U_Sauk_R_SpSu,5016,0.45,Marblemount_HSp,5016,0.20,Snoqualmie_R,5016,0.11,Abernathy_Cr_Fa,5008,0.10,Skagit_R,5016,0.06
Area127 (10) troll 216 617,,U_Sauk_R_SpSu,5016,0.62,Snoqualmie_R,5016,0.18,Skagit_R,5016,0.16,Abernathy_Cr_Fa,5008,0.01,L_Thompson,5,0.01
Area127 (10) troll 216 618,,Little_R,5,0.97,L_Thompson,5,0.03,L_Shuswap,5,0.00,,,,,,
Area127 (10) troll 216 619,Dupe with 613,Skagit_R,5016,0.72,Green_R_Fa,5008,0.21,Elochoman_H,5030,0.03,Lewis_R_Su,5008,0.02,L_Skagit_R_Fa,5016,0.00
Area127 (10) troll 216 620,,L_Thompson,5,0.46,Priest_Rapid_H,5026,0.35,Little_R,5,0.11,Snoqualmie_R,5016,0.04,Umatilla_H,5026,0.01
Area127 (10) troll 216 621,,Cowlitz_H_fa,5008,0.47,Abernathy_Cr_Fa,5008,0.41,Green_R_Fa,5008,0.08,Lyons_Ferry_H,5021,0.02,Elochoman_H,5030,0.01
Area127 (10) troll 216 622,,Cowlitz_H_fa,5008,0.18,Wells_H,5026,0.13,Abernathy_Cr_Fa,5008,0.11,Lewis_R_f,5008,0.06,Hanford_Reach,5026,0.05
Area127 (10) troll 216 623,,Grovers_Cr_H,5020,0.64,Hamma_Hamma_R,5005,0.18,S_Prairie_Cr,5020,0.07,Puntledge_F,7,0.06,George_Adams_H,5005,0.03
Area127 (10) troll 216 624,,Spring_Cr_col,5030,0.95,Elochoman_H,5030,0.03,Big_Cr_H_Col,5030,0.02,Abernathy_Cr_Fa,5008,0.00,Abernathy_NFH_F,5008,0.00
Area127 (10) troll 216 625,,Hamma_Hamma_R,5005,0.96,George_Adams_H,5005,0.02,S_Prairie_Cr,5020,0.01,Grovers_Cr_H,5020,0.01,Clear_Cr_H,5020,0.00
Area127 (10) troll 216 626,,Hanford_Reach,5026,0.94,Lyons_Ferry_H,5021,0.04,Wells_H,5026,0.01,Priest_Rapids_H,5026,0.01,Wenatchee_R_SF,5026,0.00
Area127 (10) troll 216 627,,S_Prairie_Cr,5020,0.76,Hamma_Hamma_R,5005,0.17,Snoqualmie_R,5016,0.02,Grovers_Cr_H,5020,0.01,Soos_H,5020,0.01
Area127 (10) troll 216 628,,Hamma_Hamma_R,5005,0.82,S_Prairie_Cr,5020,0.15,George_Adams_H,5005,0.01,Grovers_Cr_H,5020,0.01,NF_Skokomish_F,5005,0.00
Area127 (10) troll 216 629,,Spring_Cr_col,5030,0.43,Green_R_Fa,5008,0.21,Big_Cr_H_Col,5030,0.14,Elochoman_H,5030,0.08,Abernathy_Cr_Fa,5008,0.06
Area127 (10) troll 216 630,,Forks_Cr_H,5028,1.00,,,,,,,,,,,,
Area127 (10) troll 216 631,,Abernathy_Cr_Fa,5008,0.91,Nez_PerceT_H,5021,0.06,Hanford_Reach,5026,0.02,Lyons_Ferry_H,5021,0.00,Priest_Rapids_H,5026,0.00
Area127 (10) troll 216 632,,Little_R,5,0.62,L_Thompson,5,0.35,Cowlitz_H_fa,5008,0.02,Harrison,3,0.00,L_Shuswap,5,0.00
Area127 (10) troll 216 633,,Lyons_Ferry_H,5021,0.58,Nez_PerceT_H,5021,0.26,Hanford_Reach,5026,0.10,Priest_Rapid_H,5026,0.03,Priest_Rapids_H,5026,0.01
Area127 (10) troll 216 634,,Spring_Cr_col,5030,0.99,Big_Cr_H_Col,5030,0.01,Elochoman_H,5030,0.00,Abernathy_NFH_F,5008,0.00,,,
Area127 (10) troll 216 635,,Harrison,3,0.97,Chilliwack_F,3,0.01,Skagit_R,5016,0.01,Capilano,9,0.00,L_Skagit_R_Fa,5016,0.00
Area127 (10) troll 216 636,,Priest_Rapid_H,5026,0.49,Hanford_Reach,5026,0.24,Lyons_Ferry_H,5021,0.14,Wenatchee_R_SF,5026,0.03,Umatilla_H,5026,0.02
Area127 (10) troll 216 637,,Abernathy_Cr_Fa,5008,0.79,Lewis_R_Su,5008,0.08,Green_R_Fa,5008,0.08,Lewis_R_f,5008,0.03,Cowlitz_H_fa,5008,0.01
Area127 (10) troll 216 638,,Puntledge_F,7,0.99,Big_Qualicum,7,0.01,Puntledge_BackX,7,0.00,L_Qualicum,7,0.00,Cowichan,7,0.00
Area127 (10) troll 216 639,,Chilliwack_F,3,0.81,Harrison,3,0.19,Chilliwac@Stav,3,0.00,Capilano,9,0.00,,,
Area127 (10) troll 216 640,,S_Umpqua_H,5011,0.36,Trask_R,5015,0.19,Snoqualmie_R,5016,0.13,Harrison,3,0.09,L_Skagit_R_Fa,5016,0.08
Area127 (10) troll 216 641,,Harrison,3,0.71,Hamma_Hamma_R,5005,0.12,Snoqualmie_R,5016,0.07,S_Prairie_Cr,5020,0.02,Priest_Rapids_H,5026,0.02
Area127 (10) troll 216 642,,Harrison,3,0.60,Chilliwack_F,3,0.40,,,,,,,,,
Area127 (10) troll 216 643,,Chilliwack_F,3,0.33,Snoqualmie_R,5016,0.20,L_Thompson,5,0.08,Green_R_Fa,5008,0.08,Abernathy_Cr_Fa,5008,0.08
Area127 (10) troll 216 644,,Hanford_Reach,5026,0.75,Priest_Rapid_H,5026,0.23,Priest_Rapids_H,5026,0.01,Methow_R,5026,0.01,Wells_H,5026,0.00
Area127 (10) troll 216 645,,Sixes_R,5011,0.47,Forks_Cr_H,5028,0.40,Elk_H,5011,0.10,Priest_Rapid_H,5026,0.01,Hanford_Reach,5026,0.01
Area127 (10) troll 216 646,,Priest_Rapid_H,5026,0.41,Nez_PerceT_H,5021,0.35,Hanford_Reach,5026,0.13,Lyons_Ferry_H,5021,0.07,Wells_H,5026,0.02
Area127 (10) troll 216 647,,Puntledge_F,7,0.98,Big_Qualicum,7,0.02,Cowichan,7,0.00,Puntledge_BackX,7,0.00,L_Qualicum,7,0.00
Area127 (10) troll 216 648,,Forks_Cr_H,5028,1.00,Alsea_R,5015,0.00,,,,,,,,,
Area127 (10) troll 216 649,,Chilliwack_F,3,0.99,L_Thompson,5,0.00,Abernathy_Cr_Fa,5008,0.00,Snoqualmie_R,5016,0.00,Kuzkwa_Cr,2,0.00
Area127 (10) troll 216 650,,Lyons_Ferry_H,5021,0.37,Priest_Rapid_H,5026,0.29,Priest_Rapids_H,5026,0.25,Methow_R,5026,0.03,Wenatchee_R_SF,5026,0.03
Area127 (10) troll 216 651,,Puntledge_F,7,0.95,Big_Qualicum,7,0.03,L_Qualicum,7,0.01,Grovers_Cr_H,5020,0.01,Harrison,3,0.00
Area127 (10) troll 216 652,,L_Thompson,5,0.56,Little_R,5,0.25,Harrison,3,0.12,Chilliwack_F,3,0.06,South_Thom,5,0.00
Area127 (10) troll 216 654,,Priest_Rapid_H,5026,0.49,Priest_Rapids_H,5026,0.25,Hanford_Reach,5026,0.17,Umatilla_H,5026,0.07,Wenatchee_R_SF,5026,0.01
Area127 (10) troll 216 655,,Little_R,5,0.43,L_Thompson,5,0.41,Harrison,3,0.08,Bear_Cr_SuFa,5020,0.02,Snoqualmie_R,5016,0.02
Area127 (10) troll 216 656,,U_Sauk_R_SpSu,5016,0.44,Snoqualmie_R,5016,0.24,Skagit_R,5016,0.22,L_Skagit_R_Fa,5016,0.05,Green_R_Fa,5008,0.02
Area127 (10) troll 216 657,,Chilliwack_F,3,0.61,Harrison,3,0.39,Chilliwac@Stav,3,0.00,,,,,,
Area127 (10) troll 216 658,,Spring_Cr_col,5030,0.91,Abernathy_Cr_Fa,5008,0.07,Elochoman_H,5030,0.01,Green_R_Fa,5008,0.01,Abernathy_NFH_F,5008,0.00
Area127 (10) troll 216 659,,Hoh_R,5028,0.66,Lewis_R_f,5008,0.27,Lewis_R_Su,5008,0.03,Cowlitz_H_sp,5009,0.01,L_Skagit_R_Fa,5016,0.01
Area127 (10) troll 216 660,,Hanford_Reach,5026,0.95,Priest_Rapids_H,5026,0.03,Priest_Rapid_H,5026,0.01,L_Wh_Sal_H_SF,5026,0.00,Umatilla_H,5026,0.00
Area127 (10) troll 216 661,,Spring_Cr_col,5030,0.42,Elochoman_H,5030,0.36,Green_R_Fa,5008,0.18,Cowlitz_H_fa,5008,0.02,Abernathy_Cr_Fa,5008,0.01
Area127 (10) troll 216 662,,Priest_Rapid_H,5026,0.47,Hanford_Reach,5026,0.26,Lyons_Ferry_H,5021,0.11,Umatilla_H,5026,0.07,U_Deschutes_R,5004,0.04
Area127 (10) troll 216 663,,Snoqualmie_R,5016,0.64,U_Sauk_R_SpSu,5016,0.13,Lewis_R_Su,5008,0.05,U_Deschutes_R,5004,0.04,Abernathy_Cr_Fa,5008,0.03
Area127 (10) troll 216 664,,Grovers_Cr_H,5020,0.34,Snoqualmie_R,5016,0.24,Hamma_Hamma_R,5005,0.22,George_Adams_H,5005,0.09,S_Prairie_Cr,5020,0.06
Area127 (10) troll 216 665,,NF_Nooksack_H,5016,0.92,Puntledge_F,7,0.04,U_Sauk_R_SpSu,5016,0.02,Wenatchee_R_SF,5026,0.01,L_Skagit_R_Fa,5016,0.00
Area127 (10) troll 216 666,,Hamma_Hamma_R,5005,0.86,Snoqualmie_R,5016,0.05,S_Prairie_Cr,5020,0.04,Grovers_Cr_H,5020,0.02,Samish_H,5016,0.01
Area127 (10) troll 216 667,,Hamma_Hamma_R,5005,0.78,Skagit_R,5016,0.06,George_Adams_H,5005,0.06,Bear_Cr_SuFa,5020,0.04,S_Prairie_Cr,5020,0.03
Area127 (10) troll 216 668,,Spring_Cr_col,5030,0.89,Big_Cr_H_Col,5030,0.06,Elochoman_H,5030,0.04,Abernathy_NFH_F,5008,0.01,Abernathy_Cr_Fa,5008,0.00
Area127 (10) troll 216 669,,Little_R,5,0.56,L_Thompson,5,0.41,Wenatchee_R_SF,5026,0.01,S_Umpqua_H,5011,0.01,Priest_Rapid_H,5026,0.01
Area127 (10) troll 216 670,,Hanford_Reach,5026,0.67,Lyons_Ferry_H,5021,0.23,Methow_R,5026,0.09,Priest_Rapid_H,5026,0.00,Wells_H,5026,0.00
Area127 (10) troll 216 671,,U_Sauk_R_SpSu,5016,0.48,Skagit_R,5016,0.15,L_Skagit_R_Fa,5016,0.11,S_Coos_R,5011,0.09,S_Prairie_Cr,5020,0.04
Area127 (10) troll 216 672,,Chilliwack_F,3,0.99,Harrison,3,0.01,,,,,,,,,
Area127 (10) troll 216 673,,Elochoman_H,5030,0.49,Cowlitz_H_fa,5008,0.27,Green_R_Fa,5008,0.10,Lewis_R_Su,5008,0.06,Lewis_R_f,5008,0.02
Area127 (10) troll 216 674,,U_Deschutes_R,5004,0.99,Lyons_Ferry_H,5021,0.01,Sandy_R,5008,0.00,Lewis_R_f,5008,0.00,Priest_Rapids_H,5026,0.00
Area127 (10) troll 216 675,,Harrison,3,0.59,Chilliwack_F,3,0.40,Umatilla_H,5026,0.00,Lewis_R_Su,5008,0.00,L_Skagit_R_Fa,5016,0.00
Area127 (10) troll 216 676,,Chilliwack_F,3,0.96,Harrison,3,0.04,,,,,,,,,
Area127 (10) troll 216 677,,Umatilla_H,5026,0.47,Hanford_Reach,5026,0.20,Lyons_Ferry_H,5021,0.18,Priest_Rapid_H,5026,0.10,Wells_H,5026,0.03
Area127 (10) troll 216 678,,Harrison,3,1.00,Chilliwack_F,3,0.00,L_Thompson,5,0.00,Chilliwac@Stav,3,0.00,,,
Area127 (10) troll 216 679,,Trask_R,5015,0.62,Salmon_R_f,5015,0.20,Wilson_R,5015,0.07,Skagit_R,5016,0.04,Kilchis_R,5015,0.02
Area127 (10) troll 216 680,,S_Umpqua_H,5011,1.00,Hanford_Reach,5026,0.00,Harrison,3,0.00,Umpqua_H,5011,0.00,Priest_Rapid_H,5026,0.00
Area127 (10) troll 216 681,,Chilliwack_F,3,1.00,Harrison,3,0.00,Green_R_Fa,5008,0.00,Capilano,9,0.00,,,
Area127 (10) troll 216 682,,Harrison,3,0.98,Chilliwack_F,3,0.02,U_Deschutes_R,5004,0.00,,,,,,
Area127 (10) troll 216 683,,Harrison,3,0.91,Chilliwack_F,3,0.09,Chilliwac@Stav,3,0.00,,,,,,
Area127 (10) troll 216 684,,Harrison,3,0.44,L_Skagit_R_Fa,5016,0.14,Chilliwack_F,3,0.10,U_Sauk_R_SpSu,5016,0.07,Snoqualmie_R,5016,0.07
Area127 (10) troll 216 685,,Gold_R,8,0.53,Sarita,8,0.44,Moyeha_R,8,0.02,Kaouk_R,8,0.01,Nitinat,8,0.00
Area127 (10) troll 216 686,,NF_Nooksack_H,5016,0.91,Snoqualmie_R,5016,0.06,S_Prairie_Cr,5020,0.02,Skagit_R,5016,0.01,L_Skagit_R_Fa,5016,0.00
Area127 (10) troll 216 687,,Priest_Rapid_H,5026,0.82,Hanford_Reach,5026,0.15,Nez_PerceT_H,5021,0.01,Lyons_Ferry_H,5021,0.01,Umatilla_H,5026,0.00
Area127 (10) troll 216 688,,Harrison,3,0.90,Skagit_R,5016,0.04,Chilliwack_F,3,0.02,Kaouk_R,8,0.01,U_Sauk_R_SpSu,5016,0.01
Area127 (10) troll 216 689,,Hamma_Hamma_R,5005,0.54,Skagit_R,5016,0.40,George_Adams_H,5005,0.01,Forks_Cr_H,5028,0.01,L_Skagit_R_Fa,5016,0.01
Area127 (10) troll 216 690,,Elochoman_H,5030,0.92,Green_R_Fa,5008,0.05,Spring_Cr_col,5030,0.01,Big_Cr_H_Col,5030,0.01,Sandy_R,5008,0.00
Area127 (10) troll 216 691,,Little_R,5,1.00,L_Thompson,5,0.00,Priest_Rapid_H,5026,0.00,Hanford_Reach,5026,0.00,,,
Area127 (10) troll 216 692,,Harrison,3,0.53,Chilliwack_F,3,0.47,L_Skagit_R_Fa,5016,0.00,Chilliwac@Stav,3,0.00,Lewis_R_Su,5008,0.00
Area127 (10) troll 216 693,,Lewis_R_Su,5008,0.51,S_Umpqua_H,5011,0.26,Cowlitz_H_fa,5008,0.11,Abernathy_Cr_Fa,5008,0.04,Trask_R,5015,0.02
Area127 (10) troll 216 694,,Spring_Cr_col,5030,0.98,Abernathy_Cr_Fa,5008,0.01,Big_Cr_H_Col,5030,0.00,Green_R_Fa,5008,0.00,Elochoman_H,5030,0.00
Area127 (10) troll 216 695,,Spring_Cr_col,5030,0.55,Cowlitz_H_fa,5008,0.27,Elochoman_H,5030,0.07,Big_Cr_H_Col,5030,0.07,Abernathy_Cr_Fa,5008,0.03
Area127 (10) troll 216 696,,Priest_Rapid_H,5026,0.51,Umatilla_H,5026,0.22,Hanford_Reach,5026,0.19,Nez_PerceT_H,5021,0.07,Lyons_Ferry_H,5021,0.01
Area127 (10) troll 216 697,,Nez_PerceT_H,5021,0.44,Snoqualmie_R,5016,0.15,Hanford_Reach,5026,0.15,Lyons_Ferry_H,5021,0.08,Priest_Rapid_H,5026,0.05
Area127 (10) troll 216 698,,Spring_Cr_col,5030,1.00,Big_Cr_H_Col,5030,0.00,Cowlitz_H_fa,5008,0.00,Elochoman_H,5030,0.00,Abernathy_Cr_Fa,5008,0.00
Area127 (10) troll 216 699,,Abernathy_Cr_Fa,5008,0.72,Spring_Cr_col,5030,0.19,Elochoman_H,5030,0.06,Cowlitz_H_fa,5008,0.02,Lewis_R_Su,5008,0.01
Area127 (10) troll 216 700,,Priest_Rapid_H,5026,0.45,Snoqualmie_R,5016,0.43,Hanford_Reach,5026,0.10,Lewis_R_Su,5008,0.01,Priest_Rapids_H,5026,0.01
Area127 (10) troll 216 701,,Hanford_Reach,5026,0.41,Priest_Rapid_H,5026,0.16,Wenatchee_R_SF,5026,0.12,U_Deschutes_R,5004,0.11,Priest_Rapids_H,5026,0.09
Area127 (10) troll 216 702,,Spring_Cr_col,5030,0.91,Big_Cr_H_Col,5030,0.08,Abernathy_NFH_F,5008,0.00,Elochoman_H,5030,0.00,Abernathy_Cr_Fa,5008,0.00
Area127 (10) troll 216 703,,Nez_PerceT_H,5021,0.31,Umatilla_H,5026,0.24,Lyons_Ferry_H,5021,0.21,Hanford_Reach,5026,0.13,Priest_Rapids_H,5026,0.05
Area127 (10) troll 216 704,,Chilliwack_F,3,0.61,Harrison,3,0.39,Chilliwac@Stav,3,0.00,,,,,,
Area127 (10) troll 216 705,,Spring_Cr_col,5030,0.44,Abernathy_Cr_Fa,5008,0.25,Elochoman_H,5030,0.24,Green_R_Fa,5008,0.05,Big_Cr_H_Col,5030,0.01
Area127 (10) troll 216 706,,Harrison,3,0.79,Chilliwack_F,3,0.20,Chilliwac@Stav,3,0.00,Snoqualmie_R,5016,0.00,Skykomish_R,5016,0.00
Area127 (10) troll 216 707,,S_Prairie_Cr,5020,0.40,Snoqualmie_R,5016,0.34,U_Sauk_R_SpSu,5016,0.07,Grovers_Cr_H,5020,0.06,Skagit_R,5016,0.05
Area127 (10) troll 216 708,,Cowlitz_H_fa,5008,0.48,Lewis_R_Su,5008,0.20,Priest_Rapid_H,5026,0.08,Hanford_Reach,5026,0.08,Lewis_R_f,5008,0.07
Area127 (10) troll 216 709,,Little_R,5,0.92,L_Thompson,5,0.06,L_Shuswap,5,0.01,S_Umpqua_H,5011,0.01,South_Thom,5,0.00
Area127 (10) troll 216 710,,Harrison,3,0.99,Chilliwack_F,3,0.01,Chilliwac@Stav,3,0.00,,,,,,
Area127 (10) troll 216 711,,Grovers_Cr_H,5020,0.75,S_Prairie_Cr,5020,0.15,George_Adams_H,5005,0.03,Hamma_Hamma_R,5005,0.02,Samish_H,5016,0.02
Area127 (10) troll 216 712,,Nez_PerceT_H,5021,0.66,Lyons_Ferry_H,5021,0.18,Priest_Rapid_H,5026,0.10,Hanford_Reach,5026,0.04,Wells_H,5026,0.01
Area127 (10) troll 216 713,,S_Coos_R,5011,0.79,Forks_Cr_H,5028,0.06,Coos_H,5011,0.05,Trask_R,5015,0.03,S_Umpqua_H,5011,0.02
Area127 (10) troll 216 714,,Sixes_R,5011,0.58,S_Coos_R,5011,0.21,Coos_H,5011,0.09,Harrison,3,0.04,Elk_H,5011,0.03
Area127 (10) troll 216 715,,Harrison,3,0.99,Chilliwack_F,3,0.01,Chilliwac@Stav,3,0.00,,,,,,
Area127 (10) troll 216 716,,Puntledge_F,7,1.00,Puntledge_BackX,7,0.00,,,,,,,,,
Area127 (10) troll 216 717,,Priest_Rapid_H,5026,0.38,Hanford_Reach,5026,0.32,Priest_Rapids_H,5026,0.17,Umatilla_H,5026,0.09,Lewis_R_Su,5008,0.03
Area127 (10) troll 216 718,,Harrison,3,0.27,Umatilla_H,5026,0.18,Hanford_Reach,5026,0.13,Priest_Rapid_H,5026,0.07,Wells_H,5026,0.05
Area127 (10) troll 216 719,,Little_R,5,0.54,L_Thompson,5,0.44,Harrison,3,0.01,L_Shuswap,5,0.01,Priest_Rapid_H,5026,0.00
Area127 (10) troll 216 720,,Elochoman_H,5030,0.95,Abernathy_NFH_F,5008,0.02,Big_Cr_H_Col,5030,0.01,Abernathy_Cr_Fa,5008,0.01,Green_R_Fa,5008,0.01
Area127 (10) troll 216 721,,Hanford_Reach,5026,0.87,Lyons_Ferry_H,5021,0.10,Priest_Rapid_H,5026,0.02,Umatilla_H,5026,0.01,ClearwaterRFa,5021,0.01
Area127 (10) troll 216 722,,Little_R,5,0.95,L_Thompson,5,0.05,L_Shuswap,5,0.00,L_Adams,5,0.00,,,
Area127 (10) troll 216 723,,Snoqualmie_R,5016,0.22,Green_R_Fa,5008,0.18,Abernathy_Cr_Fa,5008,0.18,Lewis_R_Su,5008,0.17,Spring_Cr_col,5030,0.12
Area127 (10) troll 216 724,,Hanford_Reach,5026,0.77,Priest_Rapid_H,5026,0.20,Priest_Rapids_H,5026,0.02,Methow_R,5026,0.01,S_Umpqua_H,5011,0.01
Area127 (10) troll 216 725,,Grovers_Cr_H,5020,0.57,Hamma_Hamma_R,5005,0.22,S_Prairie_Cr,5020,0.14,Snoqualmie_R,5016,0.05,George_Adams_H,5005,0.01
,,,,,,,,,,,,,,,,
Sample: 25, Area123SWVI,2011, troll, May10-Sep01,,,,,,,,,,,,
Area123SWVI (11) troll 130 1,,Spring_Cr_col,5030,0.80,Cowlitz_H_fa,5008,0.14,Big_Cr_H_Col,5030,0.05,Washougal_R_Fa,5008,0.00,Abernathy_NFH_F,5008,0.00
Area123SWVI (11) troll 130 10,,Hanford_Reach,5026,0.56,L_Wh_Sal_H_SF,5026,0.22,Priest_Rapid_H,5026,0.18,Methow_R,5026,0.01,Lyons_Ferry_H,5021,0.01
Area123SWVI (11) troll 130 11,,Puntledge_F,7,0.73,Big_Qualicum,7,0.20,Puntledge_BackX,7,0.07,L_Qualicum,7,0.00,Cowichan,7,0.00
Area123SWVI (11) troll 130 12,,George_Adams_H,5005,0.61,Soos_H,5020,0.14,Hamma_Hamma_R,5005,0.10,Cedar_R_SuFa,5020,0.06,Grovers_Cr_H,5020,0.05
Area123SWVI (11) troll 130 13,,Spring_Cr_col,5030,0.92,Abernathy_NFH_F,5008,0.07,Big_Cr_H_Col,5030,0.01,Cowlitz_H_fa,5008,0.00,Green_R_Fa,5008,0.00
Area123SWVI (11) troll 130 14,,Spring_Cr_col,5030,0.38,Washougal_R_Fa,5008,0.29,Abernathy_NFH_F,5008,0.16,Big_Cr_H_Col,5030,0.12,Abernathy_Cr_Fa,5008,0.04
Area123SWVI (11) troll 130 15,,Samish_H,5016,0.55,George_Adams_H,5005,0.21,Soos_H,5020,0.18,L_Skagit_R_Fa,5016,0.03,Clear_Cr_H,5020,0.01
Area123SWVI (11) troll 130 16,,McKenzie_H,5029,0.94,N_Santiam_H,5029,0.03,Green_R_Fa,5008,0.02,Washougal_R_Fa,5008,0.00,Cowlitz_H_fa,5008,0.00
Area123SWVI (11) troll 130 17,,Cedar_R_SuFa,5020,0.43,NF_Nooksack_H,5016,0.25,Clear_Cr_H,5020,0.22,George_Adams_H,5005,0.02,Soos_H,5020,0.02
Area123SWVI (11) troll 130 18,,Methow_R,5026,0.79,Umatilla_H_Fa,5026,0.13,Hanford_Reach,5026,0.05,Priest_Rapid_H,5026,0.02,Nez_PerceT_H,5021,0.00
Area123SWVI (11) troll 130 19,,Spring_Cr_col,5030,0.69,Big_Cr_H_Col,5030,0.28,Abernathy_NFH_F,5008,0.03,Washougal_R_Fa,5008,0.00,Abernathy_Cr_Fa,5008,0.00
Area123SWVI (11) troll 130 2,,Hoh_R,5028,0.54,Wilson_R,5015,0.18,S_Coos_R,5011,0.15,Forks_Cr_H,5028,0.10,S_Umpqua_H,5011,0.02
Area123SWVI (11) troll 130 20,,Clear_Cr_H,5020,0.65,George_Adams_H,5005,0.31,Soos_H,5020,0.03,Hamma_Hamma_R,5005,0.01,Cedar_R_SuFa,5020,0.00
Area123SWVI (11) troll 130 21,,Spring_Cr_col,5030,0.93,Big_Cr_H_Col,5030,0.05,Abernathy_NFH_F,5008,0.01,Green_R_Fa,5008,0.00,Abernathy_Cr_Fa,5008,0.00
Area123SWVI (11) troll 130 22,,Spring_Cr_col,5030,0.91,Washougal_R_Fa,5008,0.07,Cowlitz_H_fa,5008,0.02,Abernathy_Cr_Fa,5008,0.00,Green_R_Fa,5008,0.00
Area123SWVI (11) troll 130 23,,Soos_H,5020,0.53,Bear_Cr_SuFa,5020,0.20,Cedar_R_SuFa,5020,0.17,George_Adams_H,5005,0.06,Clear_Cr_H,5020,0.02
Area123SWVI (11) troll 130 24,,Washougal_R_Fa,5008,0.48,Abernathy_NFH_F,5008,0.21,Green_R_Fa,5008,0.12,Lewis_R_Su,5008,0.06,Cowlitz_H_fa,5008,0.06
Area123SWVI (11) troll 130 25,,Abernathy_NFH_F,5008,0.47,Spring_Cr_col,5030,0.31,Washougal_R_Fa,5008,0.19,Green_R_Fa,5008,0.02,Lewis_R_Su,5008,0.01
Area123SWVI (11) troll 130 26,,Washougal_R_Fa,5008,0.67,Cowlitz_H_fa,5008,0.24,Green_R_Fa,5008,0.06,Abernathy_Cr_Fa,5008,0.01,Abernathy_NFH_F,5008,0.01
Area123SWVI (11) troll 130 27,,Priest_Rapid_H,5026,0.40,Lyons_Ferry_H,5021,0.39,Nez_PerceT_H,5021,0.09,Hanford_Reach,5026,0.05,Methow_R,5026,0.03
Area123SWVI (11) troll 130 28,,Spring_Cr_col,5030,0.77,Big_Cr_H_Col,5030,0.11,Abernathy_NFH_F,5008,0.11,Abernathy_Cr_Fa,5008,0.01,Lewis_R_Su,5008,0.00
Area123SWVI (11) troll 130 29,,Samish_H,5016,0.64,George_Adams_H,5005,0.24,Clear_Cr_H,5020,0.04,Hamma_Hamma_R,5005,0.04,Cedar_R_SuFa,5020,0.01
Area123SWVI (11) troll 130 3,,Lyons_Ferry_H,5021,0.81,Hanford_Reach,5026,0.06,Methow_R,5026,0.06,Umatilla_H,5026,0.04,Priest_Rapids_H,5026,0.02
Area123SWVI (11) troll 130 30,,Soos_H,5020,0.40,Cedar_R_SuFa,5020,0.24,Clear_Cr_H,5020,0.23,Bear_Cr_SuFa,5020,0.08,George_Adams_H,5005,0.03
Area123SWVI (11) troll 130 31,,Soos_H,5020,0.51,Bear_Cr_SuFa,5020,0.23,Clear_Cr_H,5020,0.15,Cedar_R_SuFa,5020,0.06,George_Adams_H,5005,0.05
Area123SWVI (11) troll 130 32,,Spring_Cr_col,5030,0.87,Abernathy_NFH_F,5008,0.12,Big_Cr_H_Col,5030,0.01,,,,,,
Area123SWVI (11) troll 130 33,,Spring_Cr_col,5030,0.55,Big_Cr_H_Col,5030,0.19,Abernathy_NFH_F,5008,0.13,Washougal_R_Fa,5008,0.07,Cowlitz_H_fa,5008,0.02
Area123SWVI (11) troll 130 34,,George_Adams_H,5005,0.32,Clear_Cr_H,5020,0.32,Cedar_R_SuFa,5020,0.25,Bear_Cr_SuFa,5020,0.06,Soos_H,5020,0.03
Area123SWVI (11) troll 130 35,,Samish_H,5016,0.81,Soos_H,5020,0.13,Bear_Cr_SuFa,5020,0.02,Clear_Cr_H,5020,0.02,Cedar_R_SuFa,5020,0.01
Area123SWVI (11) troll 130 4,,Hanford_Reach,5026,0.58,Feather_H_fa,5001,0.20,Lyons_Ferry_H,5021,0.17,Umatilla_H,5026,0.01,Butte_Cr_f,5001,0.01
Area123SWVI (11) troll 130 5,,Spring_Cr_col,5030,0.55,Umpqua_H,5011,0.25,S_Umpqua_H,5011,0.05,Abernathy_Cr_Fa,5008,0.02,U_Deschutes_R,5004,0.02
Area123SWVI (11) troll 130 6,,Washougal_R_Fa,5008,0.65,Elochoman_R_Fa,5008,0.20,Green_R_Fa,5008,0.08,Cowlitz_H_fa,5008,0.07,Abernathy_Cr_Fa,5008,0.00
Area123SWVI (11) troll 130 7,,Chilliwack_F,3,0.51,Harrison,3,0.49,,,,,,,,,
Area123SWVI (11) troll 130 8,,George_Adams_H,5005,0.57,Bear_Cr_SuFa,5020,0.11,Grovers_Cr_H,5020,0.10,Cedar_R_SuFa,5020,0.06,Samish_H,5016,0.04
Area123SWVI (11) troll 130 9,,Clear_Cr_H,5020,0.33,George_Adams_H,5005,0.29,Bear_Cr_SuFa,5020,0.22,Cedar_R_SuFa,5020,0.05,Samish_H,5016,0.05
Area123SWVI (11) troll 156 100,,Hanford_Reach,5026,0.31,Umpqua_H,5011,0.18,George_Adams_H,5005,0.15,Hamma_Hamma_R,5005,0.06,Abernathy_NFH_F,5008,0.03
Area123SWVI (11) troll 156 101,,Methow_R,5026,0.78,L_Wh_Sal_H_SF,5026,0.14,Umatilla_H_Fa,5026,0.06,Hanford_Reach,5026,0.03,Priest_Rapid_H,5026,0.00
Area123SWVI (11) troll 156 102,,Soos_H,5020,0.39,George_Adams_H,5005,0.16,Samish_H,5016,0.15,Clear_Cr_H,5020,0.12,Bear_Cr_SuFa,5020,0.07
Area123SWVI (11) troll 156 103,,Washougal_R_Fa,5008,0.34,Lewis_R_Su,5008,0.19,Cowlitz_H_fa,5008,0.14,Cowlitz_H_sp,5009,0.07,Hanford_Reach,5026,0.04
Area123SWVI (11) troll 156 104,,Cowlitz_H_fa,5008,0.71,Washougal_R_Fa,5008,0.14,Abernathy_NFH_F,5008,0.11,Abernathy_Cr_Fa,5008,0.01,Green_R_Fa,5008,0.01
Area123SWVI (11) troll 156 105,,Lewis_R_Su,5008,0.27,Sol_Duc_H,5028,0.14,Cowlitz_H_fa,5008,0.13,Green_R_Fa,5008,0.12,Sandy_R,5008,0.08
Area123SWVI (11) troll 156 106,,Skagit_R,5016,0.89,Soos_H,5020,0.06,Cedar_R_SuFa,5020,0.01,NF_Nooksack_H,5016,0.01,Bear_Cr_SuFa,5020,0.01
Area123SWVI (11) troll 156 107,,Washougal_R_Fa,5008,0.98,Sandy_R,5008,0.01,Green_R_Fa,5008,0.00,Cowlitz_H_fa,5008,0.00,Abernathy_Cr_Fa,5008,0.00
Area123SWVI (11) troll 156 108,,Spring_Cr_col,5030,0.77,Abernathy_NFH_F,5008,0.17,Big_Cr_H_Col,5030,0.03,Abernathy_Cr_Fa,5008,0.01,Cowlitz_H_fa,5008,0.01
Area123SWVI (11) troll 156 109,,Samish_H,5016,0.70,Cedar_R_SuFa,5020,0.19,Bear_Cr_SuFa,5020,0.07,Soos_H,5020,0.03,George_Adams_H,5005,0.01
Area123SWVI (11) troll 156 110,,George_Adams_H,5005,0.41,Soos_H,5020,0.23,Cedar_R_SuFa,5020,0.13,Clear_Cr_H,5020,0.07,Bear_Cr_SuFa,5020,0.06
Area123SWVI (11) troll 156 111,,Green_R_Fa,5008,0.60,Washougal_R_Fa,5008,0.10,Skagit_R,5016,0.09,S_Umpqua_H,5011,0.05,Cowlitz_H_fa,5008,0.03
Area123SWVI (11) troll 156 112,,Lewis_R_Su,5008,0.62,Green_R_Fa,5008,0.36,Cowlitz_H_sp,5009,0.01,Cowlitz_H_fa,5008,0.00,Washougal_R_Fa,5008,0.00
Area123SWVI (11) troll 156 113,,Spring_Cr_col,5030,0.71,Big_Cr_H_Col,5030,0.17,Abernathy_NFH_F,5008,0.10,Abernathy_Cr_Fa,5008,0.01,Washougal_R_Fa,5008,0.00
Area123SWVI (11) troll 156 114,,Spring_Cr_col,5030,0.91,Big_Cr_H_Col,5030,0.05,Cowlitz_H_fa,5008,0.02,Abernathy_NFH_F,5008,0.02,Abernathy_Cr_Fa,5008,0.00
Area123SWVI (11) troll 156 115,,Samish_H,5016,0.58,Hamma_Hamma_R,5005,0.39,George_Adams_H,5005,0.01,Cedar_R_SuFa,5020,0.01,Clear_Cr_H,5020,0.00
Area123SWVI (11) troll 156 116,,Washougal_R_Fa,5008,0.87,Abernathy_Cr_Fa,5008,0.06,Elochoman_R_Fa,5008,0.02,Green_R_Fa,5008,0.02,Cowlitz_H_fa,5008,0.02
Area123SWVI (11) troll 156 117,,Washougal_R_Fa,5008,0.48,Green_R_Fa,5008,0.23,Forks_Cr_H,5028,0.17,Lewis_R_Su,5008,0.06,Elochoman_R_Fa,5008,0.03
Area123SWVI (11) troll 156 118,,Samish_H,5016,0.19,Bear_Cr_SuFa,5020,0.16,Clear_Cr_H,5020,0.14,Soos_H,5020,0.14,Cedar_R_SuFa,5020,0.07
Area123SWVI (11) troll 156 119,,George_Adams_H,5005,0.46,Hamma_Hamma_R,5005,0.25,Clear_Cr_H,5020,0.17,Samish_H,5016,0.06,Soos_H,5020,0.02
Area123SWVI (11) troll 156 120,,Clear_Cr_H,5020,0.40,George_Adams_H,5005,0.34,Soos_H,5020,0.13,Cedar_R_SuFa,5020,0.05,Hamma_Hamma_R,5005,0.05
Area123SWVI (11) troll 156 121,,Washougal_R_Fa,5008,0.28,Elochoman_R_Fa,5008,0.25,Cowlitz_H_fa,5008,0.18,Green_R_Fa,5008,0.14,Abernathy_Cr_Fa,5008,0.11
Area123SWVI (11) troll 156 122,,Hanford_Reach,5026,0.31,Umatilla_H_Fa,5026,0.29,Lyons_Ferry_H,5021,0.11,Methow_R,5026,0.10,Nez_PerceT_H,5021,0.05
Area123SWVI (11) troll 156 123,,Big_Cr_H_Col,5030,0.55,Spring_Cr_col,5030,0.40,Abernathy_NFH_F,5008,0.05,Washougal_R_Fa,5008,0.00,Cowlitz_H_fa,5008,0.00
Area123SWVI (11) troll 156 124,,Spring_Cr_col,5030,0.99,Abernathy_NFH_F,5008,0.01,Sol_Duc_H,5028,0.00,,,,,,
Area123SWVI (11) troll 156 125,,Umatilla_H_Fa,5026,0.84,Hanford_Reach,5026,0.09,Priest_Rapid_H,5026,0.05,L_Wh_Sal_H_SF,5026,0.01,Umatilla_H,5026,0.00
Area123SWVI (11) troll 156 126,,Spring_Cr_col,5030,0.81,Green_R_Fa,5008,0.18,Abernathy_Cr_Fa,5008,0.00,Washougal_R_Fa,5008,0.00,Big_Cr_H_Col,5030,0.00
Area123SWVI (11) troll 156 127,,Samish_H,5016,0.75,Soos_H,5020,0.12,Cedar_R_SuFa,5020,0.06,George_Adams_H,5005,0.04,NF_Skokomish_F,5005,0.01
Area123SWVI (11) troll 156 128,,Spring_Cr_col,5030,1.00,Abernathy_NFH_F,5008,0.00,,,,,,,,,
Area123SWVI (11) troll 156 129,,Clear_Cr_H,5020,0.71,Bear_Cr_SuFa,5020,0.10,Hamma_Hamma_R,5005,0.07,George_Adams_H,5005,0.06,Cedar_R_SuFa,5020,0.05
Area123SWVI (11) troll 156 130,,Clear_Cr_H,5020,0.44,George_Adams_H,5005,0.44,Soos_H,5020,0.05,Hamma_Hamma_R,5005,0.03,NF_Skokomish_F,5005,0.01
Area123SWVI (11) troll 156 131,,Abernathy_NFH_F,5008,0.63,Spring_Cr_col,5030,0.31,Big_Cr_H_Col,5030,0.03,Abernathy_Cr_Fa,5008,0.02,Washougal_R_Fa,5008,0.00
Area123SWVI (11) troll 156 132,,Spring_Cr_col,5030,0.90,Abernathy_NFH_F,5008,0.08,Big_Cr_H_Col,5030,0.02,Abernathy_Cr_Fa,5008,0.00,Elochoman_R_Fa,5008,0.00
Area123SWVI (11) troll 156 133,,Spring_Cr_col,5030,0.86,Abernathy_NFH_F,5008,0.13,Big_Cr_H_Col,5030,0.01,Abernathy_Cr_Fa,5008,0.00,,,
Area123SWVI (11) troll 156 134,,Spring_Cr_col,5030,0.82,Abernathy_Cr_Fa,5008,0.16,Abernathy_NFH_F,5008,0.01,Big_Cr_H_Col,5030,0.01,Green_R_Fa,5008,0.00
Area123SWVI (11) troll 156 135,,Samish_H,5016,0.76,Clear_Cr_H,5020,0.21,Hamma_Hamma_R,5005,0.02,Soos_H,5020,0.00,Grovers_Cr_H,5020,0.00
Area123SWVI (11) troll 156 136,,Hamma_Hamma_R,5005,0.33,George_Adams_H,5005,0.21,Samish_H,5016,0.20,Cedar_R_SuFa,5020,0.11,Clear_Cr_H,5020,0.11
Area123SWVI (11) troll 156 137,,Spring_Cr_col,5030,0.73,Abernathy_NFH_F,5008,0.26,Abernathy_Cr_Fa,5008,0.02,Big_Cr_H_Col,5030,0.00,Elochoman_R_Fa,5008,0.00
Area123SWVI (11) troll 156 138,,George_Adams_H,5005,0.61,Hamma_Hamma_R,5005,0.12,Cedar_R_SuFa,5020,0.11,Samish_H,5016,0.06,Soos_H,5020,0.04
Area123SWVI (11) troll 156 139,,Spring_Cr_col,5030,0.45,Big_Cr_H_Col,5030,0.34,Abernathy_NFH_F,5008,0.18,Washougal_R_Fa,5008,0.02,Abernathy_Cr_Fa,5008,0.02
Area123SWVI (11) troll 156 140,,George_Adams_H,5005,0.47,Hamma_Hamma_R,5005,0.23,Soos_H,5020,0.16,Cedar_R_SuFa,5020,0.06,Bear_Cr_SuFa,5020,0.05
Area123SWVI (11) troll 156 141,,Washougal_R_Fa,5008,0.82,Green_R_Fa,5008,0.17,Abernathy_NFH_F,5008,0.00,Cowlitz_H_fa,5008,0.00,Sandy_R,5008,0.00
Area123SWVI (11) troll 156 142,,Spring_Cr_col,5030,0.95,Abernathy_NFH_F,5008,0.04,Cowlitz_H_fa,5008,0.00,Cowlitz_H_sp,5009,0.00,Big_Cr_H_Col,5030,0.00
Area123SWVI (11) troll 156 143,,Clear_Cr_H,5020,0.36,Soos_H,5020,0.28,Cedar_R_SuFa,5020,0.20,Bear_Cr_SuFa,5020,0.07,George_Adams_H,5005,0.07
Area123SWVI (11) troll 156 144,,Hanford_Reach,5026,0.38,Lyons_Ferry_H,5021,0.21,Priest_Rapid_H,5026,0.14,Nez_PerceT_H,5021,0.09,Umatilla_H_Fa,5026,0.09
Area123SWVI (11) troll 156 145,,Washougal_R_Fa,5008,0.62,Green_R_Fa,5008,0.30,Cowlitz_H_fa,5008,0.04,Lewis_R_Su,5008,0.01,Umatilla_H_Fa,5026,0.01
Area123SWVI (11) troll 156 146,,Spring_Cr_col,5030,0.74,Abernathy_Cr_Fa,5008,0.20,Abernathy_NFH_F,5008,0.03,Green_R_Fa,5008,0.01,Umpqua_H,5011,0.01
Area123SWVI (11) troll 156 147,,Soos_H,5020,0.45,Hamma_Hamma_R,5005,0.17,Puntledge_F,7,0.11,Bear_Cr_SuFa,5020,0.08,Clear_Cr_H,5020,0.07
Area123SWVI (11) troll 156 148,,Samish_H,5016,0.75,George_Adams_H,5005,0.11,Hamma_Hamma_R,5005,0.09,Soos_H,5020,0.04,Clear_Cr_H,5020,0.01
Area123SWVI (11) troll 156 149,,Spring_Cr_col,5030,0.65,Big_Cr_H_Col,5030,0.19,Cowlitz_H_fa,5008,0.06,Abernathy_NFH_F,5008,0.05,Cowlitz_H_sp,5009,0.03
Area123SWVI (11) troll 156 150,,Samish_H,5016,0.33,Soos_H,5020,0.19,Clear_Cr_H,5020,0.17,Cedar_R_SuFa,5020,0.17,George_Adams_H,5005,0.08
Area123SWVI (11) troll 156 151,,Spring_Cr_col,5030,0.80,Big_Cr_H_Col,5030,0.13,Abernathy_NFH_F,5008,0.05,Abernathy_Cr_Fa,5008,0.01,Elochoman_R_Fa,5008,0.00
Area123SWVI (11) troll 156 152,,Spring_Cr_col,5030,1.00,Abernathy_NFH_F,5008,0.00,Abernathy_Cr_Fa,5008,0.00,Big_Cr_H_Col,5030,0.00,,,
Area123SWVI (11) troll 156 153,,George_Adams_H,5005,0.64,Hamma_Hamma_R,5005,0.15,Clear_Cr_H,5020,0.09,Soos_H,5020,0.06,Cedar_R_SuFa,5020,0.03
Area123SWVI (11) troll 156 154,,Samish_H,5016,0.85,Clear_Cr_H,5020,0.07,Soos_H,5020,0.03,George_Adams_H,5005,0.02,Bear_Cr_SuFa,5020,0.01
Area123SWVI (11) troll 156 155,,Abernathy_NFH_F,5008,0.78,Spring_Cr_col,5030,0.17,Abernathy_Cr_Fa,5008,0.05,Lewis_R_Su,5008,0.00,Sandy_R,5008,0.00
Area123SWVI (11) troll 156 156,,Big_Cr_H_Col,5030,0.67,Abernathy_NFH_F,5008,0.14,Spring_Cr_col,5030,0.12,Washougal_R_Fa,5008,0.04,Green_R_Fa,5008,0.01
Area123SWVI (11) troll 156 157,,McKenzie_H,5029,0.94,N_Santiam_H,5029,0.04,Umatilla_H_Fa,5026,0.01,Priest_Rapid_H,5026,0.01,Nez_PerceT_H,5021,0.00
Area123SWVI (11) troll 156 158,,Soos_H,5020,0.96,Clear_Cr_H,5020,0.02,Bear_Cr_SuFa,5020,0.01,Hamma_Hamma_R,5005,0.01,George_Adams_H,5005,0.01
Area123SWVI (11) troll 156 159,,George_Adams_H,5005,0.62,Hamma_Hamma_R,5005,0.31,Clear_Cr_H,5020,0.03,Bear_Cr_SuFa,5020,0.01,Samish_H,5016,0.01
Area123SWVI (11) troll 156 160,,Lyons_Ferry_H,5021,0.83,Priest_Rapid_H,5026,0.08,Nez_PerceT_H,5021,0.07,Hanford_Reach,5026,0.01,Priest_Rapids_H,5026,0.00
Area123SWVI (11) troll 156 161,,Forks_Cr_H,5028,0.76,Humptulips_H,5028,0.18,Sandy_R,5008,0.04,Lewis_R_Su,5008,0.02,Phillips,9,0.01
Area123SWVI (11) troll 156 162,,Clear_Cr_H,5020,0.22,Bear_Cr_SuFa,5020,0.21,Soos_H,5020,0.20,Cedar_R_SuFa,5020,0.16,George_Adams_H,5005,0.14
Area123SWVI (11) troll 156 163,,Chilliwack_F,3,0.52,Harrison,3,0.41,Chilliwac@Stav,3,0.04,Skagit_R,5016,0.02,Phillips,9,0.00
Area123SWVI (11) troll 156 164,,George_Adams_H,5005,0.46,Clear_Cr_H,5020,0.29,Cedar_R_SuFa,5020,0.13,Hamma_Hamma_R,5005,0.06,Soos_H,5020,0.04
Area123SWVI (11) troll 156 165,,Spring_Cr_col,5030,0.99,Big_Cr_H_Col,5030,0.00,Cowlitz_H_fa,5008,0.00,Abernathy_Cr_Fa,5008,0.00,Abernathy_NFH_F,5008,0.00
Area123SWVI (11) troll 156 166,,S_Coos_R,5011,0.72,S_Umpqua_H,5011,0.16,Coquille_R,5011,0.07,Washougal_R_Fa,5008,0.03,Lewis_R_Su,5008,0.00
Area123SWVI (11) troll 156 167,,Chilliwack_F,3,0.73,Harrison,3,0.27,,,,,,,,,
Area123SWVI (11) troll 156 168,,Little_R,5,0.64,Hanford_Reach,5026,0.12,Umatilla_H_Fa,5026,0.06,S_Coos_R,5011,0.04,Harrison,3,0.03
Area123SWVI (11) troll 156 169,,U_Sauk_R_SpSu,5016,0.34,Bear_Cr_SuFa,5020,0.23,Soos_H,5020,0.20,Cedar_R_SuFa,5020,0.08,Clear_Cr_H,5020,0.05
Area123SWVI (11) troll 156 170,,Harrison,3,0.59,Soos_H,5020,0.20,U_Sauk_R_SpSu,5016,0.06,L_Skagit_R_Fa,5016,0.04,Voights_H,5020,0.02
Area123SWVI (11) troll 156 171,,McKenzie_H,5029,0.85,Green_R_Fa,5008,0.09,N_Santiam_H,5029,0.05,Umpqua_H,5011,0.00,L_Deschutes_R,5004,0.00
Area123SWVI (11) troll 156 172,,Hanford_Reach,5026,0.17,S_Umpqua_H,5011,0.16,Methow_R,5026,0.11,Umpqua_H,5011,0.10,Umatilla_H_Fa,5026,0.10
Area123SWVI (11) troll 156 173,,Lyons_Ferry_H,5021,0.23,Umatilla_H_Fa,5026,0.19,Washougal_R_Fa,5008,0.15,Priest_Rapid_H,5026,0.13,Sandy_R,5008,0.09
Area123SWVI (11) troll 156 174,,Soos_H,5020,0.33,Puntledge_F,7,0.19,George_Adams_H,5005,0.18,Cedar_R_SuFa,5020,0.09,Clear_Cr_H,5020,0.08
Area123SWVI (11) troll 156 175,,Hanford_Reach,5026,0.43,Nez_PerceT_H,5021,0.13,Cedar_R_SuFa,5020,0.12,George_Adams_H,5005,0.10,Priest_Rapid_H,5026,0.06
Area123SWVI (11) troll 156 176,,Priest_Rapid_H,5026,0.54,L_Deschutes_R,5004,0.20,Hanford_Reach,5026,0.07,U_Deschutes_R,5004,0.07,Umatilla_H_Fa,5026,0.07
Area123SWVI (11) troll 156 177,,L_Deschutes_R,5004,0.50,U_Deschutes_R,5004,0.44,Hanford_Reach,5026,0.04,Lyons_Ferry_H,5021,0.01,Feather_H_fa,5001,0.01
Area123SWVI (11) troll 156 178,,Washougal_R_Fa,5008,0.76,Green_R_Fa,5008,0.19,Cowlitz_H_fa,5008,0.04,Abernathy_Cr_Fa,5008,0.00,Abernathy_NFH_F,5008,0.00
Area123SWVI (11) troll 156 179,,Harrison,3,0.99,Chilliwack_F,3,0.01,,,,,,,,,
Area123SWVI (11) troll 156 180,,Chilliwack_F,3,0.99,Harrison,3,0.01,Chilliwac@Stav,3,0.00,,,,,,
Area123SWVI (11) troll 156 181,,Little_R,5,0.96,L_Thompson,5,0.03,L_Adams,5,0.00,L_Shuswap,5,0.00,South_Thom,5,0.00
Area123SWVI (11) troll 156 182,,Lyons_Ferry_H,5021,0.78,Nez_PerceT_H,5021,0.20,Hanford_Reach,5026,0.01,Umatilla_H_Fa,5026,0.00,Abernathy_NFH_F,5008,0.00
Area123SWVI (11) troll 156 183,,Dungeness_R,5006,0.95,Hamma_Hamma_R,5005,0.02,NF_Skokomish_F,5005,0.01,George_Adams_H,5005,0.01,Clear_Cr_H,5020,0.01
Area123SWVI (11) troll 156 184,,Harrison,3,1.00,Chilliwack_F,3,0.00,,,,,,,,,
Area123SWVI (11) troll 156 185,,Chilliwack_F,3,0.60,Harrison,3,0.39,Chilliwac@Stav,3,0.00,Skagit_R,5016,0.00,Andrew_MedH,5024,0.00
Area123SWVI (11) troll 156 186,,Chilliwack_F,3,1.00,U_Sauk_R_SpSu,5016,0.00,Chilliwac@Stav,3,0.00,Skagit_R,5016,0.00,S_Umpqua_H,5011,0.00
Area123SWVI (11) troll 156 187,,Washougal_R_Fa,5008,0.68,Green_R_Fa,5008,0.18,Lewis_R_Su,5008,0.10,Cowlitz_H_fa,5008,0.01,Abernathy_Cr_Fa,5008,0.01
Area123SWVI (11) troll 156 188,,Chilliwack_F,3,0.55,Harrison,3,0.45,Hamma_Hamma_R,5005,0.00,Chilliwac@Stav,3,0.00,Skagit_R,5016,0.00
Area123SWVI (11) troll 156 189,,Nez_PerceT_H,5021,0.54,Lyons_Ferry_H,5021,0.18,Umatilla_H_Fa,5026,0.17,Priest_Rapid_H,5026,0.05,Hanford_Reach,5026,0.03
Area123SWVI (11) troll 156 190,,Big_Cr_H_Col,5030,0.94,Spring_Cr_col,5030,0.04,Abernathy_NFH_F,5008,0.02,Washougal_R_Fa,5008,0.00,Elochoman_H,5030,0.00
Area123SWVI (11) troll 156 191,,Clear_Cr_H,5020,0.45,Hamma_Hamma_R,5005,0.19,Samish_H,5016,0.16,George_Adams_H,5005,0.10,Bear_Cr_SuFa,5020,0.06
Area123SWVI (11) troll 156 192,,George_Adams_H,5005,0.65,Clear_Cr_H,5020,0.12,Samish_H,5016,0.09,Soos_H,5020,0.07,Cedar_R_SuFa,5020,0.04
Area123SWVI (11) troll 156 193,,Spring_Cr_col,5030,0.86,Abernathy_NFH_F,5008,0.09,Big_Cr_H_Col,5030,0.06,Green_R_Fa,5008,0.00,Cowlitz_H_fa,5008,0.00
Area123SWVI (11) troll 156 194,,Soos_H,5020,0.35,Clear_Cr_H,5020,0.24,Cedar_R_SuFa,5020,0.15,George_Adams_H,5005,0.12,Bear_Cr_SuFa,5020,0.11
Area123SWVI (11) troll 156 195,,Priest_Rapid_H,5026,0.44,Umatilla_H_Fa,5026,0.27,Hanford_Reach,5026,0.07,Nez_PerceT_H,5021,0.06,Priest_Rapids_H,5026,0.05
Area123SWVI (11) troll 156 197,,NF_Nooksack_H,5016,0.92,Skagit_R,5016,0.06,Priest_Rapid_H,5026,0.02,U_Sauk_R_SpSu,5016,0.00,Washougal_R_Fa,5008,0.00
Area123SWVI (11) troll 156 198,,Soos_H,5020,0.35,George_Adams_H,5005,0.20,Cedar_R_SuFa,5020,0.17,Samish_H,5016,0.13,Hamma_Hamma_R,5005,0.10
Area123SWVI (11) troll 156 199,,Priest_Rapid_H,5026,0.39,Umatilla_H_Fa,5026,0.31,Hanford_Reach,5026,0.21,Lyons_Ferry_H,5021,0.05,L_Wh_Sal_H_SF,5026,0.01
Area123SWVI (11) troll 156 200,,Soos_H,5020,0.43,Clear_Cr_H,5020,0.24,Bear_Cr_SuFa,5020,0.22,Cedar_R_SuFa,5020,0.04,Samish_H,5016,0.03
Area123SWVI (11) troll 156 201,,Cedar_R_SuFa,5020,0.73,Bear_Cr_SuFa,5020,0.08,Soos_H,5020,0.07,George_Adams_H,5005,0.04,Hamma_Hamma_R,5005,0.04
Area123SWVI (11) troll 156 202,,Spring_Cr_col,5030,0.83,Big_Cr_H_Col,5030,0.16,Abernathy_NFH_F,5008,0.01,Green_R_Fa,5008,0.00,Lewis_R_Su,5008,0.00
Area123SWVI (11) troll 156 203,,George_Adams_H,5005,0.60,Hamma_Hamma_R,5005,0.38,Samish_H,5016,0.02,Clear_Cr_H,5020,0.01,Bear_Cr_SuFa,5020,0.00
Area123SWVI (11) troll 156 204,,Umatilla_H_Fa,5026,0.56,Hanford_Reach,5026,0.28,Feather_H_fa,5001,0.04,Feather_H_sp,5002,0.04,L_Deschutes_R,5004,0.02
Area123SWVI (11) troll 156 205,,Soos_H,5020,0.86,Clear_Cr_H,5020,0.07,George_Adams_H,5005,0.03,Samish_H,5016,0.01,Bear_Cr_SuFa,5020,0.01
Area123SWVI (11) troll 156 206,,Spring_Cr_col,5030,0.93,Big_Cr_H_Col,5030,0.05,Abernathy_NFH_F,5008,0.01,Green_R_Fa,5008,0.00,Cowlitz_H_fa,5008,0.00
Area123SWVI (11) troll 156 207,,Spring_Cr_col,5030,0.70,Abernathy_NFH_F,5008,0.20,Cowlitz_H_sp,5009,0.06,Big_Cr_H_Col,5030,0.02,Abernathy_Cr_Fa,5008,0.02
Area123SWVI (11) troll 156 208,,Cowlitz_H_fa,5008,0.38,McKenzie_H,5029,0.30,Green_R_Fa,5008,0.09,Abernathy_Cr_Fa,5008,0.06,N_Santiam_H,5029,0.05
Area123SWVI (11) troll 156 209,,George_Adams_H,5005,0.87,Soos_H,5020,0.06,Clear_Cr_H,5020,0.06,Hamma_Hamma_R,5005,0.01,Cedar_R_SuFa,5020,0.01
Area123SWVI (11) troll 156 210,,McKenzie_H,5029,0.72,Washougal_R_Fa,5008,0.08,N_Santiam_H,5029,0.06,Abernathy_NFH_F,5008,0.05,Lewis_R_Su,5008,0.03
Area123SWVI (11) troll 156 211,,George_Adams_H,5005,0.57,Hamma_Hamma_R,5005,0.17,NF_Skokomish_F,5005,0.09,Samish_H,5016,0.08,Soos_H,5020,0.06
Area123SWVI (11) troll 156 212,,Abernathy_NFH_F,5008,0.39,Big_Cr_H_Col,5030,0.28,Washougal_R_Fa,5008,0.22,Spring_Cr_col,5030,0.09,Green_R_Fa,5008,0.01
Area123SWVI (11) troll 156 213,,Soos_H,5020,0.50,George_Adams_H,5005,0.20,Samish_H,5016,0.10,Clear_Cr_H,5020,0.09,Cedar_R_SuFa,5020,0.05
Area123SWVI (11) troll 156 214,,George_Adams_H,5005,0.76,Hamma_Hamma_R,5005,0.14,Clear_Cr_H,5020,0.02,L_Skagit_R_Fa,5016,0.02,NF_Skokomish_F,5005,0.02
Area123SWVI (11) troll 156 215,,Samish_H,5016,0.46,George_Adams_H,5005,0.27,Clear_Cr_H,5020,0.12,Soos_H,5020,0.11,NF_Skokomish_F,5005,0.02
Area123SWVI (11) troll 156 216,,Hanford_Reach,5026,0.44,L_Wh_Sal_H_SF,5026,0.28,Priest_Rapid_H,5026,0.16,Umatilla_H_Fa,5026,0.04,Nez_PerceT_H,5021,0.04
Area123SWVI (11) troll 156 217,,Clear_Cr_H,5020,0.57,Bear_Cr_SuFa,5020,0.13,Samish_H,5016,0.09,Soos_H,5020,0.08,George_Adams_H,5005,0.05
Area123SWVI (11) troll 156 218,,Samish_H,5016,0.29,Cedar_R_SuFa,5020,0.20,Clear_Cr_H,5020,0.16,Hamma_Hamma_R,5005,0.16,Puntledge_F,7,0.07
Area123SWVI (11) troll 156 219,,Samish_H,5016,0.99,Soos_H,5020,0.01,Bear_Cr_SuFa,5020,0.00,Cedar_R_SuFa,5020,0.00,George_Adams_H,5005,0.00
Area123SWVI (11) troll 156 220,,Priest_Rapid_H,5026,0.39,Hanford_Reach,5026,0.23,Umatilla_H_Fa,5026,0.07,Feather_H_fa,5001,0.06,Methow_R,5026,0.04
Area123SWVI (11) troll 156 221,,Big_Cr_H_Col,5030,0.97,Spring_Cr_col,5030,0.02,Abernathy_NFH_F,5008,0.00,Cowlitz_H_fa,5008,0.00,Lewis_R_Su,5008,0.00
Area123SWVI (11) troll 156 222,,Skagit_R,5016,0.39,U_Sauk_R_SpSu,5016,0.38,Harrison,3,0.10,Dungeness_R,5006,0.07,Phillips,9,0.03
Area123SWVI (11) troll 156 223,,George_Adams_H,5005,0.93,Samish_H,5016,0.03,Hamma_Hamma_R,5005,0.02,NF_Skokomish_F,5005,0.01,Bear_Cr_SuFa,5020,0.00
Area123SWVI (11) troll 156 224,,Soos_H,5020,0.27,Clear_Cr_H,5020,0.15,Bear_Cr_SuFa,5020,0.15,Puntledge_F,7,0.08,L_Qualicum,7,0.06
Area123SWVI (11) troll 156 225,,George_Adams_H,5005,0.68,Hamma_Hamma_R,5005,0.21,Clear_Cr_H,5020,0.05,Cedar_R_SuFa,5020,0.03,Bear_Cr_SuFa,5020,0.02
Area123SWVI (11) troll 156 226,,Clear_Cr_H,5020,0.40,George_Adams_H,5005,0.36,Hamma_Hamma_R,5005,0.11,Soos_H,5020,0.04,Bear_Cr_SuFa,5020,0.04
Area123SWVI (11) troll 156 227,,Soos_H,5020,0.95,Clear_Cr_H,5020,0.02,Bear_Cr_SuFa,5020,0.02,Hamma_Hamma_R,5005,0.00,Grovers_Cr_H,5020,0.00
Area123SWVI (11) troll 156 228,,Forks_Cr_H,5028,0.97,Humptulips_H,5028,0.03,Lewis_R_Su,5008,0.00,S_Umpqua_H,5011,0.00,Lewis_R_LSu,5008,0.00
Area123SWVI (11) troll 156 229,,George_Adams_H,5005,0.57,Hamma_Hamma_R,5005,0.25,Samish_H,5016,0.11,NF_Skokomish_F,5005,0.03,Clear_Cr_H,5020,0.02
Area123SWVI (11) troll 156 230,,Soos_H,5020,0.47,Samish_H,5016,0.13,Cedar_R_SuFa,5020,0.09,Hamma_Hamma_R,5005,0.09,George_Adams_H,5005,0.09
Area123SWVI (11) troll 157 231,,Abernathy_NFH_F,5008,0.42,Big_Cr_H_Col,5030,0.34,Spring_Cr_col,5030,0.21,Abernathy_Cr_Fa,5008,0.03,Elochoman_H,5030,0.00
Area123SWVI (11) troll 157 232,,Washougal_R_Fa,5008,0.83,Cowlitz_H_fa,5008,0.04,Lewis_R_Su,5008,0.03,Abernathy_Cr_Fa,5008,0.02,Sandy_R,5008,0.02
Area123SWVI (11) troll 157 233,,Clear_Cr_H,5020,0.51,George_Adams_H,5005,0.19,Bear_Cr_SuFa,5020,0.09,Soos_H,5020,0.06,Hamma_Hamma_R,5005,0.06
Area123SWVI (11) troll 157 234,,Umatilla_H_Fa,5026,0.33,Hanford_Reach,5026,0.32,Priest_Rapid_H,5026,0.29,Methow_R,5026,0.04,L_Deschutes_R,5004,0.01
Area123SWVI (11) troll 157 235,,Chilliwack_F,3,1.00,Harrison,3,0.00,,,,,,,,,
Area123SWVI (11) troll 157 236,,George_Adams_H,5005,0.78,Samish_H,5016,0.15,Cedar_R_SuFa,5020,0.03,Hamma_Hamma_R,5005,0.02,Bear_Cr_SuFa,5020,0.01
Area123SWVI (11) troll 157 237,,Hamma_Hamma_R,5005,0.48,George_Adams_H,5005,0.20,Soos_H,5020,0.14,Cedar_R_SuFa,5020,0.11,Clear_Cr_H,5020,0.03
Area123SWVI (11) troll 157 238,,Soos_H,5020,0.52,Bear_Cr_SuFa,5020,0.16,Grovers_Cr_H,5020,0.07,Samish_H,5016,0.05,Clear_Cr_H,5020,0.05
Area123SWVI (11) troll 157 239,,Washougal_R_Fa,5008,0.51,Abernathy_NFH_F,5008,0.26,Spring_Cr_col,5030,0.07,Abernathy_Cr_Fa,5008,0.07,Green_R_Fa,5008,0.06
Area123SWVI (11) troll 157 240,,Harrison,3,0.23,Elochoman_R_Fa,5008,0.14,Washougal_R_Fa,5008,0.11,Umpqua_H,5011,0.08,Umatilla_H_Fa,5026,0.07
Area123SWVI (11) troll 157 241,,Cedar_R_SuFa,5020,0.28,Soos_H,5020,0.21,Clear_Cr_H,5020,0.16,Puntledge_F,7,0.08,Hamma_Hamma_R,5005,0.08
Area123SWVI (11) troll 157 242,,Cedar_R_SuFa,5020,0.48,Samish_H,5016,0.18,George_Adams_H,5005,0.10,Bear_Cr_SuFa,5020,0.09,Hamma_Hamma_R,5005,0.07
Area123SWVI (11) troll 157 243,,Samish_H,5016,0.78,Soos_H,5020,0.08,Cedar_R_SuFa,5020,0.07,George_Adams_H,5005,0.03,Bear_Cr_SuFa,5020,0.02
Area123SWVI (11) troll 157 244,,George_Adams_H,5005,0.87,Hamma_Hamma_R,5005,0.12,NF_Skokomish_F,5005,0.00,Samish_H,5016,0.00,Grovers_Cr_H,5020,0.00
Area123SWVI (11) troll 157 245,,Soos_H,5020,0.30,Clear_Cr_H,5020,0.19,Hamma_Hamma_R,5005,0.14,Cedar_R_SuFa,5020,0.11,Bear_Cr_SuFa,5020,0.06
Area123SWVI (11) troll 157 246,,Spring_Cr_col,5030,1.00,Abernathy_NFH_F,5008,0.00,Big_Cr_H_Col,5030,0.00,,,,,,
Area123SWVI (11) troll 157 247,,Soos_H,5020,0.39,Bear_Cr_SuFa,5020,0.23,Cedar_R_SuFa,5020,0.18,Clear_Cr_H,5020,0.08,George_Adams_H,5005,0.07
Area123SWVI (11) troll 157 248,,Samish_H,5016,0.67,Clear_Cr_H,5020,0.21,Soos_H,5020,0.06,George_Adams_H,5005,0.03,Puntledge_F,7,0.01
Area123SWVI (11) troll 157 249,,Samish_H,5016,0.32,George_Adams_H,5005,0.22,Bear_Cr_SuFa,5020,0.19,Cedar_R_SuFa,5020,0.13,Hamma_Hamma_R,5005,0.11
Area123SWVI (11) troll 157 250,,Washougal_R_Fa,5008,0.88,Green_R_Fa,5008,0.05,Abernathy_Cr_Fa,5008,0.03,Cowlitz_H_fa,5008,0.02,Lewis_R_Su,5008,0.01
Area123SWVI (11) troll 157 251,,Nez_PerceT_H,5021,0.94,Priest_Rapid_H,5026,0.03,Lyons_Ferry_H,5021,0.02,Hanford_Reach,5026,0.01,Methow_R,5026,0.00
Area123SWVI (11) troll 157 252,,Harrison,3,0.97,Chilliwack_F,3,0.02,Priest_Rapids_H,5026,0.00,Priest_Rapid_H,5026,0.00,Hanford_Reach,5026,0.00
Area123SWVI (11) troll 157 253,,Methow_R,5026,0.36,Priest_Rapid_H,5026,0.29,L_Wh_Sal_H_SF,5026,0.17,Hanford_Reach,5026,0.14,Nez_PerceT_H,5021,0.03
Area123SWVI (11) troll 157 254,,S_Umpqua_H,5011,0.36,Lewis_R_Su,5008,0.23,Washougal_R_Fa,5008,0.11,Cowlitz_H_fa,5008,0.07,Umpqua_H,5011,0.07
Area123SWVI (11) troll 157 255,,George_Adams_H,5005,0.77,Clear_Cr_H,5020,0.10,Hamma_Hamma_R,5005,0.06,NF_Skokomish_F,5005,0.03,Cedar_R_SuFa,5020,0.01
Area123SWVI (11) troll 157 256,,Cedar_R_SuFa,5020,0.19,Soos_H,5020,0.16,Lewis_R_Su,5008,0.10,Chilliwack_F,3,0.10,Bear_Cr_SuFa,5020,0.10
Area123SWVI (11) troll 157 257,,Dungeness_R,5006,0.88,George_Adams_H,5005,0.04,Cedar_R_SuFa,5020,0.03,Clear_Cr_H,5020,0.03,Soos_H,5020,0.01
Area123SWVI (11) troll 157 258,,George_Adams_H,5005,0.79,Forks_Cr_H,5028,0.13,Grovers_Cr_H,5020,0.02,Hamma_Hamma_R,5005,0.02,Soos_H,5020,0.01
Area123SWVI (11) troll 157 259,,NF_Nooksack_H,5016,1.00,,,,,,,,,,,,
Area123SWVI (11) troll 157 260,,Lewis_R_Su,5008,0.52,Washougal_R_Fa,5008,0.26,McKenzie_H,5029,0.09,Abernathy_Cr_Fa,5008,0.02,Skagit_R,5016,0.02
Area123SWVI (11) troll 157 261,,Cedar_R_SuFa,5020,0.54,Samish_H,5016,0.16,Clear_Cr_H,5020,0.13,Bear_Cr_SuFa,5020,0.06,Soos_H,5020,0.03
Area123SWVI (11) troll 157 262,,Chilliwack_F,3,0.96,Harrison,3,0.04,Chilliwac@Stav,3,0.00,,,,,,
Area123SWVI (11) troll 157 263,,Hanford_Reach,5026,0.62,Priest_Rapid_H,5026,0.18,Umatilla_H_Fa,5026,0.07,L_Deschutes_R,5004,0.06,Methow_R,5026,0.02
Area123SWVI (11) troll 157 264,,Umpqua_H,5011,0.92,Hanford_Reach,5026,0.04,Priest_Rapid_H,5026,0.01,Methow_R,5026,0.01,Lewis_R_Su,5008,0.01
Area123SWVI (11) troll 157 265,,Lyons_Ferry_H,5021,0.76,Nez_PerceT_H,5021,0.15,Hanford_Reach,5026,0.06,U_Deschutes_R,5004,0.03,Umatilla_H_Fa,5026,0.00
Area123SWVI (11) troll 157 266,,Moyeha_R,8,0.47,Tranquil,8,0.25,Kaouk_R,8,0.14,Conuma,8,0.07,Burman,8,0.05
Area123SWVI (11) troll 157 267,,Puntledge_F,7,0.61,Big_Qualicum,7,0.17,Cowichan,7,0.11,Samish_H,5016,0.06,L_Qualicum,7,0.02
Area123SWVI (11) troll 157 268,,Washougal_R_Fa,5008,0.71,Green_R_Fa,5008,0.12,Cowlitz_H_fa,5008,0.12,Lewis_R_Su,5008,0.05,Abernathy_NFH_F,5008,0.01
Area123SWVI (11) troll 157 269,,Lyons_Ferry_H,5021,0.55,McKenzie_H,5029,0.39,Umatilla_H_Fa,5026,0.05,Hanford_Reach,5026,0.01,Umpqua_H,5011,0.01
Area123SWVI (11) troll 157 270,,Little_R,5,0.96,L_Shuswap,5,0.02,L_Thompson,5,0.01,L_Adams,5,0.00,South_Thom,5,0.00
Area123SWVI (11) troll 157 271,,L_Deschutes_R,5004,0.44,Hanford_Reach,5026,0.20,U_Deschutes_R,5004,0.12,Green_R_Fa,5008,0.10,L_Wh_Sal_H_SF,5026,0.06
Area123SWVI (11) troll 157 272,,Chilliwack_F,3,0.78,Harrison,3,0.22,Chilliwac@Stav,3,0.00,,,,,,
Area123SWVI (11) troll 157 273,,Methow_R,5026,0.30,L_Wh_Sal_H_SF,5026,0.16,Hanford_Reach,5026,0.14,Umatilla_H_Fa,5026,0.13,Priest_Rapid_H,5026,0.12
Area123SWVI (11) troll 157 274,,Holmes,1,0.65,Tete_Jaune,1,0.16,Horsefly,2,0.06,U_Cariboo,2,0.04,Harrison,3,0.03
Area123SWVI (11) troll 157 275,,Puntledge_F,7,0.38,L_Qualicum,7,0.12,Hanford_Reach,5026,0.09,Clear_Cr_H,5020,0.09,Soos_H,5020,0.08
Area123SWVI (11) troll 157 276,,Chilliwack_F,3,0.57,Harrison,3,0.35,Lyons_Ferry_H,5021,0.04,Priest_Rapid_H,5026,0.02,Hanford_Reach,5026,0.02
Area123SWVI (11) troll 157 277,,Puntledge_F,7,0.78,L_Qualicum,7,0.13,Big_Qualicum,7,0.08,Cowichan,7,0.01,Cedar_R_SuFa,5020,0.00
Area123SWVI (11) troll 157 278,,Samish_H,5016,0.95,George_Adams_H,5005,0.03,McKenzie_H,5029,0.01,Clear_Cr_H,5020,0.00,Umpqua_H,5011,0.00
Area123SWVI (11) troll 157 279,,Harrison,3,0.97,Chilliwack_F,3,0.01,Chilliwac@Stav,3,0.01,Nangeese_R,22,0.00,Andrew_CryH,5024,0.00
Area123SWVI (11) troll 157 280,,Umatilla_H_Fa,5026,0.61,L_Wh_Sal_H_SF,5026,0.20,Hanford_Reach,5026,0.09,Methow_R,5026,0.02,L_Deschutes_R,5004,0.02
Area123SWVI (11) troll 157 281,,Hanford_Reach,5026,0.81,Priest_Rapid_H,5026,0.14,Lyons_Ferry_H,5021,0.03,L_Wh_Sal_H_SF,5026,0.01,Nez_PerceT_H,5021,0.00
Area123SWVI (11) troll 157 282,,Forks_Cr_H,5028,0.88,Grovers_Cr_H,5020,0.02,Hanford_Reach,5026,0.02,Cedar_R_SuFa,5020,0.01,L_Wh_Sal_H_SF,5026,0.01
Area123SWVI (11) troll 157 283,,Harrison,3,0.95,Chilliwack_F,3,0.03,Hanford_Reach,5026,0.01,Nez_PerceT_H,5021,0.00,Priest_Rapid_H,5026,0.00
Area123SWVI (11) troll 157 284,,Lyons_Ferry_H,5021,0.44,L_Wh_Sal_H_SF,5026,0.36,Nez_PerceT_H,5021,0.12,Cowlitz_H_fa,5008,0.02,Lewis_R_Su,5008,0.02
Area123SWVI (11) troll 157 285,,L_Wh_Sal_H_SF,5026,0.64,Hanford_Reach,5026,0.14,Nez_PerceT_H,5021,0.10,Umatilla_H_Fa,5026,0.05,Priest_Rapids_H,5026,0.04
Area123SWVI (11) troll 157 286,,Lyons_Ferry_H,5021,0.88,Nez_PerceT_H,5021,0.08,Hanford_Reach,5026,0.02,Umatilla_H_Fa,5026,0.01,L_Wh_Sal_H_SF,5026,0.00
Area123SWVI (11) troll 157 287,,Hanford_Reach,5026,0.59,Nez_PerceT_H,5021,0.24,Priest_Rapids_H,5026,0.08,L_Wh_Sal_H_SF,5026,0.04,Methow_R,5026,0.02
Area123SWVI (11) troll 157 288,,Lyons_Ferry_H,5021,0.89,Hanford_Reach,5026,0.07,Washougal_R_Fa,5008,0.03,L_Wh_Sal_H_SF,5026,0.01,Nez_PerceT_H,5021,0.00
Area123SWVI (11) troll 157 289,,L_Wh_Sal_H_SF,5026,0.78,Hanford_Reach,5026,0.15,Priest_Rapid_H,5026,0.04,Lyons_Ferry_H,5021,0.01,Umatilla_H_Fa,5026,0.01
Area123SWVI (11) troll 157 290,,Washougal_R_Fa,5008,0.37,Green_R_Fa,5008,0.30,Cowlitz_H_fa,5008,0.15,Spring_Cr_col,5030,0.10,Big_Cr_H_Col,5030,0.06
Area123SWVI (11) troll 157 291,,Samish_H,5016,1.00,Cedar_R_SuFa,5020,0.00,Hamma_Hamma_R,5005,0.00,Puntledge_F,7,0.00,Green_R_Fa,5008,0.00
Area123SWVI (11) troll 157 292,,Soos_H,5020,0.65,Bear_Cr_SuFa,5020,0.20,Clear_Cr_H,5020,0.07,George_Adams_H,5005,0.02,NF_Skokomish_F,5005,0.01
Area123SWVI (11) troll 157 293,,Hanford_Reach,5026,0.69,Nez_PerceT_H,5021,0.17,L_Wh_Sal_H_SF,5026,0.07,Priest_Rapid_H,5026,0.03,Umatilla_H_Fa,5026,0.01
Area123SWVI (11) troll 157 294,,Soos_H,5020,0.43,Samish_H,5016,0.32,Cedar_R_SuFa,5020,0.17,Bear_Cr_SuFa,5020,0.04,George_Adams_H,5005,0.03
Area123SWVI (11) troll 157 295,,Spring_Cr_col,5030,0.86,Big_Cr_H_Col,5030,0.07,Abernathy_NFH_F,5008,0.06,Abernathy_Cr_Fa,5008,0.01,Green_R_Fa,5008,0.00
Area123SWVI (11) troll 157 296,,Cedar_R_SuFa,5020,0.73,Bear_Cr_SuFa,5020,0.19,Samish_H,5016,0.03,Soos_H,5020,0.02,Clear_Cr_H,5020,0.02
Area123SWVI (11) troll 157 297,,Umatilla_H_Fa,5026,0.22,L_Wh_Sal_H_SF,5026,0.21,Skagit_R,5016,0.17,Hanford_Reach,5026,0.15,U_Sauk_R_SpSu,5016,0.12
Area123SWVI (11) troll 157 298,,George_Adams_H,5005,0.56,Soos_H,5020,0.17,Bear_Cr_SuFa,5020,0.12,Samish_H,5016,0.06,Cedar_R_SuFa,5020,0.04
Area123SWVI (11) troll 157 299,,George_Adams_H,5005,0.49,Samish_H,5016,0.19,Hamma_Hamma_R,5005,0.17,Soos_H,5020,0.09,Clear_Cr_H,5020,0.03
Area123SWVI (11) troll 157 300,,Soos_H,5020,0.66,Bear_Cr_SuFa,5020,0.16,Clear_Cr_H,5020,0.09,Cedar_R_SuFa,5020,0.06,Samish_H,5016,0.01
Area123SWVI (11) troll 157 301,,Spring_Cr_col,5030,0.60,Cowlitz_H_fa,5008,0.20,Abernathy_NFH_F,5008,0.08,Elochoman_R_Fa,5008,0.07,Lewis_R_Su,5008,0.02
Area123SWVI (11) troll 157 302,,George_Adams_H,5005,0.72,Hamma_Hamma_R,5005,0.12,Soos_H,5020,0.08,Bear_Cr_SuFa,5020,0.02,Samish_H,5016,0.02
Area123SWVI (11) troll 157 303,,George_Adams_H,5005,0.86,Soos_H,5020,0.04,Clear_Cr_H,5020,0.03,Grovers_Cr_H,5020,0.03,Hamma_Hamma_R,5005,0.03
Area123SWVI (11) troll 157 304,,George_Adams_H,5005,0.63,Samish_H,5016,0.19,NF_Skokomish_F,5005,0.09,Bear_Cr_SuFa,5020,0.04,Cedar_R_SuFa,5020,0.04
Area123SWVI (11) troll 157 305,,Spring_Cr_col,5030,0.99,Abernathy_NFH_F,5008,0.01,Big_Cr_H_Col,5030,0.00,Cowlitz_H_fa,5008,0.00,,,
Area123SWVI (11) troll 157 306,,Harrison,3,0.90,Chilliwack_F,3,0.06,Chilliwac@Stav,3,0.02,Skagit_R,5016,0.01,Forks_Cr_H,5028,0.01
Area123SWVI (11) troll 157 307,,Spring_Cr_col,5030,0.99,Big_Cr_H_Col,5030,0.01,Abernathy_NFH_F,5008,0.00,Elochoman_R_Fa,5008,0.00,,,
Area123SWVI (11) troll 157 308,,Soos_H,5020,0.61,Clear_Cr_H,5020,0.17,Washougal_R_Fa,5008,0.10,George_Adams_H,5005,0.03,Voights_H,5020,0.02
Area123SWVI (11) troll 157 309,,Hanford_Reach,5026,0.42,Umatilla_H_Fa,5026,0.23,Nez_PerceT_H,5021,0.20,Lyons_Ferry_H,5021,0.06,L_Wh_Sal_H_SF,5026,0.04
Area123SWVI (11) troll 157 310,,Harrison,3,0.96,Chilliwack_F,3,0.01,Chilliwac@Stav,3,0.01,Umpqua_H,5011,0.00,U_Sauk_R_SpSu,5016,0.00
Area123SWVI (11) troll 157 311,,Spring_Cr_col,5030,0.91,Abernathy_NFH_F,5008,0.03,Big_Cr_H_Col,5030,0.03,Cowlitz_H_fa,5008,0.02,Abernathy_Cr_Fa,5008,0.00
Area123SWVI (11) troll 157 312,,Samish_H,5016,0.79,Clear_Cr_H,5020,0.06,Soos_H,5020,0.03,Bear_Cr_SuFa,5020,0.02,L_Skagit_R_Fa,5016,0.02
Area123SWVI (11) troll 157 313,,George_Adams_H,5005,0.70,Samish_H,5016,0.13,Clear_Cr_H,5020,0.07,Cedar_R_SuFa,5020,0.05,Soos_H,5020,0.03
Area123SWVI (11) troll 157 314,,Hanford_Reach,5026,0.39,Lyons_Ferry_H,5021,0.17,Nez_PerceT_H,5021,0.16,Priest_Rapid_H,5026,0.12,Methow_R,5026,0.07
Area123SWVI (11) troll 157 315,,George_Adams_H,5005,0.44,Soos_H,5020,0.25,Puntledge_F,7,0.07,Cedar_R_SuFa,5020,0.07,Clear_Cr_H,5020,0.04
Area123SWVI (11) troll 157 316,,Soos_H,5020,0.35,George_Adams_H,5005,0.24,Cedar_R_SuFa,5020,0.11,Hamma_Hamma_R,5005,0.10,Samish_H,5016,0.06
Area123SWVI (11) troll 157 317,,Spring_Cr_col,5030,0.99,Big_Cr_H_Col,5030,0.01,,,,,,,,,
Area123SWVI (11) troll 157 318,,Spring_Cr_col,5030,0.63,Abernathy_NFH_F,5008,0.36,Washougal_R_Fa,5008,0.01,Cowlitz_H_fa,5008,0.00,Big_Cr_H_Col,5030,0.00
Area123SWVI (11) troll 157 319,,Big_Cr_H_Col,5030,0.47,Spring_Cr_col,5030,0.38,Abernathy_NFH_F,5008,0.15,Washougal_R_Fa,5008,0.00,Green_R_Fa,5008,0.00
Area123SWVI (11) troll 157 320,,Samish_H,5016,0.38,George_Adams_H,5005,0.17,Cedar_R_SuFa,5020,0.15,Clear_Cr_H,5020,0.11,Skagit_R,5016,0.08
Area123SWVI (11) troll 157 321,,George_Adams_H,5005,0.96,Hamma_Hamma_R,5005,0.04,NF_Skokomish_F,5005,0.00,Puntledge_F,7,0.00,L_Skagit_R_Fa,5016,0.00
Area123SWVI (11) troll 157 322,,Washougal_R_Fa,5008,0.65,Lewis_R_Su,5008,0.16,Green_R_Fa,5008,0.06,Abernathy_Cr_Fa,5008,0.06,Cowlitz_H_fa,5008,0.04
Area123SWVI (11) troll 157 323,,George_Adams_H,5005,0.72,Hamma_Hamma_R,5005,0.16,Cedar_R_SuFa,5020,0.05,Samish_H,5016,0.04,NF_Skokomish_F,5005,0.01
Area123SWVI (11) troll 157 324,,George_Adams_H,5005,0.43,Samish_H,5016,0.33,Soos_H,5020,0.08,Hamma_Hamma_R,5005,0.07,Cedar_R_SuFa,5020,0.04
Area123SWVI (11) troll 157 325,,Spring_Cr_col,5030,0.41,Abernathy_NFH_F,5008,0.29,Big_Cr_H_Col,5030,0.23,Sol_Duc_H,5028,0.04,Washougal_R_Fa,5008,0.01
Area123SWVI (11) troll 157 326,,Abernathy_NFH_F,5008,0.69,Spring_Cr_col,5030,0.28,Washougal_R_Fa,5008,0.04,Cowlitz_H_fa,5008,0.00,Big_Cr_H_Col,5030,0.00
Area123SWVI (11) troll 157 327,,George_Adams_H,5005,0.92,Clear_Cr_H,5020,0.05,Hamma_Hamma_R,5005,0.01,NF_Skokomish_F,5005,0.01,Cedar_R_SuFa,5020,0.00
Area123SWVI (11) troll 157 328,,Lyons_Ferry_H,5021,0.64,Methow_R,5026,0.17,Priest_Rapid_H,5026,0.09,Hanford_Reach,5026,0.03,Nez_PerceT_H,5021,0.02
Area123SWVI (11) troll 157 329,,Abernathy_NFH_F,5008,0.75,Spring_Cr_col,5030,0.24,Big_Cr_H_Col,5030,0.01,Abernathy_Cr_Fa,5008,0.00,,,
Area123SWVI (11) troll 157 330,,Lewis_R_Su,5008,0.71,Cowlitz_H_fa,5008,0.25,Abernathy_Cr_Fa,5008,0.03,Cowlitz_H_sp,5009,0.01,Green_R_Fa,5008,0.00
Area123SWVI (11) troll 157 331,,Spring_Cr_col,5030,0.96,Abernathy_NFH_F,5008,0.02,Cowlitz_H_fa,5008,0.01,Abernathy_Cr_Fa,5008,0.00,Big_Cr_H_Col,5030,0.00
Area123SWVI (11) troll 157 332,,Soos_H,5020,0.59,Samish_H,5016,0.26,Clear_Cr_H,5020,0.06,Hamma_Hamma_R,5005,0.05,Cedar_R_SuFa,5020,0.01
Area123SWVI (11) troll 157 333,,Cedar_R_SuFa,5020,0.57,Soos_H,5020,0.13,Hamma_Hamma_R,5005,0.12,Clear_Cr_H,5020,0.06,George_Adams_H,5005,0.04
Area123SWVI (11) troll 157 334,,Spring_Cr_col,5030,0.98,Abernathy_NFH_F,5008,0.01,Big_Cr_H_Col,5030,0.01,Green_R_Fa,5008,0.00,Harrison,3,0.00
Area123SWVI (11) troll 157 335,,Washougal_R_Fa,5008,0.59,Cowlitz_H_fa,5008,0.30,Green_R_Fa,5008,0.07,Abernathy_Cr_Fa,5008,0.01,Lewis_R_Su,5008,0.01
Area123SWVI (11) troll 157 336,,Abernathy_NFH_F,5008,0.39,Big_Cr_H_Col,5030,0.30,Spring_Cr_col,5030,0.12,Abernathy_Cr_Fa,5008,0.08,Washougal_R_Fa,5008,0.07
Area123SWVI (11) troll 157 337,,McKenzie_H,5029,0.96,N_Santiam_H,5029,0.04,,,,,,,,,
Area123SWVI (11) troll 157 338,,Big_Cr_H_Col,5030,0.54,Spring_Cr_col,5030,0.45,Abernathy_NFH_F,5008,0.01,,,,,,
Area123SWVI (11) troll 157 339,,Spring_Cr_col,5030,0.78,Big_Cr_H_Col,5030,0.09,Abernathy_NFH_F,5008,0.08,Cowlitz_H_fa,5008,0.01,Washougal_R_Fa,5008,0.01
Area123SWVI (11) troll 157 340,,George_Adams_H,5005,0.78,Samish_H,5016,0.14,Hamma_Hamma_R,5005,0.04,Clear_Cr_H,5020,0.01,NF_Skokomish_F,5005,0.01
Area123SWVI (11) troll 157 341,,George_Adams_H,5005,0.69,NF_Skokomish_F,5005,0.15,Hamma_Hamma_R,5005,0.15,Samish_H,5016,0.00,Washougal_R_Fa,5008,0.00
Area123SWVI (11) troll 157 342,,George_Adams_H,5005,0.77,Clear_Cr_H,5020,0.11,Hamma_Hamma_R,5005,0.03,NF_Skokomish_F,5005,0.03,Cedar_R_SuFa,5020,0.02
Area123SWVI (11) troll 157 343,,Spring_Cr_col,5030,0.99,Abernathy_NFH_F,5008,0.01,,,,,,,,,
Area123SWVI (11) troll 157 344,,Soos_H,5020,0.55,George_Adams_H,5005,0.25,Samish_H,5016,0.11,Hamma_Hamma_R,5005,0.03,Bear_Cr_SuFa,5020,0.02
Area123SWVI (11) troll 157 345,,Samish_H,5016,0.56,Harrison,3,0.23,George_Adams_H,5005,0.09,Skagit_R,5016,0.06,U_Sauk_R_SpSu,5016,0.02
Area123SWVI (11) troll 157 346,,George_Adams_H,5005,0.88,Hamma_Hamma_R,5005,0.06,Clear_Cr_H,5020,0.02,NF_Skokomish_F,5005,0.02,Cedar_R_SuFa,5020,0.01
Area123SWVI (11) troll 157 347,,Soos_H,5020,0.87,Bear_Cr_SuFa,5020,0.07,Cedar_R_SuFa,5020,0.02,George_Adams_H,5005,0.01,Clear_Cr_H,5020,0.01
Area123SWVI (11) troll 157 348,,George_Adams_H,5005,0.83,Hamma_Hamma_R,5005,0.11,Bear_Cr_SuFa,5020,0.03,NF_Skokomish_F,5005,0.02,Grovers_Cr_H,5020,0.01
Area123SWVI (11) troll 157 349,,Spring_Cr_col,5030,0.97,Big_Cr_H_Col,5030,0.03,Abernathy_NFH_F,5008,0.00,,,,,,
Area123SWVI (11) troll 157 350,,George_Adams_H,5005,0.38,Hamma_Hamma_R,5005,0.37,Clear_Cr_H,5020,0.17,NF_Skokomish_F,5005,0.07,Soos_H,5020,0.01
Area123SWVI (11) troll 157 351,,L_Deschutes_R,5004,0.51,Sol_Duc_H,5028,0.12,U_Deschutes_R,5004,0.11,Abernathy_NFH_F,5008,0.09,Lewis_R_Su,5008,0.09
Area123SWVI (11) troll 157 352,,Methow_R,5026,0.56,Hanford_Reach,5026,0.28,Priest_Rapid_H,5026,0.04,Green_R_Fa,5008,0.04,Umpqua_H,5011,0.04
Area123SWVI (11) troll 157 353,,Samish_H,5016,0.58,Hamma_Hamma_R,5005,0.12,Bear_Cr_SuFa,5020,0.11,George_Adams_H,5005,0.06,Cedar_R_SuFa,5020,0.05
Area123SWVI (11) troll 157 354,,Spring_Cr_col,5030,0.95,Big_Cr_H_Col,5030,0.05,Abernathy_NFH_F,5008,0.00,,,,,,
Area123SWVI (11) troll 157 355,,George_Adams_H,5005,0.32,Hamma_Hamma_R,5005,0.31,Clear_Cr_H,5020,0.27,Soos_H,5020,0.04,Cedar_R_SuFa,5020,0.03
Area123SWVI (11) troll 157 356,,Samish_H,5016,0.35,Cedar_R_SuFa,5020,0.23,Clear_Cr_H,5020,0.21,George_Adams_H,5005,0.09,Hamma_Hamma_R,5005,0.08
Area123SWVI (11) troll 157 357,,Washougal_R_Fa,5008,0.67,Green_R_Fa,5008,0.26,Lewis_R_Su,5008,0.03,Cowlitz_H_fa,5008,0.01,Elochoman_R_Fa,5008,0.01
Area123SWVI (11) troll 157 358,,Soos_H,5020,0.62,Clear_Cr_H,5020,0.21,Cedar_R_SuFa,5020,0.06,Bear_Cr_SuFa,5020,0.05,Hamma_Hamma_R,5005,0.04
Area123SWVI (11) troll 157 359,,Lyons_Ferry_H,5021,0.42,Nez_PerceT_H,5021,0.32,Hanford_Reach,5026,0.23,Umatilla_H_Fa,5026,0.02,Priest_Rapid_H,5026,0.00
Area123SWVI (11) troll 157 360,,Soos_H,5020,0.51,Bear_Cr_SuFa,5020,0.16,Clear_Cr_H,5020,0.10,George_Adams_H,5005,0.09,Cedar_R_SuFa,5020,0.09
Area123SWVI (11) troll 157 361,,George_Adams_H,5005,0.73,Clear_Cr_H,5020,0.10,Soos_H,5020,0.08,Hamma_Hamma_R,5005,0.03,Cedar_R_SuFa,5020,0.02
Area123SWVI (11) troll 157 362,,Lewis_R_Su,5008,0.24,Cowlitz_H_fa,5008,0.19,Washougal_R_Fa,5008,0.12,N_Santiam_H,5029,0.11,Green_R_Fa,5008,0.08
Area123SWVI (11) troll 157 363,,Clear_Cr_H,5020,0.40,Soos_H,5020,0.37,Bear_Cr_SuFa,5020,0.09,Cedar_R_SuFa,5020,0.04,George_Adams_H,5005,0.04
Area123SWVI (11) troll 157 364,,Hanford_Reach,5026,0.51,Bear_Cr_SuFa,5020,0.19,Cedar_R_SuFa,5020,0.07,Samish_H,5016,0.07,Umatilla_H_Fa,5026,0.06
Area123SWVI (11) troll 157 365,,George_Adams_H,5005,0.80,Soos_H,5020,0.12,Samish_H,5016,0.07,Clear_Cr_H,5020,0.01,Cedar_R_SuFa,5020,0.00
Area123SWVI (11) troll 157 366,,Washougal_R_Fa,5008,0.89,Abernathy_Cr_Fa,5008,0.04,Lewis_R_Su,5008,0.02,Cowlitz_H_fa,5008,0.01,Abernathy_NFH_F,5008,0.01
Area123SWVI (11) troll 157 367,,Harrison,3,0.95,Chilliwac@Stav,3,0.03,Chilliwack_F,3,0.02,Skagit_R,5016,0.00,Washougal_R_Fa,5008,0.00
Area123SWVI (11) troll 157 368,,Little_R,5,0.99,L_Thompson,5,0.01,South_Thom,5,0.00,L_Adams,5,0.00,L_Shuswap,5,0.00
Area123SWVI (11) troll 157 369,,Methow_R,5026,0.52,Hanford_Reach,5026,0.35,Priest_Rapid_H,5026,0.05,Lyons_Ferry_H,5021,0.04,Nez_PerceT_H,5021,0.02
Area123SWVI (11) troll 157 370,,Harrison,3,0.58,Chilliwack_F,3,0.42,Chilliwac@Stav,3,0.00,,,,,,
Area123SWVI (11) troll 157 371,,Spring_Cr_col,5030,0.85,Abernathy_NFH_F,5008,0.09,Big_Cr_H_Col,5030,0.06,Abernathy_Cr_Fa,5008,0.00,Green_R_Fa,5008,0.00
Area123SWVI (11) troll 157 372,,Little_R,5,1.00,South_Thom,5,0.00,L_Thompson,5,0.00,,,,,,
Area123SWVI (11) troll 157 373,,Harrison,3,0.90,Umatilla_H_Fa,5026,0.04,Chilliwack_F,3,0.03,Hanford_Reach,5026,0.01,Priest_Rapid_H,5026,0.01
Area123SWVI (11) troll 157 374,,Skagit_R,5016,0.39,Trinity_H_sp,5007,0.22,Klamath_R_fa,5007,0.16,S_Coos_R,5011,0.14,Umpqua_H,5011,0.03
Area123SWVI (11) troll 157 375,,Holmes,1,0.65,Tete_Jaune,1,0.16,Samish_H,5016,0.08,U_Cariboo,2,0.03,Horsefly,2,0.01
Area123SWVI (11) troll 157 376,,Harrison,3,0.54,Chilliwack_F,3,0.44,Chilliwac@Stav,3,0.01,,,,,,
Area123SWVI (11) troll 157 377,Dupe with 325,Chilliwack_F,3,0.55,Harrison,3,0.45,Little_R,5,0.00,Chilliwac@Stav,3,0.00,Forks_Cr_H,5028,0.00
Area123SWVI (11) troll 157 378,,Soos_H,5020,0.61,Samish_H,5016,0.11,George_Adams_H,5005,0.06,Hamma_Hamma_R,5005,0.05,Puntledge_F,7,0.04
Area123SWVI (11) troll 157 379,,Clear_Cr_H,5020,0.56,Soos_H,5020,0.27,Hamma_Hamma_R,5005,0.16,George_Adams_H,5005,0.00,L_Skagit_R_Fa,5016,0.00
Area123SWVI (11) troll 157 380,,Puntledge_F,7,0.41,Puntledge_BackX,7,0.13,Samish_H,5016,0.09,Puntledge_Su,7,0.08,L_Qualicum,7,0.08
Area123SWVI (11) troll 157 381,,Chilliwack_F,3,0.66,Harrison,3,0.33,Cedar_R_SuFa,5020,0.00,Skagit_R,5016,0.00,Chilliwac@Stav,3,0.00
Area123SWVI (11) troll 157 382,,L_Deschutes_R,5004,0.52,U_Deschutes_R,5004,0.48,Nez_PerceT_H,5021,0.00,Lyons_Ferry_H,5021,0.00,Umatilla_H_Fa,5026,0.00
Area123SWVI (11) troll 157 383,,Harrison,3,0.96,Chilliwack_F,3,0.03,Skagit_R,5016,0.00,Chilliwac@Stav,3,0.00,Cedar_R_SuFa,5020,0.00
Area123SWVI (11) troll 157 384,,Nitinat,8,1.00,Toquart,8,0.00,Kaouk_R,8,0.00,Sooke,8,0.00,Tranquil,8,0.00
Area123SWVI (11) troll 157 385,,Umatilla_H_Fa,5026,0.46,Hanford_Reach,5026,0.25,Priest_Rapid_H,5026,0.18,Methow_R,5026,0.05,L_Wh_Sal_H_SF,5026,0.01
Area123SWVI (11) troll 157 386,,Soos_H,5020,0.68,Bear_Cr_SuFa,5020,0.16,Cedar_R_SuFa,5020,0.11,Clear_Cr_H,5020,0.03,George_Adams_H,5005,0.01
Area123SWVI (11) troll 157 387,,Hanford_Reach,5026,0.50,Priest_Rapid_H,5026,0.34,Umatilla_H_Fa,5026,0.07,Priest_Rapids_H,5026,0.05,L_Deschutes_R,5004,0.03
Area123SWVI (11) troll 157 388,,Chilliwack_F,3,0.54,Harrison,3,0.46,,,,,,,,,
Area123SWVI (11) troll 157 389,,Hanford_Reach,5026,0.58,Umatilla_H_Fa,5026,0.17,Priest_Rapid_H,5026,0.12,Lyons_Ferry_H,5021,0.07,Priest_Rapids_H,5026,0.03
Area123SWVI (11) troll 157 390,Dupe with 312,Chilliwack_F,3,0.54,Harrison,3,0.46,Forks_Cr_H,5028,0.00,Little_R,5,0.00,,,
Area123SWVI (11) troll 157 391,,Samish_H,5016,0.35,Soos_H,5020,0.29,Clear_Cr_H,5020,0.16,George_Adams_H,5005,0.06,Bear_Cr_SuFa,5020,0.05
Area123SWVI (11) troll 157 392,,Chilliwack_F,3,0.96,Samish_H,5016,0.02,Clear_Cr_H,5020,0.01,Soos_H,5020,0.00,Cedar_R_SuFa,5020,0.00
Area123SWVI (11) troll 157 393,,L_Deschutes_R,5004,0.36,Nez_PerceT_H,5021,0.28,Lyons_Ferry_H,5021,0.17,Umatilla_H_Fa,5026,0.07,U_Deschutes_R,5004,0.05
Area123SWVI (11) troll 157 394,,McKenzie_H,5029,0.91,N_Santiam_H,5029,0.09,S_Umpqua_H,5011,0.00,,,,,,
Area123SWVI (11) troll 157 395,,Little_R,5,0.93,South_Thom,5,0.05,Hanford_Reach,5026,0.01,Lyons_Ferry_H,5021,0.00,L_Deschutes_R,5004,0.00
Area123SWVI (11) troll 157 396,,Cedar_R_SuFa,5020,0.27,Bear_Cr_SuFa,5020,0.21,Samish_H,5016,0.18,Soos_H,5020,0.05,Lyons_Ferry_H,5021,0.05
Area123SWVI (11) troll 158 397,,Lyons_Ferry_H,5021,0.42,Umatilla_H_Fa,5026,0.28,Hanford_Reach,5026,0.21,Nez_PerceT_H,5021,0.10,Priest_Rapid_H,5026,0.00
Area123SWVI (11) troll 158 398,,Chilliwack_F,3,0.94,Harrison,3,0.06,Hanford_Reach,5026,0.00,Umpqua_H,5011,0.00,Elochoman_R_Fa,5008,0.00
Area123SWVI (11) troll 158 399,,Lewis_R_Su,5008,0.54,Humptulips_H,5028,0.26,Cowlitz_H_fa,5008,0.06,Forks_Cr_H,5028,0.04,Cowlitz_H_sp,5009,0.02
Area123SWVI (11) troll 158 400,,Nez_PerceT_H,5021,0.42,Lyons_Ferry_H,5021,0.34,Priest_Rapid_H,5026,0.13,Methow_R,5026,0.08,Hanford_Reach,5026,0.02
Area123SWVI (11) troll 158 401,,Harrison,3,0.94,Chilliwack_F,3,0.04,Chilliwac@Stav,3,0.01,Samish_H,5016,0.00,Bear_Cr_SuFa,5020,0.00
Area123SWVI (11) troll 158 402,,Harrison,3,0.44,U_Sauk_R_SpSu,5016,0.33,Washougal_R_Fa,5008,0.16,Spring_Cr_col,5030,0.01,Forks_Cr_H,5028,0.01
Area123SWVI (11) troll 158 403,,Harrison,3,0.95,Chilliwack_F,3,0.04,Cedar_R_SuFa,5020,0.00,Soos_H,5020,0.00,Clear_Cr_H,5020,0.00
Area123SWVI (11) troll 158 404,,Little_R,5,0.99,L_Thompson,5,0.01,South_Thom,5,0.00,,,,,,
Area123SWVI (11) troll 158 405,,Little_R,5,1.00,South_Thom,5,0.00,L_Thompson,5,0.00,Umatilla_H_Fa,5026,0.00,Hanford_Reach,5026,0.00
Area123SWVI (11) troll 158 406,,Harrison,3,1.00,Washougal_R_Fa,5008,0.00,Abernathy_Cr_Fa,5008,0.00,Big_Qualicum,7,0.00,,,
Area123SWVI (11) troll 158 407,,Umatilla_H_Fa,5026,0.82,Hanford_Reach,5026,0.17,Lyons_Ferry_H,5021,0.00,Priest_Rapids_H,5026,0.00,Umatilla_H,5026,0.00
Area123SWVI (11) troll 158 408,,Chilliwack_F,3,0.84,Harrison,3,0.14,Elochoman_R_Fa,5008,0.02,Abernathy_Cr_Fa,5008,0.00,Umpqua_H,5011,0.00
Area123SWVI (11) troll 158 409,,Lyons_Ferry_H,5021,0.23,Hanford_Reach,5026,0.23,Priest_Rapid_H,5026,0.19,Nez_PerceT_H,5021,0.12,Umatilla_H_Fa,5026,0.09
Area123SWVI (11) troll 158 410,,George_Adams_H,5005,0.50,Clear_Cr_H,5020,0.20,Puntledge_F,7,0.16,Soos_H,5020,0.07,Hamma_Hamma_R,5005,0.02
Area123SWVI (11) troll 158 411,,Chilliwack_F,3,0.90,Harrison,3,0.06,Green_R_Fa,5008,0.03,Washougal_R_Fa,5008,0.00,Chilliwac@Stav,3,0.00
Area123SWVI (11) troll 158 412,Dupe with 368,Chilliwack_F,3,0.99,Harrison,3,0.01,,,,,,,,,
Area123SWVI (11) troll 158 413,,Hanford_Reach,5026,0.51,Umatilla_H_Fa,5026,0.22,Priest_Rapids_H,5026,0.08,Priest_Rapid_H,5026,0.06,Lyons_Ferry_H,5021,0.04
Area123SWVI (11) troll 158 414,,Harrison,3,0.51,Chilliwack_F,3,0.49,Chilliwac@Stav,3,0.00,,,,,,
Area123SWVI (11) troll 158 415,,Harrison,3,0.99,Chilliwac@Stav,3,0.01,Chilliwack_F,3,0.00,,,,,,
Area123SWVI (11) troll 158 416,,Chilliwack_F,3,0.98,Harrison,3,0.02,Chilliwac@Stav,3,0.00,,,,,,
Area123SWVI (11) troll 158 417,,Lyons_Ferry_H,5021,0.95,Nez_PerceT_H,5021,0.05,Priest_Rapid_H,5026,0.00,Hanford_Reach,5026,0.00,Marion_Drain_Fa,5026,0.00
Area123SWVI (11) troll 158 418,,Harrison,3,0.98,Chilliwack_F,3,0.00,Andrew_CryH,5024,0.00,Craig,18,0.00,L_Skagit_R_Fa,5016,0.00
Area123SWVI (11) troll 158 419,,Washougal_R_Fa,5008,0.78,Cowlitz_H_fa,5008,0.19,Green_R_Fa,5008,0.02,Lewis_R_Su,5008,0.01,Elochoman_R_Fa,5008,0.00
Area123SWVI (11) troll 158 420,,S_Coos_R,5011,0.76,Coquille_R,5011,0.19,S_Umpqua_H,5011,0.05,Abernathy_Cr_Fa,5008,0.00,U_Sauk_R_SpSu,5016,0.00
Area123SWVI (11) troll 158 421,,Harrison,3,0.61,Chilliwack_F,3,0.35,Humptulips_H,5028,0.04,Forks_Cr_H,5028,0.00,Skykomish_R,5016,0.00
Area123SWVI (11) troll 158 422,,Chilliwack_F,3,0.97,Harrison,3,0.02,Chilliwac@Stav,3,0.00,Wilson_R,5015,0.00,Samish_H,5016,0.00
Area123SWVI (11) troll 158 423,,Lewis_R_Su,5008,0.99,Cowlitz_H_sp,5009,0.00,Cowlitz_H_fa,5008,0.00,Washougal_R_Fa,5008,0.00,,,
Area123SWVI (11) troll 158 424,,Samish_H,5016,0.94,Clear_Cr_H,5020,0.04,George_Adams_H,5005,0.02,Soos_H,5020,0.00,NF_Skokomish_F,5005,0.00
Area123SWVI (11) troll 158 425,,Soos_H,5020,0.37,Hamma_Hamma_R,5005,0.22,George_Adams_H,5005,0.11,Bear_Cr_SuFa,5020,0.10,Cedar_R_SuFa,5020,0.10
Area123SWVI (11) troll 158 426,,Chilliwack_F,3,0.45,Priest_Rapid_H,5026,0.13,Hanford_Reach,5026,0.09,L_Deschutes_R,5004,0.08,Harrison,3,0.08
Area123SWVI (11) troll 158 427,,Washougal_R_Fa,5008,0.53,Green_R_Fa,5008,0.32,Lewis_R_Su,5008,0.09,Cowlitz_H_fa,5008,0.05,Sandy_R,5008,0.00
Area123SWVI (11) troll 158 428,,Nez_PerceT_H,5021,0.98,Hanford_Reach,5026,0.01,L_Wh_Sal_H_SF,5026,0.01,Lyons_Ferry_H,5021,0.00,,,
Area123SWVI (11) troll 158 429,,Chilliwack_F,3,0.67,Harrison,3,0.33,,,,,,,,,
Area123SWVI (11) troll 158 430,,George_Adams_H,5005,0.79,Cedar_R_SuFa,5020,0.06,Soos_H,5020,0.05,Clear_Cr_H,5020,0.03,Samish_H,5016,0.03
Area123SWVI (11) troll 158 431,,Harrison,3,0.98,Chilliwack_F,3,0.02,Chilliwac@Stav,3,0.00,,,,,,
Area123SWVI (11) troll 158 432,,Lyons_Ferry_H,5021,0.40,Priest_Rapid_H,5026,0.31,Priest_Rapids_H,5026,0.15,L_Deschutes_R,5004,0.09,Nez_PerceT_H,5021,0.03
Area123SWVI (11) troll 158 433,Dupe with 347,Chilliwack_F,3,0.99,Harrison,3,0.01,,,,,,,,,
Area123SWVI (11) troll 158 434,,George_Adams_H,5005,0.68,Clear_Cr_H,5020,0.18,Hamma_Hamma_R,5005,0.06,Cedar_R_SuFa,5020,0.04,Soos_H,5020,0.02
Area123SWVI (11) troll 158 435,,Cowlitz_H_fa,5008,0.43,Green_R_Fa,5008,0.42,Cowlitz_H_sp,5009,0.05,Elochoman_R_Fa,5008,0.03,Abernathy_NFH_F,5008,0.03
Area123SWVI (11) troll 158 436,,Umatilla_H_Fa,5026,0.42,Hanford_Reach,5026,0.26,Lyons_Ferry_H,5021,0.12,L_Wh_Sal_H_SF,5026,0.09,Priest_Rapid_H,5026,0.05
Area123SWVI (11) troll 158 437,,S_Umpqua_H,5011,0.43,Umpqua_H,5011,0.40,Samish_H,5016,0.08,NF_Skokomish_F,5005,0.03,Bear_Cr_SuFa,5020,0.01
Area123SWVI (11) troll 158 438,,Chilliwack_F,3,0.95,Harrison,3,0.05,,,,,,,,,
Area123SWVI (11) troll 158 439,,Chilliwack_F,3,0.92,Harrison,3,0.08,Coquille_R,5011,0.00,NanaimoSu_BackX,7,0.00,,,
Area123SWVI (11) troll 158 440,,Spring_Cr_col,5030,0.67,Abernathy_NFH_F,5008,0.12,Green_R_Fa,5008,0.11,Big_Cr_H_Col,5030,0.03,Abernathy_Cr_Fa,5008,0.02
Area123SWVI (11) troll 158 441,,Harrison,3,0.72,Chilliwack_F,3,0.28,Chilliwac@Stav,3,0.00,,,,,,
Area123SWVI (11) troll 158 442,,Chilliwack_F,3,1.00,Harrison,3,0.00,,,,,,,,,
Area123SWVI (11) troll 158 443,,Chilliwack_F,3,0.51,Harrison,3,0.48,Chilliwac@Stav,3,0.01,Lewis_R_Su,5008,0.00,Wilson_R,5015,0.00
Area123SWVI (11) troll 158 444,,Little_R,5,0.93,South_Thom,5,0.06,Humptulips_H,5028,0.00,L_Thompson,5,0.00,Harrison,3,0.00
Area123SWVI (11) troll 158 445,,Chilliwack_F,3,0.94,Harrison,3,0.06,Chilliwac@Stav,3,0.00,,,,,,
Area123SWVI (11) troll 158 446,,Little_R,5,0.66,Lyons_Ferry_H,5021,0.13,South_Thom,5,0.06,Cedar_R_SuFa,5020,0.04,Bessette,5,0.02
Area123SWVI (11) troll 158 447,,Soos_H,5020,0.51,Hamma_Hamma_R,5005,0.18,Bear_Cr_SuFa,5020,0.12,Clear_Cr_H,5020,0.09,Cedar_R_SuFa,5020,0.05
Area123SWVI (11) troll 158 448,,George_Adams_H,5005,0.81,Hamma_Hamma_R,5005,0.15,NF_Skokomish_F,5005,0.01,Bear_Cr_SuFa,5020,0.01,Samish_H,5016,0.01
Area123SWVI (11) troll 158 449,,Spring_Cr_col,5030,0.44,Green_R_Fa,5008,0.25,Abernathy_NFH_F,5008,0.20,Washougal_R_Fa,5008,0.09,Lewis_R_Su,5008,0.01
Area123SWVI (11) troll 158 450,,Spring_Cr_col,5030,0.93,Green_R_Fa,5008,0.03,Big_Cr_H_Col,5030,0.01,Abernathy_NFH_F,5008,0.01,Washougal_R_Fa,5008,0.01
Area123SWVI (11) troll 158 451,,Big_Cr_H_Col,5030,0.75,Spring_Cr_col,5030,0.19,Abernathy_NFH_F,5008,0.05,Green_R_Fa,5008,0.01,Washougal_R_Fa,5008,0.00
Area123SWVI (11) troll 158 452,,George_Adams_H,5005,0.57,Soos_H,5020,0.18,Clear_Cr_H,5020,0.10,Hamma_Hamma_R,5005,0.05,Bear_Cr_SuFa,5020,0.04
Area123SWVI (11) troll 158 453,,Hanford_Reach,5026,0.89,Nez_PerceT_H,5021,0.03,Samish_H,5016,0.02,Methow_R,5026,0.02,Priest_Rapid_H,5026,0.02
Area123SWVI (11) troll 158 454,,Samish_H,5016,0.52,George_Adams_H,5005,0.35,Hamma_Hamma_R,5005,0.09,Clear_Cr_H,5020,0.03,Soos_H,5020,0.01
Area123SWVI (11) troll 158 455,,Skagit_R,5016,0.98,U_Sauk_R_SpSu,5016,0.02,Marblemount_HSp,5016,0.00,Cheakamus,9,0.00,Cedar_R_SuFa,5020,0.00
Area123SWVI (11) troll 158 456,,George_Adams_H,5005,0.96,Clear_Cr_H,5020,0.01,U_Sauk_R_SpSu,5016,0.01,NF_Skokomish_F,5005,0.01,Hamma_Hamma_R,5005,0.00
Area123SWVI (11) troll 158 457,,Spring_Cr_col,5030,0.88,Green_R_Fa,5008,0.08,Abernathy_NFH_F,5008,0.04,Big_Cr_H_Col,5030,0.00,Cowlitz_H_sp,5009,0.00
Area123SWVI (11) troll 158 458,,Umatilla_H_Fa,5026,0.58,L_Wh_Sal_H_SF,5026,0.17,Lyons_Ferry_H,5021,0.12,Hanford_Reach,5026,0.06,Methow_R,5026,0.02
Area123SWVI (11) troll 158 459,,Spring_Cr_col,5030,0.79,Big_Cr_H_Col,5030,0.21,Abernathy_NFH_F,5008,0.01,,,,,,
Area123SWVI (11) troll 158 460,,Samish_H,5016,0.20,Clear_Cr_H,5020,0.16,Soos_H,5020,0.14,Bear_Cr_SuFa,5020,0.13,George_Adams_H,5005,0.09
Area123SWVI (11) troll 158 461,,Soos_H,5020,0.81,Bear_Cr_SuFa,5020,0.06,Clear_Cr_H,5020,0.05,George_Adams_H,5005,0.04,Samish_H,5016,0.03
Area123SWVI (11) troll 158 462,,George_Adams_H,5005,0.70,Hamma_Hamma_R,5005,0.10,Soos_H,5020,0.06,Bear_Cr_SuFa,5020,0.06,Cedar_R_SuFa,5020,0.05
Area123SWVI (11) troll 158 463,,Washougal_R_Fa,5008,0.31,Lewis_R_Su,5008,0.24,Umpqua_H,5011,0.17,Humptulips_H,5028,0.12,Sandy_R,5008,0.05
Area123SWVI (11) troll 158 464,,George_Adams_H,5005,0.33,Samish_H,5016,0.27,Clear_Cr_H,5020,0.15,Soos_H,5020,0.08,NF_Skokomish_F,5005,0.06
Area123SWVI (11) troll 158 465,,George_Adams_H,5005,0.50,Clear_Cr_H,5020,0.32,Soos_H,5020,0.06,Bear_Cr_SuFa,5020,0.06,Hamma_Hamma_R,5005,0.04
Area123SWVI (11) troll 158 466,,Big_Cr_H_Col,5030,0.85,Abernathy_NFH_F,5008,0.11,Spring_Cr_col,5030,0.04,Green_R_Fa,5008,0.01,Abernathy_Cr_Fa,5008,0.00
Area123SWVI (11) troll 158 467,,Spring_Cr_col,5030,0.75,Abernathy_NFH_F,5008,0.19,Big_Cr_H_Col,5030,0.06,Abernathy_Cr_Fa,5008,0.00,Washougal_R_Fa,5008,0.00
Area123SWVI (11) troll 158 468,,George_Adams_H,5005,0.51,Clear_Cr_H,5020,0.20,Cedar_R_SuFa,5020,0.14,Skagit_R,5016,0.06,NF_Skokomish_F,5005,0.02
Area123SWVI (11) troll 158 469,,Skagit_R,5016,0.89,Soos_H,5020,0.07,Spring_Cr_col,5030,0.01,U_Sauk_R_SpSu,5016,0.01,Green_R_Fa,5008,0.00
Area123SWVI (11) troll 158 470,,Samish_H,5016,0.41,Hamma_Hamma_R,5005,0.28,Clear_Cr_H,5020,0.11,Cedar_R_SuFa,5020,0.09,Bear_Cr_SuFa,5020,0.05
Area123SWVI (11) troll 158 471,,McKenzie_H,5029,0.98,N_Santiam_H,5029,0.02,,,,,,,,,
Area123SWVI (11) troll 158 472,,Green_R_Fa,5008,0.85,Chilliwack_F,3,0.05,Skagit_R,5016,0.04,S_Coos_R,5011,0.02,Lewis_R_Su,5008,0.01
Area123SWVI (11) troll 158 473,,Chilliwack_F,3,0.53,Harrison,3,0.46,Chilliwac@Stav,3,0.00,Skagit_R,5016,0.00,U_Sauk_R_SpSu,5016,0.00
Area123SWVI (11) troll 158 474,,Samish_H,5016,0.38,Cedar_R_SuFa,5020,0.35,Hamma_Hamma_R,5005,0.13,Soos_H,5020,0.05,Washougal_R_Fa,5008,0.04
Area123SWVI (11) troll 158 475,,Soos_H,5020,0.31,Cedar_R_SuFa,5020,0.26,Clear_Cr_H,5020,0.17,George_Adams_H,5005,0.10,Hamma_Hamma_R,5005,0.08
Area123SWVI (11) troll 158 476,,Harrison,3,0.92,Chilliwack_F,3,0.07,Dungeness_R,5006,0.00,Samish_H,5016,0.00,Chilliwac@Stav,3,0.00
Area123SWVI (11) troll 158 477,,Spring_Cr_col,5030,0.55,Washougal_R_Fa,5008,0.16,Elochoman_R_Fa,5008,0.09,Cowlitz_H_fa,5008,0.07,Abernathy_NFH_F,5008,0.04
Area123SWVI (11) troll 158 478,,Washougal_R_Fa,5008,0.93,Cowlitz_H_fa,5008,0.06,Elochoman_R_Fa,5008,0.01,Green_R_Fa,5008,0.00,Cowlitz_H_sp,5009,0.00
Area123SWVI (11) troll 158 479,,Washougal_R_Fa,5008,0.79,Cowlitz_H_fa,5008,0.07,Lewis_R_Su,5008,0.06,Green_R_Fa,5008,0.02,Abernathy_NFH_F,5008,0.02
Area123SWVI (11) troll 158 480,,Abernathy_NFH_F,5008,0.66,Spring_Cr_col,5030,0.25,Big_Cr_H_Col,5030,0.06,Cowlitz_H_fa,5008,0.01,Elochoman_R_Fa,5008,0.01
Area123SWVI (11) troll 158 481,,Soos_H,5020,0.41,Hamma_Hamma_R,5005,0.25,Samish_H,5016,0.18,Clear_Cr_H,5020,0.11,Voights_H,5020,0.02
Area123SWVI (11) troll 158 482,,George_Adams_H,5005,0.42,Soos_H,5020,0.21,Cedar_R_SuFa,5020,0.19,Bear_Cr_SuFa,5020,0.06,Clear_Cr_H,5020,0.05
Area123SWVI (11) troll 158 483,,Cedar_R_SuFa,5020,0.42,Soos_H,5020,0.31,Samish_H,5016,0.16,Bear_Cr_SuFa,5020,0.05,Clear_Cr_H,5020,0.02
Area123SWVI (11) troll 158 484,,Lyons_Ferry_H,5021,0.37,Priest_Rapid_H,5026,0.28,Hanford_Reach,5026,0.16,Nez_PerceT_H,5021,0.12,Umatilla_H_Fa,5026,0.04
Area123SWVI (11) troll 158 485,,George_Adams_H,5005,0.45,Clear_Cr_H,5020,0.34,Hamma_Hamma_R,5005,0.13,NF_Skokomish_F,5005,0.03,Cedar_R_SuFa,5020,0.02
Area123SWVI (11) troll 158 486,,Green_R_Fa,5008,0.69,Cowlitz_H_fa,5008,0.08,Spring_Cr_col,5030,0.07,Abernathy_Cr_Fa,5008,0.05,Washougal_R_Fa,5008,0.05
Area123SWVI (11) troll 158 487,,Soos_H,5020,0.70,Clear_Cr_H,5020,0.14,Cedar_R_SuFa,5020,0.07,Bear_Cr_SuFa,5020,0.06,George_Adams_H,5005,0.02
Area123SWVI (11) troll 158 488,,Soos_H,5020,0.29,Bear_Cr_SuFa,5020,0.23,George_Adams_H,5005,0.22,Hamma_Hamma_R,5005,0.12,Cedar_R_SuFa,5020,0.12
Area123SWVI (11) troll 158 489,,Lyons_Ferry_H,5021,0.80,Nez_PerceT_H,5021,0.08,Hanford_Reach,5026,0.04,Priest_Rapid_H,5026,0.03,L_Wh_Sal_H_SF,5026,0.03
Area123SWVI (11) troll 158 490,,Skagit_R,5016,0.79,Hanford_Reach,5026,0.06,U_Sauk_R_SpSu,5016,0.03,Green_R_Fa,5008,0.03,Little_R,5,0.02
Area123SWVI (11) troll 158 491,,Coquille_R,5011,0.60,George_Adams_H,5005,0.29,Hamma_Hamma_R,5005,0.03,Clear_Cr_H,5020,0.02,S_Coos_R,5011,0.01
Area123SWVI (11) troll 158 492,,Clear_Cr_H,5020,0.42,Soos_H,5020,0.25,Bear_Cr_SuFa,5020,0.19,Cedar_R_SuFa,5020,0.04,Harrison,3,0.04
Area123SWVI (11) troll 158 493,,George_Adams_H,5005,0.74,Samish_H,5016,0.12,Hamma_Hamma_R,5005,0.06,Soos_H,5020,0.04,Clear_Cr_H,5020,0.03
Area123SWVI (11) troll 158 494,,Nez_PerceT_H,5021,0.47,Hanford_Reach,5026,0.23,Butte_Cr_f,5001,0.13,Priest_Rapid_H,5026,0.07,L_Deschutes_R,5004,0.04
Area123SWVI (11) troll 158 495,,Dungeness_R,5006,0.71,Sol_Duc_H,5028,0.15,U_Sauk_R_SpSu,5016,0.04,Chilliwack_F,3,0.02,Harrison,3,0.02
Area123SWVI (11) troll 158 496,,Spring_Cr_col,5030,0.91,Abernathy_NFH_F,5008,0.08,Big_Cr_H_Col,5030,0.00,,,,,,
Area123SWVI (11) troll 158 497,,Nez_PerceT_H,5021,0.48,Lyons_Ferry_H,5021,0.31,Hanford_Reach,5026,0.19,Priest_Rapid_H,5026,0.01,Umatilla_H_Fa,5026,0.00
Area123SWVI (11) troll 158 498,,George_Adams_H,5005,0.80,Soos_H,5020,0.10,Bear_Cr_SuFa,5020,0.03,Grovers_Cr_H,5020,0.02,Hamma_Hamma_R,5005,0.02
Area123SWVI (11) troll 158 499,,Spring_Cr_col,5030,1.00,,,,,,,,,,,,
Area123SWVI (11) troll 158 500,,Clear_Cr_H,5020,0.52,Dungeness_R,5006,0.34,Spring_Cr_col,5030,0.04,Harrison,3,0.03,Bear_Cr_SuFa,5020,0.02
Area123SWVI (11) troll 158 501,,Soos_H,5020,0.61,Samish_H,5016,0.29,Hamma_Hamma_R,5005,0.03,George_Adams_H,5005,0.02,Bear_Cr_SuFa,5020,0.02
Area123SWVI (11) troll 158 502,,Spring_Cr_col,5030,0.94,Abernathy_NFH_F,5008,0.04,Big_Cr_H_Col,5030,0.02,Cowlitz_H_fa,5008,0.00,Abernathy_Cr_Fa,5008,0.00
Area123SWVI (11) troll 158 503,,Green_R_Fa,5008,0.31,Washougal_R_Fa,5008,0.24,Cowlitz_H_fa,5008,0.23,Spring_Cr_col,5030,0.16,Abernathy_NFH_F,5008,0.03
Area123SWVI (11) troll 158 504,,Spring_Cr_col,5030,0.96,Elochoman_R_Fa,5008,0.01,Abernathy_NFH_F,5008,0.01,Lewis_R_Su,5008,0.01,Big_Cr_H_Col,5030,0.01
Area123SWVI (11) troll 158 505,,Chilliwack_F,3,0.87,Harrison,3,0.08,Chilliwac@Stav,3,0.05,Samish_H,5016,0.00,George_Adams_H,5005,0.00
Area123SWVI (11) troll 158 506,,Little_R,5,0.90,L_Thompson,5,0.03,South_Thom,5,0.03,George_Adams_H,5005,0.01,Clear_Cr_H,5020,0.01
Area123SWVI (11) troll 158 507,,Little_R,5,0.31,Hanford_Reach,5026,0.23,Priest_Rapid_H,5026,0.20,Methow_R,5026,0.14,Nez_PerceT_H,5021,0.06
Area123SWVI (11) troll 158 508,,Harrison,3,0.40,Soos_H,5020,0.11,Little_R,5,0.10,Methow_R,5026,0.09,Hanford_Reach,5026,0.07
Area123SWVI (11) troll 158 509,,Butte_Cr_f,5001,1.00,,,,,,,,,,,,
Area123SWVI (11) troll 158 510,,Little_R,5,0.97,South_Thom,5,0.01,L_Shuswap,5,0.01,M_Shuswap,5,0.00,L_Thompson,5,0.00
Area123SWVI (11) troll 158 511,,Umatilla_H_Fa,5026,0.65,Priest_Rapid_H,5026,0.25,Hanford_Reach,5026,0.06,Lyons_Ferry_H,5021,0.01,Priest_Rapids_H,5026,0.01
Area123SWVI (11) troll 158 512,,Bonaparte,6,0.93,Deadman,6,0.07,,,,,,,,,
Area123SWVI (11) troll 158 513,,Nez_PerceT_H,5021,0.89,L_Wh_Sal_H_SF,5026,0.08,Sandy_R,5008,0.01,Hanford_Reach,5026,0.01,Umatilla_H_Fa,5026,0.01
Area123SWVI (11) troll 158 514,,Nez_PerceT_H,5021,0.39,Priest_Rapid_H,5026,0.39,Hanford_Reach,5026,0.21,Priest_Rapids_H,5026,0.01,L_Deschutes_R,5004,0.01
Area123SWVI (11) troll 158 515,,Umatilla_H_Fa,5026,0.63,Hanford_Reach,5026,0.14,Lyons_Ferry_H,5021,0.14,Nez_PerceT_H,5021,0.04,L_Wh_Sal_H_SF,5026,0.02
Area123SWVI (11) troll 158 516,,Lyons_Ferry_H,5021,0.91,Nez_PerceT_H,5021,0.07,L_Wh_Sal_H_SF,5026,0.01,Hanford_Reach,5026,0.00,Washougal_R_Fa,5008,0.00
Area123SWVI (11) troll 158 517,,Chilliwack_F,3,0.59,Harrison,3,0.20,Samish_H,5016,0.06,Chilliwac@Stav,3,0.03,Hanford_Reach,5026,0.03
Area123SWVI (11) troll 158 518,,L_Wh_Sal_H_SF,5026,0.54,Abernathy_NFH_F,5008,0.14,Washougal_R_Fa,5008,0.11,Spring_Cr_col,5030,0.07,Nez_PerceT_H,5021,0.05
Area123SWVI (11) troll 158 519,,Skagit_R,5016,1.00,U_Sauk_R_SpSu,5016,0.00,S_Coos_R,5011,0.00,S_Umpqua_H,5011,0.00,,,
Area123SWVI (11) troll 158 520,,Little_R,5,0.88,Harrison,3,0.06,Hanford_Reach,5026,0.04,Methow_R,5026,0.01,Priest_Rapid_H,5026,0.00
Area123SWVI (11) troll 158 521,,Spring_Cr_col,5030,0.76,Abernathy_NFH_F,5008,0.22,Big_Cr_H_Col,5030,0.01,Washougal_R_Fa,5008,0.00,Abernathy_Cr_Fa,5008,0.00
Area123SWVI (11) troll 158 522,,L_Deschutes_R,5004,0.57,U_Deschutes_R,5004,0.38,Umatilla_H_Fa,5026,0.01,Umpqua_H,5011,0.01,Nez_PerceT_H,5021,0.01
Area123SWVI (11) troll 158 523,,Hanford_Reach,5026,0.95,L_Deschutes_R,5004,0.03,Priest_Rapid_H,5026,0.01,Samish_H,5016,0.00,Nez_PerceT_H,5021,0.00
Area123SWVI (11) troll 158 524,,Chilliwack_F,3,0.97,Harrison,3,0.03,Chilliwac@Stav,3,0.00,,,,,,
Area123SWVI (11) troll 158 525,,Green_R_Fa,5008,0.36,Washougal_R_Fa,5008,0.32,Sandy_R,5008,0.18,Lewis_R_Su,5008,0.07,Sol_Duc_H,5028,0.05
Area123SWVI (11) troll 158 526,,Hanford_Reach,5026,0.34,Priest_Rapid_H,5026,0.17,Methow_R,5026,0.09,Umatilla_H_Fa,5026,0.07,Lyons_Ferry_H,5021,0.06
Area123SWVI (11) troll 158 527,,Skagit_R,5016,0.50,U_Sauk_R_SpSu,5016,0.24,Samish_H,5016,0.11,NF_Skokomish_F,5005,0.04,Green_R_Fa,5008,0.02
Area123SWVI (11) troll 158 528,,Harrison,3,0.51,Chilliwack_F,3,0.46,Chilliwac@Stav,3,0.03,Samish_H,5016,0.00,Capilano,9,0.00
Area123SWVI (11) troll 158 529,,George_Adams_H,5005,0.47,Samish_H,5016,0.18,Hamma_Hamma_R,5005,0.16,Clear_Cr_H,5020,0.13,Soos_H,5020,0.05
Area123SWVI (11) troll 158 530,,George_Adams_H,5005,0.39,Cedar_R_SuFa,5020,0.28,Bear_Cr_SuFa,5020,0.09,Skagit_R,5016,0.08,Hamma_Hamma_R,5005,0.06
Area123SWVI (11) troll 158 531,,Samish_H,5016,0.89,Soos_H,5020,0.06,Hamma_Hamma_R,5005,0.02,George_Adams_H,5005,0.01,Cedar_R_SuFa,5020,0.01
Area123SWVI (11) troll 158 532,,Dungeness_R,5006,0.32,Umpqua_H,5011,0.20,George_Adams_H,5005,0.20,Samish_H,5016,0.06,Harrison,3,0.05
Area123SWVI (11) troll 158 533,,Abernathy_NFH_F,5008,0.39,Spring_Cr_col,5030,0.25,Washougal_R_Fa,5008,0.17,Lewis_R_Su,5008,0.12,Abernathy_Cr_Fa,5008,0.05
Area123SWVI (11) troll 158 534,,Cedar_R_SuFa,5020,0.40,Clear_Cr_H,5020,0.18,Bear_Cr_SuFa,5020,0.14,George_Adams_H,5005,0.14,Soos_H,5020,0.10
Area123SWVI (11) troll 158 535,,Chilliwack_F,3,0.96,Harrison,3,0.04,Chilliwac@Stav,3,0.01,Hamma_Hamma_R,5005,0.00,Clear_Cr_H,5020,0.00
Area123SWVI (11) troll 158 536,,Soos_H,5020,0.49,Samish_H,5016,0.42,Bear_Cr_SuFa,5020,0.05,Clear_Cr_H,5020,0.02,Cedar_R_SuFa,5020,0.02
Area123SWVI (11) troll 158 537,,McKenzie_H,5029,0.97,L_Wh_Sal_H_SF,5026,0.02,N_Santiam_H,5029,0.00,Umpqua_H,5011,0.00,Priest_Rapid_H,5026,0.00
Area123SWVI (11) troll 158 538,,Spring_Cr_col,5030,0.88,Abernathy_NFH_F,5008,0.08,Big_Cr_H_Col,5030,0.03,Green_R_Fa,5008,0.01,Washougal_R_Fa,5008,0.01
Area123SWVI (11) troll 158 539,,Washougal_R_Fa,5008,0.84,Green_R_Fa,5008,0.07,Abernathy_NFH_F,5008,0.05,Spring_Cr_col,5030,0.01,Lewis_R_Su,5008,0.01
Area123SWVI (11) troll 158 540,,Spring_Cr_col,5030,0.86,Abernathy_NFH_F,5008,0.09,Big_Cr_H_Col,5030,0.04,Washougal_R_Fa,5008,0.01,Green_R_Fa,5008,0.00
Area123SWVI (11) troll 158 541,,Samish_H,5016,0.39,Soos_H,5020,0.31,Cedar_R_SuFa,5020,0.18,Clear_Cr_H,5020,0.06,Bear_Cr_SuFa,5020,0.03
Area123SWVI (11) troll 158 542,,Spring_Cr_col,5030,0.97,Abernathy_NFH_F,5008,0.01,Chilliwack_F,3,0.01,Washougal_R_Fa,5008,0.01,Big_Cr_H_Col,5030,0.00
Area123SWVI (11) troll 158 543,,George_Adams_H,5005,0.77,Clear_Cr_H,5020,0.17,Hamma_Hamma_R,5005,0.01,Soos_H,5020,0.01,Harrison,3,0.01
Area123SWVI (11) troll 158 544,,Cowlitz_H_sp,5009,0.59,Lewis_R_Su,5008,0.09,Washougal_R_Fa,5008,0.08,Abernathy_Cr_Fa,5008,0.08,Big_Cr_H_Col,5030,0.08
Area123SWVI (11) troll 158 545,,Cedar_R_SuFa,5020,0.55,Clear_Cr_H,5020,0.28,Soos_H,5020,0.05,Bear_Cr_SuFa,5020,0.04,George_Adams_H,5005,0.04
Area123SWVI (11) troll 158 546,,Harrison,3,0.84,Chilliwack_F,3,0.15,Chilliwac@Stav,3,0.00,Skagit_R,5016,0.00,Cedar_R_SuFa,5020,0.00
Area123SWVI (11) troll 158 547,,George_Adams_H,5005,0.49,Cedar_R_SuFa,5020,0.20,Clear_Cr_H,5020,0.13,Hamma_Hamma_R,5005,0.07,Soos_H,5020,0.07
Area123SWVI (11) troll 158 548,,Hanford_Reach,5026,0.50,Umatilla_H_Fa,5026,0.21,Umatilla_H,5026,0.08,Nez_PerceT_H,5021,0.08,Priest_Rapid_H,5026,0.07
Area123SWVI (11) troll 158 549,,Samish_H,5016,0.86,Cedar_R_SuFa,5020,0.09,L_Skagit_R_Fa,5016,0.02,Soos_H,5020,0.02,Bear_Cr_SuFa,5020,0.00
Area123SWVI (11) troll 158 550,,George_Adams_H,5005,0.75,Hamma_Hamma_R,5005,0.23,NF_Skokomish_F,5005,0.01,Clear_Cr_H,5020,0.00,Cedar_R_SuFa,5020,0.00
Area123SWVI (11) troll 158 551,,Green_R_Fa,5008,0.37,Lewis_R_Su,5008,0.12,Washougal_R_Fa,5008,0.10,Spring_Cr_col,5030,0.10,Abernathy_NFH_F,5008,0.08
Area123SWVI (11) troll 158 552,,George_Adams_H,5005,0.53,Cedar_R_SuFa,5020,0.19,Soos_H,5020,0.17,Hamma_Hamma_R,5005,0.05,Bear_Cr_SuFa,5020,0.02
Area123SWVI (11) troll 158 553,,Spring_Cr_col,5030,0.95,Big_Cr_H_Col,5030,0.02,Abernathy_NFH_F,5008,0.02,,,,,,
Area123SWVI (11) troll 158 554,,Samish_H,5016,0.90,Soos_H,5020,0.06,Clear_Cr_H,5020,0.02,George_Adams_H,5005,0.01,Cedar_R_SuFa,5020,0.01
Area123SWVI (11) troll 158 555,,Soos_H,5020,0.69,George_Adams_H,5005,0.11,Bear_Cr_SuFa,5020,0.08,Samish_H,5016,0.05,Clear_Cr_H,5020,0.04
Area123SWVI (11) troll 158 556,,Cowlitz_H_sp,5009,1.00,Lewis_R_Su,5008,0.00,L_Wh_Sal_H_SF,5026,0.00,,,,,,
Area123SWVI (11) troll 158 557,,Harrison,3,0.63,Chilliwack_F,3,0.37,Chilliwac@Stav,3,0.00,,,,,,
Area123SWVI (11) troll 158 558,,Soos_H,5020,0.52,Clear_Cr_H,5020,0.18,Cedar_R_SuFa,5020,0.16,Bear_Cr_SuFa,5020,0.11,George_Adams_H,5005,0.02
Area123SWVI (11) troll 158 559,,Hanford_Reach,5026,0.33,Butte_Cr_f,5001,0.31,L_Deschutes_R,5004,0.16,Umatilla_H_Fa,5026,0.04,Priest_Rapid_H,5026,0.02
Area123SWVI (11) troll 158 560,,Harrison,3,0.54,Chilliwack_F,3,0.30,Umpqua_H,5011,0.12,Sol_Duc_H,5028,0.03,Spring_Cr_col,5030,0.01
Area123SWVI (11) troll 158 561,,Cowlitz_H_sp,5009,1.00,Cowlitz_H_fa,5008,0.00,Lewis_R_Su,5008,0.00,,,,,,
Area123SWVI (11) troll 216 1,,Washougal_R_Fa,5008,0.37,Green_R_Fa,5008,0.36,Lyons_Ferry_H,5021,0.12,U_Sauk_R_SpSu,5016,0.03,Skagit_R,5016,0.01
Area123SWVI (11) troll 216 10,,Washougal_R_Fa,5008,0.39,Cowlitz_H_fa,5008,0.28,Green_R_Fa,5008,0.11,Coweeman_R_Fa,5008,0.08,Abernathy_Cr_Fa,5008,0.06
Area123SWVI (11) troll 216 100,,Little_R,5,0.89,L_Thompson,5,0.06,South_Thom,5,0.03,Harrison,3,0.02,L_Adams,5,0.00
Area123SWVI (11) troll 216 101,,Harrison,3,0.99,Chilliwack_F,3,0.01,Christina,18,0.00,Nangeese_R,22,0.00,L_Skagit_R_Fa,5016,0.00
Area123SWVI (11) troll 216 102,,Little_R,5,0.88,L_Thompson,5,0.05,Umatilla_H_Fa,5026,0.02,Priest_Rapids_H,5026,0.02,South_Thom,5,0.01
Area123SWVI (11) troll 216 103,,Harrison,3,0.76,Chilliwack_F,3,0.09,Chilliwac@Stav,3,0.07,Humptulips_H,5028,0.03,Wilson_R,5015,0.01
Area123SWVI (11) troll 216 104,,Butte_Cr_f,5001,1.00,Feather_H_fa,5001,0.00,,,,,,,,,
Area123SWVI (11) troll 216 105,,Chilliwack_F,3,0.72,Harrison,3,0.20,Chilliwac@Stav,3,0.08,Little_R,5,0.00,Umpqua_H,5011,0.00
Area123SWVI (11) troll 216 106,,Chilliwack_F,3,0.93,Harrison,3,0.07,L_Skagit_R_Fa,5016,0.00,Little_R,5,0.00,,,
Area123SWVI (11) troll 216 107,,Umatilla_H_Fa,5026,0.30,Methow_R,5026,0.24,Little_R,5,0.13,Lyons_Ferry_H,5021,0.11,Nez_PerceT_H,5021,0.07
Area123SWVI (11) troll 216 108,,Little_R,5,0.91,L_Thompson,5,0.04,South_Thom,5,0.04,L_Adams,5,0.01,Priest_Rapid_H,5026,0.00
Area123SWVI (11) troll 216 109,,Spring_Cr_col,5030,0.98,Washougal_R_Fa,5008,0.01,Big_Cr_H_Col,5030,0.01,Abernathy_Cr_Fa,5008,0.00,Cowlitz_H_fa,5008,0.00
Area123SWVI (11) troll 216 11,,Spring_Cr_col,5030,0.70,Big_Cr_H_Col,5030,0.21,Abernathy_NFH_F,5008,0.05,Cowlitz_H_sp,5009,0.02,Abernathy_Cr_Fa,5008,0.01
Area123SWVI (11) troll 216 110,,Clear_Cr_H,5020,0.45,George_Adams_H,5005,0.20,Soos_H,5020,0.11,Cedar_R_SuFa,5020,0.10,Bear_Cr_SuFa,5020,0.09
Area123SWVI (11) troll 216 111,,Cowlitz_H_fa,5008,0.53,Green_R_Fa,5008,0.28,Washougal_R_Fa,5008,0.06,Abernathy_Cr_Fa,5008,0.05,Elochoman_R_Fa,5008,0.04
Area123SWVI (11) troll 216 112,,Chilliwack_F,3,0.86,Harrison,3,0.13,Hanford_Reach,5026,0.00,L_Wh_Sal_H_SF,5026,0.00,Abernathy_NFH_F,5008,0.00
Area123SWVI (11) troll 216 113,,George_Adams_H,5005,0.44,Dungeness_R,5006,0.25,Cedar_R_SuFa,5020,0.10,Little_R,5,0.08,Soos_H,5020,0.08
Area123SWVI (11) troll 216 114,,Soos_H,5020,0.17,Little_R,5,0.09,Forks_Cr_H,5028,0.08,Clear_Cr_H,5020,0.08,Cedar_R_SuFa,5020,0.07
Area123SWVI (11) troll 216 115,,Little_R,5,1.00,Priest_Rapid_H,5026,0.00,Hanford_Reach,5026,0.00,Umatilla_H_Fa,5026,0.00,L_Wh_Sal_H_SF,5026,0.00
Area123SWVI (11) troll 216 116,,Nez_PerceT_H,5021,0.32,Lyons_Ferry_H,5021,0.27,Umatilla_H_Fa,5026,0.21,Priest_Rapid_H,5026,0.14,Hanford_Reach,5026,0.02
Area123SWVI (11) troll 216 117,,Washougal_R_Fa,5008,0.41,Green_R_Fa,5008,0.32,Harrison,3,0.07,Coweeman_R_Fa,5008,0.07,Sandy_R,5008,0.04
Area123SWVI (11) troll 216 118,,Harrison,3,0.78,Chilliwack_F,3,0.22,Little_R,5,0.00,,,,,,
Area123SWVI (11) troll 216 119,,Umatilla_H_Fa,5026,0.72,Hanford_Reach,5026,0.25,Nez_PerceT_H,5021,0.02,L_Wh_Sal_H_SF,5026,0.00,U_Deschutes_R,5004,0.00
Area123SWVI (11) troll 216 12,,Samish_H,5016,0.79,Soos_H,5020,0.07,Hamma_Hamma_R,5005,0.05,Puntledge_F,7,0.02,Hanford_Reach,5026,0.01
Area123SWVI (11) troll 216 120,,Cowlitz_H_sp,5009,1.00,Green_R_Fa,5008,0.00,,,,,,,,,
Area123SWVI (11) troll 216 121,,Humptulips_H,5028,0.57,Forks_Cr_H,5028,0.40,Umpqua_H,5011,0.02,Hoh_R,5028,0.01,Elochoman_R_Fa,5008,0.00
Area123SWVI (11) troll 216 122,,Little_R,5,0.57,Methow_R,5026,0.33,Hanford_Reach,5026,0.08,Umatilla_H_Fa,5026,0.01,L_Wh_Sal_H_SF,5026,0.00
Area123SWVI (11) troll 216 123,,Nez_PerceT_H,5021,0.82,Lyons_Ferry_H,5021,0.05,Umatilla_H_Fa,5026,0.05,Priest_Rapid_H,5026,0.03,Priest_Rapids_H,5026,0.02
Area123SWVI (11) troll 216 124,Dupe with 703,Chilliwack_F,3,0.95,Harrison,3,0.05,,,,,,,,,
Area123SWVI (11) troll 216 125,,Hanford_Reach,5026,0.44,Methow_R,5026,0.42,L_Wh_Sal_H_SF,5026,0.06,Priest_Rapid_H,5026,0.05,Priest_Rapids_H,5026,0.01
Area123SWVI (11) troll 216 126,,Spring_Cr_col,5030,0.41,Big_Cr_H_Col,5030,0.24,Abernathy_NFH_F,5008,0.10,Cowlitz_H_fa,5008,0.07,Cowlitz_H_sp,5009,0.07
Area123SWVI (11) troll 216 127,,Clear_Cr_H,5020,0.70,Cedar_R_SuFa,5020,0.10,George_Adams_H,5005,0.10,Hamma_Hamma_R,5005,0.08,Samish_H,5016,0.01
Area123SWVI (11) troll 216 128,,Spring_Cr_col,5030,0.49,Abernathy_NFH_F,5008,0.35,Big_Cr_H_Col,5030,0.15,Washougal_R_Fa,5008,0.00,Elochoman_R_Fa,5008,0.00
Area123SWVI (11) troll 216 129,,Priest_Rapid_H,5026,0.48,Lyons_Ferry_H,5021,0.22,Umatilla_H_Fa,5026,0.21,Hanford_Reach,5026,0.06,Priest_Rapids_H,5026,0.02
Area123SWVI (11) troll 216 13,,Priest_Rapid_H,5026,0.61,Lyons_Ferry_H,5021,0.10,Nez_PerceT_H,5021,0.08,Hanford_Reach,5026,0.07,Priest_Rapids_H,5026,0.04
Area123SWVI (11) troll 216 130,,Spring_Cr_col,5030,0.89,Big_Cr_H_Col,5030,0.07,Abernathy_NFH_F,5008,0.04,Elochoman_H,5030,0.00,Green_R_Fa,5008,0.00
Area123SWVI (11) troll 216 131,,Big_Cr_H_Col,5030,0.90,Abernathy_NFH_F,5008,0.05,Spring_Cr_col,5030,0.04,,,,,,
Area123SWVI (11) troll 216 132,,Spring_Cr_col,5030,1.00,Abernathy_NFH_F,5008,0.00,Big_Cr_H_Col,5030,0.00,,,,,,
Area123SWVI (11) troll 216 133,,Lewis_R_Su,5008,0.68,Cowlitz_H_sp,5009,0.22,Cowlitz_H_fa,5008,0.05,Spring_Cr_col,5030,0.04,Green_R_Fa,5008,0.01
Area123SWVI (11) troll 216 134,,George_Adams_H,5005,0.74,Hamma_Hamma_R,5005,0.19,Soos_H,5020,0.03,Clear_Cr_H,5020,0.03,Cedar_R_SuFa,5020,0.00
Area123SWVI (11) troll 216 135,,Umatilla_H_Fa,5026,0.44,Priest_Rapid_H,5026,0.25,Hanford_Reach,5026,0.16,Priest_Rapids_H,5026,0.08,Nez_PerceT_H,5021,0.04
Area123SWVI (11) troll 216 136,,Nez_PerceT_H,5021,0.87,Lyons_Ferry_H,5021,0.09,Hanford_Reach,5026,0.02,Umatilla_H_Fa,5026,0.01,Priest_Rapid_H,5026,0.00
Area123SWVI (11) troll 216 137,,Samish_H,5016,0.45,Hamma_Hamma_R,5005,0.21,George_Adams_H,5005,0.15,Soos_H,5020,0.07,Bear_Cr_SuFa,5020,0.05
Area123SWVI (11) troll 216 138,,Samish_H,5016,0.99,Clear_Cr_H,5020,0.00,Soos_H,5020,0.00,Cedar_R_SuFa,5020,0.00,George_Adams_H,5005,0.00
Area123SWVI (11) troll 216 139,,Wilson_R,5015,0.47,Skagit_R,5016,0.31,U_Sauk_R_SpSu,5016,0.18,Harrison,3,0.01,Forks_Cr_H,5028,0.01
Area123SWVI (11) troll 216 14,,Chilliwack_F,3,0.84,Harrison,3,0.16,Chilliwac@Stav,3,0.00,Umpqua_H,5011,0.00,Shakes_Cr,18,0.00
Area123SWVI (11) troll 216 140,,Abernathy_NFH_F,5008,0.38,Green_R_Fa,5008,0.22,Washougal_R_Fa,5008,0.16,Spring_Cr_col,5030,0.14,Big_Cr_H_Col,5030,0.05
Area123SWVI (11) troll 216 141,,McKenzie_H,5029,0.95,N_Santiam_H,5029,0.02,Umpqua_H,5011,0.01,Hanford_Reach,5026,0.01,Nez_PerceT_H,5021,0.00
Area123SWVI (11) troll 216 142,,Spring_Cr_col,5030,1.00,Washougal_R_Fa,5008,0.00,,,,,,,,,
Area123SWVI (11) troll 216 143,,Chilliwack_F,3,0.78,Harrison,3,0.20,Chilliwac@Stav,3,0.02,Abernathy_Cr_Fa,5008,0.00,,,
Area123SWVI (11) troll 216 144,,Harrison,3,0.83,Chilliwack_F,3,0.16,Andrew_CryH,5024,0.00,Skagit_R,5016,0.00,Kitimat,10,0.00
Area123SWVI (11) troll 216 145,,Harrison,3,0.79,Chilliwack_F,3,0.21,Chilliwac@Stav,3,0.00,Little_R,5,0.00,,,
Area123SWVI (11) troll 216 146,,Washougal_R_Fa,5008,0.38,Abernathy_NFH_F,5008,0.30,Green_R_Fa,5008,0.11,Spring_Cr_col,5030,0.09,Cowlitz_H_fa,5008,0.05
Area123SWVI (11) troll 216 147,,Harrison,3,0.57,Chilliwack_F,3,0.43,Chilliwac@Stav,3,0.00,,,,,,
Area123SWVI (11) troll 216 148,,Harrison,3,0.97,Little_R,5,0.01,Chilliwack_F,3,0.00,Soos_H,5020,0.00,L_Thompson,5,0.00
Area123SWVI (11) troll 216 149,,Feather_H_fa,5001,0.78,Hanford_Reach,5026,0.10,Feather_H_sp,5002,0.07,Priest_Rapids_H,5026,0.05,Priest_Rapid_H,5026,0.00
Area123SWVI (11) troll 216 15,,Cedar_R_SuFa,5020,0.38,Samish_H,5016,0.31,Soos_H,5020,0.22,Bear_Cr_SuFa,5020,0.08,Voights_H,5020,0.01
Area123SWVI (11) troll 216 150,,Little_R,5,0.98,Harrison,3,0.01,Hanford_Reach,5026,0.00,Methow_R,5026,0.00,Chilliwack_F,3,0.00
Area123SWVI (11) troll 216 151,,Abernathy_NFH_F,5008,0.54,Lewis_R_Su,5008,0.20,Cowlitz_H_fa,5008,0.09,Washougal_R_Fa,5008,0.05,Coquille_R,5011,0.02
Area123SWVI (11) troll 216 152,,Harrison,3,0.89,Chilliwack_F,3,0.10,Chilliwac@Stav,3,0.01,L_Skagit_R_Fa,5016,0.00,U_Sauk_R_SpSu,5016,0.00
Area123SWVI (11) troll 216 153,,Priest_Rapid_H,5026,0.36,Methow_R,5026,0.19,Skagit_R,5016,0.17,Hanford_Reach,5026,0.09,Umatilla_H_Fa,5026,0.05
Area123SWVI (11) troll 216 154,,Soos_H,5020,0.51,Clear_Cr_H,5020,0.28,U_Sauk_R_SpSu,5016,0.12,L_Skagit_R_Fa,5016,0.04,Skagit_R,5016,0.03
Area123SWVI (11) troll 216 155,,Chilliwack_F,3,0.98,Harrison,3,0.02,Chilliwac@Stav,3,0.00,L_Thompson,5,0.00,,,
Area123SWVI (11) troll 216 156,,Little_R,5,0.92,South_Thom,5,0.05,L_Thompson,5,0.04,Harrison,3,0.00,L_Adams,5,0.00
Area123SWVI (11) troll 216 157,,Puntledge_F,7,0.74,L_Qualicum,7,0.15,Big_Qualicum,7,0.06,Puntledge_BackX,7,0.05,Harrison,3,0.01
Area123SWVI (11) troll 216 158,,Little_R,5,1.00,L_Shuswap,5,0.00,South_Thom,5,0.00,L_Thompson,5,0.00,,,
Area123SWVI (11) troll 216 159,,Washougal_R_Fa,5008,0.21,Abernathy_NFH_F,5008,0.18,Cowlitz_H_sp,5009,0.16,Lewis_R_Su,5008,0.10,Green_R_Fa,5008,0.10
Area123SWVI (11) troll 216 16,,Samish_H,5016,0.74,George_Adams_H,5005,0.17,Puntledge_F,7,0.05,Soos_H,5020,0.02,Cedar_R_SuFa,5020,0.01
Area123SWVI (11) troll 216 160,,Harrison,3,0.70,Chilliwack_F,3,0.23,Dungeness_R,5006,0.04,Chilliwac@Stav,3,0.02,Big_Qualicum,7,0.00
Area123SWVI (11) troll 216 161,,Chilliwack_F,3,0.62,Harrison,3,0.37,Samish_H,5016,0.00,U_Sauk_R_SpSu,5016,0.00,Puntledge_F,7,0.00
Area123SWVI (11) troll 216 162,,Hanford_Reach,5026,0.54,Nez_PerceT_H,5021,0.20,Umatilla_H_Fa,5026,0.16,Priest_Rapids_H,5026,0.08,Lyons_Ferry_H,5021,0.01
Area123SWVI (11) troll 216 163,Dupe with 726,NF_Nooksack_H,5016,1.00,,,,,,,,,,,,
Area123SWVI (11) troll 216 164,,Forks_Cr_H,5028,0.75,Humptulips_H,5028,0.18,Sandy_R,5008,0.04,Lewis_R_Su,5008,0.01,Phillips,9,0.01
Area123SWVI (11) troll 216 165,,Little_R,5,1.00,South_Thom,5,0.00,L_Thompson,5,0.00,Umatilla_H_Fa,5026,0.00,Umpqua_H,5011,0.00
Area123SWVI (11) troll 216 166,,Samish_H,5016,0.59,Cedar_R_SuFa,5020,0.19,George_Adams_H,5005,0.10,NF_Skokomish_F,5005,0.08,Hamma_Hamma_R,5005,0.02
Area123SWVI (11) troll 216 167,,Nez_PerceT_H,5021,0.35,Hanford_Reach,5026,0.25,Priest_Rapid_H,5026,0.13,Priest_Rapids_H,5026,0.12,Lyons_Ferry_H,5021,0.09
Area123SWVI (11) troll 216 168,,Little_R,5,1.00,South_Thom,5,0.00,Priest_Rapid_H,5026,0.00,Methow_R,5026,0.00,,,
Area123SWVI (11) troll 216 169,,Little_R,5,0.98,South_Thom,5,0.02,L_Thompson,5,0.00,Tatsamenie,17,0.00,U_Cariboo,2,0.00
Area123SWVI (11) troll 216 17,,Samish_H,5016,0.74,Cedar_R_SuFa,5020,0.14,Soos_H,5020,0.05,Bear_Cr_SuFa,5020,0.03,Clear_Cr_H,5020,0.03
Area123SWVI (11) troll 216 170,,Umpqua_H,5011,0.43,Forks_Cr_H,5028,0.18,Clear_Cr_H,5020,0.12,Harrison,3,0.04,George_Adams_H,5005,0.04
Area123SWVI (11) troll 216 171,,Samish_H,5016,0.79,George_Adams_H,5005,0.13,Cedar_R_SuFa,5020,0.02,Clear_Cr_H,5020,0.02,Soos_H,5020,0.01
Area123SWVI (11) troll 216 172,,Little_R,5,0.90,South_Thom,5,0.08,Bessette,5,0.01,L_Shuswap,5,0.00,L_Thompson,5,0.00
Area123SWVI (11) troll 216 173,,Harrison,3,0.61,U_Sauk_R_SpSu,5016,0.30,Wilson_R,5015,0.02,Cedar_R_SuFa,5020,0.01,Coquille_R,5011,0.01
Area123SWVI (11) troll 216 174,,Lyons_Ferry_H,5021,0.39,Washougal_R_Fa,5008,0.24,L_Wh_Sal_H_SF,5026,0.12,Abernathy_Cr_Fa,5008,0.06,Lewis_R_Su,5008,0.05
Area123SWVI (11) troll 216 175,,S_Coos_R,5011,0.65,S_Umpqua_H,5011,0.22,Wilson_R,5015,0.10,Coquille_R,5011,0.02,Sixes_R,5011,0.00
Area123SWVI (11) troll 216 176,,Washougal_R_Fa,5008,0.79,Sandy_R,5008,0.18,Lewis_R_Su,5008,0.01,Cowlitz_H_fa,5008,0.01,Green_R_Fa,5008,0.00
Area123SWVI (11) troll 216 177,,Little_R,5,0.99,L_Shuswap,5,0.01,M_Shuswap,5,0.00,L_Thompson,5,0.00,South_Thom,5,0.00
Area123SWVI (11) troll 216 178,,Washougal_R_Fa,5008,0.58,Sandy_R,5008,0.23,Elochoman_R_Fa,5008,0.10,Green_R_Fa,5008,0.05,Lewis_R_Su,5008,0.02
Area123SWVI (11) troll 216 179,,Chilliwack_F,3,0.87,Harrison,3,0.13,U_Deschutes_R,5004,0.00,Cheakamus,9,0.00,L_Wh_Sal_H_SF,5026,0.00
Area123SWVI (11) troll 216 18,,Cowlitz_H_fa,5008,0.60,Abernathy_NFH_F,5008,0.18,Cowlitz_H_sp,5009,0.08,Abernathy_Cr_Fa,5008,0.06,Washougal_R_Fa,5008,0.03
Area123SWVI (11) troll 216 180,,Harrison,3,0.98,Chilliwack_F,3,0.02,Kitsumkalum_R,23,0.00,Abernathy_Cr_Fa,5008,0.00,Green_R_Fa,5008,0.00
Area123SWVI (11) troll 216 181,,Little_R,5,0.97,L_Thompson,5,0.02,South_Thom,5,0.00,Harrison,3,0.00,Bonaparte,6,0.00
Area123SWVI (11) troll 216 182,,Chilliwack_F,3,0.74,George_Adams_H,5005,0.11,Harrison,3,0.09,Bear_Cr_SuFa,5020,0.01,Cedar_R_SuFa,5020,0.01
Area123SWVI (11) troll 216 183,Dupe with 658,Chilliwack_F,3,0.87,Harrison,3,0.13,Chilliwac@Stav,3,0.00,,,,,,
Area123SWVI (11) troll 216 184,,Wilson_R,5015,0.91,S_Coos_R,5011,0.05,Kilchis_R,5015,0.02,Coquille_R,5011,0.01,Elk_H,5011,0.00
Area123SWVI (11) troll 216 185,Dupe with 656,Chilliwack_F,3,0.86,Harrison,3,0.14,Chilliwac@Stav,3,0.00,,,,,,
Area123SWVI (11) troll 216 186,,Umatilla_H_Fa,5026,0.42,Hanford_Reach,5026,0.28,Priest_Rapids_H,5026,0.16,Nez_PerceT_H,5021,0.05,Lyons_Ferry_H,5021,0.04
Area123SWVI (11) troll 216 187,,Chilliwack_F,3,0.99,Harrison,3,0.01,Chilliwac@Stav,3,0.00,,,,,,
Area123SWVI (11) troll 216 188,,Wilson_R,5015,0.93,S_Coos_R,5011,0.03,Kilchis_R,5015,0.02,Trask_R,5015,0.01,Coquille_R,5011,0.00
Area123SWVI (11) troll 216 189,,Little_R,5,1.00,L_Adams,5,0.00,South_Thom,5,0.00,L_Thompson,5,0.00,,,
Area123SWVI (11) troll 216 19,,Washougal_R_Fa,5008,0.82,Green_R_Fa,5008,0.15,Cowlitz_H_fa,5008,0.02,Elochoman_R_Fa,5008,0.01,Lewis_R_Su,5008,0.00
Area123SWVI (11) troll 216 190,,Little_R,5,0.91,L_Thompson,5,0.05,South_Thom,5,0.03,Green_R_Fa,5008,0.00,Hanford_Reach,5026,0.00
Area123SWVI (11) troll 216 191,,Little_R,5,1.00,Harrison,3,0.00,South_Thom,5,0.00,L_Thompson,5,0.00,,,
Area123SWVI (11) troll 216 192,,Humptulips_H,5028,0.52,S_Umpqua_H,5011,0.19,Wilson_R,5015,0.08,Umpqua_H,5011,0.07,Forks_Cr_H,5028,0.04
Area123SWVI (11) troll 216 193,,Chilliwack_F,3,0.98,Harrison,3,0.02,NF_Nooksack_H,5016,0.00,Clear_Cr_H,5020,0.00,Samish_H,5016,0.00
Area123SWVI (11) troll 216 194,,Wilson_R,5015,0.55,Coquille_R,5011,0.28,Hoh_R,5028,0.11,S_Coos_R,5011,0.04,Kilchis_R,5015,0.01
Area123SWVI (11) troll 216 195,,Harrison,3,0.81,Chilliwack_F,3,0.12,Chilliwac@Stav,3,0.02,Priest_Rapid_H,5026,0.01,Forks_Cr_H,5028,0.01
Area123SWVI (11) troll 216 196,,Washougal_R_Fa,5008,0.95,Sandy_R,5008,0.02,Green_R_Fa,5008,0.01,Coweeman_R_Fa,5008,0.01,Cowlitz_H_fa,5008,0.01
Area123SWVI (11) troll 216 197,,Little_R,5,0.99,South_Thom,5,0.01,,,,,,,,,
Area123SWVI (11) troll 216 198,,Skagit_R,5016,0.40,NF_Nooksack_H,5016,0.21,S_Coos_R,5011,0.17,Umpqua_H,5011,0.07,Coquille_R,5011,0.06
Area123SWVI (11) troll 216 199,,Chilliwack_F,3,1.00,Harrison,3,0.00,Chilliwac@Stav,3,0.00,,,,,,
Area123SWVI (11) troll 216 2,Dupe with 504,Umatilla_H_Fa,5026,0.73,Hanford_Reach,5026,0.24,Umatilla_H,5026,0.01,L_Wh_Sal_H_SF,5026,0.01,Priest_Rapids_H,5026,0.01
Area123SWVI (11) troll 216 20,,Lyons_Ferry_H,5021,0.30,Hanford_Reach,5026,0.18,Soos_H,5020,0.09,Samish_H,5016,0.07,Bear_Cr_SuFa,5020,0.06
Area123SWVI (11) troll 216 200,,Chilliwack_F,3,0.84,Harrison,3,0.15,Chilliwac@Stav,3,0.00,Capilano,9,0.00,L_Cariboo,2,0.00
Area123SWVI (11) troll 216 201,,Chilliwack_F,3,0.93,Harrison,3,0.06,Chilliwac@Stav,3,0.00,Samish_H,5016,0.00,,,
Area123SWVI (11) troll 216 202,,Chilliwack_F,3,1.00,Harrison,3,0.00,,,,,,,,,
Area123SWVI (11) troll 216 203,,Chilliwack_F,3,0.93,Harrison,3,0.07,Chilliwac@Stav,3,0.00,,,,,,
Area123SWVI (11) troll 216 204,,Hanford_Reach,5026,0.27,Priest_Rapid_H,5026,0.22,Nez_PerceT_H,5021,0.12,Lyons_Ferry_H,5021,0.10,Methow_R,5026,0.07
Area123SWVI (11) troll 216 205,,Coquille_R,5011,0.57,S_Coos_R,5011,0.35,S_Umpqua_H,5011,0.07,Coos_H,5011,0.00,Umpqua_H,5011,0.00
Area123SWVI (11) troll 216 206,,Lewis_R_Su,5008,0.93,Washougal_R_Fa,5008,0.03,Cowlitz_H_fa,5008,0.02,Sandy_R,5008,0.02,Lewis_R_f,5008,0.00
Area123SWVI (11) troll 216 207,,Harrison,3,1.00,Chilliwack_F,3,0.00,,,,,,,,,
Area123SWVI (11) troll 216 208,,Chilliwack_F,3,0.74,Harrison,3,0.26,Chilliwac@Stav,3,0.00,Little_R,5,0.00,Cedar_R_SuFa,5020,0.00
Area123SWVI (11) troll 216 209,,Skagit_R,5016,0.48,Harrison,3,0.23,U_Sauk_R_SpSu,5016,0.23,Chilliwack_F,3,0.02,Cripple_Cr,5023,0.01
Area123SWVI (11) troll 216 21,,Chilliwack_F,3,0.84,Harrison,3,0.16,Chilliwac@Stav,3,0.00,,,,,,
Area123SWVI (11) troll 216 210,,S_Coos_R,5011,0.69,Wilson_R,5015,0.17,Coquille_R,5011,0.09,Hoh_R,5028,0.02,Washougal_R_Fa,5008,0.01
Area123SWVI (11) troll 216 211,,Nez_PerceT_H,5021,0.39,Priest_Rapid_H,5026,0.30,L_Deschutes_R,5004,0.26,Lyons_Ferry_H,5021,0.02,Hanford_Reach,5026,0.02
Area123SWVI (11) troll 216 212,,Harrison,3,0.57,Chilliwack_F,3,0.41,Dungeness_R,5006,0.01,Lyons_Ferry_H,5021,0.00,Little_R,5,0.00
Area123SWVI (11) troll 216 213,,Washougal_R_Fa,5008,0.50,Elochoman_R_Fa,5008,0.16,Abernathy_NFH_F,5008,0.13,Lewis_R_Su,5008,0.11,Big_Cr_H_Col,5030,0.07
Area123SWVI (11) troll 216 214,,Lewis_R_Su,5008,0.82,Washougal_R_Fa,5008,0.13,Sandy_R,5008,0.03,Abernathy_Cr_Fa,5008,0.01,Green_R_Fa,5008,0.01
Area123SWVI (11) troll 216 215,,George_Adams_H,5005,0.84,Hamma_Hamma_R,5005,0.10,NF_Skokomish_F,5005,0.02,Soos_H,5020,0.01,Bear_Cr_SuFa,5020,0.01
Area123SWVI (11) troll 216 216,,Wilson_R,5015,0.92,S_Coos_R,5011,0.05,Kilchis_R,5015,0.02,Trask_R,5015,0.01,Forks_Cr_H,5028,0.00
Area123SWVI (11) troll 216 217,,Chilliwack_F,3,0.96,Harrison,3,0.04,Chilliwac@Stav,3,0.00,,,,,,
Area123SWVI (11) troll 216 218,,Hanford_Reach,5026,0.40,Priest_Rapid_H,5026,0.39,Priest_Rapids_H,5026,0.15,Umatilla_H_Fa,5026,0.03,Methow_R,5026,0.02
Area123SWVI (11) troll 216 219,,Harrison,3,0.93,Chilliwack_F,3,0.07,Chilliwac@Stav,3,0.00,,,,,,
Area123SWVI (11) troll 216 22,,Umpqua_H,5011,0.47,Elochoman_R_Fa,5008,0.33,Washougal_R_Fa,5008,0.08,S_Umpqua_H,5011,0.06,Little_R,5,0.03
Area123SWVI (11) troll 216 220,,Chilliwack_F,3,0.67,Skagit_R,5016,0.20,Harrison,3,0.12,S_Coos_R,5011,0.00,U_Skagit_R,5016,0.00
Area123SWVI (11) troll 216 221,,Harrison,3,0.84,Chilliwack_F,3,0.16,S_Umpqua_H,5011,0.00,Soos_H,5020,0.00,Clear_Cr_H,5020,0.00
Area123SWVI (11) troll 216 222,,Forks_Cr_H,5028,1.00,Humptulips_H,5028,0.00,,,,,,,,,
Area123SWVI (11) troll 216 223,,Cowlitz_H_fa,5008,0.49,Lewis_R_Su,5008,0.34,Green_R_Fa,5008,0.14,Priest_Rapid_H,5026,0.00,Umatilla_H_Fa,5026,0.00
Area123SWVI (11) troll 216 224,,Umatilla_H_Fa,5026,0.45,Priest_Rapid_H,5026,0.20,Lyons_Ferry_H,5021,0.17,Hanford_Reach,5026,0.12,L_Wh_Sal_H_SF,5026,0.02
Area123SWVI (11) troll 216 225,,Big_Cr_H_Col,5030,0.72,Abernathy_NFH_F,5008,0.16,Spring_Cr_col,5030,0.06,Green_R_Fa,5008,0.03,Elochoman_R_Fa,5008,0.02
Area123SWVI (11) troll 216 226,,Abernathy_NFH_F,5008,0.46,Cowlitz_H_fa,5008,0.23,Spring_Cr_col,5030,0.14,Washougal_R_Fa,5008,0.14,Big_Cr_H_Col,5030,0.01
Area123SWVI (11) troll 216 227,,Spring_Cr_col,5030,1.00,Washougal_R_Fa,5008,0.00,Abernathy_NFH_F,5008,0.00,,,,,,
Area123SWVI (11) troll 216 228,,Soos_H,5020,0.72,Samish_H,5016,0.20,Bear_Cr_SuFa,5020,0.02,Hamma_Hamma_R,5005,0.02,Puntledge_F,7,0.01
Area123SWVI (11) troll 216 229,,George_Adams_H,5005,0.82,Hamma_Hamma_R,5005,0.13,Grovers_Cr_H,5020,0.03,Clear_Cr_H,5020,0.01,Soos_H,5020,0.00
Area123SWVI (11) troll 216 23,,Samish_H,5016,0.61,Cedar_R_SuFa,5020,0.30,Hamma_Hamma_R,5005,0.03,Soos_H,5020,0.03,Bear_Cr_SuFa,5020,0.01
Area123SWVI (11) troll 216 230,Dupe with 597,Chilliwack_F,3,0.96,Harrison,3,0.04,Chilliwac@Stav,3,0.00,,,,,,
Area123SWVI (11) troll 216 231,,Cedar_R_SuFa,5020,0.47,Soos_H,5020,0.26,Bear_Cr_SuFa,5020,0.16,Harrison,3,0.03,Hanford_Reach,5026,0.02
Area123SWVI (11) troll 216 232,,Abernathy_NFH_F,5008,0.49,Spring_Cr_col,5030,0.33,Big_Cr_H_Col,5030,0.18,Green_R_Fa,5008,0.00,Washougal_R_Fa,5008,0.00
Area123SWVI (11) troll 216 233,,Forks_Cr_H,5028,0.57,Humptulips_H,5028,0.43,,,,,,,,,
Area123SWVI (11) troll 216 234,,Harrison,3,0.63,Puntledge_F,7,0.23,Chilliwac@Stav,3,0.03,Umpqua_H,5011,0.02,Umatilla_H_Fa,5026,0.02
Area123SWVI (11) troll 216 235,,Lyons_Ferry_H,5021,0.70,Hanford_Reach,5026,0.17,Methow_R,5026,0.05,Priest_Rapids_H,5026,0.04,Priest_Rapid_H,5026,0.02
Area123SWVI (11) troll 216 236,,S_Coos_R,5011,0.69,Coquille_R,5011,0.29,Skagit_R,5016,0.01,S_Umpqua_H,5011,0.00,Umpqua_H,5011,0.00
Area123SWVI (11) troll 216 237,,Hanford_Reach,5026,0.59,Lyons_Ferry_H,5021,0.26,L_Wh_Sal_H_SF,5026,0.05,Nez_PerceT_H,5021,0.05,Umatilla_H,5026,0.03
Area123SWVI (11) troll 216 238,,Hanford_Reach,5026,0.49,Priest_Rapid_H,5026,0.30,Methow_R,5026,0.09,Umatilla_H_Fa,5026,0.06,Priest_Rapids_H,5026,0.02
Area123SWVI (11) troll 216 239,,L_Wh_Sal_H_SF,5026,0.51,Hanford_Reach,5026,0.34,U_Deschutes_R,5004,0.12,Priest_Rapid_H,5026,0.02,Lyons_Ferry_H,5021,0.01
Area123SWVI (11) troll 216 24,,George_Adams_H,5005,0.64,Clear_Cr_H,5020,0.17,Hamma_Hamma_R,5005,0.08,Cedar_R_SuFa,5020,0.08,Samish_H,5016,0.01
Area123SWVI (11) troll 216 240,,Harrison,3,0.93,Chilliwack_F,3,0.07,Chilliwac@Stav,3,0.00,Bonaparte,6,0.00,Little_R,5,0.00
Area123SWVI (11) troll 216 241,,Lewis_R_Su,5008,0.90,Cowlitz_H_sp,5009,0.05,Abernathy_NFH_F,5008,0.02,Washougal_R_Fa,5008,0.01,Big_Cr_H_Col,5030,0.01
Area123SWVI (11) troll 216 242,,Chilliwack_F,3,0.54,Harrison,3,0.46,Chilliwac@Stav,3,0.00,Skagit_R,5016,0.00,Hamma_Hamma_R,5005,0.00
Area123SWVI (11) troll 216 243,,Little_R,5,0.95,South_Thom,5,0.04,L_Thompson,5,0.01,U_Sauk_R_SpSu,5016,0.00,L_Wh_Sal_H_SF,5026,0.00
Area123SWVI (11) troll 216 244,,Wilson_R,5015,0.91,S_Coos_R,5011,0.04,Coquille_R,5011,0.03,Alsea_R,5015,0.01,Salmon_R_f,5015,0.00
Area123SWVI (11) troll 216 245,,Humptulips_H,5028,0.40,Forks_Cr_H,5028,0.31,S_Coos_R,5011,0.08,Cowlitz_H_fa,5008,0.03,Umpqua_H,5011,0.03
Area123SWVI (11) troll 216 246,,Chilliwack_F,3,0.82,Harrison,3,0.18,,,,,,,,,
Area123SWVI (11) troll 216 247,,Umpqua_H,5011,0.50,Elochoman_R_Fa,5008,0.11,Abernathy_Cr_Fa,5008,0.10,U_Deschutes_R,5004,0.10,Cowlitz_H_fa,5008,0.06
Area123SWVI (11) troll 216 248,,Little_R,5,0.95,Umpqua_H,5011,0.01,Lewis_R_Su,5008,0.01,L_Thompson,5,0.01,South_Thom,5,0.01
Area123SWVI (11) troll 216 249,,Harrison,3,0.99,Chilliwack_F,3,0.01,,,,,,,,,
Area123SWVI (11) troll 216 25,,Harrison,3,0.88,Chilliwack_F,3,0.09,Horsefly,2,0.01,Skagit_R,5016,0.00,Keta_R,5023,0.00
Area123SWVI (11) troll 216 250,,Harrison,3,0.64,Chilliwack_F,3,0.31,Big_Qualicum,7,0.01,Abernathy_Cr_Fa,5008,0.01,Little_R,5,0.01
Area123SWVI (11) troll 216 251,,Washougal_R_Fa,5008,0.74,Cowlitz_H_fa,5008,0.24,Lewis_R_Su,5008,0.02,Sandy_R,5008,0.00,Abernathy_Cr_Fa,5008,0.00
Area123SWVI (11) troll 216 252,,Hanford_Reach,5026,0.90,Methow_R,5026,0.07,Lyons_Ferry_H,5021,0.02,Priest_Rapid_H,5026,0.01,Nez_PerceT_H,5021,0.00
Area123SWVI (11) troll 216 253,Dupe with 636,NF_Nooksack_H,5016,1.00,,,,,,,,,,,,
Area123SWVI (11) troll 216 254,,Hanford_Reach,5026,0.68,Priest_Rapid_H,5026,0.10,Nez_PerceT_H,5021,0.08,Umatilla_H_Fa,5026,0.05,Priest_Rapids_H,5026,0.05
Area123SWVI (11) troll 216 255,,Little_R,5,1.00,South_Thom,5,0.00,L_Thompson,5,0.00,L_Adams,5,0.00,,,
Area123SWVI (11) troll 216 256,,Coquille_R,5011,0.53,S_Coos_R,5011,0.24,S_Umpqua_H,5011,0.18,Lyons_Ferry_H,5021,0.04,Wilson_R,5015,0.01
Area123SWVI (11) troll 216 257,,Little_R,5,0.98,Holmes,1,0.01,South_Thom,5,0.00,Umpqua_H,5011,0.00,L_Thompson,5,0.00
Area123SWVI (11) troll 216 258,,Chilliwack_F,3,0.80,Harrison,3,0.17,Chilliwac@Stav,3,0.02,Cedar_R_SuFa,5020,0.00,Bear_Cr_SuFa,5020,0.00
Area123SWVI (11) troll 216 259,,Nez_PerceT_H,5021,0.43,Lyons_Ferry_H,5021,0.16,Hanford_Reach,5026,0.14,Harrison,3,0.13,Priest_Rapid_H,5026,0.12
Area123SWVI (11) troll 216 26,,Harrison,3,0.98,Skagit_R,5016,0.01,U_Sauk_R_SpSu,5016,0.01,Chilliwack_F,3,0.00,Soos_H,5020,0.00
Area123SWVI (11) troll 216 260,,Washougal_R_Fa,5008,0.90,Abernathy_NFH_F,5008,0.07,Abernathy_Cr_Fa,5008,0.01,Green_R_Fa,5008,0.01,Spring_Cr_col,5030,0.01
Area123SWVI (11) troll 216 261,,Samish_H,5016,0.35,George_Adams_H,5005,0.30,Clear_Cr_H,5020,0.23,Hamma_Hamma_R,5005,0.08,Cedar_R_SuFa,5020,0.02
Area123SWVI (11) troll 216 262,,Umatilla_H_Fa,5026,0.29,Nez_PerceT_H,5021,0.22,Hanford_Reach,5026,0.21,Priest_Rapids_H,5026,0.13,Priest_Rapid_H,5026,0.06
Area123SWVI (11) troll 216 263,,Abernathy_NFH_F,5008,0.47,Cowlitz_H_fa,5008,0.36,Abernathy_Cr_Fa,5008,0.07,Green_R_Fa,5008,0.04,Elochoman_R_Fa,5008,0.02
Area123SWVI (11) troll 216 264,,Washougal_R_Fa,5008,0.76,Green_R_Fa,5008,0.19,Coweeman_R_Fa,5008,0.03,Lewis_R_Su,5008,0.01,Elochoman_R_Fa,5008,0.00
Area123SWVI (11) troll 216 265,,George_Adams_H,5005,0.54,Cedar_R_SuFa,5020,0.15,Clear_Cr_H,5020,0.11,Samish_H,5016,0.10,Hamma_Hamma_R,5005,0.05
Area123SWVI (11) troll 216 266,,Spring_Cr_col,5030,0.98,Big_Cr_H_Col,5030,0.02,Abernathy_NFH_F,5008,0.00,Umatilla_H_Fa,5026,0.00,Lewis_R_Su,5008,0.00
Area123SWVI (11) troll 216 267,,Clear_Cr_H,5020,0.49,Soos_H,5020,0.25,Bear_Cr_SuFa,5020,0.11,George_Adams_H,5005,0.08,Samish_H,5016,0.02
Area123SWVI (11) troll 216 268,,George_Adams_H,5005,0.72,Hamma_Hamma_R,5005,0.07,Cedar_R_SuFa,5020,0.07,Clear_Cr_H,5020,0.05,NF_Skokomish_F,5005,0.04
Area123SWVI (11) troll 216 269,,Washougal_R_Fa,5008,0.81,Green_R_Fa,5008,0.08,Lewis_R_Su,5008,0.08,Abernathy_Cr_Fa,5008,0.02,Sandy_R,5008,0.01
Area123SWVI (11) troll 216 27,,Hanford_Reach,5026,0.64,Umatilla_H_Fa,5026,0.27,Lyons_Ferry_H,5021,0.03,Methow_R,5026,0.03,Priest_Rapid_H,5026,0.02
Area123SWVI (11) troll 216 270,,Umatilla_H_Fa,5026,0.53,Lyons_Ferry_H,5021,0.32,Hanford_Reach,5026,0.09,L_Deschutes_R,5004,0.04,Priest_Rapid_H,5026,0.01
Area123SWVI (11) troll 216 271,,Little_R,5,0.75,Forks_Cr_H,5028,0.12,Humptulips_H,5028,0.12,S_Umpqua_H,5011,0.00,S_Coos_R,5011,0.00
Area123SWVI (11) troll 216 272,,Coquille_R,5011,0.61,Wilson_R,5015,0.31,S_Coos_R,5011,0.05,S_Umpqua_H,5011,0.03,Elk_H,5011,0.00
Area123SWVI (11) troll 216 273,,Clear_Cr_H,5020,0.66,Hamma_Hamma_R,5005,0.16,George_Adams_H,5005,0.13,Cedar_R_SuFa,5020,0.02,Soos_H,5020,0.01
Area123SWVI (11) troll 216 274,,Washougal_R_Fa,5008,0.54,Abernathy_NFH_F,5008,0.17,Lewis_R_Su,5008,0.12,Cowlitz_H_fa,5008,0.06,Abernathy_Cr_Fa,5008,0.05
Area123SWVI (11) troll 216 275,,Umatilla_H_Fa,5026,0.33,Priest_Rapid_H,5026,0.30,Hanford_Reach,5026,0.27,Methow_R,5026,0.06,Priest_Rapids_H,5026,0.02
Area123SWVI (11) troll 216 276,,Lewis_R_Su,5008,0.80,S_Coos_R,5011,0.07,Washougal_R_Fa,5008,0.03,Abernathy_Cr_Fa,5008,0.03,Umpqua_H,5011,0.02
Area123SWVI (11) troll 216 277,,Nez_PerceT_H,5021,0.51,Lyons_Ferry_H,5021,0.20,Umatilla_H_Fa,5026,0.13,Hanford_Reach,5026,0.10,L_Wh_Sal_H_SF,5026,0.04
Area123SWVI (11) troll 216 278,,George_Adams_H,5005,0.36,Cedar_R_SuFa,5020,0.23,Clear_Cr_H,5020,0.12,Soos_H,5020,0.08,Hamma_Hamma_R,5005,0.08
Area123SWVI (11) troll 216 279,,Nez_PerceT_H,5021,0.37,Hanford_Reach,5026,0.34,Methow_R,5026,0.13,Priest_Rapid_H,5026,0.13,L_Wh_Sal_H_SF,5026,0.01
Area123SWVI (11) troll 216 28,,Harrison,3,0.52,Elk_H,5011,0.13,Sixes_R,5011,0.06,Chilliwack_F,3,0.04,Coquille_R,5011,0.04
Area123SWVI (11) troll 216 280,,Chilliwack_F,3,1.00,Harrison,3,0.00,Chilliwac@Stav,3,0.00,,,,,,
Area123SWVI (11) troll 216 281,,Samish_H,5016,0.62,George_Adams_H,5005,0.21,Hamma_Hamma_R,5005,0.13,Bear_Cr_SuFa,5020,0.02,Clear_Cr_H,5020,0.01
Area123SWVI (11) troll 216 282,,Little_R,5,0.96,South_Thom,5,0.03,L_Thompson,5,0.00,Harrison,3,0.00,L_Shuswap,5,0.00
Area123SWVI (11) troll 216 283,,Little_R,5,0.94,South_Thom,5,0.05,L_Thompson,5,0.01,L_Adams,5,0.00,Harrison,3,0.00
Area123SWVI (11) troll 216 284,,Harrison,3,0.99,L_Wh_Sal_H_SF,5026,0.01,Kitlope,10,0.00,Hanford_Reach,5026,0.00,Priest_Rapid_H,5026,0.00
Area123SWVI (11) troll 216 285,,Harrison,3,0.38,Skagit_R,5016,0.21,Chilliwack_F,3,0.17,L_Thompson,5,0.06,Chilliwac@Stav,3,0.05
Area123SWVI (11) troll 216 286,,Little_R,5,0.98,L_Adams,5,0.02,L_Thompson,5,0.00,South_Thom,5,0.00,Seymour@Thomp,5,0.00
Area123SWVI (11) troll 216 287,,Harrison,3,0.97,Chilliwack_F,3,0.02,Sandy_R,5008,0.01,Skagit_R,5016,0.00,U_Sauk_R_SpSu,5016,0.00
Area123SWVI (11) troll 216 288,,Umatilla_H_Fa,5026,0.26,L_Deschutes_R,5004,0.16,Priest_Rapid_H,5026,0.15,Nez_PerceT_H,5021,0.12,Hanford_Reach,5026,0.12
Area123SWVI (11) troll 216 289,,Little_R,5,0.99,L_Adams,5,0.01,L_Thompson,5,0.00,South_Thom,5,0.00,L_Shuswap,5,0.00
Area123SWVI (11) troll 216 29,,Lewis_R_Su,5008,0.43,Harrison,3,0.15,George_Adams_H,5005,0.08,Clear_Cr_H,5020,0.06,L_Wh_Sal_H_SF,5026,0.05
Area123SWVI (11) troll 216 290,,Chilliwack_F,3,1.00,Harrison,3,0.00,,,,,,,,,
Area123SWVI (11) troll 216 291,,Puntledge_F,7,0.76,Big_Qualicum,7,0.17,Puntledge_BackX,7,0.04,L_Qualicum,7,0.02,Cowichan,7,0.01
Area123SWVI (11) troll 216 292,,Harrison,3,0.54,Chilliwack_F,3,0.46,Chilliwac@Stav,3,0.00,,,,,,
Area123SWVI (11) troll 216 293,,Chilliwack_F,3,0.82,Harrison,3,0.18,Bonaparte,6,0.00,,,,,,
Area123SWVI (11) troll 216 294,,Feather_H_fa,5001,0.90,Feather_H_sp,5002,0.10,L_Deschutes_R,5004,0.00,Umatilla_H_Fa,5026,0.00,Priest_Rapid_H,5026,0.00
Area123SWVI (11) troll 216 295,,Forks_Cr_H,5028,0.95,Elochoman_R_Fa,5008,0.02,Hoh_R,5028,0.02,Humptulips_H,5028,0.02,Andrew_Cr,5024,0.00
Area123SWVI (11) troll 216 296,,S_Umpqua_H,5011,0.75,Hanford_Reach,5026,0.09,L_Deschutes_R,5004,0.04,Umpqua_H,5011,0.03,S_Coos_R,5011,0.02
Area123SWVI (11) troll 216 297,,Priest_Rapid_H,5026,0.61,L_Wh_Sal_H_SF,5026,0.24,Umatilla_H_Fa,5026,0.13,Hanford_Reach,5026,0.01,Lyons_Ferry_H,5021,0.00
Area123SWVI (11) troll 216 298,,Puntledge_F,7,0.77,Big_Qualicum,7,0.19,Puntledge_BackX,7,0.02,Cowichan,7,0.00,L_Qualicum,7,0.00
Area123SWVI (11) troll 216 299,,Harrison,3,1.00,Chilliwack_F,3,0.00,,,,,,,,,
Area123SWVI (11) troll 216 3,,George_Adams_H,5005,0.64,Clear_Cr_H,5020,0.08,Cedar_R_SuFa,5020,0.06,Soos_H,5020,0.06,NF_Skokomish_F,5005,0.06
Area123SWVI (11) troll 216 30,,Little_R,5,0.97,South_Thom,5,0.03,L_Thompson,5,0.00,,,,,,
Area123SWVI (11) troll 216 300,,Holmes,1,0.39,Horsefly,2,0.13,Tete_Jaune,1,0.12,Fontoniko,1,0.10,U_Sauk_R_SpSu,5016,0.06
Area123SWVI (11) troll 216 301,,L_Wh_Sal_H_SF,5026,0.49,Nez_PerceT_H,5021,0.40,Hanford_Reach,5026,0.05,Umatilla_H_Fa,5026,0.03,Lyons_Ferry_H,5021,0.01
Area123SWVI (11) troll 216 302,,Lyons_Ferry_H,5021,0.51,Umatilla_H_Fa,5026,0.23,U_Deschutes_R,5004,0.18,Priest_Rapid_H,5026,0.04,Hanford_Reach,5026,0.02
Area123SWVI (11) troll 216 303,,Chilliwack_F,3,1.00,Chilliwac@Stav,3,0.00,Harrison,3,0.00,,,,,,
Area123SWVI (11) troll 216 304,,S_Umpqua_H,5011,0.96,Wilson_R,5015,0.03,S_Coos_R,5011,0.01,,,,,,
Area123SWVI (11) troll 216 31,,S_Coos_R,5011,0.71,Coquille_R,5011,0.28,Washougal_R_Fa,5008,0.00,S_Umpqua_H,5011,0.00,Hanford_Reach,5026,0.00
Area123SWVI (11) troll 216 32,,S_Umpqua_H,5011,0.99,Humptulips_H,5028,0.00,Hoh_R,5028,0.00,S_Coos_R,5011,0.00,Green_R_Fa,5008,0.00
Area123SWVI (11) troll 216 33,,S_Umpqua_H,5011,0.42,Umpqua_H,5011,0.30,Umatilla_H_Fa,5026,0.17,Hanford_Reach,5026,0.04,Lewis_R_Su,5008,0.02
Area123SWVI (11) troll 216 34,,Chilliwack_F,3,0.97,Harrison,3,0.03,,,,,,,,,
Area123SWVI (11) troll 216 35,,Little_R,5,1.00,L_Thompson,5,0.00,L_Adams,5,0.00,,,,,,
Area123SWVI (11) troll 216 36,,Chilliwack_F,3,0.85,Harrison,3,0.13,Chilliwac@Stav,3,0.01,Forks_Cr_H,5028,0.00,S_Umpqua_H,5011,0.00
Area123SWVI (11) troll 216 37,,Spring_Cr_col,5030,0.92,Big_Cr_H_Col,5030,0.06,Abernathy_NFH_F,5008,0.02,Abernathy_Cr_Fa,5008,0.00,,,
Area123SWVI (11) troll 216 38,,Chilliwack_F,3,0.65,Harrison,3,0.34,Chilliwac@Stav,3,0.01,Priest_Rapid_H,5026,0.00,Hanford_Reach,5026,0.00
Area123SWVI (11) troll 216 39,,Little_R,5,0.94,South_Thom,5,0.05,L_Thompson,5,0.00,L_Adams,5,0.00,,,
Area123SWVI (11) troll 216 4,,Umatilla_H_Fa,5026,0.33,Nez_PerceT_H,5021,0.20,Hanford_Reach,5026,0.19,Lyons_Ferry_H,5021,0.14,Priest_Rapid_H,5026,0.11
Area123SWVI (11) troll 216 40,,Maria_Slough,13,0.91,Little_R,5,0.07,L_Thompson,5,0.01,George_Adams_H,5005,0.00,Harrison,3,0.00
Area123SWVI (11) troll 216 41,,Harrison,3,0.97,Chilliwack_F,3,0.03,Chilliwac@Stav,3,0.00,,,,,,
Area123SWVI (11) troll 216 42,,Cowlitz_H_fa,5008,0.67,Green_R_Fa,5008,0.25,Spring_Cr_col,5030,0.05,Abernathy_Cr_Fa,5008,0.01,Washougal_R_Fa,5008,0.01
Area123SWVI (11) troll 216 43,,Harrison,3,0.77,Chilliwack_F,3,0.23,George_Adams_H,5005,0.00,Kitimat,10,0.00,Klickitat_H,5010,0.00
Area123SWVI (11) troll 216 44,,S_Coos_R,5011,0.42,Little_R,5,0.30,Coquille_R,5011,0.20,S_Umpqua_H,5011,0.02,Green_R_Fa,5008,0.01
Area123SWVI (11) troll 216 45,,Harrison,3,1.00,Chilliwack_F,3,0.00,,,,,,,,,
Area123SWVI (11) troll 216 46,,Priest_Rapid_H,5026,0.54,Green_R_Fa,5008,0.21,Priest_Rapids_H,5026,0.07,L_Wh_Sal_H_SF,5026,0.05,Sandy_R,5008,0.02
Area123SWVI (11) troll 216 47,,Lyons_Ferry_H,5021,0.53,Hanford_Reach,5026,0.19,L_Wh_Sal_H_SF,5026,0.13,Nez_PerceT_H,5021,0.08,U_Deschutes_R,5004,0.02
Area123SWVI (11) troll 216 48,,Lyons_Ferry_H,5021,0.67,Nez_PerceT_H,5021,0.13,Priest_Rapid_H,5026,0.09,Hanford_Reach,5026,0.07,Umatilla_H_Fa,5026,0.02
Area123SWVI (11) troll 216 49,,Harrison,3,0.36,Little_R,5,0.26,S_Umpqua_H,5011,0.23,Priest_Rapid_H,5026,0.05,L_Thompson,5,0.02
Area123SWVI (11) troll 216 5,Dupe with 503,Hanford_Reach,5026,0.61,Umatilla_H_Fa,5026,0.16,Priest_Rapids_H,5026,0.10,Priest_Rapid_H,5026,0.08,Lyons_Ferry_H,5021,0.03
Area123SWVI (11) troll 216 50,,Little_R,5,0.97,Harrison,3,0.02,L_Thompson,5,0.01,Priest_Rapids_H,5026,0.00,Hanford_Reach,5026,0.00
Area123SWVI (11) troll 216 51,,George_Adams_H,5005,0.51,Hamma_Hamma_R,5005,0.18,Cedar_R_SuFa,5020,0.14,Bear_Cr_SuFa,5020,0.08,Big_Cr_H_Col,5030,0.02
Area123SWVI (11) troll 216 52,,Puntledge_F,7,0.66,Big_Qualicum,7,0.19,Puntledge_BackX,7,0.13,L_Qualicum,7,0.01,Cowichan,7,0.00
Area123SWVI (11) troll 216 53,,Harrison,3,0.56,Chilliwack_F,3,0.44,Chilliwac@Stav,3,0.00,Forks_Cr_H,5028,0.00,,,
Area123SWVI (11) troll 216 54,,Nez_PerceT_H,5021,0.75,Priest_Rapids_H,5026,0.17,Hanford_Reach,5026,0.03,Umatilla_H_Fa,5026,0.02,L_Deschutes_R,5004,0.02
Area123SWVI (11) troll 216 55,,Coquille_R,5011,0.56,S_Coos_R,5011,0.44,Washougal_R_Fa,5008,0.00,Umpqua_H,5011,0.00,S_Umpqua_H,5011,0.00
Area123SWVI (11) troll 216 56,,Spring_Cr_col,5030,0.33,Abernathy_Cr_Fa,5008,0.27,Big_Cr_H_Col,5030,0.20,Sandy_R,5008,0.12,Lewis_R_Su,5008,0.03
Area123SWVI (11) troll 216 57,,Washougal_R_Fa,5008,0.78,Lyons_Ferry_H,5021,0.16,Hanford_Reach,5026,0.03,Green_R_Fa,5008,0.01,Umatilla_H_Fa,5026,0.01
Area123SWVI (11) troll 216 58,,Umatilla_H_Fa,5026,0.76,Priest_Rapid_H,5026,0.19,L_Wh_Sal_H_SF,5026,0.01,Hanford_Reach,5026,0.01,Methow_R,5026,0.01
Area123SWVI (11) troll 216 59,,Washougal_R_Fa,5008,0.56,Green_R_Fa,5008,0.37,Cowlitz_H_fa,5008,0.04,Lewis_R_Su,5008,0.01,Elochoman_R_Fa,5008,0.01
Area123SWVI (11) troll 216 6,,Forks_Cr_H,5028,0.92,Little_R,5,0.04,Humptulips_H,5028,0.02,Umpqua_H,5011,0.01,S_Umpqua_H,5011,0.01
Area123SWVI (11) troll 216 60,,Clear_Cr_H,5020,0.39,Samish_H,5016,0.24,Cedar_R_SuFa,5020,0.16,Hamma_Hamma_R,5005,0.10,Soos_H,5020,0.04
Area123SWVI (11) troll 216 61,,Chilliwack_F,3,0.74,Harrison,3,0.23,Priest_Rapid_H,5026,0.02,Methow_R,5026,0.01,Hanford_Reach,5026,0.01
Area123SWVI (11) troll 216 62,,Little_R,5,0.99,Harrison,3,0.00,South_Thom,5,0.00,Chilliwack_F,3,0.00,L_Thompson,5,0.00
Area123SWVI (11) troll 216 63,,Little_R,5,0.90,Forks_Cr_H,5028,0.05,L_Shuswap,5,0.01,L_Thompson,5,0.01,Chilliwack_F,3,0.01
Area123SWVI (11) troll 216 64,,Hanford_Reach,5026,0.28,Lyons_Ferry_H,5021,0.25,Nez_PerceT_H,5021,0.21,Priest_Rapid_H,5026,0.20,L_Deschutes_R,5004,0.05
Area123SWVI (11) troll 216 65,,Green_R_Fa,5008,0.61,Moyeha_R,8,0.13,Lewis_R_Su,5008,0.06,Skagit_R,5016,0.05,Sandy_R,5008,0.03
Area123SWVI (11) troll 216 66,,Little_R,5,0.99,South_Thom,5,0.01,L_Shuswap,5,0.00,L_Thompson,5,0.00,L_Adams,5,0.00
Area123SWVI (11) troll 216 7,Dupe with 501,Hanford_Reach,5026,0.60,Umatilla_H_Fa,5026,0.17,Priest_Rapids_H,5026,0.10,Priest_Rapid_H,5026,0.08,Lyons_Ferry_H,5021,0.03
Area123SWVI (11) troll 216 8,Dupe with 498,Umatilla_H_Fa,5026,0.73,Hanford_Reach,5026,0.24,Umatilla_H,5026,0.01,L_Wh_Sal_H_SF,5026,0.01,Priest_Rapids_H,5026,0.01
Area123SWVI (11) troll 216 9,,Samish_H,5016,0.60,Cedar_R_SuFa,5020,0.18,Bear_Cr_SuFa,5020,0.15,Soos_H,5020,0.05,George_Adams_H,5005,0.02
Area123SWVI (11) troll 216 90,,Samish_H,5016,0.73,Cedar_R_SuFa,5020,0.18,Bear_Cr_SuFa,5020,0.06,Clear_Cr_H,5020,0.01,George_Adams_H,5005,0.01
Area123SWVI (11) troll 216 91,,Samish_H,5016,0.99,Cedar_R_SuFa,5020,0.00,Hamma_Hamma_R,5005,0.00,Soos_H,5020,0.00,L_Skagit_R_Fa,5016,0.00
Area123SWVI (11) troll 216 92,,Washougal_R_Fa,5008,0.43,Green_R_Fa,5008,0.43,Spring_Cr_col,5030,0.04,Elochoman_R_Fa,5008,0.04,Abernathy_NFH_F,5008,0.02
Area123SWVI (11) troll 216 93,,Clear_Cr_H,5020,0.48,George_Adams_H,5005,0.29,Soos_H,5020,0.11,Cedar_R_SuFa,5020,0.08,Hamma_Hamma_R,5005,0.02
Area123SWVI (11) troll 216 94,,Hanford_Reach,5026,0.33,Lyons_Ferry_H,5021,0.28,Umatilla_H_Fa,5026,0.20,Nez_PerceT_H,5021,0.10,L_Deschutes_R,5004,0.04
Area123SWVI (11) troll 216 95,,S_Umpqua_H,5011,0.69,Washougal_R_Fa,5008,0.10,Abernathy_Cr_Fa,5008,0.07,Coquille_R,5011,0.05,Cowlitz_H_fa,5008,0.04
Area123SWVI (11) troll 216 96,,Samish_H,5016,0.25,Hamma_Hamma_R,5005,0.22,Soos_H,5020,0.20,George_Adams_H,5005,0.13,Cedar_R_SuFa,5020,0.13
Area123SWVI (11) troll 216 97,,Hanford_Reach,5026,0.68,Priest_Rapids_H,5026,0.15,Priest_Rapid_H,5026,0.08,Umatilla_H,5026,0.06,Umatilla_H_Fa,5026,0.02
Area123SWVI (11) troll 216 98,,Harrison,3,0.83,Chilliwack_F,3,0.17,Chilliwac@Stav,3,0.01,,,,,,
Area123SWVI (11) troll 216 99,,Little_R,5,1.00,L_Shuswap,5,0.00,South_Thom,5,0.00,L_Thompson,5,0.00,L_Adams,5,0.00
Area123SWVI (11) troll 244 562,,Little_R,5,0.98,South_Thom,5,0.02,L_Adams,5,0.00,L_Thompson,5,0.00,,,
Area123SWVI (11) troll 244 563,,Samish_H,5016,0.51,Clear_Cr_H,5020,0.26,Cedar_R_SuFa,5020,0.12,Soos_H,5020,0.03,George_Adams_H,5005,0.03
Area123SWVI (11) troll 244 564,,Lyons_Ferry_H,5021,0.60,Nez_PerceT_H,5021,0.38,L_Wh_Sal_H_SF,5026,0.02,Hanford_Reach,5026,0.00,Priest_Rapid_H,5026,0.00
Area123SWVI (11) troll 244 565,,Umatilla_H_Fa,5026,0.36,Hanford_Reach,5026,0.20,Priest_Rapid_H,5026,0.15,Priest_Rapids_H,5026,0.14,L_Deschutes_R,5004,0.11
Area123SWVI (11) troll 244 566,,Soos_H,5020,0.55,George_Adams_H,5005,0.16,Cedar_R_SuFa,5020,0.13,Bear_Cr_SuFa,5020,0.07,Hamma_Hamma_R,5005,0.03
Area123SWVI (11) troll 244 567,,Green_R_Fa,5008,0.83,Washougal_R_Fa,5008,0.16,Cowlitz_H_fa,5008,0.01,Lewis_R_Su,5008,0.00,Harrison,3,0.00
Area123SWVI (11) troll 244 568,,McKenzie_H,5029,0.98,N_Santiam_H,5029,0.02,Hanford_Reach,5026,0.00,Bear_Cr_SuFa,5020,0.00,Klickitat_H,5010,0.00
Area123SWVI (11) troll 244 569,,Harrison,3,0.93,Chilliwack_F,3,0.05,Chilliwac@Stav,3,0.02,,,,,,
Area123SWVI (11) troll 244 570,,Chilliwack_F,3,0.82,Harrison,3,0.18,Chilliwac@Stav,3,0.00,,,,,,
Area123SWVI (11) troll 244 571,,Spring_Cr_col,5030,1.00,Abernathy_NFH_F,5008,0.00,,,,,,,,,
Area123SWVI (11) troll 244 572,,Harrison,3,0.96,Chilliwack_F,3,0.04,Chilliwac@Stav,3,0.00,,,,,,
Area123SWVI (11) troll 244 573,,Harrison,3,0.87,Skagit_R,5016,0.03,Little_R,5,0.03,Chilliwac@Stav,3,0.02,Chilliwack_F,3,0.02
Area123SWVI (11) troll 244 574,,Hanford_Reach,5026,0.46,Umatilla_H_Fa,5026,0.35,Nez_PerceT_H,5021,0.07,U_Deschutes_R,5004,0.04,Priest_Rapids_H,5026,0.03
Area123SWVI (11) troll 244 575,,Soos_H,5020,0.53,Samish_H,5016,0.16,Umpqua_H,5011,0.10,Skagit_R,5016,0.05,Cedar_R_SuFa,5020,0.03
Area123SWVI (11) troll 244 576,,Harrison,3,0.67,Chilliwack_F,3,0.33,Chilliwac@Stav,3,0.00,L_Deschutes_R,5004,0.00,U_Deschutes_R,5004,0.00
Area123SWVI (11) troll 244 577,,Chilliwack_F,3,0.83,Harrison,3,0.14,Chilliwac@Stav,3,0.03,,,,,,
Area123SWVI (11) troll 244 578,,Little_R,5,0.15,Chilliwack_F,3,0.08,Samish_H,5016,0.06,Umpqua_H,5011,0.05,Harrison,3,0.04
Area123SWVI (11) troll 244 579,Dupe with 802,L_Wh_Sal_H_SF,5026,0.80,Umatilla_H_Fa,5026,0.14,Methow_R,5026,0.04,Priest_Rapid_H,5026,0.01,Umatilla_H,5026,0.00
Area123SWVI (11) troll 244 580,,Priest_Rapid_H,5026,0.32,Hanford_Reach,5026,0.28,Umatilla_H_Fa,5026,0.19,L_Wh_Sal_H_SF,5026,0.13,Nez_PerceT_H,5021,0.04
Area123SWVI (11) troll 244 581,,Soos_H,5020,0.23,Samish_H,5016,0.21,George_Adams_H,5005,0.16,Cedar_R_SuFa,5020,0.15,Clear_Cr_H,5020,0.11
Area123SWVI (11) troll 244 582,,NF_Nooksack_H,5016,1.00,Little_R,5,0.00,,,,,,,,,
Area123SWVI (11) troll 244 583,,Soos_H,5020,0.54,Samish_H,5016,0.25,Cedar_R_SuFa,5020,0.13,Clear_Cr_H,5020,0.05,Bear_Cr_SuFa,5020,0.03
Area123SWVI (11) troll 244 584,,Cedar_R_SuFa,5020,0.58,Samish_H,5016,0.24,George_Adams_H,5005,0.09,Bear_Cr_SuFa,5020,0.04,Soos_H,5020,0.04
Area123SWVI (11) troll 244 585,,Samish_H,5016,0.37,Soos_H,5020,0.15,Cedar_R_SuFa,5020,0.12,George_Adams_H,5005,0.11,Hamma_Hamma_R,5005,0.09
Area123SWVI (11) troll 244 586,Dupe with 795,L_Wh_Sal_H_SF,5026,0.80,Umatilla_H_Fa,5026,0.14,Methow_R,5026,0.04,Priest_Rapid_H,5026,0.01,Umatilla_H,5026,0.00
Area123SWVI (11) troll 244 587,,Harrison,3,0.52,Chilliwack_F,3,0.48,Chilliwac@Stav,3,0.00,,,,,,
Area123SWVI (11) troll 244 588,,George_Adams_H,5005,0.42,Hamma_Hamma_R,5005,0.39,Samish_H,5016,0.06,Clear_Cr_H,5020,0.04,Soos_H,5020,0.04
Area123SWVI (11) troll 244 589,,Spring_Cr_col,5030,0.89,Big_Cr_H_Col,5030,0.05,Abernathy_NFH_F,5008,0.03,Washougal_R_Fa,5008,0.02,Abernathy_Cr_Fa,5008,0.00
Area123SWVI (11) troll 244 590,,Spring_Cr_col,5030,0.89,Washougal_R_Fa,5008,0.06,Abernathy_NFH_F,5008,0.05,Abernathy_Cr_Fa,5008,0.00,Green_R_Fa,5008,0.00
Area123SWVI (11) troll 244 591,Dupe with 856,George_Adams_H,5005,0.42,Cedar_R_SuFa,5020,0.39,Bear_Cr_SuFa,5020,0.07,Hamma_Hamma_R,5005,0.06,Soos_H,5020,0.02
Area123SWVI (11) troll 244 592,,Nitinat,8,0.99,Toquart,8,0.00,Sooke,8,0.00,Sarita,8,0.00,Kaouk_R,8,0.00
Area123SWVI (11) troll 244 593,,Dungeness_R,5006,1.00,,,,,,,,,,,,
Area123SWVI (11) troll 244 594,,U_Sauk_R_SpSu,5016,0.33,Hamma_Hamma_R,5005,0.26,Harrison,3,0.16,Samish_H,5016,0.07,George_Adams_H,5005,0.04
Area123SWVI (11) troll 244 595,,Chilliwack_F,3,1.00,Harrison,3,0.00,,,,,,,,,
Area123SWVI (11) troll 244 596,,Soos_H,5020,0.65,Samish_H,5016,0.08,NF_Skokomish_F,5005,0.07,George_Adams_H,5005,0.06,Clear_Cr_H,5020,0.05
Area123SWVI (11) troll 244 597,,S_Coos_R,5011,0.71,Coquille_R,5011,0.21,Umpqua_H,5011,0.06,Cedar_R_SuFa,5020,0.01,S_Umpqua_H,5011,0.00
Area123SWVI (11) troll 244 598,,Harrison,3,0.84,Chilliwack_F,3,0.15,Washougal_R_Fa,5008,0.00,Abernathy_Cr_Fa,5008,0.00,Chilliwac@Stav,3,0.00
Area123SWVI (11) troll 244 599,Dupe with 816,Harrison,3,0.54,Chilliwack_F,3,0.46,Chilliwac@Stav,3,0.00,,,,,,
Area123SWVI (11) troll 244 600,Dupe with 815,Harrison,3,0.53,Chilliwack_F,3,0.47,Chilliwac@Stav,3,0.00,,,,,,
Area123SWVI (11) troll 244 601,,Chilliwack_F,3,1.00,Harrison,3,0.00,,,,,,,,,
Area123SWVI (11) troll 244 602,,Chilliwack_F,3,1.00,Harrison,3,0.00,,,,,,,,,
Area123SWVI (11) troll 244 603,,Washougal_R_Fa,5008,0.63,Green_R_Fa,5008,0.28,Sandy_R,5008,0.05,Lewis_R_Su,5008,0.01,Abernathy_Cr_Fa,5008,0.01
Area123SWVI (11) troll 244 604,Dupe with 823,George_Adams_H,5005,0.34,Bear_Cr_SuFa,5020,0.33,Samish_H,5016,0.14,Cedar_R_SuFa,5020,0.07,L_Qualicum,7,0.06
Area123SWVI (11) troll 244 605,,NF_Nooksack_H,5016,1.00,U_Sauk_R_SpSu,5016,0.00,,,,,,,,,
Area123SWVI (11) troll 244 606,,Spring_Cr_col,5030,0.93,Cowlitz_H_fa,5008,0.03,Elochoman_R_Fa,5008,0.02,Big_Cr_H_Col,5030,0.01,Abernathy_NFH_F,5008,0.00
Area123SWVI (11) troll 244 607,Dupe with 820,George_Adams_H,5005,0.34,Bear_Cr_SuFa,5020,0.33,Samish_H,5016,0.14,L_Qualicum,7,0.07,Cedar_R_SuFa,5020,0.07
Area123SWVI (11) troll 244 608,,Chilliwack_F,3,0.72,Harrison,3,0.27,Capilano,9,0.00,Chilliwac@Stav,3,0.00,Puntledge_F,7,0.00
Area123SWVI (11) troll 244 609,,Harrison,3,0.53,Chilliwack_F,3,0.41,Chilliwac@Stav,3,0.06,Umatilla_H_Fa,5026,0.00,Skagit_R,5016,0.00
Area123SWVI (11) troll 244 610,,Washougal_R_Fa,5008,0.80,Lewis_R_Su,5008,0.07,Green_R_Fa,5008,0.05,Elochoman_R_Fa,5008,0.04,Cowlitz_H_fa,5008,0.02
Area123SWVI (11) troll 244 611,,Cedar_R_SuFa,5020,0.28,George_Adams_H,5005,0.22,Samish_H,5016,0.21,Clear_Cr_H,5020,0.12,Bear_Cr_SuFa,5020,0.07
Area123SWVI (11) troll 244 612,,Harrison,3,0.99,Chilliwack_F,3,0.01,Chilliwac@Stav,3,0.01,Horsefly,2,0.00,,,
Area123SWVI (11) troll 244 613,,Hoh_R,5028,0.62,Forks_Cr_H,5028,0.26,Humptulips_H,5028,0.12,,,,,,
Area123SWVI (11) troll 244 614,Dupe with 838,Harrison,3,0.99,Chilliwac@Stav,3,0.01,Chilliwack_F,3,0.00,Little_R,5,0.00,,,
Area123SWVI (11) troll 244 615,,Harrison,3,0.84,Chilliwack_F,3,0.13,Chilliwac@Stav,3,0.01,Sandy_R,5008,0.01,Samish_H,5016,0.01
Area123SWVI (11) troll 244 616,,Harrison,3,0.85,Chilliwack_F,3,0.07,Umpqua_H,5011,0.03,S_Coos_R,5011,0.03,Skagit_R,5016,0.00
Area123SWVI (11) troll 244 617,,Lyons_Ferry_H,5021,0.85,Cowlitz_H_sp,5009,0.06,Abernathy_Cr_Fa,5008,0.03,Green_R_Fa,5008,0.02,NanaimoSu_BackX,7,0.01
Area123SWVI (11) troll 244 618,,Chilliwack_F,3,1.00,,,,,,,,,,,,
Area123SWVI (11) troll 244 619,,Harrison,3,1.00,Spring_Cr_col,5030,0.00,Abernathy_NFH_F,5008,0.00,Umatilla_H_Fa,5026,0.00,Priest_Rapid_H,5026,0.00
Area123SWVI (11) troll 244 620,,McKenzie_H,5029,0.56,Umpqua_H,5011,0.42,S_Umpqua_H,5011,0.00,L_Deschutes_R,5004,0.00,Lewis_R_Su,5008,0.00
Area123SWVI (11) troll 244 621,,Lewis_R_Su,5008,0.99,Sandy_R,5008,0.00,Elochoman_R_Fa,5008,0.00,Cowlitz_H_fa,5008,0.00,U_Sauk_R_SpSu,5016,0.00
Area123SWVI (11) troll 244 622,Dupe with 830,Harrison,3,0.99,Chilliwac@Stav,3,0.01,Chilliwack_F,3,0.00,L_Thompson,5,0.00,,,
Area123SWVI (11) troll 244 623,Dupe with 871,Big_Cr_H_Col,5030,0.46,Abernathy_NFH_F,5008,0.15,Washougal_R_Fa,5008,0.12,Spring_Cr_col,5030,0.10,Cowlitz_H_fa,5008,0.07
Area123SWVI (11) troll 244 624,,Puntledge_F,7,0.77,Big_Qualicum,7,0.13,L_Qualicum,7,0.08,Puntledge_BackX,7,0.02,Cowichan,7,0.01
Area123SWVI (11) troll 244 625,,Washougal_R_Fa,5008,0.45,Wilson_R,5015,0.16,Green_R_Fa,5008,0.14,Abernathy_Cr_Fa,5008,0.06,Cowlitz_H_sp,5009,0.06
Area123SWVI (11) troll 244 626,,Chilliwack_F,3,1.00,Chilliwac@Stav,3,0.00,,,,,,,,,
Area123SWVI (11) troll 244 627,,Hamma_Hamma_R,5005,0.34,George_Adams_H,5005,0.33,Clear_Cr_H,5020,0.14,Samish_H,5016,0.13,Soos_H,5020,0.02
Area123SWVI (11) troll 244 628,Dupe with 866,George_Adams_H,5005,0.90,Clear_Cr_H,5020,0.04,U_Sauk_R_SpSu,5016,0.03,Hamma_Hamma_R,5005,0.02,Cedar_R_SuFa,5020,0.00
Area123SWVI (11) troll 244 629,Dupe with 874,Harrison,3,0.94,Methow_R,5026,0.04,Little_R,5,0.01,Nez_PerceT_H,5021,0.01,Umpqua_H,5011,0.00
Area123SWVI (11) troll 244 630,,Hanford_Reach,5026,0.60,Umatilla_H_Fa,5026,0.24,Priest_Rapid_H,5026,0.05,Umpqua_H,5011,0.04,L_Wh_Sal_H_SF,5026,0.04
Area123SWVI (11) troll 244 631,,Harrison,3,0.77,Chilliwack_F,3,0.23,Chilliwac@Stav,3,0.00,Cedar_R_SuFa,5020,0.00,,,
Area123SWVI (11) troll 244 632,,Harrison,3,0.99,Chilliwack_F,3,0.01,,,,,,,,,
Area123SWVI (11) troll 244 633,,Harrison,3,0.92,Chilliwack_F,3,0.08,Chilliwac@Stav,3,0.00,Soos_H,5020,0.00,Big_Qualicum,7,0.00
Area123SWVI (11) troll 244 634,,Green_R_Fa,5008,0.75,Lewis_R_Su,5008,0.16,Abernathy_NFH_F,5008,0.04,Washougal_R_Fa,5008,0.03,Cowlitz_H_fa,5008,0.01
Area123SWVI (11) troll 244 635,,Cedar_R_SuFa,5020,0.40,Skagit_R,5016,0.26,Soos_H,5020,0.11,NF_Nooksack_H,5016,0.07,Priest_Rapid_H,5026,0.05
Area123SWVI (11) troll 244 636,,Chilliwack_F,3,0.87,Harrison,3,0.13,Chilliwac@Stav,3,0.00,,,,,,
Area123SWVI (11) troll 244 637,Dupe with 863,S_Umpqua_H,5011,0.81,Lewis_R_Su,5008,0.06,Humptulips_H,5028,0.04,Sandy_R,5008,0.02,Forks_Cr_H,5028,0.02
Area123SWVI (11) troll 244 638,,Chilliwack_F,3,0.85,Harrison,3,0.15,Chilliwac@Stav,3,0.01,,,,,,
Area123SWVI (11) troll 244 639,,Green_R_Fa,5008,0.34,Washougal_R_Fa,5008,0.20,Lewis_R_Su,5008,0.17,Cowlitz_H_fa,5008,0.12,U_Sauk_R_SpSu,5016,0.05
Area123SWVI (11) troll 244 640,Dupe with 807,George_Adams_H,5005,0.42,Cedar_R_SuFa,5020,0.40,Bear_Cr_SuFa,5020,0.07,Hamma_Hamma_R,5005,0.06,Soos_H,5020,0.02
Area123SWVI (11) troll 244 641,,Harrison,3,0.77,Chilliwack_F,3,0.22,Chilliwac@Stav,3,0.00,Dungeness_R,5006,0.00,U_Sauk_R_SpSu,5016,0.00
Area123SWVI (11) troll 244 642,,Umpqua_H,5011,0.94,S_Umpqua_H,5011,0.05,Chetco_R,5012,0.01,Applegate_Cr,5019,0.00,S_Coos_R,5011,0.00
Area123SWVI (11) troll 244 643,,Samish_H,5016,0.53,Cedar_R_SuFa,5020,0.41,Bear_Cr_SuFa,5020,0.03,Soos_H,5020,0.01,George_Adams_H,5005,0.01
Area123SWVI (11) troll 244 644,,Spring_Cr_col,5030,0.80,Abernathy_NFH_F,5008,0.20,Washougal_R_Fa,5008,0.00,Elochoman_R_Fa,5008,0.00,Green_R_Fa,5008,0.00
Area123SWVI (11) troll 244 645,,Harrison,3,0.81,Chilliwack_F,3,0.18,Chilliwac@Stav,3,0.01,Soos_H,5020,0.00,Bear_Cr_SuFa,5020,0.00
Area123SWVI (11) troll 244 646,,Green_R_Fa,5008,0.75,Washougal_R_Fa,5008,0.12,Lewis_R_Su,5008,0.11,L_Wh_Sal_H_SF,5026,0.01,Cowlitz_H_fa,5008,0.00
Area123SWVI (11) troll 244 647,Dupe with 853,S_Umpqua_H,5011,0.81,Lewis_R_Su,5008,0.06,Humptulips_H,5028,0.04,Forks_Cr_H,5028,0.02,Sandy_R,5008,0.02
Area123SWVI (11) troll 244 648,,Chilliwack_F,3,1.00,Harrison,3,0.00,,,,,,,,,
Area123SWVI (11) troll 244 649,,Harrison,3,0.57,Chilliwack_F,3,0.38,Chilliwac@Stav,3,0.02,Sol_Duc_H,5028,0.00,Wenatchee_H_sp,5010,0.00
Area123SWVI (11) troll 244 650,Dupe with 844,George_Adams_H,5005,0.90,Clear_Cr_H,5020,0.04,U_Sauk_R_SpSu,5016,0.03,Hamma_Hamma_R,5005,0.02,Cedar_R_SuFa,5020,0.00
Area123SWVI (11) troll 244 651,,Cedar_R_SuFa,5020,0.28,Samish_H,5016,0.22,George_Adams_H,5005,0.20,Clear_Cr_H,5020,0.14,Bear_Cr_SuFa,5020,0.06
Area123SWVI (11) troll 244 652,,Washougal_R_Fa,5008,0.84,Abernathy_NFH_F,5008,0.13,Abernathy_Cr_Fa,5008,0.01,Elochoman_R_Fa,5008,0.01,Green_R_Fa,5008,0.00
Area123SWVI (11) troll 244 653,,Methow_R,5026,0.58,L_Wh_Sal_H_SF,5026,0.28,Nez_PerceT_H,5021,0.05,Priest_Rapids_H,5026,0.04,Hanford_Reach,5026,0.03
Area123SWVI (11) troll 244 654,Dupe with 875,Cowlitz_H_fa,5008,0.64,Abernathy_Cr_Fa,5008,0.13,Abernathy_NFH_F,5008,0.08,Green_R_Fa,5008,0.07,Lewis_R_Su,5008,0.04
Area123SWVI (11) troll 244 655,Dupe with 839,Big_Cr_H_Col,5030,0.46,Abernathy_NFH_F,5008,0.15,Washougal_R_Fa,5008,0.12,Spring_Cr_col,5030,0.10,Cowlitz_H_fa,5008,0.07
Area123SWVI (11) troll 244 656,,Hanford_Reach,5026,0.56,Lyons_Ferry_H,5021,0.16,Priest_Rapid_H,5026,0.12,Methow_R,5026,0.11,Umatilla_H_Fa,5026,0.03
Area123SWVI (11) troll 244 657,Dupe with 878,Chilliwack_F,3,0.92,Harrison,3,0.02,NF_Nooksack_H,5016,0.02,U_Sauk_R_SpSu,5016,0.01,S_Coos_R,5011,0.01
Area123SWVI (11) troll 244 658,Dupe with 845,Harrison,3,0.94,Methow_R,5026,0.04,Little_R,5,0.01,Umpqua_H,5011,0.00,Nez_PerceT_H,5021,0.00
Area123SWVI (11) troll 244 659,Dupe with 870,Cowlitz_H_fa,5008,0.64,Abernathy_Cr_Fa,5008,0.13,Abernathy_NFH_F,5008,0.08,Green_R_Fa,5008,0.07,Lewis_R_Su,5008,0.04
Area123SWVI (11) troll 244 660,,Abernathy_NFH_F,5008,0.84,Abernathy_Cr_Fa,5008,0.13,Spring_Cr_col,5030,0.02,Cowlitz_H_sp,5009,0.00,Lewis_R_Su,5008,0.00
Area123SWVI (11) troll 244 661,,Green_R_Fa,5008,0.73,Lewis_R_Su,5008,0.13,Washougal_R_Fa,5008,0.13,Cowlitz_H_fa,5008,0.01,L_Wh_Sal_H_SF,5026,0.00
Area123SWVI (11) troll 244 662,Dupe with 873,Chilliwack_F,3,0.92,Harrison,3,0.02,NF_Nooksack_H,5016,0.02,U_Sauk_R_SpSu,5016,0.01,S_Coos_R,5011,0.01
Area123SWVI (11) troll 244 663,,George_Adams_H,5005,0.44,Cedar_R_SuFa,5020,0.37,Samish_H,5016,0.08,Bear_Cr_SuFa,5020,0.03,Hamma_Hamma_R,5005,0.02
Area123SWVI (11) troll 244 664,,Washougal_R_Fa,5008,0.79,Green_R_Fa,5008,0.06,Lewis_R_Su,5008,0.06,Elochoman_R_Fa,5008,0.04,Cowlitz_H_fa,5008,0.03
Area123SWVI (11) troll 244 665,,Chilliwack_F,3,0.78,Harrison,3,0.22,S_Coos_R,5011,0.00,Chilliwac@Stav,3,0.00,Coquille_R,5011,0.00
Area123SWVI (11) troll 244 666,Dupe with 895,Harrison,3,0.68,Chilliwack_F,3,0.32,Chilliwac@Stav,3,0.00,,,,,,
Area123SWVI (11) troll 244 667,,Lyons_Ferry_H,5021,0.29,Priest_Rapids_H,5026,0.24,Hanford_Reach,5026,0.15,Nez_PerceT_H,5021,0.14,Priest_Rapid_H,5026,0.08
Area123SWVI (11) troll 244 668,,Hanford_Reach,5026,0.86,Nez_PerceT_H,5021,0.06,Lyons_Ferry_H,5021,0.04,L_Wh_Sal_H_SF,5026,0.01,Priest_Rapids_H,5026,0.01
Area123SWVI (11) troll 244 669,,Forks_Cr_H,5028,0.23,Lewis_R_Su,5008,0.19,Humptulips_H,5028,0.16,Harrison,3,0.12,Hoh_R,5028,0.05
Area123SWVI (11) troll 244 670,,Washougal_R_Fa,5008,0.87,Abernathy_NFH_F,5008,0.06,Cowlitz_H_fa,5008,0.02,Green_R_Fa,5008,0.01,Abernathy_Cr_Fa,5008,0.01
Area123SWVI (11) troll 244 671,Dupe with 900,Priest_Rapids_H,5026,0.75,Umatilla_H_Fa,5026,0.15,Umatilla_H,5026,0.10,Hanford_Reach,5026,0.00,Sandy_R,5008,0.00
Area123SWVI (11) troll 244 672,,Hanford_Reach,5026,0.24,L_Wh_Sal_H_SF,5026,0.24,Priest_Rapid_H,5026,0.20,Umatilla_H_Fa,5026,0.19,Lyons_Ferry_H,5021,0.03
Area123SWVI (11) troll 244 673,,Hanford_Reach,5026,0.88,Priest_Rapid_H,5026,0.09,Methow_R,5026,0.02,Lyons_Ferry_H,5021,0.01,Umatilla_H,5026,0.00
Area123SWVI (11) troll 244 674,,L_Wh_Sal_H_SF,5026,0.76,Sandy_R,5008,0.13,Lyons_Ferry_H,5021,0.06,Nez_PerceT_H,5021,0.02,Umatilla_H_Fa,5026,0.01
Area123SWVI (11) troll 244 675,Dupe with 906,Harrison,3,0.95,Chilliwack_F,3,0.05,Chuckwalla,10,0.00,,,,,,
Area123SWVI (11) troll 244 676,,Harrison,3,0.72,Chilliwack_F,3,0.15,Cowlitz_H_sp,5009,0.04,Cowlitz_H_fa,5008,0.04,Green_R_Fa,5008,0.02
Area123SWVI (11) troll 244 677,,Hanford_Reach,5026,0.87,Priest_Rapid_H,5026,0.04,Priest_Rapids_H,5026,0.03,Lyons_Ferry_H,5021,0.02,Nez_PerceT_H,5021,0.02
Area123SWVI (11) troll 244 678,,Washougal_R_Fa,5008,0.73,Lewis_R_Su,5008,0.12,Spring_Cr_col,5030,0.07,Big_Cr_H_Col,5030,0.03,Green_R_Fa,5008,0.02
Area123SWVI (11) troll 244 679,Dupe with 882,Harrison,3,0.69,Chilliwack_F,3,0.31,Chilliwac@Stav,3,0.00,Nez_PerceT_H,5021,0.00,,,
Area123SWVI (11) troll 244 680,Dupe with 897,Harrison,3,0.97,Chilliwack_F,3,0.03,Chilliwac@Stav,3,0.00,Cheakamus,9,0.00,,,
Area123SWVI (11) troll 244 681,Dupe with 896,Harrison,3,0.96,Chilliwack_F,3,0.04,Chilliwac@Stav,3,0.00,,,,,,
Area123SWVI (11) troll 244 682,,Soos_H,5020,0.68,Skagit_R,5016,0.08,NF_Nooksack_H,5016,0.07,Clear_Cr_H,5020,0.04,Cedar_R_SuFa,5020,0.03
Area123SWVI (11) troll 244 683,,Chilliwack_F,3,0.96,Harrison,3,0.03,Chilliwac@Stav,3,0.01,Washougal_R_Fa,5008,0.00,Abernathy_Cr_Fa,5008,0.00
Area123SWVI (11) troll 244 684,Dupe with 887,Priest_Rapids_H,5026,0.75,Umatilla_H_Fa,5026,0.15,Umatilla_H,5026,0.10,Hanford_Reach,5026,0.00,Nez_PerceT_H,5021,0.00
Area123SWVI (11) troll 244 685,,Samish_H,5016,0.52,Soos_H,5020,0.15,George_Adams_H,5005,0.10,Clear_Cr_H,5020,0.09,Cedar_R_SuFa,5020,0.09
Area123SWVI (11) troll 244 686,,Priest_Rapids_H,5026,0.75,Umatilla_H_Fa,5026,0.15,Umatilla_H,5026,0.10,Hanford_Reach,5026,0.00,Priest_Rapid_H,5026,0.00
Area123SWVI (11) troll 244 687,,Harrison,3,0.81,Chilliwack_F,3,0.18,Chilliwac@Stav,3,0.01,Salmon@SA,5,0.00,Dungeness_R,5006,0.00
Area123SWVI (11) troll 244 688,,Washougal_R_Fa,5008,0.90,Lewis_R_Su,5008,0.09,Abernathy_Cr_Fa,5008,0.01,Abernathy_NFH_F,5008,0.00,Spring_Cr_col,5030,0.00
Area123SWVI (11) troll 244 689,,Cowlitz_H_fa,5008,0.49,Lewis_R_Su,5008,0.42,Green_R_Fa,5008,0.06,Cowlitz_H_sp,5009,0.02,Elochoman_R_Fa,5008,0.01
Area123SWVI (11) troll 244 690,Dupe with 891,Harrison,3,0.96,Chilliwack_F,3,0.04,Chuckwalla,10,0.00,,,,,,
Area123SWVI (11) troll 244 691,,Hamma_Hamma_R,5005,0.31,George_Adams_H,5005,0.30,Clear_Cr_H,5020,0.18,Samish_H,5016,0.16,Bear_Cr_SuFa,5020,0.02
Area123SWVI (11) troll 244 692,,U_Sauk_R_SpSu,5016,0.67,NF_Nooksack_H,5016,0.19,Skagit_R,5016,0.13,Puntledge_F,7,0.00,L_Skagit_R_Fa,5016,0.00
Area123SWVI (11) troll 244 693,,Skagit_R,5016,0.77,U_Sauk_R_SpSu,5016,0.08,Soos_H,5020,0.03,Harrison,3,0.03,Feather_H_fa,5001,0.02
Area123SWVI (11) troll 244 694,,Abernathy_NFH_F,5008,0.40,Abernathy_Cr_Fa,5008,0.18,Spring_Cr_col,5030,0.15,Elochoman_R_Fa,5008,0.09,Washougal_R_Fa,5008,0.06
Area123SWVI (11) troll 244 695,,Chilliwack_F,3,0.81,Harrison,3,0.18,Chilliwac@Stav,3,0.00,,,,,,
Area123SWVI (11) troll 244 696,,Washougal_R_Fa,5008,0.58,Abernathy_NFH_F,5008,0.15,Green_R_Fa,5008,0.07,Spring_Cr_col,5030,0.04,NanaimoSu_BackX,7,0.02
Area123SWVI (11) troll 244 697,,Harrison,3,0.83,L_Deschutes_R,5004,0.04,Lyons_Ferry_H,5021,0.03,Chilliwack_F,3,0.03,S_Umpqua_H,5011,0.01
Area123SWVI (11) troll 244 698,Dupe with 955,Soos_H,5020,0.51,Clear_Cr_H,5020,0.46,George_Adams_H,5005,0.02,Samish_H,5016,0.01,Hamma_Hamma_R,5005,0.00
Area123SWVI (11) troll 244 699,Dupe with 954,Cowlitz_H_sp,5009,0.97,Washougal_R_Fa,5008,0.03,Cowlitz_H_fa,5008,0.00,Elochoman_R_Fa,5008,0.00,Big_Cr_H_Col,5030,0.00
Area123SWVI (11) troll 244 700,Dupe with 929,Chilliwack_F,3,1.00,Harrison,3,0.00,,,,,,,,,
Area123SWVI (11) troll 244 701,,Chilliwack_F,3,0.84,Harrison,3,0.16,Chilliwac@Stav,3,0.00,,,,,,
Area123SWVI (11) troll 244 702,,George_Adams_H,5005,0.52,Clear_Cr_H,5020,0.41,Cedar_R_SuFa,5020,0.05,Soos_H,5020,0.01,Samish_H,5016,0.00
Area123SWVI (11) troll 244 703,,Samish_H,5016,0.77,George_Adams_H,5005,0.11,Soos_H,5020,0.06,Hamma_Hamma_R,5005,0.04,Bear_Cr_SuFa,5020,0.01
Area123SWVI (11) troll 244 704,,Harrison,3,0.94,Chilliwack_F,3,0.05,Chilliwac@Stav,3,0.01,Hanford_Reach,5026,0.00,Priest_Rapid_H,5026,0.00
Area123SWVI (11) troll 244 705,,Spring_Cr_col,5030,0.97,Abernathy_NFH_F,5008,0.02,Big_Cr_H_Col,5030,0.01,Abernathy_Cr_Fa,5008,0.00,Elochoman_H,5030,0.00
Area123SWVI (11) troll 244 706,,Puntledge_F,7,0.60,Big_Qualicum,7,0.19,Puntledge_BackX,7,0.16,Cedar_R_SuFa,5020,0.02,Samish_H,5016,0.01
Area123SWVI (11) troll 244 707,,Chilliwack_F,3,1.00,Harrison,3,0.00,,,,,,,,,
Area123SWVI (11) troll 244 708,,Spring_Cr_col,5030,0.78,Cowlitz_H_fa,5008,0.13,Washougal_R_Fa,5008,0.03,Hanford_Reach,5026,0.01,Big_Cr_H_Col,5030,0.01
Area123SWVI (11) troll 244 709,Dupe with 934,Spring_Cr_col,5030,1.00,Big_Cr_H_Col,5030,0.00,Abernathy_Cr_Fa,5008,0.00,Abernathy_NFH_F,5008,0.00,,,
Area123SWVI (11) troll 244 710,,Harrison,3,0.93,Chilliwack_F,3,0.03,Lewis_R_Su,5008,0.01,Umpqua_H,5011,0.01,Skagit_R,5016,0.00
Area123SWVI (11) troll 244 711,,Spring_Cr_col,5030,0.90,Abernathy_NFH_F,5008,0.09,Washougal_R_Fa,5008,0.00,Cowlitz_H_fa,5008,0.00,Green_R_Fa,5008,0.00
Area123SWVI (11) troll 244 712,,Big_Cr_H_Col,5030,0.99,Abernathy_NFH_F,5008,0.01,Spring_Cr_col,5030,0.00,Elochoman_R_Fa,5008,0.00,Abernathy_Cr_Fa,5008,0.00
Area123SWVI (11) troll 244 713,Dupe with 916,Chilliwack_F,3,1.00,Harrison,3,0.00,,,,,,,,,
Area123SWVI (11) troll 244 714,,Nanaimo_SP,7,0.67,Puntledge_Su,7,0.18,Nanaimo_SU,7,0.15,Puntledge_BackX,7,0.00,Nanaimo_F,7,0.00
Area123SWVI (11) troll 244 715,,Spring_Cr_col,5030,0.23,Washougal_R_Fa,5008,0.23,Abernathy_NFH_F,5008,0.23,Cowlitz_H_fa,5008,0.11,Lewis_R_Su,5008,0.08
Area123SWVI (11) troll 244 716,,Cowlitz_H_sp,5009,0.99,Lewis_R_Su,5008,0.01,Umpqua_H,5011,0.00,McKenzie_H,5029,0.00,Cowlitz_H_fa,5008,0.00
Area123SWVI (11) troll 244 717,,Samish_H,5016,0.37,George_Adams_H,5005,0.30,Cedar_R_SuFa,5020,0.19,Clear_Cr_H,5020,0.05,Bear_Cr_SuFa,5020,0.04
Area123SWVI (11) troll 244 718,Dupe with 925,Spring_Cr_col,5030,1.00,Big_Cr_H_Col,5030,0.00,Abernathy_Cr_Fa,5008,0.00,Abernathy_NFH_F,5008,0.00,Cowlitz_H_fa,5008,0.00
Area123SWVI (11) troll 244 719,,Methow_R,5026,0.68,Umatilla_H_Fa,5026,0.19,Priest_Rapid_H,5026,0.12,Hanford_Reach,5026,0.00,L_Wh_Sal_H_SF,5026,0.00
Area123SWVI (11) troll 244 720,,Samish_H,5016,0.85,Cedar_R_SuFa,5020,0.03,Soos_H,5020,0.03,Clear_Cr_H,5020,0.03,Puntledge_F,7,0.02
Area123SWVI (11) troll 244 721,,Priest_Rapid_H,5026,0.37,Nez_PerceT_H,5021,0.35,Hanford_Reach,5026,0.23,Umatilla_H_Fa,5026,0.02,L_Wh_Sal_H_SF,5026,0.01
Area123SWVI (11) troll 244 722,,George_Adams_H,5005,0.33,Soos_H,5020,0.25,U_Sauk_R_SpSu,5016,0.16,Hamma_Hamma_R,5005,0.08,Clear_Cr_H,5020,0.07
Area123SWVI (11) troll 244 723,,U_Sauk_R_SpSu,5016,0.59,Harrison,3,0.36,Skagit_R,5016,0.03,Marblemount_HSp,5016,0.02,U_Skagit_R,5016,0.00
Area123SWVI (11) troll 244 724,,NF_Nooksack_H,5016,1.00,,,,,,,,,,,,
Area123SWVI (11) troll 244 725,,Spring_Cr_col,5030,0.96,Abernathy_NFH_F,5008,0.04,Big_Cr_H_Col,5030,0.00,,,,,,
Area123SWVI (11) troll 244 726,,Priest_Rapid_H,5026,0.75,Hanford_Reach,5026,0.14,Feather_H_fa,5001,0.08,Umatilla_H_Fa,5026,0.01,Methow_R,5026,0.01
Area123SWVI (11) troll 244 727,,Spring_Cr_col,5030,0.68,Abernathy_NFH_F,5008,0.23,Washougal_R_Fa,5008,0.07,Big_Cr_H_Col,5030,0.01,Abernathy_Cr_Fa,5008,0.01
Area123SWVI (11) troll 244 728,,Washougal_R_Fa,5008,0.60,Green_R_Fa,5008,0.29,Cowlitz_H_fa,5008,0.10,Cowlitz_H_sp,5009,0.00,Big_Cr_H_Col,5030,0.00
Area123SWVI (11) troll 244 729,,George_Adams_H,5005,0.95,Hamma_Hamma_R,5005,0.03,Clear_Cr_H,5020,0.01,NF_Skokomish_F,5005,0.01,Soos_H,5020,0.00
Area123SWVI (11) troll 244 730,Dupe with 966,Cedar_R_SuFa,5020,0.90,Clear_Cr_H,5020,0.07,Cheakamus,9,0.02,Skagit_R,5016,0.00,Harrison,3,0.00
Area123SWVI (11) troll 244 731,,Skagit_R,5016,0.42,U_Sauk_R_SpSu,5016,0.35,Samish_H,5016,0.14,Hamma_Hamma_R,5005,0.03,L_Skagit_R_Fa,5016,0.03
Area123SWVI (11) troll 244 732,,Spring_Cr_col,5030,0.80,Abernathy_NFH_F,5008,0.14,Big_Cr_H_Col,5030,0.03,Green_R_Fa,5008,0.02,Cowlitz_H_fa,5008,0.00
Area123SWVI (11) troll 244 733,,Samish_H,5016,0.47,Clear_Cr_H,5020,0.23,George_Adams_H,5005,0.21,Soos_H,5020,0.04,Bear_Cr_SuFa,5020,0.03
Area123SWVI (11) troll 244 734,,Chilliwack_F,3,0.71,Harrison,3,0.29,Chilliwac@Stav,3,0.00,,,,,,
Area123SWVI (11) troll 244 735,,Puntledge_F,7,0.73,Big_Qualicum,7,0.18,Cowichan,7,0.05,Puntledge_BackX,7,0.02,L_Qualicum,7,0.01
Area123SWVI (11) troll 244 736,Dupe with 957,Washougal_R_Fa,5008,0.59,Green_R_Fa,5008,0.30,Cowlitz_H_fa,5008,0.11,Lewis_R_LSu,5008,0.00,Hanford_Reach,5026,0.00
Area123SWVI (11) troll 244 737,,Cowlitz_H_sp,5009,0.64,Lewis_R_Su,5008,0.22,Cowlitz_H_fa,5008,0.06,Abernathy_Cr_Fa,5008,0.04,Washougal_R_Fa,5008,0.03
Area123SWVI (11) troll 244 738,Dupe with 915,Cowlitz_H_sp,5009,0.97,Washougal_R_Fa,5008,0.03,Cowlitz_H_fa,5008,0.00,Elochoman_R_Fa,5008,0.00,Big_Cr_H_Col,5030,0.00
Area123SWVI (11) troll 244 739,Dupe with 914,Soos_H,5020,0.50,Clear_Cr_H,5020,0.45,George_Adams_H,5005,0.03,Samish_H,5016,0.02,Hamma_Hamma_R,5005,0.00
Area123SWVI (11) troll 244 740,Dupe with 962,George_Adams_H,5005,0.82,Grovers_Cr_H,5020,0.10,Bear_Cr_SuFa,5020,0.04,Hamma_Hamma_R,5005,0.03,Soos_H,5020,0.01
Area123SWVI (11) troll 244 741,Dupe with 952,Washougal_R_Fa,5008,0.59,Green_R_Fa,5008,0.30,Cowlitz_H_fa,5008,0.11,Cowlitz_H_sp,5009,0.00,Lewis_R_LSu,5008,0.00
Area123SWVI (11) troll 244 742,,Butte_Cr_f,5001,0.89,Feather_H_fa,5001,0.11,Nez_PerceT_H,5021,0.00,Feather_H_sp,5002,0.00,Spring_Cr_col,5030,0.00
Area123SWVI (11) troll 244 743,,Big_Cr_H_Col,5030,0.50,Spring_Cr_col,5030,0.41,Abernathy_NFH_F,5008,0.07,Green_R_Fa,5008,0.02,Cowlitz_H_fa,5008,0.00
Area123SWVI (11) troll 244 744,,Puntledge_F,7,0.71,Big_Qualicum,7,0.19,Cowichan,7,0.05,Puntledge_BackX,7,0.04,L_Qualicum,7,0.00
Area123SWVI (11) troll 244 745,,NF_Nooksack_H,5016,1.00,,,,,,,,,,,,
Area123SWVI (11) troll 244 746,Dupe with 956,George_Adams_H,5005,0.83,Grovers_Cr_H,5020,0.09,Bear_Cr_SuFa,5020,0.04,Hamma_Hamma_R,5005,0.03,Soos_H,5020,0.01
Area123SWVI (11) troll 244 747,,Samish_H,5016,0.34,Abernathy_NFH_F,5008,0.16,Washougal_R_Fa,5008,0.16,Spring_Cr_col,5030,0.13,Green_R_Fa,5008,0.09
Area123SWVI (11) troll 244 748,,Hanford_Reach,5026,0.93,Umatilla_H_Fa,5026,0.04,Priest_Rapids_H,5026,0.01,Sandy_R,5008,0.01,Big_Cr_H_Col,5030,0.00
Area123SWVI (11) troll 244 749,,George_Adams_H,5005,0.41,Hamma_Hamma_R,5005,0.35,NF_Skokomish_F,5005,0.14,Clear_Cr_H,5020,0.05,Soos_H,5020,0.04
Area123SWVI (11) troll 244 750,Dupe with 946,Cedar_R_SuFa,5020,0.90,Clear_Cr_H,5020,0.07,Cheakamus,9,0.02,Skagit_R,5016,0.01,Harrison,3,0.00
Area123SWVI (11) troll 244 751,,Spring_Cr_col,5030,0.58,Abernathy_NFH_F,5008,0.16,Washougal_R_Fa,5008,0.14,Abernathy_Cr_Fa,5008,0.09,Green_R_Fa,5008,0.02
Area123SWVI (11) troll 244 752,,Harrison,3,0.96,Chilliwack_F,3,0.02,U_Sauk_R_SpSu,5016,0.01,Dungeness_R,5006,0.00,Clear_Cr_H,5020,0.00
Area123SWVI (11) troll 244 753,,Chilliwack_F,3,0.78,Harrison,3,0.22,Cedar_R_SuFa,5020,0.00,Bear_Cr_SuFa,5020,0.00,Soos_H,5020,0.00
Area123SWVI (11) troll 244 754,,Washougal_R_Fa,5008,0.91,Green_R_Fa,5008,0.03,Abernathy_NFH_F,5008,0.03,Abernathy_Cr_Fa,5008,0.02,Lewis_R_Su,5008,0.01
Area123SWVI (11) troll 244 755,,George_Adams_H,5005,0.47,Cedar_R_SuFa,5020,0.46,Hamma_Hamma_R,5005,0.03,Samish_H,5016,0.03,Clear_Cr_H,5020,0.01
Area123SWVI (11) troll 244 756,,Chilliwack_F,3,0.81,Harrison,3,0.18,Soos_H,5020,0.00,Cedar_R_SuFa,5020,0.00,Skagit_R,5016,0.00
Area123SWVI (11) troll 244 757,,George_Adams_H,5005,0.75,Hamma_Hamma_R,5005,0.24,NF_Skokomish_F,5005,0.00,Cedar_R_SuFa,5020,0.00,Bear_Cr_SuFa,5020,0.00
Area123SWVI (11) troll 244 758,,Priest_Rapid_H,5026,0.78,Hanford_Reach,5026,0.15,Nez_PerceT_H,5021,0.04,Methow_R,5026,0.01,L_Wh_Sal_H_SF,5026,0.01
Area123SWVI (11) troll 244 759,,Chilliwack_F,3,0.85,Harrison,3,0.15,Chilliwac@Stav,3,0.00,Little_R,5,0.00,Hanford_Reach,5026,0.00
Area123SWVI (11) troll 244 760,,Hanford_Reach,5026,0.79,Priest_Rapid_H,5026,0.18,Umatilla_H_Fa,5026,0.01,Skagit_R,5016,0.01,Washougal_R_Fa,5008,0.01
Area123SWVI (11) troll 244 761,,Harrison,3,0.93,Chilliwack_F,3,0.07,Chilliwac@Stav,3,0.00,,,,,,
Area123SWVI (11) troll 244 762,,Feather_H_fa,5001,0.80,Butte_Cr_f,5001,0.16,Umatilla_H_Fa,5026,0.01,U_Sauk_R_SpSu,5016,0.01,Lewis_R_Su,5008,0.01
Area123SWVI (11) troll 244 763,,Clear_Cr_H,5020,0.28,Soos_H,5020,0.23,Cedar_R_SuFa,5020,0.12,George_Adams_H,5005,0.12,Bear_Cr_SuFa,5020,0.11
Area123SWVI (11) troll 244 764,,George_Adams_H,5005,0.62,Samish_H,5016,0.25,Hamma_Hamma_R,5005,0.11,Soos_H,5020,0.01,NF_Skokomish_F,5005,0.01
Area123SWVI (11) troll 244 765,,Chilliwack_F,3,1.00,Harrison,3,0.00,,,,,,,,,
Area123SWVI (11) troll 244 766,,Chilliwack_F,3,0.92,Harrison,3,0.08,Chilliwac@Stav,3,0.00,,,,,,
Area123SWVI (11) troll 244 767,,Harrison,3,0.88,Chilliwack_F,3,0.12,Chilliwac@Stav,3,0.00,,,,,,
Area123SWVI (11) troll 244 768,,Chilliwack_F,3,0.55,Skagit_R,5016,0.16,Harrison,3,0.14,U_Sauk_R_SpSu,5016,0.11,Marblemount_HSp,5016,0.01
Area123SWVI (11) troll 244 769,,Harrison,3,1.00,Chilliwack_F,3,0.00,,,,,,,,,
Area123SWVI (11) troll 244 770,,Big_Cr_H_Col,5030,0.48,Spring_Cr_col,5030,0.22,Abernathy_NFH_F,5008,0.21,Green_R_Fa,5008,0.04,Washougal_R_Fa,5008,0.04
Area123SWVI (11) troll 244 771,,Washougal_R_Fa,5008,0.93,Green_R_Fa,5008,0.06,Coweeman_R_Fa,5008,0.01,Lewis_R_Su,5008,0.01,Elochoman_R_Fa,5008,0.00
Area123SWVI (11) troll 244 772,,Washougal_R_Fa,5008,0.44,Coweeman_R_Fa,5008,0.40,Sandy_R,5008,0.13,Lewis_R_Su,5008,0.02,Cowlitz_H_fa,5008,0.01
Area123SWVI (11) troll 244 773,,Samish_H,5016,0.60,Soos_H,5020,0.16,Cedar_R_SuFa,5020,0.10,Hamma_Hamma_R,5005,0.05,Harrison,3,0.02
Area123SWVI (11) troll 244 774,,Spring_Cr_col,5030,0.50,Abernathy_NFH_F,5008,0.46,Big_Cr_H_Col,5030,0.02,Abernathy_Cr_Fa,5008,0.01,Lewis_R_Su,5008,0.00
Area123SWVI (11) troll 244 775,,George_Adams_H,5005,0.87,Hamma_Hamma_R,5005,0.10,Samish_H,5016,0.01,NF_Skokomish_F,5005,0.01,Bear_Cr_SuFa,5020,0.00
Area123SWVI (11) troll 244 776,,Spring_Cr_col,5030,0.97,Big_Cr_H_Col,5030,0.02,Abernathy_NFH_F,5008,0.01,Lewis_R_Su,5008,0.00,Green_R_Fa,5008,0.00
Area123SWVI (11) troll 244 777,,Harrison,3,0.99,Chilliwack_F,3,0.01,,,,,,,,,
Area123SWVI (11) troll 244 778,,Spring_Cr_col,5030,0.73,Abernathy_NFH_F,5008,0.18,Big_Cr_H_Col,5030,0.08,Abernathy_Cr_Fa,5008,0.00,Washougal_R_Fa,5008,0.00
Area123SWVI (11) troll 244 779,,Lewis_R_Su,5008,0.59,Cowlitz_H_sp,5009,0.28,Green_R_Fa,5008,0.09,Cowlitz_H_fa,5008,0.02,Abernathy_Cr_Fa,5008,0.01
Area123SWVI (11) troll 244 780,,Soos_H,5020,0.54,Clear_Cr_H,5020,0.13,Hamma_Hamma_R,5005,0.12,Cedar_R_SuFa,5020,0.07,George_Adams_H,5005,0.06
Area123SWVI (11) troll 244 781,,Lewis_R_Su,5008,0.37,Washougal_R_Fa,5008,0.25,Cowlitz_H_fa,5008,0.21,Abernathy_Cr_Fa,5008,0.13,Spring_Cr_col,5030,0.01
Area123SWVI (11) troll 244 782,,Chilliwack_F,3,0.49,Harrison,3,0.48,Chilliwac@Stav,3,0.02,Umpqua_H,5011,0.00,Big_Qualicum,7,0.00
Area123SWVI (11) troll 244 783,,Harrison,3,0.94,Green_R_Fa,5008,0.02,Washougal_R_Fa,5008,0.02,Lewis_R_Su,5008,0.01,Hanford_Reach,5026,0.01
Area123SWVI (11) troll 244 784,,George_Adams_H,5005,0.60,Hamma_Hamma_R,5005,0.17,Samish_H,5016,0.16,Clear_Cr_H,5020,0.03,Cedar_R_SuFa,5020,0.02
Area123SWVI (11) troll 244 785,,Chilliwack_F,3,0.79,Harrison,3,0.17,Bear_Cr_SuFa,5020,0.03,Chilliwac@Stav,3,0.01,Soos_H,5020,0.00
Area123SWVI (11) troll 244 786,,George_Adams_H,5005,0.46,Samish_H,5016,0.16,Clear_Cr_H,5020,0.12,Bear_Cr_SuFa,5020,0.09,Soos_H,5020,0.08
Area123SWVI (11) troll 244 787,,Samish_H,5016,0.67,George_Adams_H,5005,0.24,Soos_H,5020,0.05,Hamma_Hamma_R,5005,0.02,Cedar_R_SuFa,5020,0.01
Area123SWVI (11) troll 244 788,,Harrison,3,0.99,Chilliwack_F,3,0.01,,,,,,,,,
Area123SWVI (11) troll 244 789,,Lewis_R_Su,5008,0.78,Green_R_Fa,5008,0.08,Cowlitz_H_fa,5008,0.07,Cowlitz_H_sp,5009,0.03,Washougal_R_Fa,5008,0.03
Area123SWVI (11) troll 244 790,,Cedar_R_SuFa,5020,0.37,Bear_Cr_SuFa,5020,0.20,George_Adams_H,5005,0.17,Samish_H,5016,0.14,Soos_H,5020,0.04
Area123SWVI (11) troll 244 791,,U_Sauk_R_SpSu,5016,0.51,Soos_H,5020,0.13,George_Adams_H,5005,0.07,Skagit_R,5016,0.07,Samish_H,5016,0.06
Area123SWVI (11) troll 244 792,,Harrison,3,0.92,Chilliwack_F,3,0.07,Chilliwac@Stav,3,0.01,Washougal_R_Fa,5008,0.00,Umpqua_H,5011,0.00
Area123SWVI (11) troll 244 793,,S_Coos_R,5011,0.18,Nez_PerceT_H,5021,0.15,Hanford_Reach,5026,0.13,L_Wh_Sal_H_SF,5026,0.10,Washougal_R_Fa,5008,0.07
Area123SWVI (11) troll 244 794,,Spring_Cr_col,5030,0.99,Big_Cr_H_Col,5030,0.00,Abernathy_NFH_F,5008,0.00,Abernathy_Cr_Fa,5008,0.00,Washougal_R_Fa,5008,0.00
Area123SWVI (11) troll 244 795,,Cedar_R_SuFa,5020,0.50,George_Adams_H,5005,0.29,Samish_H,5016,0.11,Bear_Cr_SuFa,5020,0.07,Skagit_R,5016,0.02
Area123SWVI (11) troll 244 796,,Spring_Cr_col,5030,0.98,Big_Cr_H_Col,5030,0.02,Abernathy_Cr_Fa,5008,0.00,,,,,,
Area123SWVI (11) troll 244 797,,Abernathy_NFH_F,5008,0.54,Spring_Cr_col,5030,0.45,Big_Cr_H_Col,5030,0.01,,,,,,
Area123SWVI (11) troll 244 798,,Cedar_R_SuFa,5020,0.38,Clear_Cr_H,5020,0.17,Bear_Cr_SuFa,5020,0.17,Samish_H,5016,0.09,George_Adams_H,5005,0.09
Area123SWVI (11) troll 244 799,,George_Adams_H,5005,0.24,Bear_Cr_SuFa,5020,0.24,Soos_H,5020,0.19,Hamma_Hamma_R,5005,0.13,Samish_H,5016,0.08
Area123SWVI (11) troll 244 800,,George_Adams_H,5005,0.62,Hamma_Hamma_R,5005,0.28,Soos_H,5020,0.04,NF_Skokomish_F,5005,0.04,Clear_Cr_H,5020,0.01
Area123SWVI (11) troll 244 801,,U_Sauk_R_SpSu,5016,0.55,Skagit_R,5016,0.15,Soos_H,5020,0.07,NF_Nooksack_H,5016,0.06,Bear_Cr_SuFa,5020,0.03
Area123SWVI (11) troll 244 802,,Big_Cr_H_Col,5030,0.87,Lewis_R_Su,5008,0.07,Washougal_R_Fa,5008,0.02,Cowlitz_H_sp,5009,0.01,Abernathy_Cr_Fa,5008,0.01
Area123SWVI (11) troll 244 803,,Chilliwack_F,3,0.93,Harrison,3,0.06,Little_R,5,0.00,Chilliwac@Stav,3,0.00,Nez_PerceT_H,5021,0.00
Area123SWVI (11) troll 244 804,,Spring_Cr_col,5030,0.30,Abernathy_NFH_F,5008,0.23,Washougal_R_Fa,5008,0.20,Lewis_R_Su,5008,0.13,Cowlitz_H_fa,5008,0.10
Area123SWVI (11) troll 244 805,,Clear_Cr_H,5020,0.35,Cedar_R_SuFa,5020,0.28,Soos_H,5020,0.11,Samish_H,5016,0.09,Bear_Cr_SuFa,5020,0.09
Area123SWVI (11) troll 244 806,,Lyons_Ferry_H,5021,0.52,Nez_PerceT_H,5021,0.43,L_Deschutes_R,5004,0.01,L_Skagit_R_Fa,5016,0.01,Hanford_Reach,5026,0.00
Area123SWVI (11) troll 244 807,,Washougal_R_Fa,5008,0.42,Cowlitz_H_fa,5008,0.20,Abernathy_NFH_F,5008,0.16,Green_R_Fa,5008,0.07,Spring_Cr_col,5030,0.07
Area123SWVI (11) troll 244 808,,Harrison,3,0.40,U_Sauk_R_SpSu,5016,0.24,Skagit_R,5016,0.22,Chilliwack_F,3,0.09,Chilliwac@Stav,3,0.02
Area123SWVI (11) troll 244 809,,Spring_Cr_col,5030,0.97,Abernathy_NFH_F,5008,0.02,Big_Cr_H_Col,5030,0.00,,,,,,
Area123SWVI (11) troll 244 810,,Skagit_R,5016,0.47,U_Sauk_R_SpSu,5016,0.30,Green_R_Fa,5008,0.12,Lewis_R_Su,5008,0.07,Abernathy_Cr_Fa,5008,0.01
Area123SWVI (11) troll 244 811,,L_Wh_Sal_H_SF,5026,0.33,Lyons_Ferry_H,5021,0.33,Hanford_Reach,5026,0.33,Umatilla_H_Fa,5026,0.01,Methow_R,5026,0.00
Area123SWVI (11) troll 244 812,,Chilliwack_F,3,0.80,Harrison,3,0.20,Chilliwac@Stav,3,0.00,,,,,,
Area123SWVI (11) troll 244 813,,Harrison,3,0.92,Chilliwack_F,3,0.05,Little_R,5,0.01,NF_Skokomish_F,5005,0.00,George_Adams_H,5005,0.00
Area123SWVI (11) troll 244 815,,Priest_Rapid_H,5026,0.59,Hanford_Reach,5026,0.34,Umatilla_H_Fa,5026,0.07,Methow_R,5026,0.00,Lyons_Ferry_H,5021,0.00
Area123SWVI (11) troll 244 816,,Big_Cr_H_Col,5030,0.49,Spring_Cr_col,5030,0.30,Abernathy_NFH_F,5008,0.21,Abernathy_Cr_Fa,5008,0.00,Cowlitz_H_fa,5008,0.00
Area123SWVI (11) troll 244 817,,Skagit_R,5016,1.00,U_Sauk_R_SpSu,5016,0.00,Marblemount_HSp,5016,0.00,,,,,,
Area123SWVI (11) troll 244 818,,Nez_PerceT_H,5021,0.29,Chilliwack_F,3,0.21,Hanford_Reach,5026,0.17,Harrison,3,0.16,Lyons_Ferry_H,5021,0.13
Area123SWVI (11) troll 244 819,,Spring_Cr_col,5030,0.84,Abernathy_NFH_F,5008,0.14,Big_Cr_H_Col,5030,0.01,Elochoman_R_Fa,5008,0.00,Washougal_R_Fa,5008,0.00
Area123SWVI (11) troll 244 820,,Big_Cr_H_Col,5030,0.52,Spring_Cr_col,5030,0.40,Abernathy_NFH_F,5008,0.08,Cowlitz_H_fa,5008,0.00,,,
Area123SWVI (11) troll 244 821,,S_Coos_R,5011,0.44,Umpqua_H,5011,0.25,Harrison,3,0.13,S_Umpqua_H,5011,0.09,Sol_Duc_H,5028,0.04
Area123SWVI (11) troll 244 822,,Samish_H,5016,0.49,George_Adams_H,5005,0.33,Cedar_R_SuFa,5020,0.07,Soos_H,5020,0.03,Clear_Cr_H,5020,0.02
Area123SWVI (11) troll 244 823,,Harrison,3,0.69,Priest_Rapid_H,5026,0.10,Chilliwack_F,3,0.09,Umatilla_H_Fa,5026,0.02,L_Wh_Sal_H_SF,5026,0.02
Area123SWVI (11) troll 244 824,,Washougal_R_Fa,5008,0.57,Green_R_Fa,5008,0.41,Abernathy_Cr_Fa,5008,0.01,Cowlitz_H_fa,5008,0.01,Lewis_R_Su,5008,0.00
Area123SWVI (11) troll 244 825,,Soos_H,5020,0.24,Cedar_R_SuFa,5020,0.21,George_Adams_H,5005,0.18,Hamma_Hamma_R,5005,0.17,Clear_Cr_H,5020,0.08
Area123SWVI (11) troll 244 826,,NF_Nooksack_H,5016,1.00,,,,,,,,,,,,
Area123SWVI (11) troll 244 827,,Samish_H,5016,0.92,George_Adams_H,5005,0.04,Soos_H,5020,0.02,Hamma_Hamma_R,5005,0.01,Cedar_R_SuFa,5020,0.01
Area123SWVI (11) troll 244 828,,Feather_H_fa,5001,0.43,Butte_Cr_f,5001,0.25,Little_R,5,0.12,Hanford_Reach,5026,0.08,Feather_H_sp,5002,0.04
,,,,,,,,,,,,,,,,
Sample: 26, Area124,2011, troll, Aug11-Aug14,,,,,,,,,,,,
Area124 (11) troll 223 1,,Salmon_R_f,5015,0.42,Forks_Cr_H,5028,0.32,Trask_R,5015,0.20,S_Umpqua_H,5011,0.03,Humptulips_H,5028,0.01
Area124 (11) troll 223 10,,Harrison,3,0.41,Forks_Cr_H,5028,0.31,Salmon_R_f,5015,0.13,S_Umpqua_H,5011,0.04,Hoh_R,5028,0.03
Area124 (11) troll 223 11,Dupe with 13,Little_R,5,1.00,L_Thompson,5,0.00,,,,,,,,,
Area124 (11) troll 223 12,Dupe with 8,Little_R,5,1.00,L_Thompson,5,0.00,L_Adams,5,0.00,,,,,,
Area124 (11) troll 223 13,Dupe with 11 9,Little_R,5,1.00,L_Thompson,5,0.00,,,,,,,,,
Area124 (11) troll 223 14,,Little_R,5,0.77,L_Thompson,5,0.23,South_Thom,5,0.00,L_Adams,5,0.00,,,
Area124 (11) troll 223 15,Dupe with 17,Priest_Rapids_H,5026,0.50,Hanford_Reach,5026,0.29,Umatilla_H_Fa,5026,0.13,Umatilla_H,5026,0.08,Marion_Drain_Fa,5026,0.00
Area124 (11) troll 223 16,,Harrison,3,0.52,Little_R,5,0.25,Chilliwack_F,3,0.17,Forks_Cr_H,5028,0.04,U_Skagit_R,5016,0.01
Area124 (11) troll 223 17,Dupe with 15,Priest_Rapids_H,5026,0.50,Hanford_Reach,5026,0.29,Umatilla_H_Fa,5026,0.13,Umatilla_H,5026,0.08,Priest_Rapid_H,5026,0.00
Area124 (11) troll 223 19,,Harrison,3,0.65,Chilliwack_F,3,0.29,Chilliwac@Stav,3,0.05,Capilano,9,0.00,Kitlope,10,0.00
Area124 (11) troll 223 2,,Salmon_R_f,5015,0.46,Forks_Cr_H,5028,0.31,Trask_R,5015,0.21,Millicoma_R,5011,0.01,Necanicum_H,5015,0.00
Area124 (11) troll 223 21,,Priest_Rapids_H,5026,0.59,Wenatchee_R_SF,5026,0.23,Hanford_Reach,5026,0.12,Umatilla_H_Fa,5026,0.05,Marion_Drain_Fa,5026,0.01
Area124 (11) troll 223 22,,Wenatchee_R_SF,5026,1.00,Priest_Rapids_H,5026,0.00,Little_R,5,0.00,Umatilla_H,5026,0.00,Methow_R,5026,0.00
Area124 (11) troll 223 23,,Harrison,3,0.46,Chilliwack_F,3,0.34,Green_R_Fa,5008,0.09,Washougal_R_Fa,5008,0.05,Elochoman_H,5030,0.02
Area124 (11) troll 223 24,,Chilliwack_F,3,0.41,Big_Cr_H_Col,5030,0.24,Chilliwac@Stav,3,0.07,Capilano,9,0.05,Harrison,3,0.03
Area124 (11) troll 223 25,,Chilliwack_F,3,0.54,Harrison,3,0.44,Chilliwac@Stav,3,0.02,Forks_Cr_H,5028,0.00,Bear_Cr_SuFa,5020,0.00
Area124 (11) troll 223 26,,Harrison,3,0.56,Chilliwack_F,3,0.44,,,,,,,,,
Area124 (11) troll 223 27,,Chilliwack_F,3,0.61,Harrison,3,0.38,Little_R,5,0.00,Chilliwac@Stav,3,0.00,L_Thompson,5,0.00
Area124 (11) troll 223 28,,Chilliwack_F,3,0.54,Harrison,3,0.38,L_Thompson,5,0.07,Little_R,5,0.00,Priest_Rapids_H,5026,0.00
Area124 (11) troll 223 29,,Chilliwack_F,3,0.66,Harrison,3,0.29,Chilliwac@Stav,3,0.05,,,,,,
Area124 (11) troll 223 3,,Big_Cr_H_Col,5030,0.79,Spring_Cr_col,5030,0.15,Abernathy_NFH_F,5008,0.04,Elochoman_H,5030,0.02,Green_R_Fa,5008,0.00
Area124 (11) troll 223 30,,Harrison,3,0.79,Chilliwack_F,3,0.06,Chilliwac@Stav,3,0.04,Salmon_R_f,5015,0.04,Forks_Cr_H,5028,0.04
Area124 (11) troll 223 31,,Green_R_Fa,5008,0.79,Big_Cr_H_Col,5030,0.16,Spring_Cr_col,5030,0.02,Wenatchee_R_SF,5026,0.01,Hanford_Reach,5026,0.01
Area124 (11) troll 223 32,,L_Thompson,5,0.77,Harrison,3,0.16,Exstew_R,23,0.05,Little_R,5,0.01,Ishkheenickh,11,0.00
Area124 (11) troll 223 33,,Little_R,5,1.00,L_Thompson,5,0.00,Priest_Rapids_H,5026,0.00,South_Thom,5,0.00,,,
Area124 (11) troll 223 34,,Harrison,3,0.86,Chilliwack_F,3,0.14,,,,,,,,,
Area124 (11) troll 223 35,,Green_R_Fa,5008,0.82,Big_Cr_H_Col,5030,0.12,Washougal_R_Fa,5008,0.04,Lewis_R_Su,5008,0.01,Spring_Cr_col,5030,0.00
Area124 (11) troll 223 36,,Little_R,5,0.98,L_Thompson,5,0.02,Harrison,3,0.00,L_Adams,5,0.00,South_Thom,5,0.00
Area124 (11) troll 223 4,,Gold_R,8,1.00,,,,,,,,,,,,
Area124 (11) troll 223 5,,Wenatchee_R_SF,5026,0.93,Nez_PerceT_H,5021,0.05,Hanford_Reach,5026,0.01,Wells_H,5026,0.00,Umatilla_H,5026,0.00
Area124 (11) troll 223 6,,Priest_Rapids_H,5026,0.66,Hanford_Reach,5026,0.29,Nez_PerceT_H,5021,0.04,Wenatchee_R_SF,5026,0.01,Washougal_R_Fa,5008,0.00
Area124 (11) troll 223 7,,Elk_H,5011,0.81,Sixes_R,5011,0.17,S_Umpqua_H,5011,0.01,Coquille_R,5011,0.01,,,
Area124 (11) troll 223 8,Dupe with 12,Little_R,5,1.00,L_Thompson,5,0.00,,,,,,,,,
Area124 (11) troll 223 9,Dupe with 13,Little_R,5,1.00,L_Thompson,5,0.00,,,,,,,,,
Area124 (11) troll 224 37,,George_Adams_H,5005,0.74,Bear_Cr_SuFa,5020,0.13,Cedar_R_SuFa,5020,0.07,Soos_H,5020,0.02,Hamma_Hamma_R,5005,0.01
Area124 (11) troll 224 38,,Salmon_R_f,5015,0.47,Trask_R,5015,0.19,Forks_Cr_H,5028,0.14,Coquille_R,5011,0.08,Sixes_R,5011,0.06
Area124 (11) troll 224 39,,Big_Cr_H_Col,5030,0.77,Spring_Cr_col,5030,0.16,Abernathy_NFH_F,5008,0.04,Elochoman_H,5030,0.02,Green_R_Fa,5008,0.01
Area124 (11) troll 224 40,,Sarita,8,0.93,Gold_R,8,0.04,Kaouk_R,8,0.03,Sooke,8,0.00,,,
Area124 (11) troll 224 41,,Wenatchee_R_SF,5026,0.96,Nez_PerceT_H,5021,0.03,Wells_H,5026,0.01,Hanford_Reach,5026,0.00,Priest_Rapids_H,5026,0.00
Area124 (11) troll 224 42,,Wenatchee_R_SF,5026,0.59,Hanford_Reach,5026,0.32,Marion_Drain_Fa,5026,0.08,Nez_PerceT_H,5021,0.01,L_Wh_Sal_H_SF,5026,0.00
Area124 (11) troll 224 43,,George_Adams_H,5005,0.73,Bear_Cr_SuFa,5020,0.11,Cedar_R_SuFa,5020,0.06,Hamma_Hamma_R,5005,0.04,Clear_Cr_H,5020,0.03
Area124 (11) troll 224 44,,Green_R_Fa,5008,0.89,Washougal_R_Fa,5008,0.09,Cowlitz_H_sp,5009,0.01,Hamma_Hamma_R,5005,0.00,Klickitat_R_sp,5010,0.00
Area124 (11) troll 224 45,,George_Adams_H,5005,0.77,Bear_Cr_SuFa,5020,0.10,Cedar_R_SuFa,5020,0.04,Hamma_Hamma_R,5005,0.03,U_Skagit_R,5016,0.02
Area124 (11) troll 226 46,,George_Adams_H,5005,0.76,Bear_Cr_SuFa,5020,0.12,Cedar_R_SuFa,5020,0.08,Hamma_Hamma_R,5005,0.03,Soos_H,5020,0.01
Area124 (11) troll 226 47,,George_Adams_H,5005,0.51,Bear_Cr_SuFa,5020,0.10,Cedar_R_SuFa,5020,0.07,Kitlope,10,0.07,U_Skagit_R,5016,0.05
Area124 (11) troll 226 48,,Big_Cr_H_Col,5030,0.71,Lewis_R_f,5008,0.05,Washougal_R_Fa,5008,0.05,Lewis_R_Su,5008,0.04,Nez_PerceT_H,5021,0.04
Area124 (11) troll 226 49,,Little_R,5,1.00,L_Thompson,5,0.00,L_Shuswap,5,0.00,,,,,,
Area124 (11) troll 226 50,Dupe with 49,Green_R_Fa,5008,0.86,Washougal_R_Fa,5008,0.14,Cowlitz_H_fa,5008,0.00,,,,,,
Area124 (11) troll 226 51,Dupe with 48,Green_R_Fa,5008,0.86,Washougal_R_Fa,5008,0.14,Cowlitz_H_fa,5008,0.00,,,,,,
Area124SWVI (11) troll 126 25,Number of missing Loci exceeded,,,,,,,,,,,,,,,
,,,,,,,,,,,,,,,,
Sample: 27, Area124SWVI,2011, troll, May06-May10,,,,,,,,,,,,
Area124SWVI (11) troll 130 1,,Wells_H,5026,0.81,Hanford_Reach,5026,0.10,Methow_R,5026,0.09,Umatilla_H_Fa,5026,0.00,Priest_Rapids_H,5026,0.00
Area124SWVI (11) troll 130 10,,L_Adams,5,0.74,L_Thompson,5,0.11,South_Thom,5,0.09,Little_R,5,0.03,Hanford_Reach,5026,0.02
Area124SWVI (11) troll 130 11,,Marblemount_HSp,5016,1.00,,,,,,,,,,,,
Area124SWVI (11) troll 130 12,,N_Santiam_H,5029,0.92,Elochoman_R_Fa,5008,0.08,Washougal_R_Fa,5008,0.00,Elochoman_H,5030,0.00,,,
Area124SWVI (11) troll 130 13,,N_Santiam_H,5029,0.97,Elochoman_R_Fa,5008,0.03,,,,,,,,,
Area124SWVI (11) troll 130 14,,Wells_H,5026,0.81,Elochoman_H,5030,0.06,Washougal_R_Fa,5008,0.05,Umatilla_H_Fa,5026,0.05,Umatilla_H,5026,0.02
Area124SWVI (11) troll 130 15,,Elochoman_H,5030,0.46,Spring_Cr_col,5030,0.27,Washougal_R_Fa,5008,0.19,Abernathy_Cr_Fa,5008,0.03,Green_R_Fa,5008,0.03
Area124SWVI (11) troll 130 16,,Hamma_Hamma_R,5005,0.50,NF_Skokomish_F,5005,0.32,Soos_H,5020,0.15,Clear_Cr_H,5020,0.03,Bear_Cr_SuFa,5020,0.00
Area124SWVI (11) troll 130 17,,Marblemount_HSp,5016,1.00,U_Sauk_R_SpSu,5016,0.00,Marblemount_Hsu,5016,0.00,,,,,,
Area124SWVI (11) troll 130 18,,Wells_H,5026,0.62,Clear_Cr_H,5020,0.11,Hanford_Reach,5026,0.08,Hamma_Hamma_R,5005,0.04,Methow_R,5026,0.04
Area124SWVI (11) troll 130 19,,Wells_H,5026,0.88,Hanford_Reach,5026,0.06,Methow_R,5026,0.06,Harrison,3,0.00,L_Wh_Sal_H_SF,5026,0.00
Area124SWVI (11) troll 130 2,,Harrison,3,1.00,,,,,,,,,,,,
Area124SWVI (11) troll 130 20,,Wells_H,5026,0.96,Umatilla_H_Fa,5026,0.02,Umatilla_H,5026,0.02,Elochoman_H,5030,0.00,Hanford_Reach,5026,0.00
Area124SWVI (11) troll 130 21,,N_Santiam_H,5029,1.00,Kalama_H_sp,5009,0.00,,,,,,,,,
Area124SWVI (11) troll 130 22,,Spring_Cr_col,5030,0.36,Elochoman_H,5030,0.25,Washougal_R_Fa,5008,0.19,Elochoman_R_Fa,5008,0.09,Green_R_Fa,5008,0.06
Area124SWVI (11) troll 130 23,,Clear_Cr_H,5020,0.54,Hamma_Hamma_R,5005,0.40,Soos_H,5020,0.02,Samish_H,5016,0.01,Voights_H,5020,0.01
Area124SWVI (11) troll 130 3,,N_Santiam_H,5029,0.88,Elochoman_R_Fa,5008,0.11,Washougal_R_Fa,5008,0.01,,,,,,
Area124SWVI (11) troll 130 4,,Wells_H,5026,0.80,Hanford_Reach,5026,0.10,Methow_R,5026,0.09,Spring_Cr_col,5030,0.00,Samish_H,5016,0.00
Area124SWVI (11) troll 130 5,,Harrison,3,1.00,,,,,,,,,,,,
Area124SWVI (11) troll 130 50,,Wells_H,5026,0.91,Methow_R,5026,0.09,Hanford_Reach,5026,0.00,,,,,,
Area124SWVI (11) troll 130 51,,Wells_H,5026,0.86,N_Santiam_H,5029,0.10,Methow_R,5026,0.02,Hanford_Reach,5026,0.01,Marion_Drain_Fa,5026,0.00
Area124SWVI (11) troll 130 52,,Marblemount_HSp,5016,0.99,U_Sauk_R,5016,0.01,U_Skagit_R,5016,0.00,Hamma_Hamma_R,5005,0.00,,,
Area124SWVI (11) troll 130 53,,Elochoman_H,5030,0.52,Spring_Cr_col,5030,0.44,Elochoman_R_Fa,5008,0.03,Green_R_Fa,5008,0.00,Washougal_R_Fa,5008,0.00
Area124SWVI (11) troll 130 54,,Wells_H,5026,0.96,Methow_R,5026,0.02,Marion_Drain_Fa,5026,0.02,Umatilla_H_Fa,5026,0.00,Hanford_Reach,5026,0.00
Area124SWVI (11) troll 130 55,,Clear_Cr_H,5020,0.44,Samish_H,5016,0.30,Harrison,3,0.10,NF_Skokomish_F,5005,0.07,Bear_Cr_SuFa,5020,0.04
Area124SWVI (11) troll 130 56,,Clear_Cr_H,5020,0.40,Samish_H,5016,0.28,NF_Skokomish_F,5005,0.14,Hamma_Hamma_R,5005,0.07,Bear_Cr_SuFa,5020,0.05
Area124SWVI (11) troll 130 57,,Wells_H,5026,0.94,Hanford_Reach,5026,0.04,Umatilla_H_Fa,5026,0.02,L_Deschutes_R,5004,0.00,Methow_R,5026,0.00
Area124SWVI (11) troll 130 58,,Megin_R,8,0.32,Conuma,8,0.24,Zeballos,8,0.22,Kaouk_R,8,0.12,Tahsis,8,0.06
Area124SWVI (11) troll 130 59,,Spring_Cr_col,5030,1.00,Elochoman_H,5030,0.00,Washougal_R_Fa,5008,0.00,,,,,,
Area124SWVI (11) troll 130 6,,Elochoman_H,5030,0.30,Washougal_R_Fa,5008,0.30,N_Santiam_H,5029,0.22,Elochoman_R_Fa,5008,0.17,Green_R_Fa,5008,0.01
Area124SWVI (11) troll 130 60,,Wells_H,5026,0.89,Methow_R,5026,0.08,Hanford_Reach,5026,0.02,Nez_PerceT_H,5021,0.01,,,
Area124SWVI (11) troll 130 61,,Spring_Cr_col,5030,0.96,Elochoman_H,5030,0.04,Elochoman_R_Fa,5008,0.00,Washougal_R_Fa,5008,0.00,Big_Cr_H_Col,5030,0.00
Area124SWVI (11) troll 130 62,,N_Santiam_H,5029,1.00,Washougal_R_Fa,5008,0.00,Kalama_H_sp,5009,0.00,Green_R_Fa,5008,0.00,Hanford_Reach,5026,0.00
Area124SWVI (11) troll 130 63,,Clear_Cr_H,5020,0.41,Hamma_Hamma_R,5005,0.21,Samish_H,5016,0.15,NF_Skokomish_F,5005,0.12,Bear_Cr_SuFa,5020,0.05
Area124SWVI (11) troll 130 64,,N_Santiam_H,5029,1.00,,,,,,,,,,,,
Area124SWVI (11) troll 130 65,,N_Santiam_H,5029,1.00,Kalama_H_sp,5009,0.00,L_Skagit_R_Fa,5016,0.00,,,,,,
Area124SWVI (11) troll 130 66,,N_Santiam_H,5029,1.00,McKenzie_H,5029,0.00,,,,,,,,,
Area124SWVI (11) troll 130 67,,Clear_Cr_H,5020,0.57,Hamma_Hamma_R,5005,0.41,Samish_H,5016,0.01,Bear_Cr_SuFa,5020,0.01,NF_Skokomish_F,5005,0.00
Area124SWVI (11) troll 130 68,,Hamma_Hamma_R,5005,0.49,NF_Skokomish_F,5005,0.26,Clear_Cr_H,5020,0.14,Soos_H,5020,0.06,S_Prairie_Cr,5020,0.02
Area124SWVI (11) troll 130 69,,Clear_Cr_H,5020,0.42,Hamma_Hamma_R,5005,0.34,Samish_H,5016,0.17,Soos_H,5020,0.04,Bear_Cr_SuFa,5020,0.01
Area124SWVI (11) troll 130 7,,Spring_Cr_col,5030,0.72,Elochoman_H,5030,0.14,Washougal_R_Fa,5008,0.08,Elochoman_R_Fa,5008,0.04,Abernathy_Cr_Fa,5008,0.01
Area124SWVI (11) troll 130 70,,Washougal_R_Fa,5008,0.51,Elochoman_R_Fa,5008,0.18,Elochoman_H,5030,0.13,Green_R_Fa,5008,0.09,Abernathy_Cr_Fa,5008,0.07
Area124SWVI (11) troll 130 71,,Spring_Cr_col,5030,0.99,Elochoman_H,5030,0.01,Washougal_R_Fa,5008,0.00,Abernathy_Cr_Fa,5008,0.00,Big_Cr_H_Col,5030,0.00
Area124SWVI (11) troll 130 72,,N_Santiam_H,5029,1.00,Kalama_H_sp,5009,0.00,,,,,,,,,
Area124SWVI (11) troll 130 73,,Wells_H,5026,0.90,Hanford_Reach,5026,0.06,L_Deschutes_R,5004,0.02,Methow_R,5026,0.01,South_Thom,5,0.00
Area124SWVI (11) troll 130 74,,N_Santiam_H,5029,0.93,Kalama_H_sp,5009,0.07,Washougal_R_Fa,5008,0.00,,,,,,
Area124SWVI (11) troll 130 75,,Wells_H,5026,0.82,Hanford_Reach,5026,0.05,L_Deschutes_R,5004,0.03,Methow_R,5026,0.03,Umatilla_H_Fa,5026,0.03
Area124SWVI (11) troll 130 76,,Spring_Cr_col,5030,1.00,Elochoman_H,5030,0.00,,,,,,,,,
Area124SWVI (11) troll 130 77,,Wells_H,5026,0.92,Methow_R,5026,0.05,Hanford_Reach,5026,0.03,L_Deschutes_R,5004,0.00,Umatilla_H_Fa,5026,0.00
Area124SWVI (11) troll 130 8,Dupe with 9,Wells_H,5026,1.00,Methow_R,5026,0.00,,,,,,,,,
Area124SWVI (11) troll 130 9,Dupe with 8,Wells_H,5026,1.00,,,,,,,,,,,,
,,,,,,,,,,,,,,,,
Sample: 28, Area125NWVI,2011, troll, May06,,,,,,,,,,,,
Area125NWVI (11) troll 126 1,,Elochoman_H,5030,0.65,Chilliwack_F,3,0.25,Harrison,3,0.08,Chilliwac@Stav,3,0.01,Hanford_Reach,5026,0.00
Area125NWVI (11) troll 126 10,,Nez_PerceT_H,5021,0.54,Hanford_Reach,5026,0.46,,,,,,,,,
Area125NWVI (11) troll 126 2,,Hanford_Reach,5026,0.47,Nez_PerceT_H,5021,0.11,Alsea_R,5015,0.08,Elochoman_H,5030,0.08,Coquille_R,5011,0.04
Area125NWVI (11) troll 126 3,,Hanford_Reach,5026,1.00,George_Adams_H,5005,0.00,,,,,,,,,
Area125NWVI (11) troll 126 4,,Hanford_Reach,5026,0.91,Nez_PerceT_H,5021,0.06,Lyons_Ferry_H,5021,0.03,,,,,,
Area125NWVI (11) troll 126 5,,George_Adams_H,5005,0.50,Clear_Cr_H,5020,0.29,Bear_Cr_SuFa,5020,0.08,Voights_H,5020,0.05,Soos_H,5020,0.03
Area125NWVI (11) troll 126 6,,Alsea_R,5015,0.57,Salmon_R_f,5015,0.24,Nestucca_H,5015,0.13,Wilson_R,5015,0.06,,,
Area125NWVI (11) troll 126 7,,Elochoman_H,5030,1.00,Spring_Cr_col,5030,0.00,,,,,,,,,
Area125NWVI (11) troll 126 8,,George_Adams_H,5005,0.47,Clear_Cr_H,5020,0.28,Bear_Cr_SuFa,5020,0.14,Voights_H,5020,0.07,Soos_H,5020,0.02
Area125NWVI (11) troll 126 9,,George_Adams_H,5005,0.47,Clear_Cr_H,5020,0.29,Bear_Cr_SuFa,5020,0.13,Voights_H,5020,0.08,Soos_H,5020,0.03
,,,,,,,,,,,,,,,,
Sample: 29, Area126,2011, troll, Mar09-Jun11,,,,,,,,,,,,
Area126 (11) troll 114 185,,Hanford_Reach,5026,0.32,Nez_PerceT_H,5021,0.22,Lyons_Ferry_H,5021,0.20,Priest_Rapid_H,5026,0.14,Snoqualmie_R,5016,0.04
Area126 (11) troll 114 186,,Spring_Cr_col,5030,0.99,Big_Cr_H_Col,5030,0.01,,,,,,,,,
Area126 (11) troll 114 187,,Washougal_R_Fa,5008,0.33,Nez_PerceT_H,5021,0.21,Hanford_Reach,5026,0.21,Green_R_Fa,5008,0.12,Abernathy_Cr_Fa,5008,0.03
Area126 (11) troll 114 188,,Priest_Rapid_H,5026,0.47,Hanford_Reach,5026,0.19,Wells_H,5026,0.18,Umatilla_H_Fa,5026,0.16,Priest_Rapids_H,5026,0.01
Area126 (11) troll 114 189,,McKenzie_H,5029,0.89,N_Santiam_H,5029,0.11,Cowlitz_H_fa,5008,0.00,Washougal_R_Fa,5008,0.00,,,
Area126 (11) troll 114 190,,Hanford_Reach,5026,0.65,Umatilla_H_Fa,5026,0.15,Priest_Rapid_H,5026,0.13,L_Wh_Sal_H_SF,5026,0.02,Priest_Rapids_H,5026,0.01
Area126 (11) troll 114 191,,L_Wh_Sal_H_SF,5026,0.71,Washougal_R_Fa,5008,0.21,Hanford_Reach,5026,0.06,Umatilla_H_Fa,5026,0.01,Nez_PerceT_H,5021,0.00
Area126 (11) troll 114 192,,Washougal_R_Fa,5008,0.58,Cowlitz_H_fa,5008,0.21,McKenzie_H,5029,0.10,Lewis_R_f,5008,0.07,N_Santiam_H,5029,0.04
Area126 (11) troll 114 193,,Coquille_R,5011,0.97,S_Coos_R,5011,0.02,Hanford_Reach,5026,0.00,S_Umpqua_H,5011,0.00,Cowlitz_H_fa,5008,0.00
Area126 (11) troll 114 194,,Wells_H,5026,0.90,Nez_PerceT_H,5021,0.04,Lyons_Ferry_H,5021,0.03,Priest_Rapid_H,5026,0.02,Hanford_Reach,5026,0.01
Area126 (11) troll 114 195,,Nez_PerceT_H,5021,0.68,Priest_Rapids_H,5026,0.24,L_Wh_Sal_H_SF,5026,0.05,Hanford_Reach,5026,0.01,Lyons_Ferry_H,5021,0.01
Area126 (11) troll 114 196,,Washougal_R_Fa,5008,0.93,Abernathy_Cr_Fa,5008,0.04,Cowlitz_H_fa,5008,0.01,Green_R_Fa,5008,0.01,Lewis_R_f,5008,0.00
Area126 (11) troll 114 197,,McKenzie_H,5029,0.80,N_Santiam_H,5029,0.20,Abernathy_Cr_Fa,5008,0.00,Hanford_Reach,5026,0.00,Priest_Rapid_H,5026,0.00
Area126 (11) troll 114 198,,McKenzie_H,5029,0.82,N_Santiam_H,5029,0.17,S_Umpqua_H,5011,0.00,Wells_H,5026,0.00,Abernathy_Cr_Fa,5008,0.00
Area126 (11) troll 114 199,,NF_Skokomish_F,5005,0.36,Clear_Cr_H,5020,0.23,Cedar_R_SuFa,5020,0.22,Snoqualmie_R,5016,0.13,Soos_H,5020,0.02
Area126 (11) troll 114 200,,Washougal_R_Fa,5008,0.71,Cowlitz_H_fa,5008,0.22,Lewis_R_f,5008,0.06,Lewis_R_Su,5008,0.01,Abernathy_Cr_Fa,5008,0.01
Area126 (11) troll 114 201,,S_Umpqua_H,5011,0.67,NanaimoSu_BackX,7,0.10,Humptulips_H,5028,0.05,Alsea_R,5015,0.05,Yaquina_R,5015,0.03
Area126 (11) troll 114 202,,McKenzie_H,5029,0.46,N_Santiam_H,5029,0.31,Umatilla_H_Fa,5026,0.04,Hanford_Reach,5026,0.03,Priest_Rapid_H,5026,0.03
Area126 (11) troll 114 203,,NF_Skokomish_F,5005,0.75,Cedar_R_SuFa,5020,0.18,Clear_Cr_H,5020,0.02,Soos_H,5020,0.01,Snoqualmie_R,5016,0.01
Area126 (11) troll 114 204,,Spring_Cr_col,5030,0.56,Abernathy_Cr_Fa,5008,0.37,Big_Cr_H_Col,5030,0.05,Washougal_R_Fa,5008,0.01,Elochoman_H,5030,0.00
Area126 (11) troll 114 205,,L_Skagit_R_Fa,5016,0.54,NF_Skokomish_F,5005,0.39,Clear_Cr_H,5020,0.04,Snoqualmie_R,5016,0.01,Soos_H,5020,0.01
Area126 (11) troll 114 206,,Spring_Cr_col,5030,0.94,Big_Cr_H_Col,5030,0.03,Abernathy_Cr_Fa,5008,0.01,Elochoman_H,5030,0.01,Cowlitz_H_fa,5008,0.00
Area126 (11) troll 114 207,,Washougal_R_Fa,5008,0.91,Cowlitz_H_fa,5008,0.07,Abernathy_Cr_Fa,5008,0.01,Spring_Cr_col,5030,0.00,Big_Cr_H_Col,5030,0.00
Area126 (11) troll 114 208,,Abernathy_Cr_Fa,5008,0.91,Washougal_R_Fa,5008,0.08,Green_R_Fa,5008,0.01,Elochoman_H,5030,0.00,Lewis_R_f,5008,0.00
Area126 (11) troll 114 209,,Clear_Cr_H,5020,0.33,Cedar_R_SuFa,5020,0.33,Soos_H,5020,0.30,Samish_H,5016,0.01,Snoqualmie_R,5016,0.01
Area126 (11) troll 114 210,,Priest_Rapid_H,5026,0.41,L_Wh_Sal_H_SF,5026,0.30,Hanford_Reach,5026,0.20,Nez_PerceT_H,5021,0.05,Wells_H,5026,0.03
Area126 (11) troll 114 211,,Snoqualmie_R,5016,0.63,McKenzie_H,5029,0.13,Hanford_Reach,5026,0.06,Clear_Cr_H,5020,0.05,Soos_H,5020,0.04
Area126 (11) troll 114 212,,S_Umpqua_H,5011,0.46,L_Wh_Sal_H_SF,5026,0.16,Alsea_R,5015,0.14,Hanford_Reach,5026,0.12,Coquille_R,5011,0.09
Area126 (11) troll 114 213,,Humptulips_H,5028,0.39,Forks_Cr_H,5028,0.24,NanaimoSu_BackX,7,0.10,Abernathy_Cr_Fa,5008,0.10,S_Umpqua_H,5011,0.06
Area126 (11) troll 114 214,,Soos_H,5020,0.35,Snoqualmie_R,5016,0.28,Cedar_R_SuFa,5020,0.16,NF_Skokomish_F,5005,0.10,Samish_H,5016,0.04
Area126 (11) troll 114 215,,Kilchis_R,5015,0.69,Wilson_R,5015,0.29,Alsea_R,5015,0.02,,,,,,
Area126 (11) troll 114 216,,Spring_Cr_col,5030,0.58,Abernathy_Cr_Fa,5008,0.31,Cowlitz_H_fa,5008,0.07,Elochoman_H,5030,0.02,Washougal_R_Fa,5008,0.02
Area126 (11) troll 114 217,,Clearwater,4,0.93,Lemieux_Cr,4,0.03,N_Thom@Main,4,0.02,Little_R,5,0.01,Harrison,3,0.00
Area126 (11) troll 114 218,,Forks_Cr_H,5028,0.99,Humptulips_H,5028,0.01,Kilchis_R,5015,0.00,Wilson_R,5015,0.00,Alsea_R,5015,0.00
Area126 (11) troll 114 219,,NF_Nooksack_H,5016,1.00,Snoqualmie_R,5016,0.00,,,,,,,,,
Area126 (11) troll 114 220,,Clear_Cr_H,5020,0.40,Soos_H,5020,0.31,Cedar_R_SuFa,5020,0.15,NF_Skokomish_F,5005,0.06,George_Adams_H,5005,0.03
Area126 (11) troll 114 221,,NF_Nooksack_H,5016,1.00,,,,,,,,,,,,
Area126 (11) troll 114 222,,Cowlitz_H_fa,5008,0.70,Coquille_R,5011,0.18,Kilchis_R,5015,0.05,Wilson_R,5015,0.03,Humptulips_H,5028,0.01
Area126 (11) troll 114 223,,NF_Skokomish_F,5005,0.77,Clear_Cr_H,5020,0.19,Soos_H,5020,0.02,George_Adams_H,5005,0.01,Cedar_R_SuFa,5020,0.01
Area126 (11) troll 114 224,,Harrison,3,0.81,Chilliwack_F,3,0.18,Chilliwac@Stav,3,0.00,Nangeese_R,22,0.00,Exstew_R,23,0.00
Area126 (11) troll 114 226,,Nehalem_R,5015,0.96,S_Umpqua_H,5011,0.03,Nez_PerceT_H,5021,0.01,Lewis_R_Su,5008,0.00,Washougal_R_Fa,5008,0.00
Area126 (11) troll 114 227,,Forks_Cr_H,5028,1.00,Humptulips_H,5028,0.00,Abernathy_Cr_Fa,5008,0.00,Kilchis_R,5015,0.00,,,
Area126 (11) troll 114 228,,Priest_Rapid_H,5026,0.54,Priest_Rapids_H,5026,0.29,Hanford_Reach,5026,0.13,Nez_PerceT_H,5021,0.02,Umatilla_H_Fa,5026,0.02
Area126 (11) troll 114 229,,Cowlitz_H_fa,5008,0.78,Hanford_Reach,5026,0.11,Priest_Rapid_H,5026,0.06,Sandy_R,5008,0.02,Snoqualmie_R,5016,0.01
Area126 (11) troll 114 230,,Cowlitz_H_fa,5008,0.80,Washougal_R_Fa,5008,0.08,Green_R_Fa,5008,0.05,Spring_Cr_col,5030,0.03,Abernathy_Cr_Fa,5008,0.03
Area126 (11) troll 114 231,,Priest_Rapids_H,5026,0.31,Nez_PerceT_H,5021,0.27,Hanford_Reach,5026,0.26,Priest_Rapid_H,5026,0.12,Umatilla_H_Fa,5026,0.02
Area126 (11) troll 114 232,,Soos_H,5020,0.59,Clear_Cr_H,5020,0.38,Cedar_R_SuFa,5020,0.01,Samish_H,5016,0.01,UW_H_SuFa,5020,0.00
Area126 (11) troll 114 233,,Hanford_Reach,5026,0.31,L_Wh_Sal_H_SF,5026,0.26,Priest_Rapid_H,5026,0.21,Clear_Cr_H,5020,0.10,Abernathy_Cr_Fa,5008,0.03
Area126 (11) troll 114 234,,Hanford_Reach,5026,0.30,Priest_Rapid_H,5026,0.19,L_Wh_Sal_H_SF,5026,0.16,Priest_Rapids_H,5026,0.14,Wells_H,5026,0.09
Area126 (11) troll 114 235,,NF_Skokomish_F,5005,0.99,L_Skagit_R_Fa,5016,0.01,Hamma_Hamma_R,5005,0.00,George_Adams_H,5005,0.00,Samish_H,5016,0.00
Area126 (11) troll 114 236,,Abernathy_Cr_Fa,5008,0.42,Washougal_R_Fa,5008,0.34,Spring_Cr_col,5030,0.11,Big_Cr_H_Col,5030,0.08,Cowlitz_H_fa,5008,0.04
Area126 (11) troll 114 237,,Exstew_R,23,0.74,Suskwa,21,0.04,Slamgeesh,19,0.03,Kateen,10,0.03,Exchamsiks,23,0.03
Area126 (11) troll 114 238,,Spring_Cr_col,5030,0.85,Big_Cr_H_Col,5030,0.13,Abernathy_Cr_Fa,5008,0.01,Washougal_R_Fa,5008,0.01,Elochoman_H,5030,0.00
Area126 (11) troll 114 239,,Washougal_R_Fa,5008,0.50,Abernathy_Cr_Fa,5008,0.33,Big_Cr_H_Col,5030,0.07,Lewis_R_f,5008,0.04,Cowlitz_H_fa,5008,0.03
Area126 (11) troll 114 240,,Hanford_Reach,5026,0.50,Lyons_Ferry_H,5021,0.30,Priest_Rapid_H,5026,0.16,Nez_PerceT_H,5021,0.01,L_Wh_Sal_H_SF,5026,0.01
Area126 (11) troll 114 241,,Abernathy_Cr_Fa,5008,0.96,Cowlitz_H_fa,5008,0.02,Washougal_R_Fa,5008,0.01,McKenzie_H,5029,0.01,N_Santiam_H,5029,0.00
Area126 (11) troll 114 242,,Priest_Rapid_H,5026,0.79,Hanford_Reach,5026,0.16,Wells_H,5026,0.02,Methow_R,5026,0.01,Priest_Rapids_H,5026,0.00
Area126 (11) troll 114 243,,Abernathy_Cr_Fa,5008,0.43,Washougal_R_Fa,5008,0.27,Cowlitz_H_fa,5008,0.27,Lewis_R_f,5008,0.02,Spring_Cr_col,5030,0.01
Area126 (11) troll 114 244,,Soos_H,5020,0.34,Clear_Cr_H,5020,0.28,Cedar_R_SuFa,5020,0.20,L_Skagit_R_Fa,5016,0.10,Samish_H,5016,0.03
Area126 (11) troll 114 245,,Big_Cr_H_Col,5030,0.21,Abernathy_Cr_Fa,5008,0.19,Spring_Cr_col,5030,0.17,Snoqualmie_R,5016,0.12,Washougal_R_Fa,5008,0.09
Area126 (11) troll 114 246,,Hanford_Reach,5026,0.56,Priest_Rapid_H,5026,0.29,Nez_PerceT_H,5021,0.12,L_Wh_Sal_H_SF,5026,0.02,Lyons_Ferry_H,5021,0.01
Area126 (11) troll 114 247,,Priest_Rapid_H,5026,0.43,Priest_Rapids_H,5026,0.17,Hanford_Reach,5026,0.13,Lyons_Ferry_H,5021,0.08,Umatilla_H_Fa,5026,0.07
Area126 (11) troll 114 248,,Spring_Cr_col,5030,0.73,Big_Cr_H_Col,5030,0.15,Abernathy_Cr_Fa,5008,0.06,Washougal_R_Fa,5008,0.04,Elochoman_H,5030,0.01
Area126 (11) troll 114 249,,Priest_Rapid_H,5026,0.52,Priest_Rapids_H,5026,0.29,Hanford_Reach,5026,0.10,Lewis_R_f,5008,0.08,Wells_H,5026,0.00
Area126 (11) troll 114 250,,Puntledge_F,7,0.96,L_Skagit_R_Fa,5016,0.01,Snoqualmie_R,5016,0.01,Harrison,3,0.01,Cowichan,7,0.00
Area126 (11) troll 114 251,,Priest_Rapid_H,5026,0.80,Hanford_Reach,5026,0.11,Priest_Rapids_H,5026,0.03,Nez_PerceT_H,5021,0.02,Lyons_Ferry_H,5021,0.02
Area126 (11) troll 114 252,,Clear_Cr_H,5020,0.87,Cedar_R_SuFa,5020,0.09,Hanford_Reach,5026,0.01,Soos_H,5020,0.01,U_Deschutes_R,5004,0.00
Area126 (11) troll 114 253,,Clear_Cr_H,5020,0.33,Soos_H,5020,0.19,NF_Skokomish_F,5005,0.16,Puntledge_F,7,0.15,Cedar_R_SuFa,5020,0.10
Area126 (11) troll 114 254,,Clear_Cr_H,5020,0.95,Wells_H,5026,0.02,Soos_H,5020,0.01,Samish_H,5016,0.00,Chilliwack_F,3,0.00
Area126 (11) troll 114 255,,Washougal_R_Fa,5008,0.98,Green_R_Fa,5008,0.01,Cowlitz_H_fa,5008,0.00,Lewis_R_f,5008,0.00,Abernathy_Cr_Fa,5008,0.00
Area126 (11) troll 114 256,,L_Wh_Sal_H_SF,5026,0.45,Cedar_R_SuFa,5020,0.21,Hanford_Reach,5026,0.08,Nez_PerceT_H,5021,0.07,Priest_Rapid_H,5026,0.05
Area126 (11) troll 114 257,,McKenzie_H,5029,0.74,N_Santiam_H,5029,0.26,Abernathy_Cr_Fa,5008,0.00,Cowlitz_H_fa,5008,0.00,,,
Area126 (11) troll 114 258,,Priest_Rapids_H,5026,0.62,Priest_Rapid_H,5026,0.16,Nez_PerceT_H,5021,0.13,Hanford_Reach,5026,0.05,Umatilla_H_Fa,5026,0.03
Area126 (11) troll 114 259,,Alsea_R,5015,0.48,Wilson_R,5015,0.32,Kilchis_R,5015,0.20,Nestucca_H,5015,0.00,Salmon_R_f,5015,0.00
Area126 (11) troll 114 260,,Harrison,3,0.98,Chilliwack_F,3,0.01,L_Skagit_R_Fa,5016,0.00,Snoqualmie_R,5016,0.00,Chilliwac@Stav,3,0.00
Area126 (11) troll 114 261,,Cowlitz_H_fa,5008,0.88,Washougal_R_Fa,5008,0.07,Lewis_R_Su,5008,0.02,Big_Cr_H_Col,5030,0.01,Abernathy_Cr_Fa,5008,0.01
Area126 (11) troll 114 262,,Abernathy_Cr_Fa,5008,0.95,S_Umpqua_H,5011,0.02,Big_Cr_H_Col,5030,0.01,Washougal_R_Fa,5008,0.01,Spring_Cr_col,5030,0.00
Area126 (11) troll 114 263,,Lyons_Ferry_H,5021,0.32,Nez_PerceT_H,5021,0.31,Hanford_Reach,5026,0.24,L_Wh_Sal_H_SF,5026,0.12,Priest_Rapid_H,5026,0.00
Area126 (11) troll 114 264,,Harrison,3,0.93,Chilliwack_F,3,0.06,L_Skagit_R_Fa,5016,0.00,NanaimoSu_BackX,7,0.00,Snoqualmie_R,5016,0.00
Area126 (11) troll 114 265,,Kilchis_R,5015,0.57,Yaquina_R,5015,0.22,Coquille_R,5011,0.12,Wilson_R,5015,0.06,Alsea_R,5015,0.01
Area126 (11) troll 114 266,,Hanford_Reach,5026,0.54,Priest_Rapid_H,5026,0.30,Lyons_Ferry_H,5021,0.06,Umatilla_H_Fa,5026,0.03,Priest_Rapids_H,5026,0.03
Area126 (11) troll 114 267,,Soos_H,5020,0.70,Clear_Cr_H,5020,0.13,Snoqualmie_R,5016,0.07,Cedar_R_SuFa,5020,0.06,Samish_H,5016,0.01
Area126 (11) troll 126 311,,Harrison,3,0.71,Chilliwack_F,3,0.29,Chilliwac@Stav,3,0.00,,,,,,
Area126 (11) troll 126 312,,Priest_Rapids_H,5026,0.34,Priest_Rapid_H,5026,0.30,Hanford_Reach,5026,0.24,Methow_R,5026,0.06,Umatilla_H_Fa,5026,0.02
Area126 (11) troll 126 313,,Harrison,3,0.96,Nez_PerceT_H,5021,0.02,Chilliwack_F,3,0.01,Lyons_Ferry_H,5021,0.00,Hanford_Reach,5026,0.00
Area126 (11) troll 126 314,,Chilliwack_F,3,0.82,Harrison,3,0.18,NF_Nooksack_H,5016,0.00,L_Skagit_R_Fa,5016,0.00,Abernathy_Cr_Fa,5008,0.00
Area126 (11) troll 126 315,,Harrison,3,0.66,Bear,19,0.08,Slamgeesh,19,0.04,Andrew_Cr,5024,0.04,Shegunia_R,22,0.03
Area126 (11) troll 126 316,,NF_Skokomish_F,5005,0.69,Clear_Cr_H,5020,0.14,Soos_H,5020,0.08,Samish_H,5016,0.04,L_Skagit_R_Fa,5016,0.02
Area126 (11) troll 126 317,,Clear_Cr_H,5020,0.82,Cedar_R_SuFa,5020,0.08,NF_Skokomish_F,5005,0.04,Samish_H,5016,0.03,George_Adams_H,5005,0.01
Area126 (11) troll 126 318,,L_Skagit_R_Fa,5016,0.57,Snoqualmie_R,5016,0.36,Samish_H,5016,0.02,Harrison,3,0.02,Cedar_R_SuFa,5020,0.01
Area126 (11) troll 126 319,,Hanford_Reach,5026,0.66,Priest_Rapid_H,5026,0.29,Wells_H,5026,0.02,Soos_H,5020,0.01,Cedar_R_SuFa,5020,0.01
Area126 (11) troll 126 320,,Cowlitz_H_fa,5008,0.91,Abernathy_Cr_Fa,5008,0.07,Washougal_R_Fa,5008,0.01,Lewis_R_f,5008,0.01,Elochoman_H,5030,0.00
Area126 (11) troll 126 321,,Nez_PerceT_H,5021,0.56,Hanford_Reach,5026,0.25,Priest_Rapid_H,5026,0.07,Priest_Rapids_H,5026,0.04,Lyons_Ferry_H,5021,0.04
Area126 (11) troll 126 322,,NF_Skokomish_F,5005,0.47,Clear_Cr_H,5020,0.25,Snoqualmie_R,5016,0.13,Soos_H,5020,0.07,L_Skagit_R_Fa,5016,0.02
Area126 (11) troll 126 323,,L_Wh_Sal_H_SF,5026,0.95,Umatilla_H_Fa,5026,0.02,Priest_Rapid_H,5026,0.02,Hanford_Reach,5026,0.00,Priest_Rapids_H,5026,0.00
Area126 (11) troll 126 324,,Hanford_Reach,5026,0.42,Priest_Rapid_H,5026,0.28,Wells_H,5026,0.11,Nez_PerceT_H,5021,0.09,Lyons_Ferry_H,5021,0.05
Area126 (11) troll 126 325,,NF_Skokomish_F,5005,0.59,Soos_H,5020,0.27,Clear_Cr_H,5020,0.07,L_Skagit_R_Fa,5016,0.04,Cedar_R_SuFa,5020,0.01
Area126 (11) troll 126 326,,Cowlitz_H_fa,5008,0.94,Washougal_R_Fa,5008,0.05,Lewis_R_f,5008,0.01,Umatilla_H_Fa,5026,0.00,Coweeman_R_Fa,5008,0.00
Area126 (11) troll 126 327,,Clear_Cr_H,5020,0.49,Soos_H,5020,0.42,Cedar_R_SuFa,5020,0.06,Bear_Cr_SuFa,5020,0.01,Snoqualmie_R,5016,0.01
Area126 (11) troll 126 328,,Hanford_Reach,5026,0.45,Clear_Cr_H,5020,0.29,Cedar_R_SuFa,5020,0.08,Priest_Rapid_H,5026,0.06,Snoqualmie_R,5016,0.06
Area126 (11) troll 126 329,,Little_R,5,0.36,L_Thompson,5,0.24,South_Thom,5,0.13,Harrison,3,0.07,Chilliwack_F,3,0.06
Area126 (11) troll 126 330,,Harrison,3,0.50,Snoqualmie_R,5016,0.17,Keta_R,5023,0.10,Coquille_R,5011,0.06,Wilson_R,5015,0.04
Area126 (11) troll 126 331,,Nez_PerceT_H,5021,0.49,S_Umpqua_H,5011,0.32,NanaimoSu_BackX,7,0.07,L_Wh_Sal_H_SF,5026,0.04,Wilson_R,5015,0.03
Area126 (11) troll 126 332,,Spring_Cr_col,5030,0.46,Big_Cr_H_Col,5030,0.28,Abernathy_Cr_Fa,5008,0.13,Washougal_R_Fa,5008,0.07,Abernathy_NFH_F,5008,0.02
Area126 (11) troll 126 333,,L_Thompson,5,0.63,Little_R,5,0.22,South_Thom,5,0.12,Harrison,3,0.01,M_Shuswap,5,0.00
Area126 (11) troll 126 334,,Priest_Rapid_H,5026,0.47,Hanford_Reach,5026,0.24,L_Wh_Sal_H_SF,5026,0.13,Cedar_R_SuFa,5020,0.07,Umatilla_H_Fa,5026,0.03
Area126 (11) troll 126 335,,Cowlitz_H_fa,5008,0.97,Abernathy_Cr_Fa,5008,0.01,Lewis_R_f,5008,0.01,Washougal_R_Fa,5008,0.00,Sandy_R,5008,0.00
Area126 (11) troll 126 336,,S_Umpqua_H,5011,0.91,Hanford_Reach,5026,0.07,Snoqualmie_R,5016,0.01,Coquille_R,5011,0.00,Priest_Rapids_H,5026,0.00
Area126 (11) troll 126 337,,Harrison,3,0.96,L_Thompson,5,0.02,Hanford_Reach,5026,0.01,Priest_Rapid_H,5026,0.01,Little_R,5,0.00
Area126 (11) troll 126 338,,Priest_Rapid_H,5026,0.34,Hanford_Reach,5026,0.32,L_Wh_Sal_H_SF,5026,0.21,Umatilla_H_Fa,5026,0.09,Priest_Rapids_H,5026,0.02
Area126 (11) troll 126 339,,Harrison,3,0.81,Chilliwack_F,3,0.15,NF_Nooksack_H,5016,0.03,Snoqualmie_R,5016,0.00,Chilliwac@Stav,3,0.00
Area126 (11) troll 126 340,,Harrison,3,0.97,Chilliwack_F,3,0.03,Lyons_Ferry_H,5021,0.00,,,,,,
Area126 (11) troll 126 341,,S_Umpqua_H,5011,0.62,Wilson_R,5015,0.20,Alsea_R,5015,0.06,Kilchis_R,5015,0.04,Coquille_R,5011,0.03
Area126 (11) troll 126 342,,Nez_PerceT_H,5021,0.69,Hanford_Reach,5026,0.20,L_Wh_Sal_H_SF,5026,0.10,Umatilla_H_Fa,5026,0.01,Lyons_Ferry_H,5021,0.00
Area126 (11) troll 126 343,,L_Wh_Sal_H_SF,5026,0.43,Hanford_Reach,5026,0.33,Priest_Rapid_H,5026,0.17,Priest_Rapids_H,5026,0.02,Nez_PerceT_H,5021,0.02
Area126 (11) troll 126 344,,NF_Skokomish_F,5005,0.91,Soos_H,5020,0.04,Snoqualmie_R,5016,0.03,Clear_Cr_H,5020,0.01,McKenzie_H,5029,0.01
Area126 (11) troll 126 345,,Harrison,3,0.84,Chilliwack_F,3,0.16,Chilliwac@Stav,3,0.00,L_Skagit_R_Fa,5016,0.00,,,
Area126 (11) troll 126 346,,Little_R,5,0.90,South_Thom,5,0.10,L_Thompson,5,0.00,Harrison,3,0.00,,,
Area126 (11) troll 126 347,,Wells_H,5026,0.53,Priest_Rapid_H,5026,0.32,Hanford_Reach,5026,0.09,Lyons_Ferry_H,5021,0.02,L_Wh_Sal_H_SF,5026,0.01
Area126 (11) troll 126 348,,Harrison,3,0.58,Chilliwack_F,3,0.41,Snoqualmie_R,5016,0.01,Soos_H,5020,0.00,N_Thom@Main,4,0.00
Area126 (11) troll 126 349,,Nez_PerceT_H,5021,0.53,Lyons_Ferry_H,5021,0.23,Hanford_Reach,5026,0.15,Priest_Rapid_H,5026,0.07,L_Wh_Sal_H_SF,5026,0.01
Area126 (11) troll 126 350,,Wells_H,5026,0.71,Nez_PerceT_H,5021,0.09,Methow_R,5026,0.07,Umatilla_H_Fa,5026,0.07,L_Wh_Sal_H_SF,5026,0.02
Area126 (11) troll 126 351,,L_Wh_Sal_H_SF,5026,0.47,Lyons_Ferry_H,5021,0.34,Umatilla_H_Fa,5026,0.13,Hanford_Reach,5026,0.06,Nez_PerceT_H,5021,0.00
Area126 (11) troll 126 352,,Priest_Rapid_H,5026,0.34,Nez_PerceT_H,5021,0.27,Wells_H,5026,0.15,Hanford_Reach,5026,0.11,Lyons_Ferry_H,5021,0.09
Area126 (11) troll 126 353,,Nez_PerceT_H,5021,0.52,Priest_Rapid_H,5026,0.21,Lyons_Ferry_H,5021,0.18,Priest_Rapids_H,5026,0.04,Hanford_Reach,5026,0.03
Area126 (11) troll 126 354,Dupe with 382,Spring_Cr_col,5030,0.96,Big_Cr_H_Col,5030,0.03,Cowlitz_H_fa,5008,0.00,Abernathy_Cr_Fa,5008,0.00,Washougal_R_Fa,5008,0.00
Area126 (11) troll 126 355,,Chilliwack_F,3,0.84,Harrison,3,0.14,Soos_H,5020,0.01,Chilliwac@Stav,3,0.00,Clear_Cr_H,5020,0.00
Area126 (11) troll 126 356,,Hanford_Reach,5026,0.61,Umatilla_H_Fa,5026,0.18,L_Thompson,5,0.10,Little_R,5,0.03,S_Umpqua_H,5011,0.02
Area126 (11) troll 126 357,,Coquille_R,5011,0.70,Yaquina_R,5015,0.27,Alsea_R,5015,0.01,S_Coos_R,5011,0.01,Forks_Cr_H,5028,0.00
Area126 (11) troll 126 358,,Hanford_Reach,5026,0.47,Wells_H,5026,0.15,Lyons_Ferry_H,5021,0.14,Priest_Rapids_H,5026,0.13,Priest_Rapid_H,5026,0.08
Area126 (11) troll 126 359,,Hanford_Reach,5026,0.52,L_Wh_Sal_H_SF,5026,0.16,Priest_Rapid_H,5026,0.13,Nez_PerceT_H,5021,0.07,Priest_Rapids_H,5026,0.06
Area126 (11) troll 126 360,,Wilson_R,5015,0.28,Kilchis_R,5015,0.25,Alsea_R,5015,0.14,L_Skagit_R_Fa,5016,0.12,Coquille_R,5011,0.11
Area126 (11) troll 126 361,,Humptulips_H,5028,0.89,Snoqualmie_R,5016,0.07,Clear_Cr_H,5020,0.02,Forks_Cr_H,5028,0.01,Wilson_R,5015,0.00
Area126 (11) troll 126 362,,Priest_Rapid_H,5026,0.32,Lyons_Ferry_H,5021,0.26,Hanford_Reach,5026,0.24,L_Wh_Sal_H_SF,5026,0.10,Nez_PerceT_H,5021,0.02
Area126 (11) troll 126 363,,Harrison,3,0.84,Chilliwack_F,3,0.15,NF_Skokomish_F,5005,0.00,Chilliwac@Stav,3,0.00,Snoqualmie_R,5016,0.00
Area126 (11) troll 126 364,,Wells_H,5026,0.50,Priest_Rapid_H,5026,0.22,Hanford_Reach,5026,0.15,Priest_Rapids_H,5026,0.07,L_Wh_Sal_H_SF,5026,0.02
Area126 (11) troll 126 365,,Priest_Rapids_H,5026,0.51,Priest_Rapid_H,5026,0.42,L_Wh_Sal_H_SF,5026,0.06,Hanford_Reach,5026,0.01,Lyons_Ferry_H,5021,0.00
Area126 (11) troll 126 366,,Kilchis_R,5015,0.38,S_Umpqua_H,5011,0.17,Coquille_R,5011,0.13,Wilson_R,5015,0.12,S_Coos_R,5011,0.06
Area126 (11) troll 126 367,,Abernathy_Cr_Fa,5008,0.84,S_Umpqua_H,5011,0.08,Washougal_R_Fa,5008,0.05,L_Skagit_R_Fa,5016,0.01,Green_R_Fa,5008,0.01
Area126 (11) troll 126 368,,Harrison,3,0.96,Chilliwack_F,3,0.04,,,,,,,,,
Area126 (11) troll 126 369,,Humptulips_H,5028,0.90,Forks_Cr_H,5028,0.10,,,,,,,,,
Area126 (11) troll 126 370,,L_Thompson,5,0.45,Little_R,5,0.43,South_Thom,5,0.11,M_Shuswap,5,0.00,L_Adams,5,0.00
Area126 (11) troll 126 371,,Hanford_Reach,5026,0.67,Priest_Rapids_H,5026,0.22,Nez_PerceT_H,5021,0.06,Priest_Rapid_H,5026,0.04,Lyons_Ferry_H,5021,0.01
Area126 (11) troll 126 372,,Exstew_R,23,0.69,L_Thompson,5,0.27,South_Thom,5,0.04,Little_R,5,0.00,Kateen,10,0.00
Area126 (11) troll 126 373,,Priest_Rapid_H,5026,0.27,Hanford_Reach,5026,0.20,Wells_H,5026,0.15,Lyons_Ferry_H,5021,0.14,Nez_PerceT_H,5021,0.08
Area126 (11) troll 126 374,,Soos_H,5020,0.95,Cedar_R_SuFa,5020,0.02,Clear_Cr_H,5020,0.02,Voights_H,5020,0.01,Grovers_Cr_H,5020,0.00
Area126 (11) troll 126 375,,McKenzie_H,5029,0.65,N_Santiam_H,5029,0.35,,,,,,,,,
Area126 (11) troll 126 376,,Lyons_Ferry_H,5021,0.96,Hanford_Reach,5026,0.03,Nez_PerceT_H,5021,0.01,Priest_Rapid_H,5026,0.00,Cedar_R_SuFa,5020,0.00
Area126 (11) troll 126 377,,S_Coos_R,5011,0.24,Coquille_R,5011,0.24,Kilchis_R,5015,0.14,Wilson_R,5015,0.08,Humptulips_H,5028,0.07
Area126 (11) troll 126 378,,Coquille_R,5011,0.88,S_Coos_R,5011,0.11,Forks_Cr_H,5028,0.00,Humptulips_H,5028,0.00,Kilchis_R,5015,0.00
Area126 (11) troll 126 379,,L_Wh_Sal_H_SF,5026,0.60,Hanford_Reach,5026,0.17,Priest_Rapid_H,5026,0.13,Lyons_Ferry_H,5021,0.05,Priest_Rapids_H,5026,0.02
Area126 (11) troll 126 380,,Hanford_Reach,5026,0.35,Priest_Rapid_H,5026,0.18,Wells_H,5026,0.15,Nez_PerceT_H,5021,0.13,Lyons_Ferry_H,5021,0.11
Area126 (11) troll 126 381,,Harrison,3,0.93,Chilliwack_F,3,0.04,White_H,5020,0.02,Soos_H,5020,0.00,Clear_Cr_H,5020,0.00
Area126 (11) troll 126 382,,Hanford_Reach,5026,0.70,Priest_Rapid_H,5026,0.22,Priest_Rapids_H,5026,0.06,Wells_H,5026,0.01,L_Wh_Sal_H_SF,5026,0.00
Area126 (11) troll 126 383,,Lyons_Ferry_H,5021,0.41,Spring_Cr_col,5030,0.31,Cowlitz_H_fa,5008,0.12,Abernathy_Cr_Fa,5008,0.07,Big_Cr_H_Col,5030,0.04
Area126 (11) troll 126 384,,Harrison,3,0.84,Chilliwack_F,3,0.16,Exstew_R,23,0.00,Chilliwac@Stav,3,0.00,Keta_R,5023,0.00
Area126 (11) troll 126 385,,Kilchis_R,5015,0.43,Priest_Rapid_H,5026,0.22,NanaimoSu_BackX,7,0.10,L_Wh_Sal_H_SF,5026,0.08,Wilson_R,5015,0.04
Area126 (11) troll 126 386,,Wells_H,5026,0.59,Priest_Rapids_H,5026,0.12,Hanford_Reach,5026,0.09,L_Wh_Sal_H_SF,5026,0.09,Methow_R,5026,0.07
Area126 (11) troll 126 387,,Puntledge_F,7,0.96,Cheakamus_F,9,0.03,Cedar_R_SuFa,5020,0.00,George_Adams_H,5005,0.00,Puntledge_BackX,7,0.00
Area126 (11) troll 126 388,,Abernathy_Cr_Fa,5008,0.61,Big_Cr_H_Col,5030,0.21,Cowlitz_H_fa,5008,0.09,Spring_Cr_col,5030,0.04,Elochoman_H,5030,0.02
Area126 (11) troll 126 389,,Harrison,3,0.56,Nez_PerceT_H,5021,0.14,Hanford_Reach,5026,0.07,L_Skagit_R_Fa,5016,0.04,Lyons_Ferry_H,5021,0.03
Area126 (11) troll 126 390,,Harrison,3,0.79,Chilliwack_F,3,0.21,Snoqualmie_R,5016,0.00,,,,,,
Area126 (11) troll 126 391,,Clear_Cr_H,5020,0.19,Puntledge_F,7,0.18,NF_Skokomish_F,5005,0.18,Snoqualmie_R,5016,0.16,Cedar_R_SuFa,5020,0.15
Area126 (11) troll 126 392,,Nez_PerceT_H,5021,0.59,Lyons_Ferry_H,5021,0.39,Priest_Rapid_H,5026,0.01,L_Wh_Sal_H_SF,5026,0.00,Washougal_R_Fa,5008,0.00
Area126 (11) troll 126 393,,Clear_Cr_H,5020,0.85,Soos_H,5020,0.05,Cedar_R_SuFa,5020,0.04,George_Adams_H,5005,0.02,Samish_H,5016,0.01
Area126 (11) troll 126 394,,S_Umpqua_H,5011,0.99,NanaimoSu_BackX,7,0.00,Wilson_R,5015,0.00,Kilchis_R,5015,0.00,Coos_H,5011,0.00
Area126 (11) troll 126 395,,Hanford_Reach,5026,0.69,Priest_Rapid_H,5026,0.27,Umatilla_H_Fa,5026,0.03,L_Wh_Sal_H_SF,5026,0.01,Wells_H,5026,0.00
Area126 (11) troll 126 396,,Priest_Rapid_H,5026,0.63,L_Wh_Sal_H_SF,5026,0.14,Lyons_Ferry_H,5021,0.12,Hanford_Reach,5026,0.07,S_Umpqua_H,5011,0.01
Area126 (11) troll 126 397,,Takia,10,1.00,U_Dean,10,0.00,,,,,,,,,
Area126 (11) troll 126 398,,Soos_H,5020,0.52,NF_Skokomish_F,5005,0.16,Samish_H,5016,0.15,Clear_Cr_H,5020,0.12,Cedar_R_SuFa,5020,0.02
Area126 (11) troll 126 399,,Cowlitz_H_fa,5008,0.76,Abernathy_Cr_Fa,5008,0.11,Lewis_R_f,5008,0.07,Washougal_R_Fa,5008,0.03,Big_Cr_H_Col,5030,0.03
Area126 (11) troll 126 400,,Priest_Rapid_H,5026,0.34,Priest_Rapids_H,5026,0.28,Hanford_Reach,5026,0.23,Wells_H,5026,0.12,Methow_R,5026,0.01
Area126 (11) troll 126 401,,Chilliwack_F,3,0.67,Harrison,3,0.31,NanaimoSu_BackX,7,0.01,L_Skagit_R_Fa,5016,0.00,Forks_Cr_H,5028,0.00
Area126 (11) troll 126 402,,L_Wh_Sal_H_SF,5026,0.56,Hanford_Reach,5026,0.21,Priest_Rapid_H,5026,0.18,Lyons_Ferry_H,5021,0.04,Nez_PerceT_H,5021,0.01
Area126 (11) troll 126 403,,Soos_H,5020,0.86,Clear_Cr_H,5020,0.07,L_Skagit_R_Fa,5016,0.02,Voights_H,5020,0.02,Cedar_R_SuFa,5020,0.01
Area126 (11) troll 126 404,,Hanford_Reach,5026,0.37,Priest_Rapid_H,5026,0.19,Wells_H,5026,0.11,L_Wh_Sal_H_SF,5026,0.07,Priest_Rapids_H,5026,0.04
Area126 (11) troll 126 405,,Washougal_R_Fa,5008,0.49,Abernathy_Cr_Fa,5008,0.36,Lewis_R_f,5008,0.10,Lewis_R_Su,5008,0.03,Cowlitz_H_fa,5008,0.02
Area126 (11) troll 126 406,,Harrison,3,0.69,Chilliwack_F,3,0.30,Snoqualmie_R,5016,0.00,L_Skagit_R_Fa,5016,0.00,,,
Area126 (11) troll 126 407,,Kilchis_R,5015,0.64,Wilson_R,5015,0.23,Yaquina_R,5015,0.06,Alsea_R,5015,0.06,Nestucca_H,5015,0.00
Area126 (11) troll 126 408,,Priest_Rapid_H,5026,0.45,Lyons_Ferry_H,5021,0.30,Nez_PerceT_H,5021,0.19,Wells_H,5026,0.05,Hanford_Reach,5026,0.01
Area126 (11) troll 126 409,,Priest_Rapids_H,5026,0.37,Hanford_Reach,5026,0.28,Methow_R,5026,0.12,Priest_Rapid_H,5026,0.10,Nez_PerceT_H,5021,0.07
Area126 (11) troll 126 410,,Washougal_R_Fa,5008,0.53,Abernathy_Cr_Fa,5008,0.33,Spring_Cr_col,5030,0.09,Cowlitz_H_fa,5008,0.02,Big_Cr_H_Col,5030,0.01
Area126 (11) troll 126 411,,Cottonwood,2,0.32,U_Cariboo,2,0.23,Fontoniko,1,0.15,Holmes,1,0.12,Morkill,1,0.04
Area126 (11) troll 126 412,,McKenzie_H,5029,0.72,Snoqualmie_R,5016,0.20,NF_Skokomish_F,5005,0.03,N_Santiam_H,5029,0.03,Cedar_R_SuFa,5020,0.01
Area126 (11) troll 126 413,,L_Wh_Sal_H_SF,5026,0.55,Hanford_Reach,5026,0.24,Lyons_Ferry_H,5021,0.10,Nez_PerceT_H,5021,0.05,Priest_Rapid_H,5026,0.01
Area126 (11) troll 126 414,,Wilson_R,5015,0.27,Alsea_R,5015,0.22,NanaimoSu_BackX,7,0.20,Kilchis_R,5015,0.12,S_Coos_R,5011,0.10
Area126 (11) troll 126 415,,Chilliwack_F,3,0.36,Soos_H,5020,0.23,Cedar_R_SuFa,5020,0.20,Snoqualmie_R,5016,0.06,NF_Skokomish_F,5005,0.05
Area126 (11) troll 126 416,,U_Cariboo,2,1.00,L_Cariboo,2,0.00,,,,,,,,,
Area126 (11) troll 126 417,,Hanford_Reach,5026,0.31,Lyons_Ferry_H,5021,0.16,L_Wh_Sal_H_SF,5026,0.15,Wells_H,5026,0.15,Priest_Rapids_H,5026,0.07
Area126 (11) troll 126 418,,Harrison,3,0.77,Chilliwack_F,3,0.12,Lyons_Ferry_H,5021,0.08,L_Skagit_R_Fa,5016,0.02,Nez_PerceT_H,5021,0.00
Area126 (11) troll 126 419,,Harrison,3,0.99,Chilliwack_F,3,0.01,Hanford_Reach,5026,0.00,,,,,,
Area126 (11) troll 126 420,,Harrison,3,0.60,Snoqualmie_R,5016,0.23,Chilliwack_F,3,0.10,Soos_H,5020,0.03,L_Skagit_R_Fa,5016,0.01
Area126 (11) troll 126 421,,Snoqualmie_R,5016,0.78,L_Skagit_R_Fa,5016,0.06,Clear_Cr_H,5020,0.06,Soos_H,5020,0.06,Cedar_R_SuFa,5020,0.02
Area126 (11) troll 126 422,,Hanford_Reach,5026,0.75,L_Wh_Sal_H_SF,5026,0.05,Soos_H,5020,0.05,Snoqualmie_R,5016,0.04,Priest_Rapid_H,5026,0.04
Area126 (11) troll 126 423,,Hanford_Reach,5026,0.84,Umatilla_H_Fa,5026,0.08,Priest_Rapid_H,5026,0.07,Wells_H,5026,0.01,Lyons_Ferry_H,5021,0.00
Area126 (11) troll 126 424,,Spring_Cr_col,5030,0.90,Big_Cr_H_Col,5030,0.10,Abernathy_Cr_Fa,5008,0.00,Elochoman_H,5030,0.00,Washougal_R_Fa,5008,0.00
Area126 (11) troll 126 425,,NF_Skokomish_F,5005,0.53,Soos_H,5020,0.28,Clear_Cr_H,5020,0.16,Cedar_R_SuFa,5020,0.01,Voights_H,5020,0.01
Area126 (11) troll 126 426,Dupe with 310,Spring_Cr_col,5030,0.96,Big_Cr_H_Col,5030,0.03,Cowlitz_H_fa,5008,0.00,Washougal_R_Fa,5008,0.00,Abernathy_Cr_Fa,5008,0.00
Area126 (11) troll 126 427,,Chilliwack_F,3,0.78,Harrison,3,0.22,L_Thompson,5,0.00,Soos_H,5020,0.00,Samish_H,5016,0.00
Area126 (11) troll 126 428,,Lyons_Ferry_H,5021,0.61,Nez_PerceT_H,5021,0.38,Hanford_Reach,5026,0.01,Umatilla_H_Fa,5026,0.00,U_Deschutes_R,5004,0.00
Area126 (11) troll 126 429,,Cowlitz_H_fa,5008,0.63,Spring_Cr_col,5030,0.22,Abernathy_Cr_Fa,5008,0.09,Washougal_R_Fa,5008,0.06,Green_R_Fa,5008,0.01
Area126 (11) troll 126 430,,Harrison,3,0.86,Chilliwack_F,3,0.14,,,,,,,,,
Area126 (11) troll 126 431,,Lyons_Ferry_H,5021,0.72,Nez_PerceT_H,5021,0.10,L_Wh_Sal_H_SF,5026,0.07,Priest_Rapid_H,5026,0.06,Hanford_Reach,5026,0.02
Area126 (11) troll 126 432,,L_Skagit_R_Fa,5016,0.30,Soos_H,5020,0.22,Samish_H,5016,0.16,NF_Skokomish_F,5005,0.14,Cedar_R_SuFa,5020,0.10
Area126 (11) troll 126 433,,Washougal_R_Fa,5008,0.87,Abernathy_Cr_Fa,5008,0.12,Cowlitz_H_fa,5008,0.01,Hanford_Reach,5026,0.00,Lewis_R_f,5008,0.00
Area126 (11) troll 126 434,,Washougal_R_Fa,5008,0.63,Abernathy_Cr_Fa,5008,0.31,Big_Cr_H_Col,5030,0.03,Elochoman_H,5030,0.01,Green_R_Fa,5008,0.01
Area126 (11) troll 126 435,,Hanford_Reach,5026,0.35,Priest_Rapid_H,5026,0.29,L_Wh_Sal_H_SF,5026,0.19,Wells_H,5026,0.08,Priest_Rapids_H,5026,0.05
Area126 (11) troll 126 436,,Wells_H,5026,0.55,Priest_Rapids_H,5026,0.14,L_Wh_Sal_H_SF,5026,0.10,Hanford_Reach,5026,0.09,Methow_R,5026,0.06
Area126 (11) troll 126 437,,Hanford_Reach,5026,0.45,Priest_Rapid_H,5026,0.41,Nez_PerceT_H,5021,0.07,Wells_H,5026,0.03,Priest_Rapids_H,5026,0.02
Area126 (11) troll 126 438,,Hanford_Reach,5026,0.26,Priest_Rapids_H,5026,0.22,Priest_Rapid_H,5026,0.14,L_Wh_Sal_H_SF,5026,0.11,Wells_H,5026,0.10
Area126 (11) troll 126 439,,L_Wh_Sal_H_SF,5026,0.46,Priest_Rapid_H,5026,0.37,Nez_PerceT_H,5021,0.10,Hanford_Reach,5026,0.03,Lyons_Ferry_H,5021,0.01
Area126 (11) troll 126 440,,L_Skagit_R_Fa,5016,0.62,Soos_H,5020,0.20,Samish_H,5016,0.12,Snoqualmie_R,5016,0.02,Cedar_R_SuFa,5020,0.02
Area126 (11) troll 126 441,,Nez_PerceT_H,5021,0.46,Lyons_Ferry_H,5021,0.36,Hanford_Reach,5026,0.09,Priest_Rapids_H,5026,0.04,Priest_Rapid_H,5026,0.04
Area126 (11) troll 126 442,,Cedar_R_SuFa,5020,0.37,Clear_Cr_H,5020,0.34,Samish_H,5016,0.11,Snoqualmie_R,5016,0.08,Soos_H,5020,0.03
Area126 (11) troll 126 443,,Lyons_Ferry_H,5021,0.77,Nez_PerceT_H,5021,0.11,Priest_Rapid_H,5026,0.06,Hanford_Reach,5026,0.02,U_Deschutes_R,5004,0.02
Area126 (11) troll 126 444,,Hanford_Reach,5026,0.88,Priest_Rapid_H,5026,0.08,L_Wh_Sal_H_SF,5026,0.01,Priest_Rapids_H,5026,0.01,Sandy_R,5008,0.00
Area126 (11) troll 126 445,,Clear_Cr_H,5020,0.48,Soos_H,5020,0.40,Snoqualmie_R,5016,0.05,NF_Skokomish_F,5005,0.02,Samish_H,5016,0.02
Area126 (11) troll 126 446,,Wells_H,5026,0.81,Hanford_Reach,5026,0.07,Priest_Rapid_H,5026,0.05,Priest_Rapids_H,5026,0.03,Umatilla_H_Fa,5026,0.02
Area126 (11) troll 126 447,,Soos_H,5020,0.42,NF_Skokomish_F,5005,0.32,Clear_Cr_H,5020,0.12,Cedar_R_SuFa,5020,0.06,Snoqualmie_R,5016,0.03
Area126 (11) troll 126 448,,Coquille_R,5011,0.81,S_Umpqua_H,5011,0.11,S_Coos_R,5011,0.07,Yaquina_R,5015,0.01,Hanford_Reach,5026,0.00
Area126 (11) troll 126 449,,Lyons_Ferry_H,5021,0.55,Hanford_Reach,5026,0.40,Priest_Rapid_H,5026,0.04,Umatilla_H_Fa,5026,0.00,Nez_PerceT_H,5021,0.00
Area126 (11) troll 126 450,,Abernathy_Cr_Fa,5008,0.87,Cowlitz_H_fa,5008,0.07,Washougal_R_Fa,5008,0.05,Lewis_R_f,5008,0.00,Lewis_R_Su,5008,0.00
Area126 (11) troll 126 451,,Abernathy_Cr_Fa,5008,0.61,Spring_Cr_col,5030,0.14,Washougal_R_Fa,5008,0.10,Cowlitz_H_fa,5008,0.09,Big_Cr_H_Col,5030,0.04
Area126 (11) troll 126 452,,Kilchis_R,5015,0.67,Wilson_R,5015,0.30,Alsea_R,5015,0.02,Humptulips_H,5028,0.00,,,
Area126 (11) troll 126 453,,Clear_Cr_H,5020,0.44,NF_Skokomish_F,5005,0.40,Cedar_R_SuFa,5020,0.09,Snoqualmie_R,5016,0.07,George_Adams_H,5005,0.00
Area126 (11) troll 126 454,,Abernathy_Cr_Fa,5008,0.51,Spring_Cr_col,5030,0.37,Big_Cr_H_Col,5030,0.08,Elochoman_H,5030,0.01,Priest_Rapid_H,5026,0.01
Area126 (11) troll 126 455,,McKenzie_H,5029,0.67,N_Santiam_H,5029,0.33,,,,,,,,,
Area126 (11) troll 126 456,,Hanford_Reach,5026,0.87,Priest_Rapid_H,5026,0.12,L_Wh_Sal_H_SF,5026,0.01,Wells_H,5026,0.00,Methow_R,5026,0.00
Area126 (11) troll 126 457,,Washougal_R_Fa,5008,0.42,Cowlitz_H_fa,5008,0.27,Lewis_R_f,5008,0.23,Abernathy_Cr_Fa,5008,0.05,Lewis_R_Su,5008,0.02
Area126 (11) troll 126 458,,Priest_Rapid_H,5026,0.56,Hanford_Reach,5026,0.20,Nez_PerceT_H,5021,0.09,Little_R,5,0.08,Priest_Rapids_H,5026,0.05
Area126 (11) troll 126 459,,Hanford_Reach,5026,0.49,McKenzie_H,5029,0.40,Priest_Rapid_H,5026,0.05,Cowlitz_H_fa,5008,0.02,Nez_PerceT_H,5021,0.02
Area126 (11) troll 126 460,,Abernathy_Cr_Fa,5008,0.88,Lewis_R_f,5008,0.06,Washougal_R_Fa,5008,0.06,Spring_Cr_col,5030,0.00,Cowlitz_H_fa,5008,0.00
Area126 (11) troll 126 461,,Cowlitz_H_fa,5008,0.50,Abernathy_Cr_Fa,5008,0.16,Washougal_R_Fa,5008,0.15,Big_Cr_H_Col,5030,0.07,Lewis_R_f,5008,0.06
Area126 (11) troll 126 462,,Spring_Cr_col,5030,1.00,Big_Cr_H_Col,5030,0.00,,,,,,,,,
Area126 (11) troll 126 463,,Hanford_Reach,5026,0.52,Priest_Rapids_H,5026,0.25,Priest_Rapid_H,5026,0.14,Umatilla_H_Fa,5026,0.07,Wells_H,5026,0.01
Area126 (11) troll 126 464,,Soos_H,5020,0.59,Clear_Cr_H,5020,0.26,Cedar_R_SuFa,5020,0.13,Grovers_Cr_H,5020,0.01,Snoqualmie_R,5016,0.01
Area126 (11) troll 126 465,,Clear_Cr_H,5020,0.84,NF_Skokomish_F,5005,0.06,Soos_H,5020,0.05,George_Adams_H,5005,0.02,Cedar_R_SuFa,5020,0.01
Area126 (11) troll 126 466,,Washougal_R_Fa,5008,0.97,Abernathy_Cr_Fa,5008,0.01,Cowlitz_H_fa,5008,0.01,Green_R_Fa,5008,0.00,Lewis_R_Su,5008,0.00
Area126 (11) troll 126 467,,Harrison,3,1.00,Chilliwack_F,3,0.00,Snoqualmie_R,5016,0.00,,,,,,
Area126 (11) troll 130 268,,Clear_Cr_H,5020,0.76,Cedar_R_SuFa,5020,0.06,Snoqualmie_R,5016,0.06,L_Skagit_R_Fa,5016,0.05,Soos_H,5020,0.05
Area126 (11) troll 130 269,,Hanford_Reach,5026,0.67,Wells_H,5026,0.18,L_Wh_Sal_H_SF,5026,0.08,Methow_R,5026,0.06,Lyons_Ferry_H,5021,0.00
Area126 (11) troll 130 270,,Clear_Cr_H,5020,0.57,NF_Skokomish_F,5005,0.13,Soos_H,5020,0.12,Cedar_R_SuFa,5020,0.10,Snoqualmie_R,5016,0.04
Area126 (11) troll 130 271,,L_Wh_Sal_H_SF,5026,0.45,Hanford_Reach,5026,0.34,Priest_Rapid_H,5026,0.17,Priest_Rapids_H,5026,0.04,Nez_PerceT_H,5021,0.00
Area126 (11) troll 130 272,,L_Wh_Sal_H_SF,5026,0.63,Hanford_Reach,5026,0.28,Nez_PerceT_H,5021,0.03,Priest_Rapid_H,5026,0.03,Umatilla_H_Fa,5026,0.02
Area126 (11) troll 130 273,,Priest_Rapid_H,5026,0.75,Hanford_Reach,5026,0.11,Lyons_Ferry_H,5021,0.04,Priest_Rapids_H,5026,0.03,L_Wh_Sal_H_SF,5026,0.03
Area126 (11) troll 130 274,,Snoqualmie_R,5016,0.31,S_Umpqua_H,5011,0.30,Lyons_Ferry_H,5021,0.16,Abernathy_Cr_Fa,5008,0.05,Nez_PerceT_H,5021,0.04
Area126 (11) troll 130 275,,Wells_H,5026,0.80,Hanford_Reach,5026,0.13,Methow_R,5026,0.05,Priest_Rapid_H,5026,0.01,Umatilla_H_Fa,5026,0.01
Area126 (11) troll 130 276,,Harrison,3,0.99,Chilliwack_F,3,0.01,L_Thompson,5,0.00,L_Skagit_R_Fa,5016,0.00,,,
Area126 (11) troll 130 277,,Nez_PerceT_H,5021,0.53,Hanford_Reach,5026,0.23,L_Wh_Sal_H_SF,5026,0.10,Lyons_Ferry_H,5021,0.07,Priest_Rapid_H,5026,0.05
Area126 (11) troll 130 278,,Snoqualmie_R,5016,0.44,Clear_Cr_H,5020,0.22,Puntledge_F,7,0.20,NF_Skokomish_F,5005,0.04,L_Skagit_R_Fa,5016,0.04
Area126 (11) troll 130 279,,Hanford_Reach,5026,0.43,Priest_Rapid_H,5026,0.34,L_Wh_Sal_H_SF,5026,0.22,Nez_PerceT_H,5021,0.01,Sandy_R,5008,0.00
Area126 (11) troll 130 280,,Priest_Rapid_H,5026,0.65,Hanford_Reach,5026,0.16,Umatilla_H_Fa,5026,0.07,Lyons_Ferry_H,5021,0.05,Nez_PerceT_H,5021,0.03
Area126 (11) troll 130 281,,Abernathy_Cr_Fa,5008,0.58,Washougal_R_Fa,5008,0.37,Cowlitz_H_fa,5008,0.03,Green_R_Fa,5008,0.02,Lewis_R_f,5008,0.00
Area126 (11) troll 130 282,,NF_Skokomish_F,5005,0.46,Soos_H,5020,0.26,Clear_Cr_H,5020,0.16,L_Skagit_R_Fa,5016,0.08,Voights_H,5020,0.01
Area126 (11) troll 130 283,,Snoqualmie_R,5016,0.60,Clear_Cr_H,5020,0.29,Soos_H,5020,0.05,NF_Skokomish_F,5005,0.02,Voights_H,5020,0.02
Area126 (11) troll 130 284,,Clear_Cr_H,5020,0.85,Priest_Rapids_H,5026,0.04,Soos_H,5020,0.03,Cedar_R_SuFa,5020,0.02,L_Skagit_R_Fa,5016,0.02
Area126 (11) troll 130 285,,Spring_Cr_col,5030,0.69,Big_Cr_H_Col,5030,0.20,Abernathy_Cr_Fa,5008,0.07,Washougal_R_Fa,5008,0.02,Cowlitz_H_fa,5008,0.01
Area126 (11) troll 130 286,,Priest_Rapid_H,5026,0.63,Lyons_Ferry_H,5021,0.26,Priest_Rapids_H,5026,0.05,Coquille_R,5011,0.03,S_Umpqua_H,5011,0.01
Area126 (11) troll 130 287,,Washougal_R_Fa,5008,0.82,Green_R_Fa,5008,0.09,Abernathy_Cr_Fa,5008,0.07,Elochoman_H,5030,0.01,Cowlitz_H_fa,5008,0.00
Area126 (11) troll 130 288,,Spring_Cr_col,5030,0.99,Big_Cr_H_Col,5030,0.00,Cowlitz_H_fa,5008,0.00,Elochoman_H,5030,0.00,Abernathy_Cr_Fa,5008,0.00
Area126 (11) troll 130 289,,Hanford_Reach,5026,0.69,Priest_Rapid_H,5026,0.12,Umatilla_H_Fa,5026,0.09,Wells_H,5026,0.03,Lyons_Ferry_H,5021,0.02
Area126 (11) troll 130 290,,Wells_H,5026,0.99,Priest_Rapid_H,5026,0.00,Hanford_Reach,5026,0.00,Priest_Rapids_H,5026,0.00,Lyons_Ferry_H,5021,0.00
Area126 (11) troll 130 291,,Robertson,8,0.52,Puntledge_F,7,0.29,Gold_R,8,0.08,Thornton,8,0.07,L_Skagit_R_Fa,5016,0.02
Area126 (11) troll 130 292,,Forks_Cr_H,5028,0.63,Snoqualmie_R,5016,0.12,Lewis_R_f,5008,0.09,S_Umpqua_H,5011,0.06,Cowlitz_H_fa,5008,0.03
Area126 (11) troll 130 293,,Hanford_Reach,5026,0.52,Priest_Rapid_H,5026,0.44,L_Wh_Sal_H_SF,5026,0.01,Lyons_Ferry_H,5021,0.01,Nez_PerceT_H,5021,0.01
Area126 (11) troll 130 294,,Spring_Cr_col,5030,0.99,Abernathy_Cr_Fa,5008,0.01,Lyons_Ferry_H,5021,0.00,Big_Cr_H_Col,5030,0.00,,,
Area126 (11) troll 130 295,,Cowlitz_H_fa,5008,0.47,Washougal_R_Fa,5008,0.24,Abernathy_Cr_Fa,5008,0.19,Green_R_Fa,5008,0.09,Elochoman_H,5030,0.00
Area126 (11) troll 130 296,,NF_Nooksack_H,5016,1.00,L_Skagit_R_Fa,5016,0.00,Snoqualmie_R,5016,0.00,Cedar_R_SuFa,5020,0.00,Clear_Cr_H,5020,0.00
Area126 (11) troll 131 297,,Harrison,3,0.50,Chilliwack_F,3,0.34,Kiteen,11,0.07,Exstew_R,23,0.03,Clearwater,4,0.01
Area126 (11) troll 131 298,,Wells_H,5026,0.55,Hanford_Reach,5026,0.32,Priest_Rapid_H,5026,0.04,L_Wh_Sal_H_SF,5026,0.04,Priest_Rapids_H,5026,0.02
Area126 (11) troll 131 299,,Spring_Cr_col,5030,0.94,Abernathy_Cr_Fa,5008,0.03,Big_Cr_H_Col,5030,0.03,Abernathy_NFH_F,5008,0.00,Elochoman_H,5030,0.00
Area126 (11) troll 131 300,,NF_Skokomish_F,5005,0.63,Puntledge_F,7,0.14,Snoqualmie_R,5016,0.07,Clear_Cr_H,5020,0.07,L_Skagit_R_Fa,5016,0.05
Area126 (11) troll 131 301,,Nez_PerceT_H,5021,0.62,Priest_Rapids_H,5026,0.34,Hanford_Reach,5026,0.02,L_Wh_Sal_H_SF,5026,0.01,Priest_Rapid_H,5026,0.00
Area126 (11) troll 131 302,,Harrison,3,0.83,Chilliwack_F,3,0.17,Takia,10,0.00,,,,,,
Area126 (11) troll 131 303,,U_Deschutes_R,5004,0.50,Hanford_Reach,5026,0.23,Priest_Rapids_H,5026,0.14,Priest_Rapid_H,5026,0.10,L_Wh_Sal_H_SF,5026,0.02
Area126 (11) troll 131 304,,Harrison,3,1.00,Chilliwack_F,3,0.00,,,,,,,,,
Area126 (11) troll 131 305,,S_Umpqua_H,5011,0.94,Nehalem_R,5015,0.03,L_Skagit_R_Fa,5016,0.01,Coquille_R,5011,0.00,Alsea_R,5015,0.00
Area126 (11) troll 131 306,,S_Umpqua_H,5011,1.00,Humptulips_H,5028,0.00,,,,,,,,,
Area126 (11) troll 131 307,,Priest_Rapids_H,5026,0.62,Hanford_Reach,5026,0.16,Priest_Rapid_H,5026,0.13,Wells_H,5026,0.04,Umatilla_H_Fa,5026,0.02
Area126 (11) troll 131 308,,S_Umpqua_H,5011,0.89,Hanford_Reach,5026,0.05,Priest_Rapid_H,5026,0.04,Priest_Rapids_H,5026,0.01,Umatilla_H_Fa,5026,0.00
Area126 (11) troll 131 309,,Chilliwack_F,3,0.99,Harrison,3,0.01,L_Skagit_R_Fa,5016,0.00,NF_Nooksack_H,5016,0.00,Snoqualmie_R,5016,0.00
Area126 (11) troll 131 310,,Harrison,3,0.87,Chilliwack_F,3,0.13,,,,,,,,,
Area126 (11) troll 162 468,,Clear_Cr_H,5020,0.59,NF_Skokomish_F,5005,0.19,Cedar_R_SuFa,5020,0.15,Soos_H,5020,0.03,Snoqualmie_R,5016,0.02
Area126 (11) troll 162 469,,Harrison,3,0.99,Chilliwack_F,3,0.01,,,,,,,,,
Area126 (11) troll 162 470,,Spring_Cr_col,5030,0.87,Big_Cr_H_Col,5030,0.13,N_Santiam_H,5029,0.00,Abernathy_NFH_F,5008,0.00,Abernathy_Cr_Fa,5008,0.00
Area126 (11) troll 162 471,,Clear_Cr_H,5020,0.55,Cedar_R_SuFa,5020,0.14,Snoqualmie_R,5016,0.11,NF_Skokomish_F,5005,0.06,George_Adams_H,5005,0.05
Area126 (11) troll 162 472,,Hanford_Reach,5026,0.70,Priest_Rapid_H,5026,0.17,L_Wh_Sal_H_SF,5026,0.11,Priest_Rapids_H,5026,0.02,Wells_H,5026,0.00
Area126 (11) troll 162 473,,McKenzie_H,5029,0.78,N_Santiam_H,5029,0.22,Hanford_Reach,5026,0.00,L_Wh_Sal_H_SF,5026,0.00,Coquille_R,5011,0.00
Area126 (11) troll 162 474,,Forks_Cr_H,5028,0.60,Kilchis_R,5015,0.35,Humptulips_H,5028,0.03,Wilson_R,5015,0.01,Alsea_R,5015,0.00
Area126 (11) troll 162 475,,Kilchis_R,5015,0.51,Wilson_R,5015,0.32,S_Umpqua_H,5011,0.06,NanaimoSu_BackX,7,0.04,Humptulips_H,5028,0.03
Area126 (11) troll 162 476,,Zeballos,8,0.79,Conuma,8,0.20,Tahsis,8,0.01,Tlupana,8,0.00,Kaouk_R,8,0.00
Area126 (11) troll 162 477,,Alsea_R,5015,0.73,Wilson_R,5015,0.26,Kilchis_R,5015,0.01,Trask_R,5015,0.00,S_Coos_R,5011,0.00
Area126 (11) troll 162 478,,Snoqualmie_R,5016,0.33,Clear_Cr_H,5020,0.33,Cedar_R_SuFa,5020,0.30,Bear_Cr_SuFa,5020,0.02,Puntledge_F,7,0.01
Area126 (11) troll 162 479,,Harrison,3,0.63,Chilliwack_F,3,0.37,Snoqualmie_R,5016,0.00,Zeballos,8,0.00,,,
Area126 (11) troll 162 480,,Zeballos,8,0.80,Conuma,8,0.20,Harrison,3,0.00,,,,,,
Area126 (11) troll 162 481,,S_Umpqua_H,5011,1.00,,,,,,,,,,,,
Area126 (11) troll 162 482,,Chilliwack_F,3,0.83,Harrison,3,0.17,Little_R,5,0.00,Chilliwac@Stav,3,0.00,,,
Area126 (11) troll 162 483,,Forks_Cr_H,5028,0.90,Alsea_R,5015,0.05,Kilchis_R,5015,0.02,Sol_Duc_H,5028,0.01,Humptulips_H,5028,0.01
Area126 (11) troll 162 484,,Coquille_R,5011,0.42,Harrison,3,0.34,S_Umpqua_H,5011,0.17,Sol_Duc_H,5028,0.02,Forks_Cr_H,5028,0.02
Area126 (11) troll 162 485,,Washougal_R_Fa,5008,0.53,Abernathy_Cr_Fa,5008,0.24,Green_R_Fa,5008,0.13,L_Skagit_R_Fa,5016,0.04,Cowlitz_H_fa,5008,0.03
Area126 (11) troll 162 486,,L_Wh_Sal_H_SF,5026,0.93,Umatilla_H_Fa,5026,0.02,Nez_PerceT_H,5021,0.02,Priest_Rapid_H,5026,0.01,Hanford_Reach,5026,0.01
Area126 (11) troll 162 487,,S_Umpqua_H,5011,1.00,NanaimoSu_BackX,7,0.00,Coquille_R,5011,0.00,Kilchis_R,5015,0.00,Wilson_R,5015,0.00
Area126 (11) troll 162 488,,L_Thompson,5,0.50,Little_R,5,0.10,M_Shuswap,5,0.09,L_Shuswap,5,0.08,Bessette,5,0.08
Area126 (11) troll 162 489,,S_Umpqua_H,5011,0.94,L_Wh_Sal_H_SF,5026,0.01,Hanford_Reach,5026,0.01,Alsea_R,5015,0.01,Coquille_R,5011,0.01
Area126 (11) troll 162 490,,Little_R,5,0.83,South_Thom,5,0.13,L_Thompson,5,0.04,Seymour@Thomp,5,0.00,Duteau_Cr,5,0.00
Area126 (11) troll 162 491,,Harrison,3,0.99,Chilliwack_F,3,0.01,,,,,,,,,
Area126 (11) troll 162 492,,Lyons_Ferry_H,5021,0.71,Nez_PerceT_H,5021,0.17,Wells_H,5026,0.11,Hanford_Reach,5026,0.01,Priest_Rapids_H,5026,0.00
Area126 (11) troll 162 493,,Bonaparte,6,0.41,Deadman,6,0.34,Coldwater,6,0.16,L_Chilcoti,2,0.04,U_Coldwat_SP,6,0.01
Area126 (11) troll 162 494,,Coquille_R,5011,0.74,NanaimoSu_BackX,7,0.10,S_Coos_R,5011,0.10,Snoqualmie_R,5016,0.03,L_Skagit_R_Fa,5016,0.02
Area126 (11) troll 162 495,,L_Wh_Sal_H_SF,5026,0.57,Hanford_Reach,5026,0.15,Priest_Rapid_H,5026,0.12,Cedar_R_SuFa,5020,0.06,Puntledge_F,7,0.04
Area126 (11) troll 162 496,,Harrison,3,0.94,Chilliwack_F,3,0.05,Samish_H,5016,0.00,Wells_H,5026,0.00,Priest_Rapids_H,5026,0.00
Area126 (11) troll 162 497,,Coquille_R,5011,0.93,S_Coos_R,5011,0.03,Snoqualmie_R,5016,0.01,Shegunia_R,22,0.01,S_Umpqua_H,5011,0.00
Area126 (11) troll 162 498,,Soos_H,5020,0.59,Clear_Cr_H,5020,0.32,Cedar_R_SuFa,5020,0.07,Samish_H,5016,0.01,Bear_Cr_SuFa,5020,0.00
Area126 (11) troll 162 499,,Snoqualmie_R,5016,0.32,Lyons_Ferry_H,5021,0.21,L_Skagit_R_Fa,5016,0.10,Cedar_R_SuFa,5020,0.08,Hanford_Reach,5026,0.07
Area126 (11) troll 162 500,,McKenzie_H,5029,0.70,N_Santiam_H,5029,0.21,Hanford_Reach,5026,0.07,S_Umpqua_H,5011,0.01,Nez_PerceT_H,5021,0.00
Area126 (11) troll 162 501,,Washougal_R_Fa,5008,0.78,Green_R_Fa,5008,0.14,Abernathy_Cr_Fa,5008,0.03,Elochoman_H,5030,0.02,Lewis_R_f,5008,0.01
Area126 (11) troll 162 502,,Spring_Cr_col,5030,0.67,Big_Cr_H_Col,5030,0.16,Abernathy_Cr_Fa,5008,0.15,Washougal_R_Fa,5008,0.01,Elochoman_H,5030,0.01
Area126 (11) troll 162 503,,Cedar_R_SuFa,5020,0.43,Clear_Cr_H,5020,0.35,Soos_H,5020,0.14,Samish_H,5016,0.05,Bear_Cr_SuFa,5020,0.01
Area126 (11) troll 162 504,,NF_Skokomish_F,5005,0.96,Hamma_Hamma_R,5005,0.01,Clear_Cr_H,5020,0.01,Soos_H,5020,0.01,George_Adams_H,5005,0.01
Area126 (11) troll 162 505,,Priest_Rapid_H,5026,0.42,Priest_Rapids_H,5026,0.33,Hanford_Reach,5026,0.12,L_Wh_Sal_H_SF,5026,0.06,Nez_PerceT_H,5021,0.04
Area126 (11) troll 162 506,,Hanford_Reach,5026,0.31,Nez_PerceT_H,5021,0.25,Cowlitz_H_fa,5008,0.16,Lyons_Ferry_H,5021,0.11,Priest_Rapid_H,5026,0.06
Area126 (11) troll 162 507,,Little_R,5,0.88,South_Thom,5,0.07,L_Thompson,5,0.02,Lemieux_Cr,4,0.01,N_Thom@Main,4,0.01
Area126 (11) troll 162 508,,Hanford_Reach,5026,0.62,Priest_Rapid_H,5026,0.26,Priest_Rapids_H,5026,0.06,Umatilla_H_Fa,5026,0.04,Nez_PerceT_H,5021,0.01
Area126 (11) troll 162 509,,Hanford_Reach,5026,0.78,Umatilla_H_Fa,5026,0.15,Priest_Rapids_H,5026,0.05,Priest_Rapid_H,5026,0.01,Nez_PerceT_H,5021,0.01
Area126 (11) troll 162 510,,L_Wh_Sal_H_SF,5026,0.80,Hanford_Reach,5026,0.18,Umatilla_H_Fa,5026,0.01,Nez_PerceT_H,5021,0.01,Priest_Rapid_H,5026,0.00
Area126 (11) troll 162 511,,Kilchis_R,5015,0.53,Wilson_R,5015,0.31,Alsea_R,5015,0.08,Forks_Cr_H,5028,0.07,Humptulips_H,5028,0.01
Area126 (11) troll 162 512,,Hanford_Reach,5026,0.60,Priest_Rapid_H,5026,0.26,Priest_Rapids_H,5026,0.10,L_Wh_Sal_H_SF,5026,0.02,Methow_R,5026,0.01
Area126 (11) troll 162 513,,Washougal_R_Fa,5008,0.93,Lewis_R_Su,5008,0.02,Sandy_R,5008,0.02,Johnson_H,5022,0.01,Green_R_Fa,5008,0.01
Area126 (11) troll 162 514,,Zeballos,8,0.80,Conuma,8,0.20,Tlupana,8,0.00,Kaouk_R,8,0.00,Tahsis,8,0.00
Area126 (11) troll 162 515,,Little_R,5,0.82,Bessette,5,0.07,South_Thom,5,0.03,M_Shuswap,5,0.02,L_Thompson,5,0.02
Area126 (11) troll 162 516,,Lyons_Ferry_H,5021,0.51,Hanford_Reach,5026,0.21,Umatilla_H_Fa,5026,0.16,L_Skagit_R_Fa,5016,0.04,Priest_Rapids_H,5026,0.03
Area126 (11) troll 162 517,,Little_R,5,0.29,Wells_H,5026,0.18,Abernathy_Cr_Fa,5008,0.13,L_Wh_Sal_H_SF,5026,0.09,L_Thompson,5,0.07
Area126 (11) troll 162 518,,Nehalem_R,5015,0.92,S_Umpqua_H,5011,0.03,Wilson_R,5015,0.02,Lyons_Ferry_H,5021,0.01,Exstew_R,23,0.01
Area126 (11) troll 162 519,,S_Umpqua_H,5011,0.23,Abernathy_Cr_Fa,5008,0.16,Priest_Rapid_H,5026,0.10,Hanford_Reach,5026,0.07,Snoqualmie_R,5016,0.06
Area126 (11) troll 162 520,,Forks_Cr_H,5028,1.00,,,,,,,,,,,,
Area126 (11) troll 162 521,,Alsea_R,5015,0.65,Wilson_R,5015,0.21,Kilchis_R,5015,0.14,NanaimoSu_BackX,7,0.00,Salmon_R_f,5015,0.00
Area126 (11) troll 162 522,,L_Wh_Sal_H_SF,5026,0.42,Nez_PerceT_H,5021,0.31,Lyons_Ferry_H,5021,0.17,Hanford_Reach,5026,0.06,Priest_Rapid_H,5026,0.03
Area126 (11) troll 162 523,,Kilchis_R,5015,0.60,Wilson_R,5015,0.31,Forks_Cr_H,5028,0.04,Alsea_R,5015,0.03,Nestucca_H,5015,0.00
Area126 (11) troll 68 1,,Abernathy_Cr_Fa,5008,0.85,Washougal_R_Fa,5008,0.11,Spring_Cr_col,5030,0.01,Big_Cr_H_Col,5030,0.01,Harrison,3,0.00
Area126 (11) troll 68 10,,NF_Skokomish_F,5005,0.96,L_Skagit_R_Fa,5016,0.01,Clear_Cr_H,5020,0.01,Soos_H,5020,0.01,Hamma_Hamma_R,5005,0.00
Area126 (11) troll 68 100,,Clear_Cr_H,5020,0.69,L_Skagit_R_Fa,5016,0.16,Soos_H,5020,0.08,Grovers_Cr_H,5020,0.02,Snoqualmie_R,5016,0.02
Area126 (11) troll 68 101,,Big_Cr_H_Col,5030,0.50,Spring_Cr_col,5030,0.49,Abernathy_Cr_Fa,5008,0.01,Abernathy_NFH_F,5008,0.00,,,
Area126 (11) troll 68 102,,Washougal_R_Fa,5008,0.66,Abernathy_Cr_Fa,5008,0.25,Spring_Cr_col,5030,0.06,Big_Cr_H_Col,5030,0.02,Green_R_Fa,5008,0.00
Area126 (11) troll 68 103,,Forks_Cr_H,5028,0.99,Alsea_R,5015,0.00,Humptulips_H,5028,0.00,S_Umpqua_H,5011,0.00,S_Coos_R,5011,0.00
Area126 (11) troll 68 104,,Soos_H,5020,0.57,Cedar_R_SuFa,5020,0.21,Samish_H,5016,0.09,Clear_Cr_H,5020,0.07,Snoqualmie_R,5016,0.02
Area126 (11) troll 68 105,,Spring_Cr_col,5030,0.91,Big_Cr_H_Col,5030,0.08,Abernathy_Cr_Fa,5008,0.00,Cowlitz_H_fa,5008,0.00,Elochoman_H,5030,0.00
Area126 (11) troll 68 106,,NF_Skokomish_F,5005,0.83,Clear_Cr_H,5020,0.06,Cedar_R_SuFa,5020,0.06,Soos_H,5020,0.02,Snoqualmie_R,5016,0.01
Area126 (11) troll 68 107,,Spring_Cr_col,5030,0.91,Abernathy_Cr_Fa,5008,0.09,Green_R_Fa,5008,0.00,Elochoman_H,5030,0.00,Big_Cr_H_Col,5030,0.00
Area126 (11) troll 68 108,,Spring_Cr_col,5030,1.00,Big_Cr_H_Col,5030,0.00,Abernathy_Cr_Fa,5008,0.00,Abernathy_NFH_F,5008,0.00,,,
Area126 (11) troll 68 109,,Washougal_R_Fa,5008,0.70,Lewis_R_f,5008,0.16,Abernathy_Cr_Fa,5008,0.10,Cowlitz_H_fa,5008,0.04,Sandy_R,5008,0.01
Area126 (11) troll 68 11,,Priest_Rapid_H,5026,0.51,Hanford_Reach,5026,0.31,Umatilla_H_Fa,5026,0.07,Wells_H,5026,0.04,Humptulips_H,5028,0.03
Area126 (11) troll 68 110,,Soos_H,5020,0.73,Cedar_R_SuFa,5020,0.11,UW_H_SuFa,5020,0.06,Snoqualmie_R,5016,0.04,Bear_Cr_SuFa,5020,0.03
Area126 (11) troll 68 111,,Abernathy_Cr_Fa,5008,0.65,Washougal_R_Fa,5008,0.16,Spring_Cr_col,5030,0.11,Big_Cr_H_Col,5030,0.04,Cowlitz_H_fa,5008,0.02
Area126 (11) troll 68 112,,Lyons_Ferry_H,5021,0.49,Nez_PerceT_H,5021,0.30,L_Wh_Sal_H_SF,5026,0.13,Priest_Rapid_H,5026,0.05,Priest_Rapids_H,5026,0.02
Area126 (11) troll 68 113,,Soos_H,5020,0.89,Snoqualmie_R,5016,0.04,L_Skagit_R_Fa,5016,0.02,Clear_Cr_H,5020,0.02,Bear_Cr_SuFa,5020,0.01
Area126 (11) troll 68 114,,Big_Cr_H_Col,5030,0.77,Spring_Cr_col,5030,0.22,Abernathy_Cr_Fa,5008,0.00,Cowlitz_H_fa,5008,0.00,Elochoman_H,5030,0.00
Area126 (11) troll 68 115,,Spring_Cr_col,5030,1.00,Abernathy_NFH_F,5008,0.00,Cowlitz_H_fa,5008,0.00,,,,,,
Area126 (11) troll 68 116,,L_Wh_Sal_H_SF,5026,0.30,Hanford_Reach,5026,0.25,Priest_Rapid_H,5026,0.17,Lyons_Ferry_H,5021,0.10,Nez_PerceT_H,5021,0.08
Area126 (11) troll 68 117,,Lyons_Ferry_H,5021,0.99,L_Wh_Sal_H_SF,5026,0.01,Hanford_Reach,5026,0.00,Priest_Rapids_H,5026,0.00,Wells_H,5026,0.00
Area126 (11) troll 68 118,,Spring_Cr_col,5030,0.96,Big_Cr_H_Col,5030,0.04,Abernathy_Cr_Fa,5008,0.00,Abernathy_NFH_F,5008,0.00,Elochoman_H,5030,0.00
Area126 (11) troll 68 119,,Cedar_R_SuFa,5020,0.47,Clear_Cr_H,5020,0.17,Snoqualmie_R,5016,0.13,Soos_H,5020,0.12,L_Skagit_R_Fa,5016,0.01
Area126 (11) troll 68 12,,Big_Cr_H_Col,5030,0.42,Spring_Cr_col,5030,0.36,Abernathy_Cr_Fa,5008,0.20,Elochoman_H,5030,0.01,Abernathy_NFH_F,5008,0.01
Area126 (11) troll 68 120,,Soos_H,5020,0.83,Clear_Cr_H,5020,0.12,Samish_H,5016,0.01,Snoqualmie_R,5016,0.01,Grovers_Cr_H,5020,0.00
Area126 (11) troll 68 121,,Clear_Cr_H,5020,0.69,NF_Skokomish_F,5005,0.26,Cedar_R_SuFa,5020,0.04,Samish_H,5016,0.01,Soos_H,5020,0.00
Area126 (11) troll 68 122,,Clear_Cr_H,5020,0.26,L_Skagit_R_Fa,5016,0.25,Snoqualmie_R,5016,0.16,NF_Skokomish_F,5005,0.15,Samish_H,5016,0.08
Area126 (11) troll 68 123,,Soos_H,5020,0.73,Clear_Cr_H,5020,0.07,Snoqualmie_R,5016,0.05,NF_Skokomish_F,5005,0.04,Samish_H,5016,0.03
Area126 (11) troll 68 124,,Snoqualmie_R,5016,0.93,Harrison,3,0.03,NF_Skokomish_F,5005,0.02,L_Skagit_R_Fa,5016,0.01,Skagit_R,5016,0.00
Area126 (11) troll 68 125,,NF_Nooksack_H,5016,1.00,Snoqualmie_R,5016,0.00,NanaimoSu_BackX,7,0.00,Harrison,3,0.00,L_Skagit_R_Fa,5016,0.00
Area126 (11) troll 68 126,,Abernathy_Cr_Fa,5008,0.52,Cowlitz_H_fa,5008,0.39,Washougal_R_Fa,5008,0.07,Spring_Cr_col,5030,0.02,Big_Cr_H_Col,5030,0.00
Area126 (11) troll 68 127,,Alsea_R,5015,0.87,S_Umpqua_H,5011,0.05,Forks_Cr_H,5028,0.03,Wilson_R,5015,0.02,Coos_H,5011,0.01
Area126 (11) troll 68 128,,Clear_Cr_H,5020,0.75,Hanford_Reach,5026,0.13,Snoqualmie_R,5016,0.03,Lyons_Ferry_H,5021,0.03,Nez_PerceT_H,5021,0.02
Area126 (11) troll 68 129,,Wells_H,5026,0.90,L_Wh_Sal_H_SF,5026,0.07,Priest_Rapid_H,5026,0.01,Nez_PerceT_H,5021,0.01,Priest_Rapids_H,5026,0.01
Area126 (11) troll 68 13,,L_Skagit_R_Fa,5016,0.63,Snoqualmie_R,5016,0.17,Soos_H,5020,0.09,Samish_H,5016,0.05,NF_Skokomish_F,5005,0.04
Area126 (11) troll 68 130,,Spring_Cr_col,5030,0.99,Abernathy_Cr_Fa,5008,0.00,Elochoman_H,5030,0.00,Abernathy_NFH_F,5008,0.00,Big_Cr_H_Col,5030,0.00
Area126 (11) troll 68 131,,NF_Nooksack_H,5016,1.00,,,,,,,,,,,,
Area126 (11) troll 68 132,,Harrison,3,0.99,Chilliwack_F,3,0.00,Exstew_R,23,0.00,Gitnadoix,23,0.00,Nangeese_R,22,0.00
Area126 (11) troll 68 133,,Priest_Rapid_H,5026,0.50,Hanford_Reach,5026,0.20,Priest_Rapids_H,5026,0.12,L_Wh_Sal_H_SF,5026,0.08,Lyons_Ferry_H,5021,0.05
Area126 (11) troll 68 134,,Clear_Cr_H,5020,0.38,Cedar_R_SuFa,5020,0.15,Soos_H,5020,0.08,Hanford_Reach,5026,0.07,L_Skagit_R_Fa,5016,0.06
Area126 (11) troll 68 135,,Hanford_Reach,5026,0.42,Priest_Rapid_H,5026,0.27,Umatilla_H_Fa,5026,0.22,Lyons_Ferry_H,5021,0.03,L_Skagit_R_Fa,5016,0.02
Area126 (11) troll 68 136,,Hanford_Reach,5026,0.53,Priest_Rapid_H,5026,0.34,L_Wh_Sal_H_SF,5026,0.07,Nez_PerceT_H,5021,0.04,Wells_H,5026,0.01
Area126 (11) troll 68 137,,Hanford_Reach,5026,0.80,Priest_Rapids_H,5026,0.19,L_Wh_Sal_H_SF,5026,0.01,Umatilla_H_Fa,5026,0.00,Priest_Rapid_H,5026,0.00
Area126 (11) troll 68 138,,Hanford_Reach,5026,0.68,Priest_Rapid_H,5026,0.13,L_Wh_Sal_H_SF,5026,0.07,Priest_Rapids_H,5026,0.04,Nez_PerceT_H,5021,0.03
Area126 (11) troll 68 139,,Spring_Cr_col,5030,0.99,Washougal_R_Fa,5008,0.01,Abernathy_NFH_F,5008,0.00,Elochoman_H,5030,0.00,Big_Cr_H_Col,5030,0.00
Area126 (11) troll 68 14,,Clear_Cr_H,5020,0.32,Samish_H,5016,0.25,Soos_H,5020,0.15,NF_Skokomish_F,5005,0.06,Cedar_R_SuFa,5020,0.06
Area126 (11) troll 68 140,,Priest_Rapids_H,5026,0.30,Hanford_Reach,5026,0.20,Nez_PerceT_H,5021,0.15,Priest_Rapid_H,5026,0.14,Lyons_Ferry_H,5021,0.10
Area126 (11) troll 68 141,,Hanford_Reach,5026,0.59,Priest_Rapid_H,5026,0.20,Nez_PerceT_H,5021,0.15,Lyons_Ferry_H,5021,0.02,Priest_Rapids_H,5026,0.01
Area126 (11) troll 68 142,,Chilliwack_F,3,0.62,Harrison,3,0.36,Exstew_R,23,0.02,L_Skagit_R_Fa,5016,0.00,Puntledge_F,7,0.00
Area126 (11) troll 68 143,,Spring_Cr_col,5030,0.47,Abernathy_Cr_Fa,5008,0.27,Washougal_R_Fa,5008,0.17,Elochoman_H,5030,0.03,Green_R_Fa,5008,0.02
Area126 (11) troll 68 144,,Priest_Rapid_H,5026,0.81,Hanford_Reach,5026,0.08,L_Wh_Sal_H_SF,5026,0.04,Umatilla_H_Fa,5026,0.04,Nez_PerceT_H,5021,0.03
Area126 (11) troll 68 145,,Chilliwack_F,3,0.84,Harrison,3,0.16,,,,,,,,,
Area126 (11) troll 68 146,,Harrison,3,0.47,L_Thompson,5,0.21,Snoqualmie_R,5016,0.07,Chilliwack_F,3,0.07,Little_R,5,0.06
Area126 (11) troll 68 147,,Hanford_Reach,5026,0.39,Lyons_Ferry_H,5021,0.30,Priest_Rapid_H,5026,0.15,Umatilla_H_Fa,5026,0.04,Wells_H,5026,0.04
Area126 (11) troll 68 148,,Washougal_R_Fa,5008,1.00,Abernathy_Cr_Fa,5008,0.00,Sandy_R,5008,0.00,Lewis_R_f,5008,0.00,Spring_Cr_col,5030,0.00
Area126 (11) troll 68 149,,Snoqualmie_R,5016,0.42,Abernathy_Cr_Fa,5008,0.22,NanaimoSu_BackX,7,0.10,Cowlitz_H_fa,5008,0.08,NF_Nooksack_H,5016,0.03
Area126 (11) troll 68 15,,Clear_Cr_H,5020,0.99,Snoqualmie_R,5016,0.00,Samish_H,5016,0.00,NF_Skokomish_F,5005,0.00,Voights_H,5020,0.00
Area126 (11) troll 68 150,,L_Skagit_R_Fa,5016,0.44,Clear_Cr_H,5020,0.22,Soos_H,5020,0.12,NF_Skokomish_F,5005,0.09,Snoqualmie_R,5016,0.08
Area126 (11) troll 68 151,,Chilliwack_F,3,0.97,Harrison,3,0.03,S_Coos_R,5011,0.00,L_Skagit_R_Fa,5016,0.00,Abernathy_Cr_Fa,5008,0.00
Area126 (11) troll 68 152,,Harrison,3,0.91,NanaimoSu_BackX,7,0.03,Coquille_R,5011,0.02,Kilchis_R,5015,0.01,L_Skagit_R_Fa,5016,0.01
Area126 (11) troll 68 153,,Lyons_Ferry_H,5021,0.42,Priest_Rapid_H,5026,0.20,Priest_Rapids_H,5026,0.18,Wells_H,5026,0.15,Hanford_Reach,5026,0.03
Area126 (11) troll 68 154,,Hanford_Reach,5026,0.44,McKenzie_H,5029,0.16,Priest_Rapids_H,5026,0.14,Cowlitz_H_fa,5008,0.14,N_Santiam_H,5029,0.08
Area126 (11) troll 68 155,,Snoqualmie_R,5016,0.77,Cedar_R_SuFa,5020,0.09,NF_Nooksack_H,5016,0.04,Clear_Cr_H,5020,0.04,Soos_H,5020,0.02
Area126 (11) troll 68 156,,Coquille_R,5011,0.97,S_Coos_R,5011,0.02,Coos_H,5011,0.00,Forks_Cr_H,5028,0.00,Wilson_R,5015,0.00
Area126 (11) troll 68 157,,S_Umpqua_H,5011,0.24,Naches_Sp,5010,0.22,LittleNaches_Sp,5010,0.10,NanaimoSu_BackX,7,0.07,Coquille_R,5011,0.06
Area126 (11) troll 68 158,,Hanford_Reach,5026,0.40,Wells_H,5026,0.24,Priest_Rapid_H,5026,0.13,Washougal_R_Fa,5008,0.07,Snoqualmie_R,5016,0.04
Area126 (11) troll 68 159,,Abernathy_Cr_Fa,5008,0.91,Big_Cr_H_Col,5030,0.07,Cowlitz_H_fa,5008,0.01,Elochoman_H,5030,0.01,Lewis_R_Su,5008,0.00
Area126 (11) troll 68 16,,Cedar_R_SuFa,5020,0.40,Soos_H,5020,0.32,NF_Skokomish_F,5005,0.18,Clear_Cr_H,5020,0.08,L_Skagit_R_Fa,5016,0.01
Area126 (11) troll 68 160,,Samish_H,5016,0.27,Soos_H,5020,0.26,Snoqualmie_R,5016,0.18,Cedar_R_SuFa,5020,0.15,L_Skagit_R_Fa,5016,0.14
Area126 (11) troll 68 161,,McKenzie_H,5029,0.91,N_Santiam_H,5029,0.09,Lyons_Ferry_H,5021,0.00,,,,,,
Area126 (11) troll 68 162,,Big_Cr_H_Col,5030,0.67,Spring_Cr_col,5030,0.32,Washougal_R_Fa,5008,0.01,Abernathy_NFH_F,5008,0.00,Abernathy_Cr_Fa,5008,0.00
Area126 (11) troll 68 163,,Spring_Cr_col,5030,0.77,Abernathy_Cr_Fa,5008,0.16,Washougal_R_Fa,5008,0.05,Elochoman_H,5030,0.02,Big_Cr_H_Col,5030,0.00
Area126 (11) troll 68 164,,Hanford_Reach,5026,0.31,Nez_PerceT_H,5021,0.22,Wells_H,5026,0.19,L_Wh_Sal_H_SF,5026,0.13,Priest_Rapids_H,5026,0.09
Area126 (11) troll 68 165,,NF_Skokomish_F,5005,0.82,Clear_Cr_H,5020,0.12,Snoqualmie_R,5016,0.04,Soos_H,5020,0.01,Cedar_R_SuFa,5020,0.00
Area126 (11) troll 68 166,,NF_Skokomish_F,5005,0.47,Clear_Cr_H,5020,0.29,Cedar_R_SuFa,5020,0.08,Soos_H,5020,0.08,George_Adams_H,5005,0.04
Area126 (11) troll 68 167,,Clear_Cr_H,5020,0.70,Soos_H,5020,0.11,Samish_H,5016,0.06,Cedar_R_SuFa,5020,0.04,L_Skagit_R_Fa,5016,0.04
Area126 (11) troll 68 168,,Spring_Cr_col,5030,0.98,Big_Cr_H_Col,5030,0.02,Abernathy_Cr_Fa,5008,0.00,Abernathy_NFH_F,5008,0.00,Elochoman_H,5030,0.00
Area126 (11) troll 68 169,,Snoqualmie_R,5016,0.17,L_Skagit_R_Fa,5016,0.17,Harrison,3,0.09,Soos_H,5020,0.08,NF_Skokomish_F,5005,0.07
Area126 (11) troll 68 17,,NF_Skokomish_F,5005,0.51,Clear_Cr_H,5020,0.34,Cedar_R_SuFa,5020,0.12,Bear_Cr_SuFa,5020,0.01,Soos_H,5020,0.01
Area126 (11) troll 68 170,,Clear_Cr_H,5020,0.31,Cedar_R_SuFa,5020,0.28,Soos_H,5020,0.17,Snoqualmie_R,5016,0.08,NF_Skokomish_F,5005,0.07
Area126 (11) troll 68 171,,Priest_Rapid_H,5026,0.35,Hanford_Reach,5026,0.31,Nez_PerceT_H,5021,0.09,Lyons_Ferry_H,5021,0.08,Wells_H,5026,0.07
Area126 (11) troll 68 172,,Washougal_R_Fa,5008,0.69,Abernathy_Cr_Fa,5008,0.22,Cowlitz_H_fa,5008,0.07,Green_R_Fa,5008,0.02,Spring_Cr_col,5030,0.01
Area126 (11) troll 68 173,,Cedar_R_SuFa,5020,0.46,Clear_Cr_H,5020,0.37,NF_Skokomish_F,5005,0.05,Snoqualmie_R,5016,0.05,Puntledge_F,7,0.05
Area126 (11) troll 68 174,,Chilliwack_F,3,0.70,Harrison,3,0.30,,,,,,,,,
Area126 (11) troll 68 175,,L_Thompson,5,0.64,Little_R,5,0.18,Priest_Rapid_H,5026,0.07,Forks_Cr_H,5028,0.04,South_Thom,5,0.03
Area126 (11) troll 68 176,,Priest_Rapid_H,5026,0.36,L_Wh_Sal_H_SF,5026,0.22,Hanford_Reach,5026,0.18,Priest_Rapids_H,5026,0.10,Wells_H,5026,0.06
Area126 (11) troll 68 177,,Soos_H,5020,0.58,Cedar_R_SuFa,5020,0.19,NF_Skokomish_F,5005,0.11,Snoqualmie_R,5016,0.04,Clear_Cr_H,5020,0.03
Area126 (11) troll 68 178,,Lyons_Ferry_H,5021,0.55,Nez_PerceT_H,5021,0.44,Priest_Rapids_H,5026,0.00,L_Wh_Sal_H_SF,5026,0.00,Hanford_Reach,5026,0.00
Area126 (11) troll 68 179,,Chilliwack_F,3,0.78,Harrison,3,0.21,Snoqualmie_R,5016,0.00,L_Skagit_R_Fa,5016,0.00,Chilliwac@Stav,3,0.00
Area126 (11) troll 68 18,,NF_Skokomish_F,5005,0.90,Clear_Cr_H,5020,0.03,Cedar_R_SuFa,5020,0.02,Soos_H,5020,0.02,George_Adams_H,5005,0.01
Area126 (11) troll 68 180,,Harrison,3,0.63,Chilliwack_F,3,0.37,Takia,10,0.00,Slamgeesh,19,0.00,,,
Area126 (11) troll 68 181,,Priest_Rapids_H,5026,0.42,Hanford_Reach,5026,0.31,Priest_Rapid_H,5026,0.09,Lyons_Ferry_H,5021,0.08,Abernathy_Cr_Fa,5008,0.04
Area126 (11) troll 68 182,,Snoqualmie_R,5016,0.45,Yaquina_R,5015,0.18,L_Skagit_R_Fa,5016,0.15,NF_Nooksack_H,5016,0.05,Coquille_R,5011,0.04
Area126 (11) troll 68 183,,Hanford_Reach,5026,0.74,L_Wh_Sal_H_SF,5026,0.08,Nez_PerceT_H,5021,0.04,Lyons_Ferry_H,5021,0.04,Priest_Rapid_H,5026,0.03
Area126 (11) troll 68 184,,Cowlitz_H_fa,5008,0.79,Abernathy_Cr_Fa,5008,0.20,Washougal_R_Fa,5008,0.01,Lewis_R_Su,5008,0.01,Lewis_R_f,5008,0.00
Area126 (11) troll 68 19,,Priest_Rapid_H,5026,0.34,Hanford_Reach,5026,0.25,L_Wh_Sal_H_SF,5026,0.21,Priest_Rapids_H,5026,0.14,Nez_PerceT_H,5021,0.02
Area126 (11) troll 68 2,,Spring_Cr_col,5030,1.00,Abernathy_Cr_Fa,5008,0.00,Cowlitz_H_fa,5008,0.00,Green_R_Fa,5008,0.00,Big_Cr_H_Col,5030,0.00
Area126 (11) troll 68 20,,Spring_Cr_col,5030,0.55,Big_Cr_H_Col,5030,0.32,Abernathy_Cr_Fa,5008,0.04,Washougal_R_Fa,5008,0.04,Elochoman_H,5030,0.03
Area126 (11) troll 68 21,,Priest_Rapid_H,5026,0.73,Hanford_Reach,5026,0.17,Lyons_Ferry_H,5021,0.05,L_Wh_Sal_H_SF,5026,0.03,Nez_PerceT_H,5021,0.01
Area126 (11) troll 68 22,,NF_Nooksack_H,5016,1.00,Cedar_R_SuFa,5020,0.00,Soos_H,5020,0.00,,,,,,
Area126 (11) troll 68 23,,Spring_Cr_col,5030,0.96,Big_Cr_H_Col,5030,0.04,Abernathy_Cr_Fa,5008,0.00,,,,,,
Area126 (11) troll 68 24,,Snoqualmie_R,5016,0.69,L_Skagit_R_Fa,5016,0.30,Harrison,3,0.01,NF_Skokomish_F,5005,0.00,Cedar_R_SuFa,5020,0.00
Area126 (11) troll 68 25,,Soos_H,5020,0.62,Snoqualmie_R,5016,0.18,NF_Skokomish_F,5005,0.12,Cedar_R_SuFa,5020,0.03,Clear_Cr_H,5020,0.02
Area126 (11) troll 68 26,,Soos_H,5020,0.58,NF_Skokomish_F,5005,0.26,Clear_Cr_H,5020,0.13,Voights_H,5020,0.02,Hamma_Hamma_R,5005,0.00
Area126 (11) troll 68 27,,Abernathy_Cr_Fa,5008,0.78,Washougal_R_Fa,5008,0.09,Lewis_R_f,5008,0.05,Cowlitz_H_fa,5008,0.03,Green_R_Fa,5008,0.03
Area126 (11) troll 68 28,,McKenzie_H,5029,0.85,N_Santiam_H,5029,0.15,,,,,,,,,
Area126 (11) troll 68 29,,L_Wh_Sal_H_SF,5026,0.49,Hanford_Reach,5026,0.26,Priest_Rapid_H,5026,0.23,Lyons_Ferry_H,5021,0.01,Nez_PerceT_H,5021,0.00
Area126 (11) troll 68 3,,Big_Cr_H_Col,5030,0.71,Spring_Cr_col,5030,0.15,Elochoman_H,5030,0.06,Abernathy_NFH_F,5008,0.02,Washougal_R_Fa,5008,0.02
Area126 (11) troll 68 30,,L_Skagit_R_Fa,5016,0.50,Cedar_R_SuFa,5020,0.14,Snoqualmie_R,5016,0.13,Clear_Cr_H,5020,0.10,Soos_H,5020,0.09
Area126 (11) troll 68 31,,Humptulips_H,5028,0.41,McKenzie_H,5029,0.26,Forks_Cr_H,5028,0.15,NanaimoSu_BackX,7,0.03,Snoqualmie_R,5016,0.02
Area126 (11) troll 68 32,,L_Skagit_R_Fa,5016,0.60,Snoqualmie_R,5016,0.34,Cedar_R_SuFa,5020,0.01,Takia,10,0.01,NanaimoSu_BackX,7,0.01
Area126 (11) troll 68 33,,L_Skagit_R_Fa,5016,0.63,Snoqualmie_R,5016,0.12,Harrison,3,0.12,Lyons_Ferry_H,5021,0.03,Chilliwack_F,3,0.03
Area126 (11) troll 68 34,,Spring_Cr_col,5030,1.00,Big_Cr_H_Col,5030,0.00,,,,,,,,,
Area126 (11) troll 68 35,,Snoqualmie_R,5016,0.59,L_Skagit_R_Fa,5016,0.36,NF_Skokomish_F,5005,0.03,Soos_H,5020,0.01,Bear_Cr_SuFa,5020,0.00
Area126 (11) troll 68 36,,Forks_Cr_H,5028,0.30,Humptulips_H,5028,0.23,Coquille_R,5011,0.18,S_Coos_R,5011,0.15,Kilchis_R,5015,0.05
Area126 (11) troll 68 37,,Washougal_R_Fa,5008,0.47,Abernathy_Cr_Fa,5008,0.45,Green_R_Fa,5008,0.04,Cowlitz_H_fa,5008,0.03,Spring_Cr_col,5030,0.00
Area126 (11) troll 68 38,,Big_Cr_H_Col,5030,0.75,Spring_Cr_col,5030,0.24,Abernathy_Cr_Fa,5008,0.00,Elochoman_H,5030,0.00,Washougal_R_Fa,5008,0.00
Area126 (11) troll 68 39,,Cedar_R_SuFa,5020,0.39,Clear_Cr_H,5020,0.38,Samish_H,5016,0.09,NF_Skokomish_F,5005,0.05,Snoqualmie_R,5016,0.04
Area126 (11) troll 68 4,,Big_Cr_H_Col,5030,0.79,Spring_Cr_col,5030,0.16,Abernathy_Cr_Fa,5008,0.05,Elochoman_H,5030,0.00,Harrison,3,0.00
Area126 (11) troll 68 40,,Wells_H,5026,0.31,Hanford_Reach,5026,0.23,Priest_Rapids_H,5026,0.22,Priest_Rapid_H,5026,0.11,Methow_R,5026,0.05
Area126 (11) troll 68 41,,Spring_Cr_col,5030,0.46,Big_Cr_H_Col,5030,0.46,Hanford_Reach,5026,0.02,Cowlitz_H_fa,5008,0.02,Abernathy_Cr_Fa,5008,0.02
Area126 (11) troll 68 42,,Lyons_Ferry_H,5021,0.44,Nez_PerceT_H,5021,0.35,Priest_Rapid_H,5026,0.09,Hanford_Reach,5026,0.09,Umatilla_H_Fa,5026,0.02
Area126 (11) troll 68 43,,Hanford_Reach,5026,0.51,Priest_Rapid_H,5026,0.20,Clear_Cr_H,5020,0.11,Wells_H,5026,0.04,L_Wh_Sal_H_SF,5026,0.04
Area126 (11) troll 68 44,,Priest_Rapids_H,5026,0.51,Nez_PerceT_H,5021,0.20,Battle_Cr,5001,0.17,Feather_H_fa,5001,0.04,Stanislaus_R,5001,0.03
Area126 (11) troll 68 45,,Puntledge_F,7,0.99,Cheakamus_F,9,0.00,Harrison,3,0.00,Cedar_R_SuFa,5020,0.00,Snoqualmie_R,5016,0.00
Area126 (11) troll 68 46,,Clear_Cr_H,5020,0.46,Soos_H,5020,0.38,NF_Skokomish_F,5005,0.13,Cedar_R_SuFa,5020,0.02,Bear_Cr_SuFa,5020,0.01
Area126 (11) troll 68 47,,Clear_Cr_H,5020,0.76,NF_Skokomish_F,5005,0.12,Soos_H,5020,0.07,Cedar_R_SuFa,5020,0.03,Samish_H,5016,0.01
Area126 (11) troll 68 48,,NF_Skokomish_F,5005,0.76,Clear_Cr_H,5020,0.11,Cedar_R_SuFa,5020,0.07,Grovers_Cr_H,5020,0.05,Hamma_Hamma_R,5005,0.00
Area126 (11) troll 68 49,,Abernathy_Cr_Fa,5008,0.37,Washougal_R_Fa,5008,0.31,Cowlitz_H_fa,5008,0.21,Green_R_Fa,5008,0.10,Lewis_R_f,5008,0.01
Area126 (11) troll 68 5,,Clear_Cr_H,5020,0.49,NF_Skokomish_F,5005,0.35,Soos_H,5020,0.06,Cedar_R_SuFa,5020,0.04,Snoqualmie_R,5016,0.02
Area126 (11) troll 68 50,,Clear_Cr_H,5020,0.46,Puntledge_F,7,0.45,Cedar_R_SuFa,5020,0.07,Soos_H,5020,0.01,Snoqualmie_R,5016,0.01
Area126 (11) troll 68 51,,McKenzie_H,5029,0.70,N_Santiam_H,5029,0.30,,,,,,,,,
Area126 (11) troll 68 52,,Spring_Cr_col,5030,0.76,Washougal_R_Fa,5008,0.12,Big_Cr_H_Col,5030,0.11,Abernathy_NFH_F,5008,0.00,Abernathy_Cr_Fa,5008,0.00
Area126 (11) troll 68 53,,Soos_H,5020,0.46,Snoqualmie_R,5016,0.24,Cedar_R_SuFa,5020,0.12,NF_Skokomish_F,5005,0.10,Voights_H,5020,0.03
Area126 (11) troll 68 54,,Clear_Cr_H,5020,0.56,Cedar_R_SuFa,5020,0.25,Soos_H,5020,0.07,George_Adams_H,5005,0.03,NF_Skokomish_F,5005,0.02
Area126 (11) troll 68 55,,Soos_H,5020,0.37,Clear_Cr_H,5020,0.25,Cedar_R_SuFa,5020,0.20,Snoqualmie_R,5016,0.09,Samish_H,5016,0.06
Area126 (11) troll 68 56,,NF_Skokomish_F,5005,0.61,Cedar_R_SuFa,5020,0.09,Grovers_Cr_H,5020,0.07,Snoqualmie_R,5016,0.06,L_Skagit_R_Fa,5016,0.05
Area126 (11) troll 68 57,,Clear_Cr_H,5020,0.40,NF_Skokomish_F,5005,0.32,Cedar_R_SuFa,5020,0.18,Snoqualmie_R,5016,0.08,Puntledge_F,7,0.01
Area126 (11) troll 68 58,,Spring_Cr_col,5030,0.89,Big_Cr_H_Col,5030,0.08,Washougal_R_Fa,5008,0.02,Abernathy_Cr_Fa,5008,0.00,Elochoman_H,5030,0.00
Area126 (11) troll 68 59,,Snoqualmie_R,5016,0.47,Cedar_R_SuFa,5020,0.20,Soos_H,5020,0.14,Clear_Cr_H,5020,0.13,NF_Skokomish_F,5005,0.02
Area126 (11) troll 68 6,,Soos_H,5020,0.34,NF_Skokomish_F,5005,0.17,L_Skagit_R_Fa,5016,0.16,Clear_Cr_H,5020,0.11,Snoqualmie_R,5016,0.11
Area126 (11) troll 68 60,,Spring_Cr_col,5030,0.62,Big_Cr_H_Col,5030,0.37,Abernathy_NFH_F,5008,0.00,Abernathy_Cr_Fa,5008,0.00,Washougal_R_Fa,5008,0.00
Area126 (11) troll 68 61,,Washougal_R_Fa,5008,0.63,Nez_PerceT_H,5021,0.17,Hanford_Reach,5026,0.08,Snoqualmie_R,5016,0.04,L_Skagit_R_Fa,5016,0.04
Area126 (11) troll 68 62,,Big_Cr_H_Col,5030,0.48,Spring_Cr_col,5030,0.43,Abernathy_Cr_Fa,5008,0.04,Elochoman_H,5030,0.03,Washougal_R_Fa,5008,0.01
Area126 (11) troll 68 63,,Harrison,3,0.63,Chilliwack_F,3,0.37,Chilliwac@Stav,3,0.00,,,,,,
Area126 (11) troll 68 64,,Snoqualmie_R,5016,0.77,L_Skagit_R_Fa,5016,0.13,NF_Skokomish_F,5005,0.03,Grovers_Cr_H,5020,0.02,Skagit_R,5016,0.01
Area126 (11) troll 68 65,,Snoqualmie_R,5016,0.64,L_Skagit_R_Fa,5016,0.13,Harrison,3,0.07,Takia,10,0.06,Kitimat,10,0.02
Area126 (11) troll 68 66,,Spring_Cr_col,5030,0.84,Abernathy_Cr_Fa,5008,0.16,Cowlitz_H_fa,5008,0.00,Abernathy_NFH_F,5008,0.00,Washougal_R_Fa,5008,0.00
Area126 (11) troll 68 67,,Chilliwack_F,3,0.60,Wells_H,5026,0.24,Harrison,3,0.13,L_Wh_Sal_H_SF,5026,0.01,Hanford_Reach,5026,0.00
Area126 (11) troll 68 68,,Soos_H,5020,0.69,Samish_H,5016,0.14,Cedar_R_SuFa,5020,0.08,NF_Skokomish_F,5005,0.03,Clear_Cr_H,5020,0.02
Area126 (11) troll 68 69,,Harrison,3,0.96,Chilliwack_F,3,0.04,,,,,,,,,
Area126 (11) troll 68 7,,Soos_H,5020,0.45,L_Skagit_R_Fa,5016,0.19,Clear_Cr_H,5020,0.15,Snoqualmie_R,5016,0.11,Cedar_R_SuFa,5020,0.05
Area126 (11) troll 68 70,,Chilliwack_F,3,0.99,Harrison,3,0.01,,,,,,,,,
Area126 (11) troll 68 71,,Cowlitz_H_fa,5008,0.52,Washougal_R_Fa,5008,0.26,Abernathy_Cr_Fa,5008,0.12,Green_R_Fa,5008,0.08,Lewis_R_Su,5008,0.01
Area126 (11) troll 68 72,,L_Thompson,5,0.32,Hanford_Reach,5026,0.17,L_Wh_Sal_H_SF,5026,0.15,Wells_H,5026,0.11,Umatilla_H_Fa,5026,0.08
Area126 (11) troll 68 73,,Clear_Cr_H,5020,0.44,Soos_H,5020,0.27,Cedar_R_SuFa,5020,0.20,George_Adams_H,5005,0.03,Snoqualmie_R,5016,0.02
Area126 (11) troll 68 74,,Washougal_R_Fa,5008,0.69,Abernathy_Cr_Fa,5008,0.10,Spring_Cr_col,5030,0.06,Cowlitz_H_fa,5008,0.06,Elochoman_H,5030,0.03
Area126 (11) troll 68 75,,Kilchis_R,5015,0.40,S_Umpqua_H,5011,0.28,Forks_Cr_H,5028,0.08,Humptulips_H,5028,0.08,Lyons_Ferry_H,5021,0.04
Area126 (11) troll 68 76,,NF_Nooksack_H,5016,1.00,,,,,,,,,,,,
Area126 (11) troll 68 77,,Spring_Cr_col,5030,0.50,Big_Cr_H_Col,5030,0.48,Elochoman_H,5030,0.02,Abernathy_Cr_Fa,5008,0.00,Cowlitz_H_fa,5008,0.00
Area126 (11) troll 68 78,,Washougal_R_Fa,5008,0.98,Sandy_R,5008,0.01,Green_R_Fa,5008,0.01,Lewis_R_f,5008,0.00,Lewis_R_Su,5008,0.00
Area126 (11) troll 68 79,,Washougal_R_Fa,5008,0.68,Abernathy_Cr_Fa,5008,0.16,Lewis_R_f,5008,0.11,Cowlitz_H_fa,5008,0.03,Spring_Cr_col,5030,0.01
Area126 (11) troll 68 8,,Soos_H,5020,0.64,NF_Skokomish_F,5005,0.15,Clear_Cr_H,5020,0.06,Snoqualmie_R,5016,0.05,Cedar_R_SuFa,5020,0.04
Area126 (11) troll 68 80,,Clear_Cr_H,5020,0.45,Cedar_R_SuFa,5020,0.32,NF_Skokomish_F,5005,0.17,Soos_H,5020,0.02,Bear_Cr_SuFa,5020,0.02
Area126 (11) troll 68 81,,Soos_H,5020,0.79,Snoqualmie_R,5016,0.12,Clear_Cr_H,5020,0.05,Samish_H,5016,0.03,Cedar_R_SuFa,5020,0.01
Area126 (11) troll 68 82,,Hanford_Reach,5026,0.45,Priest_Rapid_H,5026,0.41,Lyons_Ferry_H,5021,0.11,Nez_PerceT_H,5021,0.02,Priest_Rapids_H,5026,0.00
Area126 (11) troll 68 83,,Washougal_R_Fa,5008,0.48,Spring_Cr_col,5030,0.46,Big_Cr_H_Col,5030,0.03,Lewis_R_f,5008,0.01,Abernathy_Cr_Fa,5008,0.01
Area126 (11) troll 68 84,,Lyons_Ferry_H,5021,0.98,Priest_Rapid_H,5026,0.01,Nez_PerceT_H,5021,0.00,,,,,,
Area126 (11) troll 68 85,,Chilliwack_F,3,0.66,Harrison,3,0.34,Clear_Cr_H,5020,0.00,Snoqualmie_R,5016,0.00,L_Skagit_R_Fa,5016,0.00
Area126 (11) troll 68 86,,NF_Skokomish_F,5005,0.54,Clear_Cr_H,5020,0.26,Cedar_R_SuFa,5020,0.10,Soos_H,5020,0.05,George_Adams_H,5005,0.04
Area126 (11) troll 68 87,,Priest_Rapid_H,5026,0.48,Wells_H,5026,0.19,Lyons_Ferry_H,5021,0.19,Priest_Rapids_H,5026,0.08,Hanford_Reach,5026,0.04
Area126 (11) troll 68 88,,Soos_H,5020,0.91,Clear_Cr_H,5020,0.07,Cedar_R_SuFa,5020,0.01,Bear_Cr_SuFa,5020,0.00,Snoqualmie_R,5016,0.00
Area126 (11) troll 68 89,,NF_Skokomish_F,5005,0.48,Soos_H,5020,0.23,Clear_Cr_H,5020,0.18,Snoqualmie_R,5016,0.07,George_Adams_H,5005,0.01
Area126 (11) troll 68 9,,Washougal_R_Fa,5008,0.40,L_Skagit_R_Fa,5016,0.25,Abernathy_Cr_Fa,5008,0.11,Hanford_Reach,5026,0.09,Snoqualmie_R,5016,0.04
Area126 (11) troll 68 90,,Cedar_R_SuFa,5020,0.58,Clear_Cr_H,5020,0.27,Bear_Cr_SuFa,5020,0.04,Snoqualmie_R,5016,0.03,NF_Skokomish_F,5005,0.02
Area126 (11) troll 68 91,,Big_Cr_H_Col,5030,0.87,Spring_Cr_col,5030,0.12,Abernathy_Cr_Fa,5008,0.00,Elochoman_H,5030,0.00,Hanford_Reach,5026,0.00
Area126 (11) troll 68 92,,Cowlitz_H_fa,5008,0.93,Lewis_R_f,5008,0.03,Sandy_R,5008,0.02,Abernathy_Cr_Fa,5008,0.01,Washougal_R_Fa,5008,0.00
Area126 (11) troll 68 93,,Harrison,3,0.36,Snoqualmie_R,5016,0.29,Washougal_R_Fa,5008,0.23,Abernathy_Cr_Fa,5008,0.04,Chilliwack_F,3,0.03
Area126 (11) troll 68 94,,Spring_Cr_col,5030,1.00,Elochoman_H,5030,0.00,Big_Cr_H_Col,5030,0.00,,,,,,
Area126 (11) troll 68 95,,Abernathy_Cr_Fa,5008,0.33,Lyons_Ferry_H,5021,0.19,Spring_Cr_col,5030,0.14,Hanford_Reach,5026,0.09,Nez_PerceT_H,5021,0.09
Area126 (11) troll 68 96,,Soos_H,5020,0.46,Snoqualmie_R,5016,0.20,NF_Skokomish_F,5005,0.20,Clear_Cr_H,5020,0.06,Cedar_R_SuFa,5020,0.03
Area126 (11) troll 68 97,,Washougal_R_Fa,5008,0.97,Abernathy_Cr_Fa,5008,0.03,Green_R_Fa,5008,0.00,Cowlitz_H_fa,5008,0.00,Lewis_R_Su,5008,0.00
Area126 (11) troll 68 98,,NF_Skokomish_F,5005,0.72,Samish_H,5016,0.10,Clear_Cr_H,5020,0.10,Soos_H,5020,0.04,George_Adams_H,5005,0.01
Area126 (11) troll 68 99,,Clear_Cr_H,5020,0.73,Priest_Rapid_H,5026,0.08,Lyons_Ferry_H,5021,0.05,Snoqualmie_R,5016,0.04,Soos_H,5020,0.03
,,,,,,,,,,,,,,,,
Sample: 30, Area126NWVI,2011, troll, Jul28,,,,,,,,,,,,
Area126NWVI (11) troll 209 1,,Coos_H,5011,1.00,S_Coos_R,5011,0.00,Salmon_R_f,5015,0.00,,,,,,
Area126NWVI (11) troll 209 10,,Lyons_Ferry_H,5021,0.82,L_Wh_Sal_H_SF,5026,0.11,Priest_Rapid_H,5026,0.05,Methow_R,5026,0.01,Hanford_Reach,5026,0.00
Area126NWVI (11) troll 209 11,,Priest_Rapid_H,5026,0.88,Methow_R,5026,0.04,L_Wh_Sal_H_SF,5026,0.04,Hanford_Reach,5026,0.02,Lyons_Ferry_H,5021,0.01
Area126NWVI (11) troll 209 12,,L_Thompson,5,0.81,Little_R,5,0.19,N_Thom@Main,4,0.00,S_Umpqua_H,5011,0.00,,,
Area126NWVI (11) troll 209 13,,S_Umpqua_H,5011,0.60,Salmon_R_f,5015,0.23,Forks_Cr_H,5028,0.13,Abernathy_Cr_Fa,5008,0.02,Coos_H,5011,0.01
Area126NWVI (11) troll 209 14,,L_Thompson,5,0.51,Little_R,5,0.42,L_Shuswap,5,0.07,Harrison,3,0.01,,,
Area126NWVI (11) troll 209 15,,L_Thompson,5,0.99,Little_R,5,0.01,Kitwanga,22,0.00,L_Shuswap,5,0.00,,,
Area126NWVI (11) troll 209 16,,Abernathy_Cr_Fa,5008,1.00,Spring_Cr_col,5030,0.00,Cowlitz_H_fa,5008,0.00,Lyons_Ferry_H,5021,0.00,Green_R_Fa,5008,0.00
Area126NWVI (11) troll 209 17,,L_Shuswap,5,1.00,Little_R,5,0.00,M_Shuswap,5,0.00,,,,,,
Area126NWVI (11) troll 209 18,,Spring_Cr_col,5030,1.00,Big_Cr_H_Col,5030,0.00,,,,,,,,,
Area126NWVI (11) troll 209 19,,S_Umpqua_H,5011,0.73,Abernathy_Cr_Fa,5008,0.22,Priest_Rapid_H,5026,0.02,Umpqua_H,5011,0.01,Hanford_Reach,5026,0.01
Area126NWVI (11) troll 209 2,,Priest_Rapid_H,5026,0.77,Methow_R,5026,0.08,L_Deschutes_R,5004,0.07,L_Wh_Sal_H_SF,5026,0.03,Hanford_Reach,5026,0.03
Area126NWVI (11) troll 209 20,,Forks_Cr_H,5028,0.88,Hoh_R,5028,0.08,Salmon_R_f,5015,0.03,Coos_H,5011,0.00,Coquille_R,5011,0.00
Area126NWVI (11) troll 209 21,,Hamma_Hamma_R,5005,0.55,NF_Skokomish_F,5005,0.25,George_Adams_H,5005,0.07,Cedar_R_SuFa,5020,0.07,Clear_Cr_H,5020,0.02
Area126NWVI (11) troll 209 22,Number of missing Loci exceeded,,,,,,,,,,,,,,,
Area126NWVI (11) troll 209 23,,Priest_Rapid_H,5026,0.76,Lyons_Ferry_H,5021,0.21,Hanford_Reach,5026,0.02,Methow_R,5026,0.01,L_Wh_Sal_H_SF,5026,0.01
Area126NWVI (11) troll 209 24,,Harrison,3,0.87,N_Thom@Main,4,0.09,Chilliwack_F,3,0.03,L_Skagit_R_Fa,5016,0.00,Skykomish_R,5016,0.00
Area126NWVI (11) troll 209 25,,Lyons_Ferry_H,5021,0.47,L_Thompson,5,0.40,Little_R,5,0.11,N_Thom@Main,4,0.01,L_Shuswap,5,0.00
Area126NWVI (11) troll 209 26,,Coos_H,5011,0.98,Elk_H,5011,0.01,Abernathy_Cr_Fa,5008,0.01,Trask_R,5015,0.00,Alsea_R,5015,0.00
Area126NWVI (11) troll 209 27,,Priest_Rapid_H,5026,0.98,Lyons_Ferry_H,5021,0.01,Hanford_Reach,5026,0.01,,,,,,
Area126NWVI (11) troll 209 28,,Harrison,3,1.00,Andrew_Cr,5024,0.00,Slamgeesh,19,0.00,Capilano,9,0.00,Salmon_R_f,5015,0.00
Area126NWVI (11) troll 209 29,,L_Thompson,5,0.59,Little_R,5,0.40,Lyons_Ferry_H,5021,0.00,Umpqua_H,5011,0.00,L_Shuswap,5,0.00
Area126NWVI (11) troll 209 3,,S_Umpqua_H,5011,1.00,Abernathy_Cr_Fa,5008,0.00,Lyons_Ferry_H,5021,0.00,,,,,,
Area126NWVI (11) troll 209 30,,N_Thom@Main,4,0.60,Little_R,5,0.37,L_Thompson,5,0.02,Stuart,2,0.00,Westroad,2,0.00
Area126NWVI (11) troll 209 31,,S_Umpqua_H,5011,0.91,Salmon_R_f,5015,0.05,Harrison,3,0.03,Coos_H,5011,0.01,Skykomish_R,5016,0.00
Area126NWVI (11) troll 209 32,,Robertson,8,0.95,Gold_R,8,0.05,Thornton,8,0.00,Kennedy,8,0.00,,,
Area126NWVI (11) troll 209 33,,Hamma_Hamma_R,5005,0.53,NF_Skokomish_F,5005,0.20,George_Adams_H,5005,0.18,Grovers_Cr_H,5020,0.05,Cedar_R_SuFa,5020,0.02
Area126NWVI (11) troll 209 34,,Spring_Cr_col,5030,0.99,Big_Cr_H_Col,5030,0.00,Abernathy_Cr_Fa,5008,0.00,,,,,,
Area126NWVI (11) troll 209 35,,Abernathy_Cr_Fa,5008,1.00,Green_R_Fa,5008,0.00,Cowlitz_H_fa,5008,0.00,,,,,,
Area126NWVI (11) troll 209 36,,Abernathy_Cr_Fa,5008,1.00,Green_R_Fa,5008,0.00,Washougal_R_Fa,5008,0.00,,,,,,
Area126NWVI (11) troll 209 37,,Abernathy_Cr_Fa,5008,0.95,Forks_Cr_H,5028,0.03,S_Umpqua_H,5011,0.02,Cowlitz_H_fa,5008,0.01,Harrison,3,0.00
Area126NWVI (11) troll 209 38,,Abernathy_Cr_Fa,5008,0.99,Abernathy_NFH_F,5008,0.00,Spring_Cr_col,5030,0.00,Cowlitz_H_fa,5008,0.00,Green_R_Fa,5008,0.00
Area126NWVI (11) troll 209 39,,L_Thompson,5,0.83,Hamma_Hamma_R,5005,0.08,Soos_H,5020,0.02,Lyons_Ferry_H,5021,0.02,S_Umpqua_H,5011,0.02
Area126NWVI (11) troll 209 4,,Coos_H,5011,0.85,Abernathy_Cr_Fa,5008,0.04,NF_Skokomish_F,5005,0.03,L_Thompson,5,0.01,Hamma_Hamma_R,5005,0.01
Area126NWVI (11) troll 209 40,,Abernathy_Cr_Fa,5008,0.62,Spring_Cr_col,5030,0.36,Green_R_Fa,5008,0.01,Abernathy_NFH_F,5008,0.01,Washougal_R_Fa,5008,0.00
Area126NWVI (11) troll 209 41,,Spring_Cr_col,5030,1.00,Abernathy_Cr_Fa,5008,0.00,Abernathy_NFH_F,5008,0.00,,,,,,
Area126NWVI (11) troll 209 42,,Forks_Cr_H,5028,1.00,,,,,,,,,,,,
Area126NWVI (11) troll 209 43,,Hamma_Hamma_R,5005,0.54,NF_Skokomish_F,5005,0.26,Cedar_R_SuFa,5020,0.08,Soos_H,5020,0.07,George_Adams_H,5005,0.03
Area126NWVI (11) troll 209 44,,Priest_Rapid_H,5026,0.77,L_Wh_Sal_H_SF,5026,0.10,Lyons_Ferry_H,5021,0.06,Methow_R,5026,0.04,Hanford_Reach,5026,0.02
Area126NWVI (11) troll 209 45,,Hamma_Hamma_R,5005,0.46,George_Adams_H,5005,0.17,Cedar_R_SuFa,5020,0.14,Soos_H,5020,0.12,NF_Skokomish_F,5005,0.06
Area126NWVI (11) troll 209 46,,Priest_Rapid_H,5026,0.89,Methow_R,5026,0.04,Hanford_Reach,5026,0.03,L_Wh_Sal_H_SF,5026,0.02,Lyons_Ferry_H,5021,0.02
Area126NWVI (11) troll 209 47,,Lyons_Ferry_H,5021,0.88,Priest_Rapid_H,5026,0.08,L_Wh_Sal_H_SF,5026,0.04,L_Deschutes_R,5004,0.00,Nez_PerceT_H,5021,0.00
Area126NWVI (11) troll 209 48,,S_Umpqua_H,5011,0.99,S_Coos_R,5011,0.00,Salmon_R_f,5015,0.00,Coos_H,5011,0.00,N_Thom@Main,4,0.00
Area126NWVI (11) troll 209 49,,L_Thompson,5,1.00,Little_R,5,0.00,L_Shuswap,5,0.00,Robertson,8,0.00,,,
Area126NWVI (11) troll 209 5,,Forks_Cr_H,5028,1.00,Salmon_R_f,5015,0.00,,,,,,,,,
Area126NWVI (11) troll 209 50,,L_Deschutes_R,5004,0.48,Abernathy_Cr_Fa,5008,0.44,Priest_Rapid_H,5026,0.05,Deer_Cr_sp,5002,0.02,Priest_Rapids_H,5026,0.01
Area126NWVI (11) troll 209 51,,Coos_H,5011,1.00,N_Thom@Main,4,0.00,S_Umpqua_H,5011,0.00,Coquille_R,5011,0.00,L_Thompson,5,0.00
Area126NWVI (11) troll 209 52,,Salmon_R_f,5015,1.00,Alsea_R,5015,0.00,Wilson_R,5015,0.00,,,,,,
Area126NWVI (11) troll 209 53,,Quesnel,2,0.63,Stuart,2,0.25,U_Cariboo,2,0.10,N_Thom@Main,4,0.01,Torpy,1,0.00
Area126NWVI (11) troll 209 54,,Salmon_R_f,5015,0.67,Coos_H,5011,0.33,Trask_R,5015,0.00,Nestucca_H,5015,0.00,Yaquina_R,5015,0.00
Area126NWVI (11) troll 209 55,,Priest_Rapid_H,5026,0.92,Methow_R,5026,0.04,L_Wh_Sal_H_SF,5026,0.03,Hanford_Reach,5026,0.01,Umatilla_H,5026,0.00
Area126NWVI (11) troll 209 56,,L_Shuswap,5,1.00,Little_R,5,0.00,L_Thompson,5,0.00,,,,,,
Area126NWVI (11) troll 209 57,,Harrison,3,0.26,Hamma_Hamma_R,5005,0.18,NF_Skokomish_F,5005,0.09,Forks_Cr_H,5028,0.08,S_Umpqua_H,5011,0.07
Area126NWVI (11) troll 209 58,,L_Thompson,5,0.79,Little_R,5,0.21,L_Shuswap,5,0.00,,,,,,
Area126NWVI (11) troll 209 59,,Salmon_R_f,5015,0.87,Coos_H,5011,0.05,Hoh_R,5028,0.03,Alsea_R,5015,0.02,S_Umpqua_H,5011,0.01
Area126NWVI (11) troll 209 6,,Forks_Cr_H,5028,1.00,,,,,,,,,,,,
Area126NWVI (11) troll 209 60,,N_Thom@Main,4,0.60,Klickitat_R_sp,5010,0.08,Stuart,2,0.07,Salmon_R_f,5015,0.05,Clearwater,4,0.04
Area126NWVI (11) troll 209 61,,Lyons_Ferry_H,5021,0.98,Nez_PerceT_H,5021,0.02,Priest_Rapid_H,5026,0.00,Priest_Rapids_H,5026,0.00,Hanford_Reach,5026,0.00
Area126NWVI (11) troll 209 62,,S_Umpqua_H,5011,1.00,Salmon_R_f,5015,0.00,L_Wh_Sal_H_SF,5026,0.00,Priest_Rapid_H,5026,0.00,Hoh_R,5028,0.00
Area126NWVI (11) troll 209 63,,Abernathy_Cr_Fa,5008,0.95,Spring_Cr_col,5030,0.05,Priest_Rapid_H,5026,0.00,Sandy_R,5008,0.00,Big_Cr_H_Col,5030,0.00
Area126NWVI (11) troll 209 64,,Harrison,3,1.00,Chilliwack_F,3,0.00,,,,,,,,,
Area126NWVI (11) troll 209 65,,Coos_H,5011,1.00,Abernathy_Cr_Fa,5008,0.00,L_Thompson,5,0.00,Harrison,3,0.00,Grovers_Cr_H,5020,0.00
Area126NWVI (11) troll 209 66,,Harrison,3,0.99,L_Thompson,5,0.01,,,,,,,,,
Area126NWVI (11) troll 209 67,,Salmon_R_f,5015,0.99,Trask_R,5015,0.01,Alsea_R,5015,0.00,Forks_Cr_H,5028,0.00,Coos_H,5011,0.00
Area126NWVI (11) troll 209 68,,Coos_H,5011,0.96,S_Umpqua_H,5011,0.03,Robertson,8,0.01,Umpqua_H,5011,0.00,Forks_Cr_H,5028,0.00
Area126NWVI (11) troll 209 69,,Robertson,8,0.88,Gold_R,8,0.12,S_Umpqua_H,5011,0.00,,,,,,
Area126NWVI (11) troll 209 7,,L_Thompson,5,0.86,N_Thom@Main,4,0.08,Little_R,5,0.06,Priest_Rapid_H,5026,0.00,Stuart,2,0.00
Area126NWVI (11) troll 209 70,,Forks_Cr_H,5028,0.67,Abernathy_Cr_Fa,5008,0.29,Lyons_Ferry_H,5021,0.03,L_Deschutes_R,5004,0.00,Priest_Rapid_H,5026,0.00
Area126NWVI (11) troll 209 71,,Lyons_Ferry_H,5021,0.46,Priest_Rapid_H,5026,0.46,L_Wh_Sal_H_SF,5026,0.05,L_Deschutes_R,5004,0.01,Hanford_Reach,5026,0.01
Area126NWVI (11) troll 209 72,,Priest_Rapid_H,5026,0.36,L_Thompson,5,0.27,Little_R,5,0.23,L_Shuswap,5,0.13,Methow_R,5026,0.00
Area126NWVI (11) troll 209 73,,Harrison,3,0.83,N_Thom@Main,4,0.15,Chilliwack_F,3,0.01,Westroad,2,0.00,Raft_R,4,0.00
Area126NWVI (11) troll 209 74,,Lyons_Ferry_H,5021,0.75,Priest_Rapid_H,5026,0.21,L_Wh_Sal_H_SF,5026,0.02,Hanford_Reach,5026,0.01,Nez_PerceT_H,5021,0.00
Area126NWVI (11) troll 209 75,,Coos_H,5011,0.49,Abernathy_Cr_Fa,5008,0.43,N_Thom@Main,4,0.02,Alsea_R,5015,0.02,Salmon_R_f,5015,0.02
Area126NWVI (11) troll 209 76,,Hamma_Hamma_R,5005,0.55,NF_Skokomish_F,5005,0.26,Soos_H,5020,0.20,Cedar_R_SuFa,5020,0.00,,,
Area126NWVI (11) troll 209 77,,Priest_Rapid_H,5026,0.60,L_Deschutes_R,5004,0.15,Methow_R,5026,0.08,S_Umpqua_H,5011,0.07,L_Wh_Sal_H_SF,5026,0.05
Area126NWVI (11) troll 209 8,,Forks_Cr_H,5028,1.00,,,,,,,,,,,,
Area126NWVI (11) troll 209 9,,Lyons_Ferry_H,5021,0.89,Priest_Rapids_H,5026,0.08,Hanford_Reach,5026,0.03,Priest_Rapid_H,5026,0.00,,,
,,,,,,,,,,,,,,,,
Sample: 31, Area127NWVI,2011, troll, Apr25-Aug04,,,,,,,,,,,,
Area127NWVI (11) troll 115 35,,L_Thompson,5,0.82,Little_R,5,0.11,Priest_Rapid_H,5026,0.04,L_Adams,5,0.01,Hanford_Reach,5026,0.01
Area127NWVI (11) troll 115 36,,Priest_Rapid_H,5026,0.81,Hanford_Reach,5026,0.08,Nez_PerceT_H,5021,0.06,Lyons_Ferry_H,5021,0.03,Wells_H,5026,0.01
Area127NWVI (11) troll 115 37,,S_Umpqua_H,5011,0.63,Forks_Cr_H,5028,0.17,Trask_R,5015,0.06,Nehalem_R,5015,0.03,Coquille_R,5011,0.03
Area127NWVI (11) troll 115 38,,Lyons_Ferry_H,5021,0.99,Hanford_Reach,5026,0.01,Nez_PerceT_H,5021,0.00,S_Umpqua_H,5011,0.00,Priest_Rapid_H,5026,0.00
Area127NWVI (11) troll 115 39,,Wells_H,5026,0.46,Wenatchee_R_SF,5026,0.29,Hanford_Reach,5026,0.18,Methow_R,5026,0.03,Lyons_Ferry_H,5021,0.02
Area127NWVI (11) troll 115 40,,Bear_Cr_SuFa,5020,0.47,Soos_H,5020,0.42,Cedar_R_SuFa,5020,0.06,S_Prairie_Cr,5020,0.05,George_Adams_H,5005,0.00
Area127NWVI (11) troll 115 41,,Hanford_Reach,5026,0.69,Methow_R,5026,0.28,Wells_H,5026,0.02,Priest_Rapid_H,5026,0.01,Wenatchee_R_SF,5026,0.00
Area127NWVI (11) troll 115 42,,Methow_R,5026,0.57,Priest_Rapid_H,5026,0.15,Wells_H,5026,0.14,Hanford_Reach,5026,0.08,Wenatchee_R_SF,5026,0.05
Area127NWVI (11) troll 115 43,,Hanford_Reach,5026,0.59,Priest_Rapid_H,5026,0.39,Wells_H,5026,0.01,Priest_Rapids_H,5026,0.00,Methow_R,5026,0.00
Area127NWVI (11) troll 115 44,,Harrison,3,0.43,L_Thompson,5,0.16,Coos_H,5011,0.12,Barriere,4,0.12,Trask_R,5015,0.08
Area127NWVI (11) troll 115 45,,Harrison,3,1.00,Forks_Cr_H,5028,0.00,Chilliwac@Stav,3,0.00,,,,,,
Area127NWVI (11) troll 115 46,,Quilayute_R,5028,0.99,Hoh_R,5028,0.00,Forks_Cr_H,5028,0.00,Kilchis_R,5015,0.00,Salmon_R_f,5015,0.00
Area127NWVI (11) troll 115 47,,N_Thom@Main,4,0.88,Clearwater,4,0.08,Harrison,3,0.03,Barriere,4,0.00,Trask_R,5015,0.00
Area127NWVI (11) troll 115 48,,Nitinat,8,1.00,Sooke,8,0.00,Moyeha_R,8,0.00,Megin_R,8,0.00,Tlupana,8,0.00
Area127NWVI (11) troll 115 49,,N_Santiam_H,5029,0.94,Hanford_Reach,5026,0.02,Priest_Rapid_H,5026,0.02,McKenzie_H,5029,0.01,Methow_R,5026,0.00
Area127NWVI (11) troll 115 50,,Hanford_Reach,5026,0.62,Priest_Rapid_H,5026,0.22,Wells_H,5026,0.06,Soos_H,5020,0.02,Nez_PerceT_H,5021,0.01
Area127NWVI (11) troll 115 51,,N_Santiam_H,5029,1.00,McKenzie_H,5029,0.00,,,,,,,,,
Area127NWVI (11) troll 115 52,,Trask_R,5015,0.90,Wilson_R,5015,0.05,Coquille_R,5011,0.04,Salmon_R_f,5015,0.01,Sixes_R,5011,0.00
Area127NWVI (11) troll 115 53,,Hanford_Reach,5026,0.82,Priest_Rapid_H,5026,0.17,Lyons_Ferry_H,5021,0.01,Methow_R,5026,0.00,L_Thompson,5,0.00
Area127NWVI (11) troll 115 54,,Grovers_Cr_H,5020,0.62,George_Adams_H,5005,0.27,Bear_Cr_SuFa,5020,0.05,Soos_H,5020,0.04,S_Prairie_Cr,5020,0.01
Area127NWVI (11) troll 115 55,,Wells_H,5026,0.43,Hanford_Reach,5026,0.33,Methow_R,5026,0.18,Priest_Rapid_H,5026,0.05,Wenatchee_R_SF,5026,0.01
Area127NWVI (11) troll 115 56,Number of missing Loci exceeded,,,,,,,,,,,,,,,
Area127NWVI (11) troll 115 57,,Hanford_Reach,5026,0.70,Priest_Rapid_H,5026,0.18,Nez_PerceT_H,5021,0.08,Lyons_Ferry_H,5021,0.03,S_Umpqua_H,5011,0.01
Area127NWVI (11) troll 115 58,,Bear_Cr_SuFa,5020,0.44,George_Adams_H,5005,0.23,Soos_H,5020,0.09,Cedar_R_SuFa,5020,0.07,S_Prairie_Cr,5020,0.06
Area127NWVI (11) troll 115 59,,Wells_H,5026,0.60,Hanford_Reach,5026,0.30,Priest_Rapid_H,5026,0.03,Wenatchee_R_SF,5026,0.02,Lyons_Ferry_H,5021,0.02
Area127NWVI (11) troll 115 60,,Hanford_Reach,5026,0.83,Nez_PerceT_H,5021,0.06,Lyons_Ferry_H,5021,0.05,Priest_Rapid_H,5026,0.04,Methow_R,5026,0.01
Area127NWVI (11) troll 115 61,,Hanford_Reach,5026,0.99,Methow_R,5026,0.01,Lyons_Ferry_H,5021,0.00,L_Deschutes_R,5004,0.00,Nez_PerceT_H,5021,0.00
Area127NWVI (11) troll 115 62,,Nez_PerceT_H,5021,0.39,Priest_Rapid_H,5026,0.25,Hanford_Reach,5026,0.16,Lyons_Ferry_H,5021,0.10,Wells_H,5026,0.08
Area127NWVI (11) troll 115 63,,Lewis_R_Su,5008,0.55,Cowlitz_H_fa,5008,0.39,Green_R_Fa,5008,0.02,Elochoman_H,5030,0.02,Washougal_R_Fa,5008,0.01
Area127NWVI (11) troll 115 64,,Green_R_Fa,5008,0.40,Cowlitz_H_fa,5008,0.29,Lewis_R_Su,5008,0.15,Spring_Cr_col,5030,0.08,Abernathy_Cr_Fa,5008,0.02
Area127NWVI (11) troll 115 65,,S_Umpqua_H,5011,0.31,Trask_R,5015,0.29,Forks_Cr_H,5028,0.28,Harrison,3,0.04,S_Coos_R,5011,0.03
Area127NWVI (11) troll 115 66,,Moyeha_R,8,0.90,Tlupana,8,0.07,Tahsis,8,0.02,Conuma,8,0.01,Kaouk_R,8,0.00
Area127NWVI (11) troll 115 67,,George_Adams_H,5005,0.51,Bear_Cr_SuFa,5020,0.13,Soos_H,5020,0.12,Hamma_Hamma_R,5005,0.09,Cedar_R_SuFa,5020,0.05
Area127NWVI (11) troll 115 68,,Harrison,3,0.79,Yaquina_R,5015,0.06,Elk_H,5011,0.05,S_Umpqua_H,5011,0.04,Millicoma_R,5011,0.01
Area127NWVI (11) troll 115 69,,Spring_Cr_col,5030,0.99,Abernathy_NFH_F,5008,0.01,Big_Cr_H_Col,5030,0.00,Elochoman_H,5030,0.00,,,
Area127NWVI (11) troll 115 70,,Lyons_Ferry_H,5021,0.55,Hanford_Reach,5026,0.22,Priest_Rapid_H,5026,0.15,Wells_H,5026,0.07,Nez_PerceT_H,5021,0.01
Area127NWVI (11) troll 115 71,,Bear_Cr_SuFa,5020,0.38,Grovers_Cr_H,5020,0.23,Soos_H,5020,0.12,George_Adams_H,5005,0.10,Cedar_R_SuFa,5020,0.10
Area127NWVI (11) troll 115 72,,Soos_H,5020,0.40,Bear_Cr_SuFa,5020,0.34,Hanford_Reach,5026,0.09,S_Prairie_Cr,5020,0.07,Priest_Rapid_H,5026,0.02
Area127NWVI (11) troll 115 73,,Grovers_Cr_H,5020,0.78,Bear_Cr_SuFa,5020,0.12,S_Prairie_Cr,5020,0.03,Snoqualmie_R,5016,0.02,Cedar_R_SuFa,5020,0.02
Area127NWVI (11) troll 115 74,,Methow_R,5026,0.76,Wells_H,5026,0.21,Hanford_Reach,5026,0.02,Priest_Rapid_H,5026,0.01,Wenatchee_R_SF,5026,0.00
Area127NWVI (11) troll 115 75,,N_Santiam_H,5029,0.62,Kalama_H_sp,5009,0.35,McKenzie_H,5029,0.01,Abernathy_Cr_Fa,5008,0.01,Cowlitz_H_fa,5008,0.01
Area127NWVI (11) troll 115 76,,Priest_Rapid_H,5026,0.65,Hanford_Reach,5026,0.15,Wenatchee_R_SF,5026,0.07,Methow_R,5026,0.07,N_Santiam_H,5029,0.02
Area127NWVI (11) troll 115 77,,Spring_Cr_col,5030,0.87,Elochoman_H,5030,0.08,Big_Cr_H_Col,5030,0.02,Abernathy_NFH_F,5008,0.01,Green_R_Fa,5008,0.01
Area127NWVI (11) troll 115 78,,L_Thompson,5,0.51,Little_R,5,0.38,L_Adams,5,0.06,South_Thom,5,0.04,Harrison,3,0.01
Area127NWVI (11) troll 115 79,,Lyons_Ferry_H,5021,0.40,Priest_Rapid_H,5026,0.21,S_Coos_R,5011,0.17,Coos_H,5011,0.06,Forks_Cr_H,5028,0.03
Area127NWVI (11) troll 115 80,,George_Adams_H,5005,0.76,Hanford_Reach,5026,0.12,Hamma_Hamma_R,5005,0.06,Bear_Cr_SuFa,5020,0.03,Puntledge_F,7,0.01
Area127NWVI (11) troll 115 81,,Hanford_Reach,5026,0.57,Priest_Rapid_H,5026,0.25,Wenatchee_R_SF,5026,0.11,Methow_R,5026,0.07,Wells_H,5026,0.00
Area127NWVI (11) troll 115 82,,Spring_Cr_col,5030,0.80,Elochoman_H,5030,0.15,Big_Cr_H_Col,5030,0.05,Abernathy_NFH_F,5008,0.00,Cowlitz_H_fa,5008,0.00
Area127NWVI (11) troll 115 83,,N_Santiam_H,5029,1.00,McKenzie_H,5029,0.00,Kalama_H_sp,5009,0.00,,,,,,
Area127NWVI (11) troll 115 84,,Quilayute_R,5028,0.97,Hanford_Reach,5026,0.01,Hoh_R,5028,0.01,Queets_R,5028,0.00,Wells_H,5026,0.00
Area127NWVI (11) troll 126 190,,N_Santiam_H,5029,1.00,Kalama_H_sp,5009,0.00,McKenzie_H,5029,0.00,,,,,,
Area127NWVI (11) troll 126 191,,N_Santiam_H,5029,0.89,McKenzie_H,5029,0.11,,,,,,,,,
Area127NWVI (11) troll 126 192,,Moyeha_R,8,0.84,Tlupana,8,0.12,Megin_R,8,0.03,Conuma,8,0.00,Zeballos,8,0.00
Area127NWVI (11) troll 126 193,,Priest_Rapid_H,5026,0.79,Wells_H,5026,0.09,Hanford_Reach,5026,0.08,Methow_R,5026,0.04,Nez_PerceT_H,5021,0.00
Area127NWVI (11) troll 126 195,,Hanford_Reach,5026,0.58,L_Thompson,5,0.25,Wells_H,5026,0.06,Little_R,5,0.05,South_Thom,5,0.02
Area127NWVI (11) troll 126 196,,Hanford_Reach,5026,0.91,Priest_Rapid_H,5026,0.07,Nez_PerceT_H,5021,0.01,Lyons_Ferry_H,5021,0.01,Wells_H,5026,0.01
Area127NWVI (11) troll 126 197,,Hanford_Reach,5026,0.81,Priest_Rapid_H,5026,0.11,Lyons_Ferry_H,5021,0.06,Nez_PerceT_H,5021,0.02,L_Deschutes_R,5004,0.01
Area127NWVI (11) troll 126 198,,Hanford_Reach,5026,0.53,Priest_Rapid_H,5026,0.26,Nez_PerceT_H,5021,0.16,Little_R,5,0.03,L_Thompson,5,0.01
Area127NWVI (11) troll 126 199,,U_Sauk_R,5016,0.68,Snoqualmie_R,5016,0.22,U_Sauk_R_SpSu,5016,0.06,Skagit_R,5016,0.03,Harrison,3,0.01
Area127NWVI (11) troll 126 200,,Little_R,5,0.20,Coos_H,5011,0.16,Moyeha_R,8,0.09,L_Adams,5,0.08,L_Shuswap,5,0.07
Area127NWVI (11) troll 126 201,,Priest_Rapid_H,5026,0.58,Hanford_Reach,5026,0.40,Nez_PerceT_H,5021,0.01,Lyons_Ferry_H,5021,0.00,Wells_H,5026,0.00
Area127NWVI (11) troll 126 202,,Bulkley_Early,21,0.94,Babine,20,0.04,Kowatua_Cr,5025,0.01,Kiteen,11,0.00,Bear,19,0.00
Area127NWVI (11) troll 126 203,,Hanford_Reach,5026,0.42,Wenatchee_R_SF,5026,0.27,Priest_Rapid_H,5026,0.20,Wells_H,5026,0.08,Nez_PerceT_H,5021,0.02
Area127NWVI (11) troll 126 204,,Little_R,5,0.86,Hanford_Reach,5026,0.09,L_Thompson,5,0.04,South_Thom,5,0.00,Methow_R,5026,0.00
Area127NWVI (11) troll 126 205,,Hanford_Reach,5026,0.46,Methow_R,5026,0.33,Priest_Rapid_H,5026,0.13,Wells_H,5026,0.06,Lyons_Ferry_H,5021,0.01
Area127NWVI (11) troll 126 206,,N_Santiam_H,5029,0.99,McKenzie_H,5029,0.01,Lyons_Ferry_H,5021,0.00,Hanford_Reach,5026,0.00,Wenatchee_R_SF,5026,0.00
Area127NWVI (11) troll 126 207,,Big_Cr_H_Col,5030,0.46,Elochoman_H,5030,0.44,Abernathy_NFH_F,5008,0.06,Spring_Cr_col,5030,0.02,Abernathy_Cr_Fa,5008,0.00
Area127NWVI (11) troll 126 208,,Little_R,5,0.60,L_Thompson,5,0.29,L_Adams,5,0.07,South_Thom,5,0.04,Coos_H,5011,0.00
Area127NWVI (11) troll 126 209,,Cowlitz_H_fa,5008,0.70,N_Santiam_H,5029,0.12,Hanford_Reach,5026,0.09,Lewis_R_Su,5008,0.04,Elochoman_H,5030,0.02
Area127NWVI (11) troll 126 210,,Hanford_Reach,5026,0.92,Priest_Rapid_H,5026,0.04,Nez_PerceT_H,5021,0.02,Lyons_Ferry_H,5021,0.01,Wells_H,5026,0.00
Area127NWVI (11) troll 126 211,,Lewis_R_Su,5008,0.36,L_Shuswap,5,0.23,Quilayute_R,5028,0.16,Forks_Cr_H,5028,0.13,L_Thompson,5,0.06
Area127NWVI (11) troll 126 212,,Wenatchee_R_SF,5026,0.39,Hanford_Reach,5026,0.26,Methow_R,5026,0.23,Wells_H,5026,0.10,Priest_Rapid_H,5026,0.01
Area127NWVI (11) troll 126 213,,Elochoman_H,5030,0.58,Abernathy_NFH_F,5008,0.29,Abernathy_Cr_Fa,5008,0.09,Washougal_R_Fa,5008,0.01,Spring_Cr_col,5030,0.01
Area127NWVI (11) troll 126 214,,Hanford_Reach,5026,0.89,Priest_Rapid_H,5026,0.07,Nez_PerceT_H,5021,0.02,Lyons_Ferry_H,5021,0.01,Methow_R,5026,0.01
Area127NWVI (11) troll 126 215,,Spring_Cr_col,5030,0.57,Big_Cr_H_Col,5030,0.14,Elochoman_H,5030,0.11,Hanford_Reach,5026,0.07,Abernathy_NFH_F,5008,0.06
Area127NWVI (11) troll 126 216,,Bear_Cr_SuFa,5020,0.37,Soos_H,5020,0.27,George_Adams_H,5005,0.15,S_Prairie_Cr,5020,0.10,Cedar_R_SuFa,5020,0.06
Area127NWVI (11) troll 126 217,,Spring_Cr_col,5030,0.85,Abernathy_NFH_F,5008,0.08,Elochoman_H,5030,0.04,Abernathy_Cr_Fa,5008,0.01,Hanford_Reach,5026,0.00
Area127NWVI (11) troll 127 1,,Bear_Cr_SuFa,5020,0.41,Grovers_Cr_H,5020,0.27,Cedar_R_SuFa,5020,0.07,S_Prairie_Cr,5020,0.06,George_Adams_H,5005,0.05
Area127NWVI (11) troll 127 10,,Coquille_R,5011,0.58,Sixes_R,5011,0.22,Coos_H,5011,0.10,Elk_H,5011,0.08,Kilchis_R,5015,0.01
Area127NWVI (11) troll 127 11,,Bear_Cr_SuFa,5020,0.37,Soos_H,5020,0.36,George_Adams_H,5005,0.06,S_Prairie_Cr,5020,0.06,Snoqualmie_R,5016,0.05
Area127NWVI (11) troll 127 12,,Snoqualmie_R,5016,0.45,S_Umpqua_H,5011,0.42,Priest_Rapid_H,5026,0.05,Hanford_Reach,5026,0.05,Umpqua_H,5011,0.02
Area127NWVI (11) troll 127 13,,Big_Cr_H_Col,5030,0.60,Elochoman_H,5030,0.21,Green_R_Fa,5008,0.08,Spring_Cr_col,5030,0.04,Abernathy_NFH_F,5008,0.02
Area127NWVI (11) troll 127 14,,George_Adams_H,5005,0.76,Grovers_Cr_H,5020,0.09,Hamma_Hamma_R,5005,0.08,Soos_H,5020,0.06,S_Prairie_Cr,5020,0.00
Area127NWVI (11) troll 127 15,,S_Umpqua_H,5011,0.95,Hanford_Reach,5026,0.03,S_Coos_R,5011,0.01,Yaquina_R,5015,0.01,Elochoman_H,5030,0.01
Area127NWVI (11) troll 127 16,,Cowlitz_H_fa,5008,0.46,Green_R_Fa,5008,0.42,Lewis_R_Su,5008,0.04,Spring_Cr_col,5030,0.03,Washougal_R_Fa,5008,0.01
Area127NWVI (11) troll 127 17,,S_Coos_R,5011,0.27,Coos_H,5011,0.20,N_Santiam_H,5029,0.16,Big_Cr_H_Col,5030,0.09,Elochoman_H,5030,0.07
Area127NWVI (11) troll 127 18,,George_Adams_H,5005,0.52,Puntledge_F,7,0.20,Hamma_Hamma_R,5005,0.09,Soos_H,5020,0.05,Grovers_Cr_H,5020,0.04
Area127NWVI (11) troll 127 19,,Priest_Rapid_H,5026,0.52,Hanford_Reach,5026,0.25,Nez_PerceT_H,5021,0.11,Methow_R,5026,0.10,Wells_H,5026,0.02
Area127NWVI (11) troll 127 2,,Grovers_Cr_H,5020,0.90,Bear_Cr_SuFa,5020,0.06,Soos_H,5020,0.02,George_Adams_H,5005,0.01,S_Prairie_Cr,5020,0.01
Area127NWVI (11) troll 127 20,,N_Santiam_H,5029,1.00,Priest_Rapid_H,5026,0.00,McKenzie_H,5029,0.00,Hanford_Reach,5026,0.00,Lewis_R_Su,5008,0.00
Area127NWVI (11) troll 127 21,,George_Adams_H,5005,0.53,Grovers_Cr_H,5020,0.23,Soos_H,5020,0.10,Cedar_R_SuFa,5020,0.06,Bear_Cr_SuFa,5020,0.03
Area127NWVI (11) troll 127 22,,Cowlitz_H_fa,5008,0.33,Big_Cr_H_Col,5030,0.20,Hanford_Reach,5026,0.10,Elochoman_H,5030,0.08,Green_R_Fa,5008,0.05
Area127NWVI (11) troll 127 23,,Cowlitz_H_fa,5008,0.40,Green_R_Fa,5008,0.30,Elochoman_H,5030,0.09,Lewis_R_Su,5008,0.08,Abernathy_Cr_Fa,5008,0.05
Area127NWVI (11) troll 127 24,,Priest_Rapid_H,5026,0.38,Soos_H,5020,0.23,Hanford_Reach,5026,0.12,Little_R,5,0.09,Bear_Cr_SuFa,5020,0.05
Area127NWVI (11) troll 127 25,,Big_Cr_H_Col,5030,0.60,Elochoman_H,5030,0.33,Spring_Cr_col,5030,0.06,Abernathy_NFH_F,5008,0.01,Lewis_R_Su,5008,0.00
Area127NWVI (11) troll 127 26,,Hanford_Reach,5026,0.99,Methow_R,5026,0.00,Nez_PerceT_H,5021,0.00,Harrison,3,0.00,Lyons_Ferry_H,5021,0.00
Area127NWVI (11) troll 127 27,,Big_Cr_H_Col,5030,0.81,Spring_Cr_col,5030,0.12,Abernathy_NFH_F,5008,0.07,Elochoman_H,5030,0.00,Green_R_Fa,5008,0.00
Area127NWVI (11) troll 127 28,,Cowlitz_H_fa,5008,0.93,N_Santiam_H,5029,0.03,Elochoman_H,5030,0.02,Lewis_R_Su,5008,0.01,Abernathy_Cr_Fa,5008,0.01
Area127NWVI (11) troll 127 29,,George_Adams_H,5005,0.54,Soos_H,5020,0.19,Cedar_R_SuFa,5020,0.14,Bear_Cr_SuFa,5020,0.08,Snoqualmie_R,5016,0.03
Area127NWVI (11) troll 127 3,,Hanford_Reach,5026,0.76,Priest_Rapid_H,5026,0.12,Methow_R,5026,0.03,Snoqualmie_R,5016,0.03,Nez_PerceT_H,5021,0.01
Area127NWVI (11) troll 127 30,,Little_R,5,0.78,L_Thompson,5,0.17,L_Shuswap,5,0.04,South_Thom,5,0.01,L_Adams,5,0.01
Area127NWVI (11) troll 127 31,,Lyons_Ferry_H,5021,0.67,Nez_PerceT_H,5021,0.15,Hanford_Reach,5026,0.10,Priest_Rapid_H,5026,0.06,Wells_H,5026,0.03
Area127NWVI (11) troll 127 32,,Moyeha_R,8,0.89,Tlupana,8,0.06,Tahsis,8,0.02,Conuma,8,0.01,Megin_R,8,0.00
Area127NWVI (11) troll 127 33,,Forks_Cr_H,5028,0.99,S_Coos_R,5011,0.01,Humptulips_H,5028,0.00,Alsea_R,5015,0.00,Coos_H,5011,0.00
Area127NWVI (11) troll 127 34,,Hanford_Reach,5026,0.61,Priest_Rapid_H,5026,0.33,Methow_R,5026,0.05,S_Umpqua_H,5011,0.00,Wells_H,5026,0.00
Area127NWVI (11) troll 127 4,,George_Adams_H,5005,0.84,Hamma_Hamma_R,5005,0.15,S_Prairie_Cr,5020,0.01,Grovers_Cr_H,5020,0.00,Snoqualmie_R,5016,0.00
Area127NWVI (11) troll 127 5,,Trask_R,5015,0.76,Forks_Cr_H,5028,0.13,S_Coos_R,5011,0.03,S_Umpqua_H,5011,0.02,Queets_R,5028,0.02
Area127NWVI (11) troll 127 6,,Methow_R,5026,0.55,Hanford_Reach,5026,0.25,Priest_Rapid_H,5026,0.15,Nez_PerceT_H,5021,0.05,Wells_H,5026,0.01
Area127NWVI (11) troll 127 7,,George_Adams_H,5005,0.64,Hamma_Hamma_R,5005,0.17,Bear_Cr_SuFa,5020,0.10,Soos_H,5020,0.04,Green_R_Fa,5008,0.02
Area127NWVI (11) troll 127 8,,Bear_Cr_SuFa,5020,0.38,Soos_H,5020,0.20,George_Adams_H,5005,0.16,Cedar_R_SuFa,5020,0.15,Grovers_Cr_H,5020,0.10
Area127NWVI (11) troll 127 9,,Spring_Cr_col,5030,0.72,Big_Cr_H_Col,5030,0.08,Elochoman_H,5030,0.07,George_Adams_H,5005,0.06,Abernathy_NFH_F,5008,0.04
Area127NWVI (11) troll 139 100,,Nehalem_R,5015,0.93,Trask_R,5015,0.05,Wilson_R,5015,0.01,Forks_Cr_H,5028,0.00,Salmon_R_f,5015,0.00
Area127NWVI (11) troll 139 101,,Big_Cr_H_Col,5030,0.51,Spring_Cr_col,5030,0.46,Elochoman_H,5030,0.01,Abernathy_NFH_F,5008,0.01,Cowlitz_H_fa,5008,0.01
Area127NWVI (11) troll 139 102,,George_Adams_H,5005,0.55,Grovers_Cr_H,5020,0.27,Cedar_R_SuFa,5020,0.11,Hamma_Hamma_R,5005,0.06,Bear_Cr_SuFa,5020,0.00
Area127NWVI (11) troll 139 103,,Cowlitz_H_fa,5008,0.79,Green_R_Fa,5008,0.08,Lewis_R_Su,5008,0.07,Washougal_R_Fa,5008,0.04,Elochoman_R_Fa,5008,0.01
Area127NWVI (11) troll 139 104,,George_Adams_H,5005,0.42,Soos_H,5020,0.30,Bear_Cr_SuFa,5020,0.17,S_Prairie_Cr,5020,0.05,Cedar_R_SuFa,5020,0.02
Area127NWVI (11) troll 139 105,,Lewis_R_Su,5008,0.80,Washougal_R_Fa,5008,0.12,Elochoman_H,5030,0.02,Coweeman_R_Fa,5008,0.02,Green_R_Fa,5008,0.01
Area127NWVI (11) troll 139 106,,Hanford_Reach,5026,0.46,Priest_Rapid_H,5026,0.46,Nez_PerceT_H,5021,0.05,Wells_H,5026,0.02,Lyons_Ferry_H,5021,0.01
Area127NWVI (11) troll 139 107,,Hanford_Reach,5026,0.70,Priest_Rapid_H,5026,0.22,Nez_PerceT_H,5021,0.06,Wells_H,5026,0.01,Wenatchee_R_SF,5026,0.01
Area127NWVI (11) troll 139 108,,Lewis_R_Su,5008,0.41,Elochoman_H,5030,0.35,Abernathy_NFH_F,5008,0.18,Elochoman_R_Fa,5008,0.02,Washougal_R_Fa,5008,0.02
Area127NWVI (11) troll 139 109,,Nez_PerceT_H,5021,0.41,Hanford_Reach,5026,0.35,Priest_Rapid_H,5026,0.12,Lyons_Ferry_H,5021,0.06,Little_R,5,0.04
Area127NWVI (11) troll 139 110,,Coquille_R,5011,0.88,Coos_H,5011,0.03,Quilayute_R,5028,0.02,Sixes_R,5011,0.02,Trask_R,5015,0.01
Area127NWVI (11) troll 139 111,,L_Adams,5,0.62,Little_R,5,0.23,L_Thompson,5,0.09,South_Thom,5,0.06,L_Shuswap,5,0.00
Area127NWVI (11) troll 139 112,,N_Santiam_H,5029,0.31,L_Thompson,5,0.28,Kalama_H_sp,5009,0.26,McKenzie_H,5029,0.11,L_Adams,5,0.01
Area127NWVI (11) troll 139 113,,S_Umpqua_H,5011,0.71,Trask_R,5015,0.19,Coquille_R,5011,0.05,S_Coos_R,5011,0.02,Quilayute_R,5028,0.01
Area127NWVI (11) troll 139 114,,Priest_Rapid_H,5026,0.92,Hanford_Reach,5026,0.03,Wells_H,5026,0.03,Methow_R,5026,0.01,Nez_PerceT_H,5021,0.00
Area127NWVI (11) troll 139 115,,Coquille_R,5011,0.42,Elk_H,5011,0.41,Sixes_R,5011,0.12,Coos_H,5011,0.04,Alsea_R,5015,0.00
Area127NWVI (11) troll 139 116,,U_Sauk_R,5016,0.72,Hanford_Reach,5026,0.20,U_Sauk_R_SpSu,5016,0.03,Priest_Rapid_H,5026,0.01,Wells_H,5026,0.01
Area127NWVI (11) troll 139 117,,Yaquina_R,5015,0.89,Coos_H,5011,0.04,Wilson_R,5015,0.04,Trask_R,5015,0.01,Necanicum_H,5015,0.01
Area127NWVI (11) troll 139 118,,Priest_Rapid_H,5026,0.68,Hanford_Reach,5026,0.15,Nez_PerceT_H,5021,0.11,Lyons_Ferry_H,5021,0.05,Methow_R,5026,0.01
Area127NWVI (11) troll 139 119,,Coos_H,5011,0.62,Wilson_R,5015,0.27,Quilayute_R,5028,0.03,Alsea_R,5015,0.01,S_Coos_R,5011,0.01
Area127NWVI (11) troll 139 120,,Coos_H,5011,0.85,Coquille_R,5011,0.09,S_Coos_R,5011,0.04,Hanford_Reach,5026,0.01,Priest_Rapid_H,5026,0.00
Area127NWVI (11) troll 139 121,,Priest_Rapid_H,5026,0.48,Hanford_Reach,5026,0.26,Harrison,3,0.20,Nez_PerceT_H,5021,0.05,L_Thompson,5,0.00
Area127NWVI (11) troll 139 122,,N_Santiam_H,5029,0.81,Hanford_Reach,5026,0.10,Priest_Rapid_H,5026,0.09,McKenzie_H,5029,0.00,Wells_H,5026,0.00
Area127NWVI (11) troll 139 123,,Hanford_Reach,5026,0.94,Methow_R,5026,0.04,Lyons_Ferry_H,5021,0.01,Priest_Rapid_H,5026,0.01,Hamma_Hamma_R,5005,0.00
Area127NWVI (11) troll 139 124,,L_Shuswap,5,0.83,Little_R,5,0.11,L_Thompson,5,0.04,L_Adams,5,0.02,South_Thom,5,0.01
Area127NWVI (11) troll 139 125,,Lewis_R_Su,5008,0.25,Green_R_Fa,5008,0.23,S_Umpqua_H,5011,0.20,Washougal_R_Fa,5008,0.15,Sandy_R,5008,0.06
Area127NWVI (11) troll 139 126,,Coos_H,5011,0.71,S_Coos_R,5011,0.22,Coquille_R,5011,0.07,S_Umpqua_H,5011,0.01,Elk_H,5011,0.00
Area127NWVI (11) troll 139 127,,Priest_Rapid_H,5026,0.70,Hanford_Reach,5026,0.18,Lyons_Ferry_H,5021,0.06,Nez_PerceT_H,5021,0.04,Wells_H,5026,0.01
Area127NWVI (11) troll 139 128,,Lewis_R_Su,5008,0.69,Green_R_Fa,5008,0.16,S_Umpqua_H,5011,0.05,Elochoman_H,5030,0.03,Coquille_R,5011,0.02
Area127NWVI (11) troll 139 129,,Little_R,5,0.89,L_Thompson,5,0.09,L_Shuswap,5,0.01,South_Thom,5,0.00,Nitinat,8,0.00
Area127NWVI (11) troll 139 130,,Lyons_Ferry_H,5021,0.49,Nez_PerceT_H,5021,0.47,Hanford_Reach,5026,0.03,Priest_Rapid_H,5026,0.01,Wells_H,5026,0.00
Area127NWVI (11) troll 139 131,,Coos_H,5011,0.69,S_Coos_R,5011,0.19,Harrison,3,0.08,Umpqua_H,5011,0.01,Snoqualmie_R,5016,0.01
Area127NWVI (11) troll 139 132,,Hanford_Reach,5026,0.65,Nez_PerceT_H,5021,0.25,Bear_Cr_SuFa,5020,0.05,Cedar_R_SuFa,5020,0.03,George_Adams_H,5005,0.01
Area127NWVI (11) troll 139 133,,Puntledge_F,7,0.95,L_Qualicum,7,0.04,Cowichan,7,0.01,Puntledge_BackX,7,0.00,Big_Qualicum,7,0.00
Area127NWVI (11) troll 139 134,,Kasiks_R,23,0.79,Torpy,1,0.10,Morice_R,21,0.08,L_Thompson,5,0.01,Kispiox,22,0.00
Area127NWVI (11) troll 139 135,,Bear_Cr_SuFa,5020,0.37,Grovers_Cr_H,5020,0.22,Hanford_Reach,5026,0.07,Soos_H,5020,0.06,Priest_Rapid_H,5026,0.05
Area127NWVI (11) troll 139 136,,Hanford_Reach,5026,0.62,Priest_Rapid_H,5026,0.16,Nez_PerceT_H,5021,0.09,Methow_R,5026,0.06,Lyons_Ferry_H,5021,0.05
Area127NWVI (11) troll 139 137,,Harrison,3,0.97,Lewis_R_Su,5008,0.01,Spring_Cr_col,5030,0.01,Elochoman_H,5030,0.00,Snoqualmie_R,5016,0.00
Area127NWVI (11) troll 139 138,,S_Umpqua_H,5011,0.27,Big_Cr_H_Col,5030,0.12,Hanford_Reach,5026,0.12,Priest_Rapid_H,5026,0.08,Abernathy_Cr_Fa,5008,0.07
Area127NWVI (11) troll 139 139,,George_Adams_H,5005,0.30,Soos_H,5020,0.28,Bear_Cr_SuFa,5020,0.27,S_Prairie_Cr,5020,0.08,Grovers_Cr_H,5020,0.04
Area127NWVI (11) troll 139 140,,Lewis_R_Su,5008,0.91,Quilayute_R,5028,0.04,Cowlitz_H_fa,5008,0.02,Coweeman_R_Fa,5008,0.01,Lewis_R_LSu,5008,0.01
Area127NWVI (11) troll 139 141,,Hanford_Reach,5026,0.87,Priest_Rapid_H,5026,0.10,Methow_R,5026,0.02,Wenatchee_R_SF,5026,0.01,Wells_H,5026,0.01
Area127NWVI (11) troll 139 142,,Bear_Cr_SuFa,5020,0.50,Soos_H,5020,0.24,Cedar_R_SuFa,5020,0.18,Samish_H,5016,0.03,Snoqualmie_R,5016,0.01
Area127NWVI (11) troll 139 143,,Cowlitz_H_fa,5008,0.69,Lewis_R_Su,5008,0.29,Green_R_Fa,5008,0.02,Washougal_R_Fa,5008,0.00,Cowlitz_H_sp,5009,0.00
Area127NWVI (11) troll 139 144,,Lewis_R_Su,5008,0.53,Kalama_H_sp,5009,0.41,Cowlitz_H_fa,5008,0.05,Washougal_R_Fa,5008,0.01,Elochoman_H,5030,0.00
Area127NWVI (11) troll 139 145,,N_Santiam_H,5029,0.28,George_Adams_H,5005,0.26,Bear_Cr_SuFa,5020,0.20,Cedar_R_SuFa,5020,0.11,Soos_H,5020,0.06
Area127NWVI (11) troll 139 146,,Lyons_Ferry_H,5021,0.96,Hanford_Reach,5026,0.02,Priest_Rapid_H,5026,0.01,Wells_H,5026,0.00,L_Thompson,5,0.00
Area127NWVI (11) troll 139 147,,Wilson_R,5015,0.66,Trask_R,5015,0.32,Salmon_R_f,5015,0.02,Yaquina_R,5015,0.00,Coquille_R,5011,0.00
Area127NWVI (11) troll 139 148,,Hanford_Reach,5026,0.62,Nez_PerceT_H,5021,0.34,Lyons_Ferry_H,5021,0.02,Priest_Rapid_H,5026,0.01,George_Adams_H,5005,0.00
Area127NWVI (11) troll 139 149,,Grovers_Cr_H,5020,0.77,George_Adams_H,5005,0.10,Hamma_Hamma_R,5005,0.05,Bear_Cr_SuFa,5020,0.04,Cedar_R_SuFa,5020,0.03
Area127NWVI (11) troll 139 150,Dupe with 213,Coos_H,5011,1.00,Coquille_R,5011,0.00,Puntledge_F,7,0.00,Trask_R,5015,0.00,,,
Area127NWVI (11) troll 139 151,,Harrison,3,0.97,U_Sauk_R,5016,0.03,Chilliwack_F,3,0.00,Samish_H,5016,0.00,Snoqualmie_R,5016,0.00
Area127NWVI (11) troll 139 152,,Hanford_Reach,5026,0.85,Wells_H,5026,0.04,Priest_Rapid_H,5026,0.03,Spring_Cr_col,5030,0.01,Green_R_Fa,5008,0.01
Area127NWVI (11) troll 139 153,,L_Thompson,5,0.65,Little_R,5,0.31,L_Adams,5,0.03,South_Thom,5,0.01,Kasiks_R,23,0.00
Area127NWVI (11) troll 139 154,,Spring_Cr_col,5030,0.69,Big_Cr_H_Col,5030,0.30,Abernathy_NFH_F,5008,0.01,Elochoman_H,5030,0.00,Abernathy_Cr_Fa,5008,0.00
Area127NWVI (11) troll 139 155,,N_Santiam_H,5029,0.86,L_Thompson,5,0.07,Hanford_Reach,5026,0.02,Lyons_Ferry_H,5021,0.02,Priest_Rapid_H,5026,0.01
Area127NWVI (11) troll 139 156,,Coos_H,5011,0.93,Trask_R,5015,0.05,Coquille_R,5011,0.02,Sixes_R,5011,0.00,Nez_PerceT_H,5021,0.00
Area127NWVI (11) troll 139 157,Dupe with 192,S_Coos_R,5011,0.23,Elochoman_H,5030,0.18,Cowlitz_H_fa,5008,0.14,Abernathy_Cr_Fa,5008,0.11,S_Umpqua_H,5011,0.10
Area127NWVI (11) troll 139 158,,Hanford_Reach,5026,0.35,Priest_Rapid_H,5026,0.27,Wells_H,5026,0.20,Methow_R,5026,0.14,Wenatchee_R_SF,5026,0.01
Area127NWVI (11) troll 139 159,,Spring_Cr_col,5030,0.62,Elochoman_H,5030,0.25,Big_Cr_H_Col,5030,0.05,Abernathy_NFH_F,5008,0.02,Green_R_Fa,5008,0.02
Area127NWVI (11) troll 139 160,,George_Adams_H,5005,0.61,Soos_H,5020,0.13,Bear_Cr_SuFa,5020,0.08,S_Prairie_Cr,5020,0.07,Samish_H,5016,0.04
Area127NWVI (11) troll 139 161,,Coos_H,5011,0.85,Coquille_R,5011,0.12,S_Coos_R,5011,0.03,S_Umpqua_H,5011,0.00,Lewis_R_Su,5008,0.00
Area127NWVI (11) troll 139 162,,Little_R,5,0.99,South_Thom,5,0.00,L_Adams,5,0.00,L_Thompson,5,0.00,,,
Area127NWVI (11) troll 139 163,,Hanford_Reach,5026,0.62,Nez_PerceT_H,5021,0.20,Wells_H,5026,0.11,Priest_Rapid_H,5026,0.04,Methow_R,5026,0.02
Area127NWVI (11) troll 139 164,,Priest_Rapid_H,5026,0.62,Hanford_Reach,5026,0.37,Little_R,5,0.00,Methow_R,5026,0.00,Wenatchee_R_SF,5026,0.00
Area127NWVI (11) troll 139 165,,Hanford_Reach,5026,0.40,Yaquina_R,5015,0.16,Priest_Rapid_H,5026,0.15,Wells_H,5026,0.08,Sixes_R,5011,0.05
Area127NWVI (11) troll 139 166,,Hanford_Reach,5026,0.74,Priest_Rapid_H,5026,0.24,Lyons_Ferry_H,5021,0.02,Little_R,5,0.00,Nez_PerceT_H,5021,0.00
Area127NWVI (11) troll 139 167,Dupe with 182,S_Coos_R,5011,0.23,Elochoman_H,5030,0.19,Cowlitz_H_fa,5008,0.13,Abernathy_Cr_Fa,5008,0.10,S_Umpqua_H,5011,0.09
Area127NWVI (11) troll 139 168,,Coos_H,5011,0.60,Alsea_R,5015,0.12,Trask_R,5015,0.08,Coquille_R,5011,0.06,Salmon_R_f,5015,0.03
Area127NWVI (11) troll 139 169,,Harrison,3,0.87,Chilliwack_F,3,0.11,Nechako,2,0.01,Quilayute_R,5028,0.00,Horsefly,2,0.00
Area127NWVI (11) troll 139 170,,L_Thompson,5,0.80,Little_R,5,0.19,South_Thom,5,0.01,L_Adams,5,0.01,,,
Area127NWVI (11) troll 139 171,,Chilliwack_F,3,0.61,Harrison,3,0.39,Little_R,5,0.00,Soos_H,5020,0.00,L_Thompson,5,0.00
Area127NWVI (11) troll 139 172,,Harrison,3,0.99,Chilliwack_F,3,0.01,Snoqualmie_R,5016,0.00,,,,,,
Area127NWVI (11) troll 139 173,,Green_R_Fa,5008,0.47,N_Santiam_H,5029,0.32,Abernathy_NFH_F,5008,0.08,Abernathy_Cr_Fa,5008,0.06,Washougal_R_Fa,5008,0.04
Area127NWVI (11) troll 139 174,,Hanford_Reach,5026,0.55,Nez_PerceT_H,5021,0.15,Priest_Rapid_H,5026,0.13,Methow_R,5026,0.08,Wells_H,5026,0.05
Area127NWVI (11) troll 139 175,,L_Thompson,5,0.50,L_Adams,5,0.27,Little_R,5,0.10,L_Shuswap,5,0.07,South_Thom,5,0.07
Area127NWVI (11) troll 139 176,,Harrison,3,0.89,Chilliwack_F,3,0.09,Hanford_Reach,5026,0.01,Priest_Rapid_H,5026,0.00,Little_R,5,0.00
Area127NWVI (11) troll 139 177,Dupe with 205,Nez_PerceT_H,5021,0.87,Lyons_Ferry_H,5021,0.11,Hanford_Reach,5026,0.03,Washougal_R_Fa,5008,0.00,Priest_Rapid_H,5026,0.00
Area127NWVI (11) troll 139 178,,Priest_Rapid_H,5026,0.60,Hanford_Reach,5026,0.22,Nez_PerceT_H,5021,0.17,Lyons_Ferry_H,5021,0.01,Umatilla_H,5026,0.00
Area127NWVI (11) troll 139 179,,Green_R_Fa,5008,0.27,Abernathy_NFH_F,5008,0.25,Lewis_R_Su,5008,0.19,Spring_Cr_col,5030,0.09,Abernathy_Cr_Fa,5008,0.09
Area127NWVI (11) troll 139 180,Dupe with 202,Nez_PerceT_H,5021,0.87,Lyons_Ferry_H,5021,0.11,Hanford_Reach,5026,0.03,Washougal_R_Fa,5008,0.00,Wells_H,5026,0.00
Area127NWVI (11) troll 139 181,,Little_R,5,0.66,L_Adams,5,0.22,South_Thom,5,0.07,L_Thompson,5,0.03,Hanford_Reach,5026,0.01
Area127NWVI (11) troll 139 182,,Coos_H,5011,0.57,Lewis_R_Su,5008,0.11,Coquille_R,5011,0.09,Washougal_R_Fa,5008,0.06,Lyons_Ferry_H,5021,0.04
Area127NWVI (11) troll 139 183,,Harrison,3,0.98,Chilliwack_F,3,0.02,,,,,,,,,
Area127NWVI (11) troll 139 184,,Priest_Rapid_H,5026,0.64,Hanford_Reach,5026,0.33,Methow_R,5026,0.01,L_Thompson,5,0.01,Wenatchee_R_SF,5026,0.00
Area127NWVI (11) troll 139 185,,George_Adams_H,5005,0.48,Soos_H,5020,0.29,Bear_Cr_SuFa,5020,0.08,Cedar_R_SuFa,5020,0.05,S_Prairie_Cr,5020,0.03
Area127NWVI (11) troll 139 186,,Snoqualmie_R,5016,0.46,George_Adams_H,5005,0.21,Bear_Cr_SuFa,5020,0.18,Cedar_R_SuFa,5020,0.08,Hamma_Hamma_R,5005,0.06
Area127NWVI (11) troll 139 187,,Lyons_Ferry_H,5021,0.77,Hanford_Reach,5026,0.12,Nez_PerceT_H,5021,0.07,Priest_Rapid_H,5026,0.02,S_Umpqua_H,5011,0.01
Area127NWVI (11) troll 139 188,Dupe with 175,Coos_H,5011,1.00,S_Coos_R,5011,0.00,Puntledge_F,7,0.00,U_Sauk_R,5016,0.00,Nez_PerceT_H,5021,0.00
Area127NWVI (11) troll 139 189,,Coos_H,5011,0.62,Coquille_R,5011,0.30,S_Umpqua_H,5011,0.05,S_Coos_R,5011,0.02,Millicoma_R,5011,0.00
Area127NWVI (11) troll 139 85,,Nez_PerceT_H,5021,0.51,Hanford_Reach,5026,0.35,Lyons_Ferry_H,5021,0.11,Big_Cr_H_Col,5030,0.01,Priest_Rapid_H,5026,0.01
Area127NWVI (11) troll 139 86,,Spring_Cr_col,5030,0.97,Big_Cr_H_Col,5030,0.03,Abernathy_NFH_F,5008,0.01,Elochoman_H,5030,0.00,Abernathy_Cr_Fa,5008,0.00
Area127NWVI (11) troll 139 87,,Hanford_Reach,5026,0.60,Priest_Rapid_H,5026,0.18,Methow_R,5026,0.18,Nez_PerceT_H,5021,0.03,Wells_H,5026,0.01
Area127NWVI (11) troll 139 88,,Wells_H,5026,0.60,Hanford_Reach,5026,0.20,Nez_PerceT_H,5021,0.08,Wenatchee_R_SF,5026,0.07,Priest_Rapid_H,5026,0.04
Area127NWVI (11) troll 139 89,,Priest_Rapid_H,5026,0.36,Hanford_Reach,5026,0.27,Methow_R,5026,0.21,Wenatchee_R_SF,5026,0.10,U_Sauk_R,5016,0.03
Area127NWVI (11) troll 139 90,,Hanford_Reach,5026,0.96,Methow_R,5026,0.02,Wells_H,5026,0.02,Priest_Rapid_H,5026,0.00,Priest_Rapids_H,5026,0.00
Area127NWVI (11) troll 139 91,,Little_R,5,0.88,L_Thompson,5,0.12,L_Adams,5,0.00,South_Thom,5,0.00,,,
Area127NWVI (11) troll 139 92,,Chilliwack_F,3,0.85,Harrison,3,0.15,Tseta,17,0.00,Nakina,17,0.00,Shakes_Cr,18,0.00
Area127NWVI (11) troll 139 93,Number of missing Loci exceeded,,,,,,,,,,,,,,,
Area127NWVI (11) troll 139 94,,Alsea_R,5015,0.48,Coquille_R,5011,0.30,S_Coos_R,5011,0.13,Coos_H,5011,0.03,Hanford_Reach,5026,0.01
Area127NWVI (11) troll 139 95,,L_Adams,5,0.94,Little_R,5,0.05,L_Thompson,5,0.01,L_Shuswap,5,0.00,,,
Area127NWVI (11) troll 139 96,,Kasiks_R,23,0.82,L_Thompson,5,0.10,Quesnel,2,0.04,Harrison,3,0.01,Tahltan_R,18,0.01
Area127NWVI (11) troll 139 97,,Priest_Rapid_H,5026,0.55,Nez_PerceT_H,5021,0.27,Lyons_Ferry_H,5021,0.10,Wells_H,5026,0.05,Methow_R,5026,0.02
Area127NWVI (11) troll 139 98,,Chilliwack_F,3,0.56,Harrison,3,0.43,Priest_Rapid_H,5026,0.00,Methow_R,5026,0.00,Wells_H,5026,0.00
Area127NWVI (11) troll 139 99,,Big_Cr_H_Col,5030,0.59,Cowlitz_H_fa,5008,0.18,Spring_Cr_col,5030,0.12,Elochoman_H,5030,0.06,Abernathy_NFH_F,5008,0.04
Area127NWVI (11) troll 158 218,,S_Umpqua_H,5011,0.52,Trask_R,5015,0.24,S_Coos_R,5011,0.16,Wilson_R,5015,0.05,Coos_H,5011,0.01
Area127NWVI (11) troll 158 219,,Hanford_Reach,5026,0.47,S_Umpqua_H,5011,0.33,Priest_Rapid_H,5026,0.19,Wells_H,5026,0.01,Green_R_Fa,5008,0.00
Area127NWVI (11) troll 158 220,,Puntledge_F,7,0.95,L_Qualicum,7,0.05,George_Adams_H,5005,0.00,Puntledge_BackX,7,0.00,Nanaimo_F,7,0.00
Area127NWVI (11) troll 158 221,,Methow_R,5026,0.50,Wells_H,5026,0.27,Priest_Rapid_H,5026,0.22,Hanford_Reach,5026,0.01,Nez_PerceT_H,5021,0.01
Area127NWVI (11) troll 158 222,,Hanford_Reach,5026,0.58,Priest_Rapid_H,5026,0.31,Methow_R,5026,0.10,Nez_PerceT_H,5021,0.01,Priest_Rapids_H,5026,0.00
Area127NWVI (11) troll 158 223,,Priest_Rapid_H,5026,0.52,Hanford_Reach,5026,0.28,Methow_R,5026,0.17,Wells_H,5026,0.01,Lyons_Ferry_H,5021,0.01
Area127NWVI (11) troll 158 224,,Harrison,3,0.90,Chilliwack_F,3,0.10,Coos_H,5011,0.00,Trask_R,5015,0.00,,,
Area127NWVI (11) troll 158 225,,Hanford_Reach,5026,0.77,Priest_Rapid_H,5026,0.20,Nez_PerceT_H,5021,0.02,Lyons_Ferry_H,5021,0.00,Wells_H,5026,0.00
Area127NWVI (11) troll 158 226,,Harrison,3,0.96,Chilliwack_F,3,0.04,Hanford_Reach,5026,0.00,Priest_Rapid_H,5026,0.00,Chilliwac@Stav,3,0.00
Area127NWVI (11) troll 158 227,,Alsea_R,5015,0.99,Salmon_R_f,5015,0.00,Forks_Cr_H,5028,0.00,S_Umpqua_H,5011,0.00,Trask_R,5015,0.00
Area127NWVI (11) troll 158 228,,Lyons_Ferry_H,5021,0.44,Hanford_Reach,5026,0.42,Priest_Rapid_H,5026,0.10,Wenatchee_R_SF,5026,0.03,Nez_PerceT_H,5021,0.01
Area127NWVI (11) troll 158 229,,Chilliwack_F,3,0.81,Harrison,3,0.19,Hanford_Reach,5026,0.00,Nez_PerceT_H,5021,0.00,Umpqua_H,5011,0.00
Area127NWVI (11) troll 158 230,,Chilliwack_F,3,0.41,Harrison,3,0.41,U_Sauk_R,5016,0.06,Quilayute_R,5028,0.03,Lewis_R_Su,5008,0.01
Area127NWVI (11) troll 158 231,,Coquille_R,5011,0.37,Trask_R,5015,0.32,Yaquina_R,5015,0.13,Forks_Cr_H,5028,0.11,Salmon_R_f,5015,0.02
Area127NWVI (11) troll 158 232,,Hanford_Reach,5026,0.96,Priest_Rapid_H,5026,0.03,Nez_PerceT_H,5021,0.01,Wells_H,5026,0.00,L_Wh_Sal_H_SF,5026,0.00
Area127NWVI (11) troll 158 233,,Alsea_R,5015,0.82,Wilson_R,5015,0.11,Trask_R,5015,0.04,Yaquina_R,5015,0.02,Salmon_R_f,5015,0.00
Area127NWVI (11) troll 158 234,,S_Umpqua_H,5011,0.96,S_Coos_R,5011,0.03,Coos_H,5011,0.01,Coquille_R,5011,0.00,,,
Area127NWVI (11) troll 158 235,,Chilliwack_F,3,0.53,Harrison,3,0.47,Snoqualmie_R,5016,0.00,,,,,,
Area127NWVI (11) troll 158 236,,Coos_H,5011,0.56,Alsea_R,5015,0.26,Yaquina_R,5015,0.07,Wilson_R,5015,0.04,Coquille_R,5011,0.03
Area127NWVI (11) troll 158 237,,Elk_H,5011,0.77,Sixes_R,5011,0.23,Coos_H,5011,0.00,Coquille_R,5011,0.00,S_Umpqua_H,5011,0.00
Area127NWVI (11) troll 158 238,,Hanford_Reach,5026,1.00,Priest_Rapid_H,5026,0.00,Wells_H,5026,0.00,Kalama_H_sp,5009,0.00,Methow_R,5026,0.00
Area127NWVI (11) troll 158 239,,Hanford_Reach,5026,0.82,Nez_PerceT_H,5021,0.10,Lyons_Ferry_H,5021,0.05,Priest_Rapid_H,5026,0.01,L_Wh_Sal_H_SF,5026,0.01
Area127NWVI (11) troll 158 240,,Hanford_Reach,5026,0.85,Priest_Rapid_H,5026,0.10,Methow_R,5026,0.03,Lyons_Ferry_H,5021,0.00,Nez_PerceT_H,5021,0.00
Area127NWVI (11) troll 158 241,Dupe with 246,Chilliwack_F,3,1.00,,,,,,,,,,,,
Area127NWVI (11) troll 158 242,,Hanford_Reach,5026,0.64,Methow_R,5026,0.13,N_Santiam_H,5029,0.11,S_Umpqua_H,5011,0.05,McKenzie_H,5029,0.02
Area127NWVI (11) troll 158 243,,Puntledge_F,7,0.93,L_Qualicum,7,0.04,Cowichan,7,0.01,Snoqualmie_R,5016,0.00,Big_Qualicum,7,0.00
Area127NWVI (11) troll 158 244,,Harrison,3,0.75,Coos_H,5011,0.17,Chilliwack_F,3,0.07,Chilliwac@Stav,3,0.00,Coquille_R,5011,0.00
Area127NWVI (11) troll 158 245,,Nechako,2,0.36,Slim_C,1,0.23,Torpy,1,0.16,L_Chilcoti,2,0.06,McGregor,1,0.06
Area127NWVI (11) troll 158 246,,Harrison,3,0.69,Chilliwack_F,3,0.31,,,,,,,,,
Area127NWVI (11) troll 158 247,Dupe with 317,Elochoman_H,5030,0.52,Big_Cr_H_Col,5030,0.34,Abernathy_NFH_F,5008,0.13,Green_R_Fa,5008,0.00,Washougal_R_Fa,5008,0.00
Area127NWVI (11) troll 158 248,,Harrison,3,0.54,Chilliwack_F,3,0.46,Chilliwac@Stav,3,0.01,,,,,,
Area127NWVI (11) troll 158 249,Dupe with 238,Chilliwack_F,3,1.00,Harrison,3,0.00,,,,,,,,,
Area127NWVI (11) troll 158 250,,Hanford_Reach,5026,0.40,Wells_H,5026,0.29,Priest_Rapid_H,5026,0.27,S_Umpqua_H,5011,0.02,Coquille_R,5011,0.01
Area127NWVI (11) troll 158 251,,Hanford_Reach,5026,0.51,Priest_Rapid_H,5026,0.48,Lyons_Ferry_H,5021,0.01,Nez_PerceT_H,5021,0.01,Wells_H,5026,0.00
Area127NWVI (11) troll 158 252,,Spring_Cr_col,5030,0.52,Lewis_R_Su,5008,0.21,Abernathy_NFH_F,5008,0.11,Big_Cr_H_Col,5030,0.06,Abernathy_Cr_Fa,5008,0.05
Area127NWVI (11) troll 158 253,,L_Thompson,5,0.73,Little_R,5,0.24,L_Adams,5,0.01,Priest_Rapid_H,5026,0.00,Duteau_Cr,5,0.00
Area127NWVI (11) troll 158 254,,Harrison,3,0.61,Chilliwack_F,3,0.35,Soos_H,5020,0.01,Snoqualmie_R,5016,0.01,Little_R,5,0.01
Area127NWVI (11) troll 158 255,,Hanford_Reach,5026,0.73,Lyons_Ferry_H,5021,0.16,Kalama_H_sp,5009,0.06,Lewis_R_Su,5008,0.02,Nez_PerceT_H,5021,0.01
Area127NWVI (11) troll 158 256,,Lewis_R_Su,5008,0.71,Elochoman_H,5030,0.19,Green_R_Fa,5008,0.04,Spring_Cr_col,5030,0.03,Washougal_R_Fa,5008,0.03
Area127NWVI (11) troll 158 257,,Harrison,3,0.39,Chilliwack_F,3,0.30,Hanford_Reach,5026,0.06,Priest_Rapid_H,5026,0.05,Bear_Cr_SuFa,5020,0.04
Area127NWVI (11) troll 158 258,,Hanford_Reach,5026,0.80,Lyons_Ferry_H,5021,0.11,Priest_Rapid_H,5026,0.03,Nez_PerceT_H,5021,0.03,Methow_R,5026,0.01
Area127NWVI (11) troll 158 259,,Coquille_R,5011,0.35,S_Coos_R,5011,0.23,Coos_H,5011,0.20,S_Umpqua_H,5011,0.12,Alsea_R,5015,0.07
Area127NWVI (11) troll 158 260,,Hanford_Reach,5026,0.60,Priest_Rapid_H,5026,0.36,Wells_H,5026,0.02,Lyons_Ferry_H,5021,0.01,Methow_R,5026,0.01
Area127NWVI (11) troll 158 261,,Priest_Rapid_H,5026,0.64,Hanford_Reach,5026,0.16,Methow_R,5026,0.12,Wells_H,5026,0.05,Lyons_Ferry_H,5021,0.02
Area127NWVI (11) troll 158 262,,Lyons_Ferry_H,5021,0.79,Nez_PerceT_H,5021,0.15,Priest_Rapid_H,5026,0.03,Hanford_Reach,5026,0.02,Wells_H,5026,0.00
Area127NWVI (11) troll 158 263,,Coquille_R,5011,0.84,Coos_H,5011,0.15,S_Coos_R,5011,0.01,Sixes_R,5011,0.00,S_Umpqua_H,5011,0.00
Area127NWVI (11) troll 158 264,,Priest_Rapid_H,5026,0.84,Hanford_Reach,5026,0.14,Lyons_Ferry_H,5021,0.01,L_Qualicum,7,0.01,Nez_PerceT_H,5021,0.00
Area127NWVI (11) troll 158 265,,Hanford_Reach,5026,0.99,L_Wh_Sal_H_SF,5026,0.00,Priest_Rapid_H,5026,0.00,Priest_Rapids_H,5026,0.00,Wenatchee_R_SF,5026,0.00
Area127NWVI (11) troll 158 266,,Hanford_Reach,5026,0.73,Nez_PerceT_H,5021,0.11,Lyons_Ferry_H,5021,0.10,Priest_Rapid_H,5026,0.04,Wells_H,5026,0.01
Area127NWVI (11) troll 158 267,,Harrison,3,1.00,Chilliwac@Stav,3,0.00,Trask_R,5015,0.00,Chilliwack_F,3,0.00,,,
Area127NWVI (11) troll 158 268,,Hanford_Reach,5026,0.99,Lyons_Ferry_H,5021,0.00,Priest_Rapid_H,5026,0.00,Umatilla_H_Fa,5026,0.00,Lewis_R_Su,5008,0.00
Area127NWVI (11) troll 158 269,,Lyons_Ferry_H,5021,0.38,Priest_Rapid_H,5026,0.30,Nez_PerceT_H,5021,0.20,Hanford_Reach,5026,0.07,Methow_R,5026,0.04
Area127NWVI (11) troll 158 270,,Priest_Rapid_H,5026,0.94,Hanford_Reach,5026,0.03,Wells_H,5026,0.03,Wenatchee_R_SF,5026,0.00,,,
Area127NWVI (11) troll 158 271,,L_Thompson,5,0.29,L_Adams,5,0.27,Little_R,5,0.26,L_Shuswap,5,0.13,South_Thom,5,0.05
Area127NWVI (11) troll 158 272,,Hanford_Reach,5026,1.00,Methow_R,5026,0.00,Nez_PerceT_H,5021,0.00,Lyons_Ferry_H,5021,0.00,Wenatchee_R_SF,5026,0.00
Area127NWVI (11) troll 158 273,,Big_Cr_H_Col,5030,0.53,Abernathy_NFH_F,5008,0.30,Spring_Cr_col,5030,0.05,Washougal_R_Fa,5008,0.05,Abernathy_Cr_Fa,5008,0.05
Area127NWVI (11) troll 158 274,,Methow_R,5026,0.50,Hanford_Reach,5026,0.34,Priest_Rapid_H,5026,0.08,Wenatchee_R_SF,5026,0.06,Nez_PerceT_H,5021,0.03
Area127NWVI (11) troll 158 275,,Coquille_R,5011,0.93,Wilson_R,5015,0.05,Coos_H,5011,0.01,S_Coos_R,5011,0.01,Elk_H,5011,0.00
Area127NWVI (11) troll 158 276,,Wells_H,5026,0.51,Hanford_Reach,5026,0.24,Priest_Rapid_H,5026,0.05,Wenatchee_R_SF,5026,0.04,L_Thompson,5,0.03
Area127NWVI (11) troll 158 277,,L_Thompson,5,0.65,Little_R,5,0.35,South_Thom,5,0.00,Hanford_Reach,5026,0.00,Methow_R,5026,0.00
Area127NWVI (11) troll 158 278,,Moyeha_R,8,0.80,Megin_R,8,0.10,Tlupana,8,0.10,,,,,,
Area127NWVI (11) troll 158 279,,Priest_Rapid_H,5026,0.45,Hanford_Reach,5026,0.44,Nez_PerceT_H,5021,0.11,Lyons_Ferry_H,5021,0.00,Methow_R,5026,0.00
Area127NWVI (11) troll 158 280,,Priest_Rapid_H,5026,0.65,Lyons_Ferry_H,5021,0.15,Nez_PerceT_H,5021,0.11,Hanford_Reach,5026,0.08,Methow_R,5026,0.01
Area127NWVI (11) troll 158 281,,Priest_Rapid_H,5026,0.56,Hanford_Reach,5026,0.27,Methow_R,5026,0.09,Nez_PerceT_H,5021,0.04,Lyons_Ferry_H,5021,0.03
Area127NWVI (11) troll 158 282,,Methow_R,5026,0.60,Priest_Rapid_H,5026,0.17,Wells_H,5026,0.14,Hanford_Reach,5026,0.07,Wenatchee_R_SF,5026,0.02
Area127NWVI (11) troll 158 283,,Chilliwack_F,3,0.74,Harrison,3,0.26,Chilliwac@Stav,3,0.00,Barriere,4,0.00,Alsea_R,5015,0.00
Area127NWVI (11) troll 158 284,,Harrison,3,0.99,Chilliwack_F,3,0.01,Kasiks_R,23,0.01,Forks_Cr_H,5028,0.00,Robertson,8,0.00
Area127NWVI (11) troll 158 285,,U_Sauk_R,5016,0.50,Snoqualmie_R,5016,0.36,U_Sauk_R_SpSu,5016,0.09,Harrison,3,0.04,Grovers_Cr_H,5020,0.01
Area127NWVI (11) troll 158 286,,Coos_H,5011,0.73,Coquille_R,5011,0.21,S_Coos_R,5011,0.05,Millicoma_R,5011,0.00,Alsea_R,5015,0.00
Area127NWVI (11) troll 158 287,,Alsea_R,5015,0.87,Trask_R,5015,0.04,Coquille_R,5011,0.03,Forks_Cr_H,5028,0.03,Coos_H,5011,0.01
Area127NWVI (11) troll 158 288,,Bear_Cr_SuFa,5020,0.46,Soos_H,5020,0.20,Cedar_R_SuFa,5020,0.13,Grovers_Cr_H,5020,0.09,S_Prairie_Cr,5020,0.05
Area127NWVI (11) troll 158 289,,Grovers_Cr_H,5020,0.48,George_Adams_H,5005,0.42,S_Prairie_Cr,5020,0.03,Hamma_Hamma_R,5005,0.02,Bear_Cr_SuFa,5020,0.02
Area127NWVI (11) troll 158 290,,Elochoman_H,5030,0.58,Abernathy_NFH_F,5008,0.29,Abernathy_Cr_Fa,5008,0.10,Big_Cr_H_Col,5030,0.02,Washougal_R_Fa,5008,0.01
Area127NWVI (11) troll 158 291,,George_Adams_H,5005,0.44,Bear_Cr_SuFa,5020,0.37,Hamma_Hamma_R,5005,0.17,Samish_H,5016,0.01,Cedar_R_SuFa,5020,0.00
Area127NWVI (11) troll 158 292,,Forks_Cr_H,5028,1.00,Nez_PerceT_H,5021,0.00,U_Sauk_R,5016,0.00,Lyons_Ferry_H,5021,0.00,Hanford_Reach,5026,0.00
Area127NWVI (11) troll 158 293,,Methow_R,5026,0.47,Priest_Rapid_H,5026,0.46,Hanford_Reach,5026,0.05,Wenatchee_R_SF,5026,0.01,Nez_PerceT_H,5021,0.01
Area127NWVI (11) troll 158 294,,Priest_Rapid_H,5026,0.77,Hanford_Reach,5026,0.10,Nez_PerceT_H,5021,0.05,Wells_H,5026,0.04,Lyons_Ferry_H,5021,0.02
Area127NWVI (11) troll 158 295,,Lyons_Ferry_H,5021,0.99,Nez_PerceT_H,5021,0.00,Hanford_Reach,5026,0.00,Priest_Rapid_H,5026,0.00,,,
Area127NWVI (11) troll 158 296,,George_Adams_H,5005,0.75,Soos_H,5020,0.10,S_Prairie_Cr,5020,0.07,Grovers_Cr_H,5020,0.04,Snoqualmie_R,5016,0.02
Area127NWVI (11) troll 158 297,Dupe with 309,Lyons_Ferry_H,5021,1.00,Nez_PerceT_H,5021,0.00,Hanford_Reach,5026,0.00,Priest_Rapid_H,5026,0.00,Wells_H,5026,0.00
Area127NWVI (11) troll 158 298,,N_Santiam_H,5029,0.45,Kalama_H_sp,5009,0.43,Elochoman_H,5030,0.06,Big_Cr_H_Col,5030,0.02,Sandy_R,5008,0.01
Area127NWVI (11) troll 158 299,,S_Coos_R,5011,0.38,Coquille_R,5011,0.34,Coos_H,5011,0.22,Trask_R,5015,0.04,S_Umpqua_H,5011,0.03
Area127NWVI (11) troll 158 300,,Green_R_Fa,5008,0.56,Cowlitz_H_fa,5008,0.28,Abernathy_NFH_F,5008,0.15,Big_Cr_H_Col,5030,0.01,Washougal_R_Fa,5008,0.01
Area127NWVI (11) troll 158 301,,Snoqualmie_R,5016,0.46,Bear_Cr_SuFa,5020,0.39,Cedar_R_SuFa,5020,0.14,Harrison,3,0.00,Lewis_R_Su,5008,0.00
Area127NWVI (11) troll 158 302,,Bear_Cr_SuFa,5020,0.45,Soos_H,5020,0.14,George_Adams_H,5005,0.11,S_Prairie_Cr,5020,0.09,Cedar_R_SuFa,5020,0.07
Area127NWVI (11) troll 158 303,,Spring_Cr_col,5030,0.71,Big_Cr_H_Col,5030,0.16,Elochoman_H,5030,0.07,Cowlitz_H_fa,5008,0.02,Abernathy_NFH_F,5008,0.02
Area127NWVI (11) troll 158 304,Dupe with 315,George_Adams_H,5005,0.80,Hamma_Hamma_R,5005,0.10,S_Prairie_Cr,5020,0.05,Cedar_R_SuFa,5020,0.03,Grovers_Cr_H,5020,0.02
Area127NWVI (11) troll 158 305,,Chilliwack_F,3,1.00,,,,,,,,,,,,
Area127NWVI (11) troll 158 306,,Hanford_Reach,5026,0.56,Priest_Rapid_H,5026,0.32,Lyons_Ferry_H,5021,0.06,Methow_R,5026,0.04,Nez_PerceT_H,5021,0.02
Area127NWVI (11) troll 158 307,,Cowlitz_H_fa,5008,0.70,Lewis_R_Su,5008,0.15,Washougal_R_Fa,5008,0.09,Abernathy_NFH_F,5008,0.02,Sandy_R,5008,0.01
Area127NWVI (11) troll 158 308,,Forks_Cr_H,5028,1.00,Trask_R,5015,0.00,,,,,,,,,
Area127NWVI (11) troll 158 309,,Trask_R,5015,0.50,Alsea_R,5015,0.23,Wilson_R,5015,0.13,Salmon_R_f,5015,0.11,Yaquina_R,5015,0.01
Area127NWVI (11) troll 158 310,,Cowlitz_H_fa,5008,0.93,Lewis_R_Su,5008,0.06,Abernathy_Cr_Fa,5008,0.01,Kalama_H_sp,5009,0.00,Washougal_R_Fa,5008,0.00
Area127NWVI (11) troll 158 311,,Coquille_R,5011,0.97,Coos_H,5011,0.02,S_Umpqua_H,5011,0.01,Alsea_R,5015,0.00,S_Coos_R,5011,0.00
Area127NWVI (11) troll 158 312,Dupe with 294,Lyons_Ferry_H,5021,1.00,Nez_PerceT_H,5021,0.00,Hanford_Reach,5026,0.00,Priest_Rapid_H,5026,0.00,,,
Area127NWVI (11) troll 158 313,,Robertson,8,0.99,Moyeha_R,8,0.01,Gold_R,8,0.00,Thornton,8,0.00,Tlupana,8,0.00
Area127NWVI (11) troll 158 314,,Nez_PerceT_H,5021,0.54,Hanford_Reach,5026,0.32,Priest_Rapid_H,5026,0.12,Wells_H,5026,0.01,Methow_R,5026,0.01
Area127NWVI (11) troll 158 315,,Chilliwack_F,3,0.91,Harrison,3,0.09,Nechako,2,0.00,,,,,,
Area127NWVI (11) troll 158 316,,Priest_Rapid_H,5026,0.58,Hanford_Reach,5026,0.41,Wells_H,5026,0.01,Nez_PerceT_H,5021,0.00,Wenatchee_R_SF,5026,0.00
Area127NWVI (11) troll 158 317,,S_Umpqua_H,5011,0.96,L_Thompson,5,0.01,Chilliwack_F,3,0.00,Coos_H,5011,0.00,Lewis_R_Su,5008,0.00
Area127NWVI (11) troll 158 318,Dupe with 301,George_Adams_H,5005,0.80,Hamma_Hamma_R,5005,0.10,S_Prairie_Cr,5020,0.05,Cedar_R_SuFa,5020,0.03,Grovers_Cr_H,5020,0.02
Area127NWVI (11) troll 158 319,,Moyeha_R,8,0.84,Tlupana,8,0.09,Megin_R,8,0.04,Robertson,8,0.01,Conuma,8,0.00
Area127NWVI (11) troll 158 320,Dupe with 244,Elochoman_H,5030,0.52,Big_Cr_H_Col,5030,0.33,Abernathy_NFH_F,5008,0.14,Green_R_Fa,5008,0.00,Washougal_R_Fa,5008,0.00
Area127NWVI (11) troll 158 321,,Chilliwack_F,3,0.89,Harrison,3,0.11,Barriere,4,0.00,Chilliwac@Stav,3,0.00,Washougal_R_Fa,5008,0.00
Area127NWVI (11) troll 158 322,,Methow_R,5026,0.27,Lewis_R_Su,5008,0.21,Spring_Cr_col,5030,0.14,Priest_Rapid_H,5026,0.13,Hanford_Reach,5026,0.09
Area127NWVI (11) troll 158 323,,Grovers_Cr_H,5020,0.73,George_Adams_H,5005,0.15,S_Prairie_Cr,5020,0.06,Cedar_R_SuFa,5020,0.03,Hamma_Hamma_R,5005,0.02
Area127NWVI (11) troll 158 324,,Hanford_Reach,5026,0.64,Priest_Rapid_H,5026,0.27,Nez_PerceT_H,5021,0.06,Wells_H,5026,0.01,Methow_R,5026,0.01
Area127NWVI (11) troll 158 325,,Hanford_Reach,5026,0.69,Priest_Rapid_H,5026,0.22,Methow_R,5026,0.06,Wells_H,5026,0.03,Nez_PerceT_H,5021,0.00
Area127NWVI (11) troll 158 326,,Harrison,3,0.99,Chilliwack_F,3,0.01,Hanford_Reach,5026,0.00,L_Thompson,5,0.00,,,
Area127NWVI (11) troll 158 327,,Wells_H,5026,0.72,Priest_Rapid_H,5026,0.22,Hanford_Reach,5026,0.04,Nez_PerceT_H,5021,0.02,Lyons_Ferry_H,5021,0.01
Area127NWVI (11) troll 158 328,,Coos_H,5011,0.73,Coquille_R,5011,0.20,S_Coos_R,5011,0.07,Sixes_R,5011,0.00,S_Umpqua_H,5011,0.00
Area127NWVI (11) troll 158 329,,George_Adams_H,5005,0.82,Hamma_Hamma_R,5005,0.16,Cedar_R_SuFa,5020,0.01,Bear_Cr_SuFa,5020,0.01,Grovers_Cr_H,5020,0.00
Area127NWVI (11) troll 158 330,,Lyons_Ferry_H,5021,0.85,Hanford_Reach,5026,0.06,Nez_PerceT_H,5021,0.06,Priest_Rapid_H,5026,0.01,L_Qualicum,7,0.00
Area127NWVI (11) troll 158 331,Dupe with 367,Big_Cr_H_Col,5030,0.91,Elochoman_H,5030,0.06,Abernathy_NFH_F,5008,0.02,Green_R_Fa,5008,0.00,Washougal_R_Fa,5008,0.00
Area127NWVI (11) troll 158 332,,Spring_Cr_col,5030,0.54,Abernathy_NFH_F,5008,0.30,Elochoman_H,5030,0.10,Big_Cr_H_Col,5030,0.05,Abernathy_Cr_Fa,5008,0.02
Area127NWVI (11) troll 158 333,,Hanford_Reach,5026,0.53,Priest_Rapid_H,5026,0.45,Wells_H,5026,0.01,Methow_R,5026,0.00,Lyons_Ferry_H,5021,0.00
Area127NWVI (11) troll 158 334,,Hanford_Reach,5026,0.30,Priest_Rapid_H,5026,0.26,Wells_H,5026,0.23,Methow_R,5026,0.20,Wenatchee_R_SF,5026,0.00
Area127NWVI (11) troll 158 335,,Grovers_Cr_H,5020,0.91,Queets_R,5028,0.03,S_Prairie_Cr,5020,0.01,Lewis_R_Su,5008,0.01,Hanford_Reach,5026,0.01
Area127NWVI (11) troll 158 336,Dupe with 348,Elochoman_H,5030,0.55,Abernathy_NFH_F,5008,0.20,Abernathy_Cr_Fa,5008,0.08,Big_Cr_H_Col,5030,0.07,N_Santiam_H,5029,0.06
Area127NWVI (11) troll 158 337,Dupe with 364,Elk_H,5011,0.78,Sixes_R,5011,0.20,Coquille_R,5011,0.01,Alsea_R,5015,0.00,Coos_H,5011,0.00
Area127NWVI (11) troll 158 338,,Hanford_Reach,5026,0.48,Methow_R,5026,0.34,Priest_Rapid_H,5026,0.10,Wells_H,5026,0.07,Nez_PerceT_H,5021,0.01
Area127NWVI (11) troll 158 339,,Bear_Cr_SuFa,5020,0.41,Soos_H,5020,0.37,Snoqualmie_R,5016,0.08,S_Prairie_Cr,5020,0.07,Cedar_R_SuFa,5020,0.04
Area127NWVI (11) troll 158 340,,Forks_Cr_H,5028,0.99,Lewis_R_Su,5008,0.00,Hanford_Reach,5026,0.00,Sandy_R,5008,0.00,L_Thompson,5,0.00
Area127NWVI (11) troll 158 341,,N_Santiam_H,5029,1.00,McKenzie_H,5029,0.00,Wells_H,5026,0.00,S_Umpqua_H,5011,0.00,,,
Area127NWVI (11) troll 158 342,,Little_R,5,0.94,L_Thompson,5,0.05,Hanford_Reach,5026,0.01,South_Thom,5,0.00,L_Adams,5,0.00
Area127NWVI (11) troll 158 343,,S_Umpqua_H,5011,0.95,Coquille_R,5011,0.02,Coos_H,5011,0.02,S_Coos_R,5011,0.02,Forks_Cr_H,5028,0.00
Area127NWVI (11) troll 158 344,,Hanford_Reach,5026,0.81,Priest_Rapid_H,5026,0.10,Wells_H,5026,0.05,Lyons_Ferry_H,5021,0.04,Little_R,5,0.00
Area127NWVI (11) troll 158 345,,Big_Cr_H_Col,5030,0.39,Elochoman_H,5030,0.25,Spring_Cr_col,5030,0.19,Abernathy_NFH_F,5008,0.14,Cowlitz_H_fa,5008,0.02
Area127NWVI (11) troll 158 346,,Grovers_Cr_H,5020,0.31,Snoqualmie_R,5016,0.25,Bear_Cr_SuFa,5020,0.24,Cedar_R_SuFa,5020,0.06,S_Prairie_Cr,5020,0.05
Area127NWVI (11) troll 158 347,,Nez_PerceT_H,5021,0.39,Little_R,5,0.25,Hanford_Reach,5026,0.19,Lyons_Ferry_H,5021,0.08,Methow_R,5026,0.03
Area127NWVI (11) troll 158 348,,Hanford_Reach,5026,0.86,Nez_PerceT_H,5021,0.08,Lyons_Ferry_H,5021,0.06,Priest_Rapid_H,5026,0.00,L_Deschutes_R,5004,0.00
Area127NWVI (11) troll 158 349,,Priest_Rapid_H,5026,0.73,Hanford_Reach,5026,0.19,Methow_R,5026,0.06,Nez_PerceT_H,5021,0.02,Wells_H,5026,0.00
Area127NWVI (11) troll 158 350,,Moyeha_R,8,0.88,Tlupana,8,0.10,Conuma,8,0.02,Tahsis,8,0.00,Zeballos,8,0.00
Area127NWVI (11) troll 158 351,Dupe with 333,Elochoman_H,5030,0.56,Abernathy_NFH_F,5008,0.20,Abernathy_Cr_Fa,5008,0.09,Big_Cr_H_Col,5030,0.07,N_Santiam_H,5029,0.06
Area127NWVI (11) troll 158 352,,U_Sauk_R,5016,0.71,Snoqualmie_R,5016,0.14,U_Sauk_R_SpSu,5016,0.05,Chilliwack_F,3,0.05,Skagit_R,5016,0.02
Area127NWVI (11) troll 158 353,,Hanford_Reach,5026,0.68,Nez_PerceT_H,5021,0.26,Priest_Rapid_H,5026,0.03,Lyons_Ferry_H,5021,0.02,Marion_Drain_Fa,5026,0.00
Area127NWVI (11) troll 158 354,,Big_Cr_H_Col,5030,0.66,Elochoman_H,5030,0.20,Spring_Cr_col,5030,0.12,Abernathy_NFH_F,5008,0.02,Abernathy_Cr_Fa,5008,0.00
Area127NWVI (11) troll 158 355,,Grovers_Cr_H,5020,0.36,Bear_Cr_SuFa,5020,0.34,S_Prairie_Cr,5020,0.11,Samish_H,5016,0.09,George_Adams_H,5005,0.04
Area127NWVI (11) troll 158 356,,Coos_H,5011,0.35,Coquille_R,5011,0.28,Elk_H,5011,0.19,S_Coos_R,5011,0.11,Sixes_R,5011,0.07
Area127NWVI (11) troll 158 357,,Bear_Cr_SuFa,5020,0.35,Snoqualmie_R,5016,0.16,Soos_H,5020,0.11,Samish_H,5016,0.10,S_Prairie_Cr,5020,0.08
Area127NWVI (11) troll 158 358,Dupe with 370,Methow_R,5026,0.87,Wells_H,5026,0.07,Wenatchee_R_SF,5026,0.02,Priest_Rapid_H,5026,0.02,Hanford_Reach,5026,0.01
Area127NWVI (11) troll 158 359,,Hanford_Reach,5026,0.68,N_Santiam_H,5029,0.31,McKenzie_H,5029,0.00,Priest_Rapid_H,5026,0.00,Wenatchee_R_SF,5026,0.00
Area127NWVI (11) troll 158 361,,George_Adams_H,5005,0.65,Soos_H,5020,0.13,S_Prairie_Cr,5020,0.07,Bear_Cr_SuFa,5020,0.06,Grovers_Cr_H,5020,0.04
Area127NWVI (11) troll 158 362,,Hanford_Reach,5026,0.27,Bear_Cr_SuFa,5020,0.18,Grovers_Cr_H,5020,0.17,Priest_Rapid_H,5026,0.07,Wells_H,5026,0.07
Area127NWVI (11) troll 158 363,,Grovers_Cr_H,5020,0.94,Bear_Cr_SuFa,5020,0.05,Soos_H,5020,0.01,George_Adams_H,5005,0.00,Puntledge_F,7,0.00
Area127NWVI (11) troll 158 365,,Cowlitz_H_fa,5008,0.24,Lewis_R_Su,5008,0.17,Elochoman_H,5030,0.13,Green_R_Fa,5008,0.09,Spring_Cr_col,5030,0.07
Area127NWVI (11) troll 158 366,,Wells_H,5026,0.42,Hanford_Reach,5026,0.16,Lyons_Ferry_H,5021,0.15,Priest_Rapid_H,5026,0.08,Nez_PerceT_H,5021,0.05
Area127NWVI (11) troll 158 367,,Grovers_Cr_H,5020,0.63,Bear_Cr_SuFa,5020,0.18,Soos_H,5020,0.10,Snoqualmie_R,5016,0.04,Cedar_R_SuFa,5020,0.03
Area127NWVI (11) troll 158 368,,Bear_Cr_SuFa,5020,0.36,Snoqualmie_R,5016,0.18,Soos_H,5020,0.10,Samish_H,5016,0.09,S_Prairie_Cr,5020,0.08
Area127NWVI (11) troll 158 369,Dupe with 334,Elk_H,5011,0.78,Sixes_R,5011,0.20,Coquille_R,5011,0.01,Alsea_R,5015,0.00,S_Umpqua_H,5011,0.00
Area127NWVI (11) troll 158 370,,Spring_Cr_col,5030,0.59,Big_Cr_H_Col,5030,0.37,Elochoman_H,5030,0.04,Abernathy_NFH_F,5008,0.00,Abernathy_Cr_Fa,5008,0.00
Area127NWVI (11) troll 158 371,,Harrison,3,0.99,Chilliwack_F,3,0.01,Quesnel,2,0.00,L_Cariboo,2,0.00,N_Thom@Main,4,0.00
Area127NWVI (11) troll 158 372,Dupe with 328,Big_Cr_H_Col,5030,0.91,Elochoman_H,5030,0.06,Abernathy_NFH_F,5008,0.02,Green_R_Fa,5008,0.00,Washougal_R_Fa,5008,0.00
Area127NWVI (11) troll 158 373,,Hanford_Reach,5026,0.96,Methow_R,5026,0.03,Wenatchee_R_SF,5026,0.00,Spring_Cr_col,5030,0.00,Umatilla_H_Fa,5026,0.00
Area127NWVI (11) troll 158 374,,Elochoman_H,5030,0.31,Big_Cr_H_Col,5030,0.27,Spring_Cr_col,5030,0.26,Abernathy_NFH_F,5008,0.13,Green_R_Fa,5008,0.02
Area127NWVI (11) troll 158 375,Dupe with 355,Methow_R,5026,0.87,Wells_H,5026,0.08,Wenatchee_R_SF,5026,0.02,Priest_Rapid_H,5026,0.02,Hanford_Reach,5026,0.01
Area127NWVI (11) troll 158 376,,Hanford_Reach,5026,0.86,Elochoman_H,5030,0.09,Nez_PerceT_H,5021,0.02,Millicoma_R,5011,0.01,Methow_R,5026,0.01
Area127NWVI (11) troll 158 377,,N_Santiam_H,5029,1.00,McKenzie_H,5029,0.00,,,,,,,,,
Area127NWVI (11) troll 158 378,,Methow_R,5026,0.36,Hanford_Reach,5026,0.32,Wells_H,5026,0.31,Priest_Rapid_H,5026,0.01,Umatilla_H_Fa,5026,0.00
Area127NWVI (11) troll 158 379,,Kalama_H_sp,5009,0.27,N_Santiam_H,5029,0.26,Trask_R,5015,0.09,Quilayute_R,5028,0.07,Coos_H,5011,0.06
Area127NWVI (11) troll 158 380,,Wells_H,5026,0.45,Methow_R,5026,0.41,Wenatchee_R_SF,5026,0.10,Priest_Rapid_H,5026,0.03,Hanford_Reach,5026,0.02
Area127NWVI (11) troll 158 381,,Methow_R,5026,0.91,Hanford_Reach,5026,0.05,Wenatchee_R_SF,5026,0.02,Priest_Rapid_H,5026,0.01,Wells_H,5026,0.01
Area127NWVI (11) troll 158 382,,Lewis_R_Su,5008,0.83,Washougal_R_Fa,5008,0.09,Green_R_Fa,5008,0.04,Cowlitz_H_fa,5008,0.02,Abernathy_Cr_Fa,5008,0.01
Area127NWVI (11) troll 158 383,,Chilliwack_F,3,0.69,Harrison,3,0.26,Hanford_Reach,5026,0.04,Wells_H,5026,0.01,Priest_Rapid_H,5026,0.00
Area127NWVI (11) troll 158 384,,George_Adams_H,5005,0.46,Grovers_Cr_H,5020,0.39,S_Prairie_Cr,5020,0.05,Cedar_R_SuFa,5020,0.04,Bear_Cr_SuFa,5020,0.02
Area127NWVI (11) troll 158 385,,Grovers_Cr_H,5020,0.78,Bear_Cr_SuFa,5020,0.06,Hanford_Reach,5026,0.06,George_Adams_H,5005,0.03,Hamma_Hamma_R,5005,0.03
Area127NWVI (11) troll 158 386,,Lewis_R_Su,5008,0.75,Cowlitz_H_fa,5008,0.09,Washougal_R_Fa,5008,0.07,Sandy_R,5008,0.05,Big_Cr_H_Col,5030,0.02
Area127NWVI (11) troll 158 387,,Soos_H,5020,0.31,Bear_Cr_SuFa,5020,0.31,Grovers_Cr_H,5020,0.19,S_Prairie_Cr,5020,0.10,George_Adams_H,5005,0.07
Area127NWVI (11) troll 209 1,,Forks_Cr_H,5028,0.97,Alsea_R,5015,0.02,Yaquina_R,5015,0.00,Wilson_R,5015,0.00,Trask_R,5015,0.00
Area127NWVI (11) troll 209 10,,Hanford_Reach,5026,0.99,Lewis_R_Su,5008,0.00,Wells_H,5026,0.00,Priest_Rapid_H,5026,0.00,Wenatchee_R_SF,5026,0.00
Area127NWVI (11) troll 209 100,,Robertson,8,1.00,Megin_R,8,0.00,Moyeha_R,8,0.00,Harrison,3,0.00,Gold_R,8,0.00
Area127NWVI (11) troll 209 101,,Coos_H,5011,0.99,Coquille_R,5011,0.00,Trask_R,5015,0.00,Wilson_R,5015,0.00,Forks_Cr_H,5028,0.00
Area127NWVI (11) troll 209 102,,Trask_R,5015,0.50,Forks_Cr_H,5028,0.47,Coquille_R,5011,0.02,Coos_H,5011,0.00,S_Coos_R,5011,0.00
Area127NWVI (11) troll 209 103,,Wilson_R,5015,0.38,Trask_R,5015,0.37,Alsea_R,5015,0.23,Salmon_R_f,5015,0.01,Kilchis_R,5015,0.00
Area127NWVI (11) troll 209 104,,Priest_Rapid_H,5026,0.51,Hanford_Reach,5026,0.29,Lewis_R_Su,5008,0.17,S_Umpqua_H,5011,0.00,Wells_H,5026,0.00
Area127NWVI (11) troll 209 105,,Quilayute_R,5028,0.87,Forks_Cr_H,5028,0.11,Abernathy_Cr_Fa,5008,0.01,Lewis_R_Su,5008,0.00,L_Thompson,5,0.00
Area127NWVI (11) troll 209 106,,L_Adams,5,0.59,L_Thompson,5,0.39,Elochoman_H,5030,0.01,Little_R,5,0.01,South_Thom,5,0.00
Area127NWVI (11) troll 209 107,Dupe with 406,L_Shuswap,5,0.93,Little_R,5,0.04,L_Thompson,5,0.02,L_Adams,5,0.00,South_Thom,5,0.00
Area127NWVI (11) troll 209 108,,L_Thompson,5,0.52,Little_R,5,0.46,L_Adams,5,0.01,South_Thom,5,0.01,Moyeha_R,8,0.00
Area127NWVI (11) troll 209 109,,L_Thompson,5,0.86,Little_R,5,0.07,South_Thom,5,0.05,Harrison,3,0.01,U_Sauk_R,5016,0.01
Area127NWVI (11) troll 209 11,,Forks_Cr_H,5028,1.00,,,,,,,,,,,,
Area127NWVI (11) troll 209 110,,Hanford_Reach,5026,0.66,Priest_Rapid_H,5026,0.16,Nez_PerceT_H,5021,0.10,Lyons_Ferry_H,5021,0.06,Methow_R,5026,0.00
Area127NWVI (11) troll 209 111,,Trask_R,5015,0.41,Coos_H,5011,0.39,Yaquina_R,5015,0.16,Coquille_R,5011,0.03,Wilson_R,5015,0.00
Area127NWVI (11) troll 209 112,,Coos_H,5011,0.98,S_Coos_R,5011,0.01,Coquille_R,5011,0.01,Yaquina_R,5015,0.00,Trask_R,5015,0.00
Area127NWVI (11) troll 209 113,,Hanford_Reach,5026,0.63,Nez_PerceT_H,5021,0.21,Priest_Rapid_H,5026,0.14,Lyons_Ferry_H,5021,0.01,Wenatchee_R_SF,5026,0.00
Area127NWVI (11) troll 209 114,,Wilson_R,5015,0.54,Trask_R,5015,0.31,Salmon_R_f,5015,0.12,Alsea_R,5015,0.03,Quilayute_R,5028,0.00
Area127NWVI (11) troll 209 115,,Trask_R,5015,0.59,Wilson_R,5015,0.13,Coos_H,5011,0.12,Yaquina_R,5015,0.07,Forks_Cr_H,5028,0.04
Area127NWVI (11) troll 209 116,,Coos_H,5011,0.99,S_Coos_R,5011,0.01,Coquille_R,5011,0.00,,,,,,
Area127NWVI (11) troll 209 117,,Priest_Rapid_H,5026,0.40,Nez_PerceT_H,5021,0.34,Hanford_Reach,5026,0.20,Lyons_Ferry_H,5021,0.04,Green_R_Fa,5008,0.01
Area127NWVI (11) troll 209 118,,Lyons_Ferry_H,5021,0.57,Nez_PerceT_H,5021,0.33,Priest_Rapid_H,5026,0.05,Hanford_Reach,5026,0.05,Methow_R,5026,0.00
Area127NWVI (11) troll 209 119,,Coquille_R,5011,0.47,Forks_Cr_H,5028,0.18,Yaquina_R,5015,0.11,Trask_R,5015,0.07,Wilson_R,5015,0.05
Area127NWVI (11) troll 209 12,,George_Adams_H,5005,0.82,Hamma_Hamma_R,5005,0.10,Grovers_Cr_H,5020,0.03,Cedar_R_SuFa,5020,0.02,S_Prairie_Cr,5020,0.02
Area127NWVI (11) troll 209 120,,Harrison,3,0.99,Chilliwack_F,3,0.01,Snoqualmie_R,5016,0.00,Bear_Cr_SuFa,5020,0.00,Skagit_R,5016,0.00
Area127NWVI (11) troll 209 121,,Alsea_R,5015,0.52,Coquille_R,5011,0.23,Trask_R,5015,0.06,Yaquina_R,5015,0.06,Salmon_R_f,5015,0.05
Area127NWVI (11) troll 209 122,Dupe with 505,Trask_R,5015,0.75,Barriere,4,0.20,Wilson_R,5015,0.05,,,,,,
Area127NWVI (11) troll 209 123,,Coos_H,5011,0.86,S_Coos_R,5011,0.10,Coquille_R,5011,0.02,Trask_R,5015,0.02,Salmon_R_f,5015,0.00
Area127NWVI (11) troll 209 124,Dupe with 530 503,Trask_R,5015,0.75,Barriere,4,0.20,Wilson_R,5015,0.05,Coos_H,5011,0.00,Alsea_R,5015,0.00
Area127NWVI (11) troll 209 125,,Coos_H,5011,0.84,Coquille_R,5011,0.14,S_Coos_R,5011,0.01,Elk_H,5011,0.01,Millicoma_R,5011,0.00
Area127NWVI (11) troll 209 126,,Coos_H,5011,0.31,Trask_R,5015,0.19,Coquille_R,5011,0.17,Yaquina_R,5015,0.10,Alsea_R,5015,0.09
Area127NWVI (11) troll 209 127,,Coos_H,5011,0.83,S_Coos_R,5011,0.10,Trask_R,5015,0.04,Coquille_R,5011,0.02,Salmon_R_f,5015,0.01
Area127NWVI (11) troll 209 128,,Methow_R,5026,0.92,Wells_H,5026,0.06,Hanford_Reach,5026,0.01,Lyons_Ferry_H,5021,0.00,Cole_Rivers_H,5019,0.00
Area127NWVI (11) troll 209 129,,S_Coos_R,5011,0.46,Coos_H,5011,0.40,Coquille_R,5011,0.06,Quilayute_R,5028,0.05,Wilson_R,5015,0.01
Area127NWVI (11) troll 209 13,,Hanford_Reach,5026,0.83,Priest_Rapid_H,5026,0.14,Nez_PerceT_H,5021,0.01,Methow_R,5026,0.01,Wells_H,5026,0.00
Area127NWVI (11) troll 209 130,,Priest_Rapid_H,5026,0.36,Hanford_Reach,5026,0.33,Lyons_Ferry_H,5021,0.18,Nez_PerceT_H,5021,0.13,L_Wh_Sal_H_SF,5026,0.00
Area127NWVI (11) troll 209 131,Dupe with 567,Little_R,5,0.47,L_Thompson,5,0.44,South_Thom,5,0.09,N_Thom@Main,4,0.00,L_Shuswap,5,0.00
Area127NWVI (11) troll 209 132,,Coquille_R,5011,0.93,Coos_H,5011,0.02,Wilson_R,5015,0.02,Millicoma_R,5011,0.01,S_Coos_R,5011,0.00
Area127NWVI (11) troll 209 133,,Hanford_Reach,5026,0.76,Priest_Rapid_H,5026,0.15,Nez_PerceT_H,5021,0.06,Lyons_Ferry_H,5021,0.02,Wells_H,5026,0.00
Area127NWVI (11) troll 209 134,,Little_R,5,0.92,L_Thompson,5,0.05,South_Thom,5,0.02,Hanford_Reach,5026,0.01,L_Adams,5,0.00
Area127NWVI (11) troll 209 135,,Yaquina_R,5015,0.26,Trask_R,5015,0.21,Wilson_R,5015,0.21,Alsea_R,5015,0.13,Coos_H,5011,0.10
Area127NWVI (11) troll 209 136,,Grovers_Cr_H,5020,0.78,Bear_Cr_SuFa,5020,0.16,Soos_H,5020,0.03,Cedar_R_SuFa,5020,0.02,George_Adams_H,5005,0.01
Area127NWVI (11) troll 209 137,,L_Thompson,5,0.43,Little_R,5,0.36,L_Adams,5,0.20,South_Thom,5,0.01,Harrison,3,0.00
Area127NWVI (11) troll 209 138,,Nehalem_R,5015,0.99,Wilson_R,5015,0.01,Yaquina_R,5015,0.00,Trask_R,5015,0.00,Alsea_R,5015,0.00
Area127NWVI (11) troll 209 139,,Quilayute_R,5028,0.99,S_Coos_R,5011,0.01,Queets_R,5028,0.00,Forks_Cr_H,5028,0.00,Hoh_R,5028,0.00
Area127NWVI (11) troll 209 14,,Hanford_Reach,5026,0.41,Nez_PerceT_H,5021,0.34,Priest_Rapid_H,5026,0.22,Lyons_Ferry_H,5021,0.03,Methow_R,5026,0.00
Area127NWVI (11) troll 209 140,,Alsea_R,5015,0.50,S_Umpqua_H,5011,0.17,Coos_H,5011,0.13,Trask_R,5015,0.08,Coquille_R,5011,0.05
Area127NWVI (11) troll 209 141,Dupe with 548,Moyeha_R,8,0.67,Robertson,8,0.21,Tlupana,8,0.09,Coos_H,5011,0.02,Megin_R,8,0.01
Area127NWVI (11) troll 209 142,,Bear_Cr_SuFa,5020,0.42,Soos_H,5020,0.37,George_Adams_H,5005,0.09,S_Prairie_Cr,5020,0.04,Cedar_R_SuFa,5020,0.04
Area127NWVI (11) troll 209 143,,Little_R,5,0.89,L_Thompson,5,0.07,South_Thom,5,0.03,L_Adams,5,0.01,Priest_Rapid_H,5026,0.00
Area127NWVI (11) troll 209 144,,Trask_R,5015,0.65,Yaquina_R,5015,0.14,Wilson_R,5015,0.09,Salmon_R_f,5015,0.07,Coos_H,5011,0.04
Area127NWVI (11) troll 209 145,,L_Thompson,5,0.61,L_Adams,5,0.26,Little_R,5,0.12,South_Thom,5,0.01,,,
Area127NWVI (11) troll 209 146,Dupe with 540,Coos_H,5011,0.77,Coquille_R,5011,0.12,S_Coos_R,5011,0.06,Kilchis_R,5015,0.05,Trask_R,5015,0.01
Area127NWVI (11) troll 209 147,,Alsea_R,5015,0.95,Salmon_R_f,5015,0.04,Yaquina_R,5015,0.01,Wilson_R,5015,0.00,Forks_Cr_H,5028,0.00
Area127NWVI (11) troll 209 148,,Nechako,2,0.62,Kuzkwa_Cr,2,0.13,Harrison,3,0.08,Torpy,1,0.04,N_Thom@Main,4,0.03
Area127NWVI (11) troll 209 149,Dupe with 505,Trask_R,5015,0.75,Barriere,4,0.20,Wilson_R,5015,0.05,Alsea_R,5015,0.00,Clearwater,4,0.00
Area127NWVI (11) troll 209 15,,Trask_R,5015,0.59,Wilson_R,5015,0.29,Kilchis_R,5015,0.06,Yaquina_R,5015,0.05,Quilayute_R,5028,0.01
Area127NWVI (11) troll 209 150,,Coquille_R,5011,0.27,Trask_R,5015,0.25,Quilayute_R,5028,0.16,Alsea_R,5015,0.15,Wilson_R,5015,0.10
Area127NWVI (11) troll 209 151,,Nehalem_R,5015,0.99,Trask_R,5015,0.01,,,,,,,,,
Area127NWVI (11) troll 209 152,,Hanford_Reach,5026,0.86,Priest_Rapid_H,5026,0.13,Wenatchee_R_SF,5026,0.00,Wells_H,5026,0.00,Nez_PerceT_H,5021,0.00
Area127NWVI (11) troll 209 153,,Priest_Rapid_H,5026,0.20,Methow_R,5026,0.19,Lyons_Ferry_H,5021,0.15,Nez_PerceT_H,5021,0.13,Wells_H,5026,0.13
Area127NWVI (11) troll 209 154,,N_Thom@Main,4,0.90,Barriere,4,0.07,Clearwater,4,0.03,Raft_R,4,0.00,Harrison,3,0.00
Area127NWVI (11) troll 209 155,,L_Thompson,5,0.97,Little_R,5,0.02,South_Thom,5,0.00,L_Adams,5,0.00,Hanford_Reach,5026,0.00
Area127NWVI (11) troll 209 156,,Hanford_Reach,5026,0.84,Priest_Rapid_H,5026,0.09,Methow_R,5026,0.08,L_Deschutes_R,5004,0.00,Wenatchee_R_SF,5026,0.00
Area127NWVI (11) troll 209 157,,L_Thompson,5,0.89,Little_R,5,0.05,L_Shuswap,5,0.04,South_Thom,5,0.02,L_Adams,5,0.01
Area127NWVI (11) troll 209 158,,Quilayute_R,5028,0.99,S_Umpqua_H,5011,0.00,Trask_R,5015,0.00,Wilson_R,5015,0.00,Coquille_R,5011,0.00
Area127NWVI (11) troll 209 159,Dupe with 527,Coos_H,5011,0.77,Coquille_R,5011,0.12,S_Coos_R,5011,0.06,Kilchis_R,5015,0.05,Trask_R,5015,0.01
Area127NWVI (11) troll 209 16,,Hanford_Reach,5026,0.85,Nez_PerceT_H,5021,0.06,Lyons_Ferry_H,5021,0.06,Wells_H,5026,0.02,Priest_Rapid_H,5026,0.02
Area127NWVI (11) troll 209 160,,Hanford_Reach,5026,0.85,Priest_Rapid_H,5026,0.11,Wells_H,5026,0.03,Lyons_Ferry_H,5021,0.00,N_Santiam_H,5029,0.00
Area127NWVI (11) troll 209 161,,Coos_H,5011,0.64,S_Coos_R,5011,0.31,Coquille_R,5011,0.02,Millicoma_R,5011,0.02,Alsea_R,5015,0.01
Area127NWVI (11) troll 209 162,,L_Adams,5,0.73,Little_R,5,0.26,L_Thompson,5,0.01,South_Thom,5,0.00,Hamma_Hamma_R,5005,0.00
Area127NWVI (11) troll 209 163,,Harrison,3,0.91,Hanford_Reach,5026,0.08,L_Thompson,5,0.01,Priest_Rapid_H,5026,0.00,Nechako,2,0.00
Area127NWVI (11) troll 209 164,,Hanford_Reach,5026,0.65,Priest_Rapid_H,5026,0.32,Methow_R,5026,0.01,Wells_H,5026,0.01,Nez_PerceT_H,5021,0.00
Area127NWVI (11) troll 209 165,,Trask_R,5015,0.57,Alsea_R,5015,0.14,Coos_H,5011,0.09,Kilchis_R,5015,0.08,Nestucca_H,5015,0.07
Area127NWVI (11) troll 209 166,,Trask_R,5015,0.76,Alsea_R,5015,0.10,Kilchis_R,5015,0.03,Wilson_R,5015,0.03,Coquille_R,5011,0.02
Area127NWVI (11) troll 209 167,Dupe with 522,Moyeha_R,8,0.67,Robertson,8,0.20,Tlupana,8,0.09,Coos_H,5011,0.02,Megin_R,8,0.01
Area127NWVI (11) troll 209 168,,S_Umpqua_H,5011,0.54,Hanford_Reach,5026,0.15,Priest_Rapid_H,5026,0.06,Umpqua_H,5011,0.05,Methow_R,5026,0.05
Area127NWVI (11) troll 209 169,,Coos_H,5011,0.40,S_Coos_R,5011,0.28,S_Umpqua_H,5011,0.27,Coquille_R,5011,0.03,Wilson_R,5015,0.01
Area127NWVI (11) troll 209 17,Dupe with 463,Forks_Cr_H,5028,1.00,Humptulips_H,5028,0.00,Queets_R,5028,0.00,,,,,,
Area127NWVI (11) troll 209 170,,Wilson_R,5015,0.39,Alsea_R,5015,0.37,Trask_R,5015,0.14,S_Coos_R,5011,0.06,Coquille_R,5011,0.02
Area127NWVI (11) troll 209 171,,Priest_Rapid_H,5026,0.45,Hanford_Reach,5026,0.37,Nez_PerceT_H,5021,0.15,Methow_R,5026,0.01,L_Wh_Sal_H_SF,5026,0.01
Area127NWVI (11) troll 209 172,,Wilson_R,5015,0.45,Trask_R,5015,0.37,Yaquina_R,5015,0.13,Kilchis_R,5015,0.01,Coquille_R,5011,0.01
Area127NWVI (11) troll 209 173,,Little_R,5,0.68,L_Thompson,5,0.26,L_Adams,5,0.06,,,,,,
Area127NWVI (11) troll 209 174,,L_Thompson,5,0.60,Little_R,5,0.36,L_Adams,5,0.02,South_Thom,5,0.01,Harrison,3,0.00
Area127NWVI (11) troll 209 175,,Hanford_Reach,5026,0.32,Wells_H,5026,0.28,Methow_R,5026,0.23,Priest_Rapid_H,5026,0.08,Nez_PerceT_H,5021,0.06
Area127NWVI (11) troll 209 176,,Elochoman_H,5030,0.53,L_Thompson,5,0.41,Hanford_Reach,5026,0.04,Wells_H,5026,0.01,L_Adams,5,0.01
Area127NWVI (11) troll 209 177,,Little_R,5,0.80,L_Adams,5,0.14,L_Thompson,5,0.04,South_Thom,5,0.01,L_Shuswap,5,0.00
Area127NWVI (11) troll 209 178,,Trask_R,5015,0.89,Wilson_R,5015,0.09,Salmon_R_f,5015,0.02,Yaquina_R,5015,0.00,Alsea_R,5015,0.00
Area127NWVI (11) troll 209 179,,L_Thompson,5,0.76,Little_R,5,0.15,Barriere,4,0.07,L_Adams,5,0.01,South_Thom,5,0.01
Area127NWVI (11) troll 209 18,,Coos_H,5011,0.94,S_Coos_R,5011,0.06,Cowlitz_H_fa,5008,0.00,Coquille_R,5011,0.00,Abernathy_Cr_Fa,5008,0.00
Area127NWVI (11) troll 209 180,,Elk_H,5011,0.72,Sixes_R,5011,0.25,Coquille_R,5011,0.02,Trask_R,5015,0.01,Kilchis_R,5015,0.01
Area127NWVI (11) troll 209 181,,Trask_R,5015,0.57,Wilson_R,5015,0.24,S_Coos_R,5011,0.10,S_Umpqua_H,5011,0.04,Coos_H,5011,0.02
Area127NWVI (11) troll 209 182,,Nehalem_R,5015,1.00,Coos_H,5011,0.00,Coquille_R,5011,0.00,S_Coos_R,5011,0.00,S_Umpqua_H,5011,0.00
Area127NWVI (11) troll 209 183,,L_Adams,5,0.89,L_Thompson,5,0.07,Little_R,5,0.04,South_Thom,5,0.00,Hanford_Reach,5026,0.00
Area127NWVI (11) troll 209 184,,Hanford_Reach,5026,0.55,Priest_Rapid_H,5026,0.28,S_Umpqua_H,5011,0.15,Methow_R,5026,0.03,Lyons_Ferry_H,5021,0.00
Area127NWVI (11) troll 209 185,,Quilayute_R,5028,0.99,Queets_R,5028,0.00,S_Coos_R,5011,0.00,Coos_H,5011,0.00,Hoh_R,5028,0.00
Area127NWVI (11) troll 209 186,Dupe with 512,Little_R,5,0.46,L_Thompson,5,0.44,South_Thom,5,0.09,N_Thom@Main,4,0.00,L_Shuswap,5,0.00
Area127NWVI (11) troll 209 187,,Little_R,5,0.93,South_Thom,5,0.04,L_Thompson,5,0.03,L_Adams,5,0.01,,,
Area127NWVI (11) troll 209 188,,Little_R,5,0.59,L_Thompson,5,0.37,L_Adams,5,0.03,L_Shuswap,5,0.00,South_Thom,5,0.00
Area127NWVI (11) troll 209 189,,Puntledge_F,7,0.96,L_Qualicum,7,0.02,Cowichan,7,0.02,Hanford_Reach,5026,0.00,Wells_H,5026,0.00
Area127NWVI (11) troll 209 19,,Forks_Cr_H,5028,1.00,S_Umpqua_H,5011,0.00,Trask_R,5015,0.00,Cowlitz_H_fa,5008,0.00,Lewis_R_Su,5008,0.00
Area127NWVI (11) troll 209 190,,Hanford_Reach,5026,0.73,Priest_Rapid_H,5026,0.17,Nez_PerceT_H,5021,0.03,Methow_R,5026,0.02,Soos_H,5020,0.02
Area127NWVI (11) troll 209 191,,Little_R,5,0.81,L_Thompson,5,0.18,South_Thom,5,0.01,L_Adams,5,0.00,Harrison,3,0.00
Area127NWVI (11) troll 209 192,,S_Umpqua_H,5011,1.00,Bowron,1,0.00,N_Santiam_H,5029,0.00,Dome,1,0.00,Hanford_Reach,5026,0.00
Area127NWVI (11) troll 209 193,,Yaquina_R,5015,0.76,Trask_R,5015,0.12,Wilson_R,5015,0.09,S_Umpqua_H,5011,0.01,Coquille_R,5011,0.01
Area127NWVI (11) troll 209 194,,Coos_H,5011,0.49,Coquille_R,5011,0.24,S_Coos_R,5011,0.12,Alsea_R,5015,0.12,Salmon_R_f,5015,0.01
Area127NWVI (11) troll 209 195,,Hanford_Reach,5026,0.69,Wells_H,5026,0.18,Priest_Rapid_H,5026,0.10,Methow_R,5026,0.02,Nez_PerceT_H,5021,0.01
Area127NWVI (11) troll 209 196,,Coquille_R,5011,0.70,Elk_H,5011,0.17,S_Coos_R,5011,0.09,Sixes_R,5011,0.01,Coos_H,5011,0.01
Area127NWVI (11) troll 209 197,,Spring_Cr_col,5030,0.89,Big_Cr_H_Col,5030,0.09,Abernathy_NFH_F,5008,0.01,Cowlitz_H_fa,5008,0.00,Elochoman_H,5030,0.00
Area127NWVI (11) troll 209 198,,Bear_Cr_SuFa,5020,0.47,Soos_H,5020,0.38,Cedar_R_SuFa,5020,0.09,S_Prairie_Cr,5020,0.04,George_Adams_H,5005,0.01
Area127NWVI (11) troll 209 199,,George_Adams_H,5005,0.40,Grovers_Cr_H,5020,0.39,Bear_Cr_SuFa,5020,0.06,S_Prairie_Cr,5020,0.04,Soos_H,5020,0.04
Area127NWVI (11) troll 209 2,,Coos_H,5011,0.74,S_Coos_R,5011,0.20,Coquille_R,5011,0.03,Elk_H,5011,0.01,Trask_R,5015,0.01
Area127NWVI (11) troll 209 20,,Forks_Cr_H,5028,0.65,Harrison,3,0.13,Snoqualmie_R,5016,0.06,Elkin_R,2,0.04,Sixes_R,5011,0.04
Area127NWVI (11) troll 209 200,,Snoqualmie_R,5016,0.37,George_Adams_H,5005,0.24,Bear_Cr_SuFa,5020,0.19,Soos_H,5020,0.12,Cedar_R_SuFa,5020,0.04
Area127NWVI (11) troll 209 201,,N_Santiam_H,5029,1.00,Priest_Rapid_H,5026,0.00,Kalama_H_sp,5009,0.00,Hanford_Reach,5026,0.00,,,
Area127NWVI (11) troll 209 202,,Lewis_R_Su,5008,0.79,Cowlitz_H_fa,5008,0.17,Elochoman_H,5030,0.02,Abernathy_Cr_Fa,5008,0.01,Green_R_Fa,5008,0.01
Area127NWVI (11) troll 209 203,,Harrison,3,0.34,Bear_Cr_SuFa,5020,0.22,Hamma_Hamma_R,5005,0.21,George_Adams_H,5005,0.15,Cedar_R_SuFa,5020,0.04
Area127NWVI (11) troll 209 204,,N_Santiam_H,5029,0.62,Hanford_Reach,5026,0.27,Priest_Rapid_H,5026,0.06,Umpqua_H,5011,0.02,Lewis_R_Su,5008,0.01
Area127NWVI (11) troll 209 205,,L_Thompson,5,0.51,L_Adams,5,0.19,Wells_H,5026,0.12,Priest_Rapid_H,5026,0.08,Hanford_Reach,5026,0.03
Area127NWVI (11) troll 209 206,,L_Shuswap,5,0.97,Little_R,5,0.01,L_Adams,5,0.01,L_Thompson,5,0.00,South_Thom,5,0.00
Area127NWVI (11) troll 209 207,,Methow_R,5026,0.68,Hanford_Reach,5026,0.14,Lyons_Ferry_H,5021,0.04,Wells_H,5026,0.03,Priest_Rapid_H,5026,0.02
Area127NWVI (11) troll 209 208,,Bear_Cr_SuFa,5020,0.37,Soos_H,5020,0.28,Cedar_R_SuFa,5020,0.13,Grovers_Cr_H,5020,0.13,George_Adams_H,5005,0.05
Area127NWVI (11) troll 209 209,,Spring_Cr_col,5030,0.99,Big_Cr_H_Col,5030,0.01,Abernathy_NFH_F,5008,0.01,Elochoman_H,5030,0.00,Abernathy_Cr_Fa,5008,0.00
Area127NWVI (11) troll 209 21,,Priest_Rapid_H,5026,0.69,Hanford_Reach,5026,0.29,Wells_H,5026,0.01,L_Wh_Sal_H_SF,5026,0.00,Nez_PerceT_H,5021,0.00
Area127NWVI (11) troll 209 210,,Hanford_Reach,5026,0.79,Priest_Rapid_H,5026,0.18,Methow_R,5026,0.02,L_Wh_Sal_H_SF,5026,0.01,Nez_PerceT_H,5021,0.01
Area127NWVI (11) troll 209 211,,Hanford_Reach,5026,0.90,Methow_R,5026,0.04,Lyons_Ferry_H,5021,0.03,L_Thompson,5,0.02,L_Deschutes_R,5004,0.01
Area127NWVI (11) troll 209 212,,Wilson_R,5015,0.61,Trask_R,5015,0.15,S_Coos_R,5011,0.12,Kilchis_R,5015,0.02,Cowlitz_H_fa,5008,0.02
Area127NWVI (11) troll 209 213,,Methow_R,5026,0.84,Priest_Rapid_H,5026,0.07,Wells_H,5026,0.06,Wenatchee_R_SF,5026,0.02,Hanford_Reach,5026,0.01
Area127NWVI (11) troll 209 214,,S_Umpqua_H,5011,0.92,Coquille_R,5011,0.03,S_Coos_R,5011,0.01,L_Thompson,5,0.01,Coos_H,5011,0.01
Area127NWVI (11) troll 209 215,,Big_Cr_H_Col,5030,0.56,Spring_Cr_col,5030,0.29,Elochoman_H,5030,0.14,Abernathy_NFH_F,5008,0.01,Abernathy_Cr_Fa,5008,0.00
Area127NWVI (11) troll 209 216,,Trask_R,5015,0.80,Wilson_R,5015,0.10,Salmon_R_f,5015,0.03,Alsea_R,5015,0.03,S_Coos_R,5011,0.02
Area127NWVI (11) troll 209 217,,Harrison,3,0.61,S_Coos_R,5011,0.11,Coos_H,5011,0.10,S_Umpqua_H,5011,0.03,Umpqua_H,5011,0.03
Area127NWVI (11) troll 209 218,,Lyons_Ferry_H,5021,0.47,Hanford_Reach,5026,0.45,Nez_PerceT_H,5021,0.06,Priest_Rapid_H,5026,0.02,L_Deschutes_R,5004,0.00
Area127NWVI (11) troll 209 219,,Coquille_R,5011,0.64,Wilson_R,5015,0.20,Alsea_R,5015,0.06,Kilchis_R,5015,0.05,Coos_H,5011,0.02
Area127NWVI (11) troll 209 22,,Priest_Rapid_H,5026,0.87,Hanford_Reach,5026,0.13,Lyons_Ferry_H,5021,0.00,Umatilla_H_Fa,5026,0.00,Wells_H,5026,0.00
Area127NWVI (11) troll 209 220,,Coquille_R,5011,0.33,Lewis_R_Su,5008,0.29,Coos_H,5011,0.12,Cowlitz_H_fa,5008,0.09,Trask_R,5015,0.05
Area127NWVI (11) troll 209 221,,Hanford_Reach,5026,0.70,Priest_Rapid_H,5026,0.26,Coos_H,5011,0.02,Methow_R,5026,0.01,Wenatchee_R_SF,5026,0.00
Area127NWVI (11) troll 209 222,,Coos_H,5011,0.66,Trask_R,5015,0.18,Forks_Cr_H,5028,0.07,Kilchis_R,5015,0.04,Harrison,3,0.02
Area127NWVI (11) troll 209 223,,Forks_Cr_H,5028,0.44,Elk_H,5011,0.35,Sixes_R,5011,0.14,Yaquina_R,5015,0.05,Alsea_R,5015,0.02
Area127NWVI (11) troll 209 224,,Nez_PerceT_H,5021,0.46,Hanford_Reach,5026,0.42,Priest_Rapid_H,5026,0.06,Lyons_Ferry_H,5021,0.04,Wells_H,5026,0.02
Area127NWVI (11) troll 209 225,,Big_Cr_H_Col,5030,0.67,Spring_Cr_col,5030,0.26,Abernathy_NFH_F,5008,0.04,Elochoman_H,5030,0.03,Cowlitz_H_fa,5008,0.00
Area127NWVI (11) troll 209 226,,Lewis_R_Su,5008,0.93,Green_R_Fa,5008,0.04,Cowlitz_H_fa,5008,0.02,Washougal_R_Fa,5008,0.01,Elochoman_H,5030,0.00
Area127NWVI (11) troll 209 227,,Spring_Cr_col,5030,0.72,Abernathy_NFH_F,5008,0.13,Elochoman_H,5030,0.08,Big_Cr_H_Col,5030,0.05,Cowlitz_H_fa,5008,0.01
Area127NWVI (11) troll 209 228,,Quesnel,2,0.62,Nechako,2,0.34,L_Cariboo,2,0.03,Harrison,3,0.00,Torpy,1,0.00
Area127NWVI (11) troll 209 229,,Forks_Cr_H,5028,0.42,Trask_R,5015,0.37,Coos_H,5011,0.07,Yaquina_R,5015,0.05,Wilson_R,5015,0.03
Area127NWVI (11) troll 209 23,,Priest_Rapid_H,5026,0.82,Hanford_Reach,5026,0.15,Nez_PerceT_H,5021,0.02,Methow_R,5026,0.00,Lyons_Ferry_H,5021,0.00
Area127NWVI (11) troll 209 230,,Lewis_R_Su,5008,0.86,Washougal_R_Fa,5008,0.04,Elochoman_H,5030,0.04,Cowlitz_H_fa,5008,0.02,Big_Cr_H_Col,5030,0.01
Area127NWVI (11) troll 209 231,,S_Umpqua_H,5011,1.00,Priest_Rapid_H,5026,0.00,Methow_R,5026,0.00,Umpqua_H,5011,0.00,Klickitat_R_sp,5010,0.00
Area127NWVI (11) troll 209 232,,Big_Cr_H_Col,5030,0.89,Spring_Cr_col,5030,0.07,Elochoman_H,5030,0.03,Abernathy_NFH_F,5008,0.01,Cowlitz_H_fa,5008,0.00
Area127NWVI (11) troll 209 233,,L_Shuswap,5,1.00,,,,,,,,,,,,
Area127NWVI (11) troll 209 234,,Grovers_Cr_H,5020,0.57,Soos_H,5020,0.21,Snoqualmie_R,5016,0.11,George_Adams_H,5005,0.06,Cedar_R_SuFa,5020,0.04
Area127NWVI (11) troll 209 235,,Soos_H,5020,0.46,Bear_Cr_SuFa,5020,0.41,S_Prairie_Cr,5020,0.09,Cedar_R_SuFa,5020,0.02,George_Adams_H,5005,0.01
Area127NWVI (11) troll 209 24,,Spring_Cr_col,5030,0.98,Big_Cr_H_Col,5030,0.02,Abernathy_Cr_Fa,5008,0.00,Elochoman_H,5030,0.00,Green_R_Fa,5008,0.00
Area127NWVI (11) troll 209 25,Dupe with 488,L_Shuswap,5,0.92,Little_R,5,0.05,L_Thompson,5,0.02,L_Adams,5,0.00,South_Thom,5,0.00
Area127NWVI (11) troll 209 26,,Forks_Cr_H,5028,1.00,Alsea_R,5015,0.00,,,,,,,,,
Area127NWVI (11) troll 209 27,,Forks_Cr_H,5028,0.94,Alsea_R,5015,0.02,Humptulips_H,5028,0.01,Hanford_Reach,5026,0.01,Lyons_Ferry_H,5021,0.00
Area127NWVI (11) troll 209 28,,Hanford_Reach,5026,0.99,Lyons_Ferry_H,5021,0.00,Methow_R,5026,0.00,Wells_H,5026,0.00,Priest_Rapid_H,5026,0.00
Area127NWVI (11) troll 209 29,,Trask_R,5015,0.47,Wilson_R,5015,0.26,Salmon_R_f,5015,0.15,Nestucca_H,5015,0.04,Kilchis_R,5015,0.04
Area127NWVI (11) troll 209 3,,Bear_Cr_SuFa,5020,0.48,Soos_H,5020,0.26,Cedar_R_SuFa,5020,0.14,Hanford_Reach,5026,0.04,S_Prairie_Cr,5020,0.03
Area127NWVI (11) troll 209 30,,Hanford_Reach,5026,0.74,Priest_Rapid_H,5026,0.20,Methow_R,5026,0.03,Wells_H,5026,0.02,Nez_PerceT_H,5021,0.01
Area127NWVI (11) troll 209 31,,Forks_Cr_H,5028,0.93,Robertson,8,0.03,Quilayute_R,5028,0.01,Queets_R,5028,0.01,Moyeha_R,8,0.01
Area127NWVI (11) troll 209 32,,Snoqualmie_R,5016,0.48,George_Adams_H,5005,0.47,Grovers_Cr_H,5020,0.02,Cedar_R_SuFa,5020,0.01,Harrison,3,0.01
Area127NWVI (11) troll 209 33,,Hanford_Reach,5026,0.90,Nez_PerceT_H,5021,0.06,S_Umpqua_H,5011,0.02,Priest_Rapid_H,5026,0.01,Lyons_Ferry_H,5021,0.00
Area127NWVI (11) troll 209 34,,Priest_Rapid_H,5026,0.64,Hanford_Reach,5026,0.18,Methow_R,5026,0.09,Wells_H,5026,0.08,Wenatchee_R_SF,5026,0.00
Area127NWVI (11) troll 209 35,,Hanford_Reach,5026,0.56,Priest_Rapid_H,5026,0.24,Lyons_Ferry_H,5021,0.11,Wells_H,5026,0.06,Nez_PerceT_H,5021,0.02
Area127NWVI (11) troll 209 36,,Hanford_Reach,5026,0.48,Nez_PerceT_H,5021,0.43,Lyons_Ferry_H,5021,0.07,Priest_Rapid_H,5026,0.01,Methow_R,5026,0.00
Area127NWVI (11) troll 209 37,,Coos_H,5011,0.66,S_Coos_R,5011,0.07,Harrison,3,0.07,Coquille_R,5011,0.05,Trask_R,5015,0.03
Area127NWVI (11) troll 209 38,,Lewis_R_Su,5008,0.92,Nez_PerceT_H,5021,0.05,Hanford_Reach,5026,0.01,Elochoman_H,5030,0.00,Priest_Rapid_H,5026,0.00
Area127NWVI (11) troll 209 39,,Hanford_Reach,5026,0.84,Priest_Rapid_H,5026,0.11,Nez_PerceT_H,5021,0.02,Methow_R,5026,0.01,Lyons_Ferry_H,5021,0.01
Area127NWVI (11) troll 209 4,,Hanford_Reach,5026,0.65,Nez_PerceT_H,5021,0.22,Lyons_Ferry_H,5021,0.12,Priest_Rapid_H,5026,0.01,Elk_H,5011,0.00
Area127NWVI (11) troll 209 40,,Quilayute_R,5028,0.98,Lewis_R_Su,5008,0.01,S_Coos_R,5011,0.00,Hoh_R,5028,0.00,Green_R_Fa,5008,0.00
Area127NWVI (11) troll 209 41,,Little_R,5,0.87,L_Shuswap,5,0.06,South_Thom,5,0.02,L_Thompson,5,0.02,N_Thom@Main,4,0.01
Area127NWVI (11) troll 209 42,,Lewis_R_Su,5008,0.78,Cowlitz_H_fa,5008,0.20,Abernathy_Cr_Fa,5008,0.01,Washougal_R_Fa,5008,0.00,Quilayute_R,5028,0.00
Area127NWVI (11) troll 209 43,,Priest_Rapid_H,5026,0.53,Hanford_Reach,5026,0.39,Methow_R,5026,0.03,Lyons_Ferry_H,5021,0.02,Nez_PerceT_H,5021,0.02
Area127NWVI (11) troll 209 44,Dupe with 438,Priest_Rapid_H,5026,0.86,Hanford_Reach,5026,0.11,Methow_R,5026,0.02,Wells_H,5026,0.00,Wenatchee_R_SF,5026,0.00
Area127NWVI (11) troll 209 45,,S_Umpqua_H,5011,0.72,Snoqualmie_R,5016,0.26,Coos_H,5011,0.00,S_Coos_R,5011,0.00,Lyons_Ferry_H,5021,0.00
Area127NWVI (11) troll 209 46,,Trask_R,5015,0.89,Wilson_R,5015,0.03,Alsea_R,5015,0.03,Yaquina_R,5015,0.02,S_Coos_R,5011,0.01
Area127NWVI (11) troll 209 47,,Hanford_Reach,5026,0.93,Priest_Rapid_H,5026,0.06,Wells_H,5026,0.01,L_Wh_Sal_H_SF,5026,0.00,Methow_R,5026,0.00
Area127NWVI (11) troll 209 48,,L_Thompson,5,0.65,L_Adams,5,0.22,Little_R,5,0.06,Cedar_R_SuFa,5020,0.02,Coos_H,5011,0.01
Area127NWVI (11) troll 209 49,,Priest_Rapid_H,5026,0.38,Hanford_Reach,5026,0.31,Wells_H,5026,0.14,Methow_R,5026,0.14,Wenatchee_R_SF,5026,0.01
Area127NWVI (11) troll 209 5,,Priest_Rapid_H,5026,0.47,Hanford_Reach,5026,0.30,Nez_PerceT_H,5021,0.14,Lyons_Ferry_H,5021,0.07,Methow_R,5026,0.01
Area127NWVI (11) troll 209 50,,L_Adams,5,0.57,Little_R,5,0.41,L_Thompson,5,0.02,S_Coos_R,5011,0.00,L_Shuswap,5,0.00
Area127NWVI (11) troll 209 51,,Wilson_R,5015,0.47,Coos_H,5011,0.13,Trask_R,5015,0.13,Kilchis_R,5015,0.06,Forks_Cr_H,5028,0.06
Area127NWVI (11) troll 209 52,,Trask_R,5015,0.62,Wilson_R,5015,0.27,Coquille_R,5011,0.05,Coos_H,5011,0.03,Alsea_R,5015,0.01
Area127NWVI (11) troll 209 53,,Harrison,3,0.98,Barriere,4,0.01,Chilliwack_F,3,0.01,N_Thom@Main,4,0.00,U_Sauk_R_SpSu,5016,0.00
Area127NWVI (11) troll 209 54,,Kalama_H_sp,5009,0.19,S_Umpqua_H,5011,0.16,Lewis_R_Su,5008,0.11,Coquille_R,5011,0.08,Coos_H,5011,0.05
Area127NWVI (11) troll 209 55,,Priest_Rapid_H,5026,0.38,Hanford_Reach,5026,0.35,Harrison,3,0.19,Methow_R,5026,0.07,L_Thompson,5,0.01
Area127NWVI (11) troll 209 56,,Little_R,5,1.00,L_Thompson,5,0.00,South_Thom,5,0.00,,,,,,
Area127NWVI (11) troll 209 57,Dupe with 425,Priest_Rapid_H,5026,0.86,Hanford_Reach,5026,0.11,Methow_R,5026,0.02,Wells_H,5026,0.00,Lyons_Ferry_H,5021,0.00
Area127NWVI (11) troll 209 58,,Wilson_R,5015,0.59,Trask_R,5015,0.25,Kilchis_R,5015,0.09,Salmon_R_f,5015,0.04,Coos_H,5011,0.02
Area127NWVI (11) troll 209 59,,Yaquina_R,5015,0.98,Coquille_R,5011,0.01,Trask_R,5015,0.01,Wilson_R,5015,0.00,Coos_H,5011,0.00
Area127NWVI (11) troll 209 6,,Forks_Cr_H,5028,1.00,Quilayute_R,5028,0.00,Priest_Rapid_H,5026,0.00,S_Umpqua_H,5011,0.00,Umpqua_H,5011,0.00
Area127NWVI (11) troll 209 60,,L_Adams,5,0.90,Little_R,5,0.09,South_Thom,5,0.01,L_Thompson,5,0.00,L_Shuswap,5,0.00
Area127NWVI (11) troll 209 61,,Chilliwack_F,3,0.99,Harrison,3,0.00,Snoqualmie_R,5016,0.00,Bear_Cr_SuFa,5020,0.00,Samish_H,5016,0.00
Area127NWVI (11) troll 209 62,,Hanford_Reach,5026,0.39,Priest_Rapid_H,5026,0.31,Methow_R,5026,0.12,Harrison,3,0.07,Grovers_Cr_H,5020,0.05
Area127NWVI (11) troll 209 63,,Trask_R,5015,0.68,Alsea_R,5015,0.17,Wilson_R,5015,0.08,Coos_H,5011,0.02,Kilchis_R,5015,0.01
Area127NWVI (11) troll 209 64,,Quilayute_R,5028,0.35,Coquille_R,5011,0.18,Forks_Cr_H,5028,0.05,Sixes_R,5011,0.04,Robertson,8,0.04
Area127NWVI (11) troll 209 65,,L_Thompson,5,0.71,Little_R,5,0.21,Hanford_Reach,5026,0.04,South_Thom,5,0.02,L_Adams,5,0.01
Area127NWVI (11) troll 209 66,,L_Adams,5,0.92,Little_R,5,0.07,L_Thompson,5,0.01,South_Thom,5,0.00,Kasiks_R,23,0.00
Area127NWVI (11) troll 209 67,,N_Thom@Main,4,0.79,Barriere,4,0.07,Quesnel,2,0.03,L_Cariboo,2,0.03,Babine,20,0.02
Area127NWVI (11) troll 209 68,,Coos_H,5011,0.95,Yaquina_R,5015,0.03,S_Coos_R,5011,0.01,Salmon_R_f,5015,0.01,Wilson_R,5015,0.00
Area127NWVI (11) troll 209 69,,Hanford_Reach,5026,0.82,Wells_H,5026,0.07,Methow_R,5026,0.06,Harrison,3,0.03,Wenatchee_R_SF,5026,0.02
Area127NWVI (11) troll 209 7,Number of missing Loci exceeded,,,,,,,,,,,,,,,
Area127NWVI (11) troll 209 70,,Chilliwack_F,3,0.78,Harrison,3,0.22,Cedar_R_SuFa,5020,0.00,U_Sauk_R,5016,0.00,Bear_Cr_SuFa,5020,0.00
Area127NWVI (11) troll 209 71,,S_Umpqua_H,5011,1.00,Coquille_R,5011,0.00,,,,,,,,,
Area127NWVI (11) troll 209 72,,Nehalem_R,5015,0.25,Wilson_R,5015,0.15,Salmon_R_f,5015,0.13,Coquille_R,5011,0.12,S_Umpqua_H,5011,0.11
Area127NWVI (11) troll 209 73,,Nehalem_R,5015,1.00,,,,,,,,,,,,
Area127NWVI (11) troll 209 74,,Coquille_R,5011,0.96,Coos_H,5011,0.03,Wilson_R,5015,0.01,S_Coos_R,5011,0.00,Elk_H,5011,0.00
Area127NWVI (11) troll 209 75,,Coquille_R,5011,0.51,Coos_H,5011,0.46,Hanford_Reach,5026,0.01,Elk_H,5011,0.01,S_Coos_R,5011,0.00
Area127NWVI (11) troll 209 76,,Hanford_Reach,5026,0.78,Priest_Rapid_H,5026,0.12,Nez_PerceT_H,5021,0.04,Wells_H,5026,0.02,Methow_R,5026,0.02
Area127NWVI (11) troll 209 77,,L_Thompson,5,0.69,Little_R,5,0.30,L_Adams,5,0.01,N_Thom@Main,4,0.00,South_Thom,5,0.00
Area127NWVI (11) troll 209 78,,Coquille_R,5011,0.78,S_Umpqua_H,5011,0.18,S_Coos_R,5011,0.02,Yaquina_R,5015,0.01,Millicoma_R,5011,0.00
Area127NWVI (11) troll 209 79,,Forks_Cr_H,5028,0.99,Yaquina_R,5015,0.01,Wilson_R,5015,0.00,Trask_R,5015,0.00,Salmon_R_f,5015,0.00
Area127NWVI (11) troll 209 8,,Forks_Cr_H,5028,1.00,Trask_R,5015,0.00,Alsea_R,5015,0.00,Yaquina_R,5015,0.00,,,
Area127NWVI (11) troll 209 80,,Yaquina_R,5015,0.44,Trask_R,5015,0.18,Wilson_R,5015,0.13,Forks_Cr_H,5028,0.11,Coos_H,5011,0.05
Area127NWVI (11) troll 209 81,,Little_R,5,0.82,L_Adams,5,0.12,L_Thompson,5,0.05,L_Shuswap,5,0.00,Hanford_Reach,5026,0.00
Area127NWVI (11) troll 209 82,Dupe with 398,Forks_Cr_H,5028,1.00,,,,,,,,,,,,
Area127NWVI (11) troll 209 83,,Forks_Cr_H,5028,1.00,Kilchis_R,5015,0.00,Coos_H,5011,0.00,Humptulips_H,5028,0.00,,,
Area127NWVI (11) troll 209 84,,L_Thompson,5,0.91,L_Adams,5,0.09,Little_R,5,0.00,L_Shuswap,5,0.00,San_Juan,8,0.00
Area127NWVI (11) troll 209 85,,Wilson_R,5015,0.46,Trask_R,5015,0.29,Forks_Cr_H,5028,0.19,Alsea_R,5015,0.03,Lewis_R_Su,5008,0.01
Area127NWVI (11) troll 209 86,,Nehalem_R,5015,1.00,Trask_R,5015,0.00,Forks_Cr_H,5028,0.00,Wilson_R,5015,0.00,Salmon_R_f,5015,0.00
Area127NWVI (11) troll 209 87,,Coos_H,5011,0.59,Coquille_R,5011,0.39,Sixes_R,5011,0.01,Elk_H,5011,0.00,Yaquina_R,5015,0.00
Area127NWVI (11) troll 209 88,,Wilson_R,5015,0.70,Trask_R,5015,0.22,S_Umpqua_H,5011,0.04,Kilchis_R,5015,0.01,S_Coos_R,5011,0.01
Area127NWVI (11) troll 209 89,,Harrison,3,0.97,Chilliwack_F,3,0.03,,,,,,,,,
Area127NWVI (11) troll 209 9,,Nez_PerceT_H,5021,0.58,Lyons_Ferry_H,5021,0.25,Hanford_Reach,5026,0.17,Priest_Rapid_H,5026,0.00,Methow_R,5026,0.00
Area127NWVI (11) troll 209 90,,Elk_H,5011,0.43,Yaquina_R,5015,0.31,Sixes_R,5011,0.08,S_Coos_R,5011,0.05,Wilson_R,5015,0.05
Area127NWVI (11) troll 209 91,,L_Shuswap,5,0.90,L_Thompson,5,0.06,Little_R,5,0.04,L_Adams,5,0.00,South_Thom,5,0.00
Area127NWVI (11) troll 209 92,,Hanford_Reach,5026,0.52,Priest_Rapid_H,5026,0.18,Wells_H,5026,0.08,Methow_R,5026,0.08,L_Thompson,5,0.06
Area127NWVI (11) troll 209 93,,Coquille_R,5011,0.42,Coos_H,5011,0.23,S_Coos_R,5011,0.17,Trask_R,5015,0.08,Wilson_R,5015,0.03
Area127NWVI (11) troll 209 94,,Nechako,2,0.58,N_Thom@Main,4,0.38,Kuzkwa_Cr,2,0.01,Quilayute_R,5028,0.01,Harrison,3,0.00
Area127NWVI (11) troll 209 95,,Little_R,5,0.57,L_Thompson,5,0.40,L_Shuswap,5,0.02,South_Thom,5,0.01,Priest_Rapid_H,5026,0.00
Area127NWVI (11) troll 209 96,,Clearwater,4,0.52,N_Thom@Main,4,0.48,,,,,,,,,
Area127NWVI (11) troll 209 97,,Coquille_R,5011,0.92,Sixes_R,5011,0.02,Elk_H,5011,0.02,Coos_H,5011,0.02,Harrison,3,0.01
Area127NWVI (11) troll 209 98,,L_Thompson,5,0.68,Little_R,5,0.32,Kasiks_R,23,0.00,South_Thom,5,0.00,L_Adams,5,0.00
Area127NWVI (11) troll 209 99,,Nehalem_R,5015,1.00,Trask_R,5015,0.00,,,,,,,,,
Area127NWVI (11) troll 216 236,Dupe with 635,Hanford_Reach,5026,0.36,Nez_PerceT_H,5021,0.34,Wells_H,5026,0.10,Priest_Rapid_H,5026,0.10,Lyons_Ferry_H,5021,0.09
Area127NWVI (11) troll 216 237,,Little_R,5,0.90,South_Thom,5,0.04,L_Thompson,5,0.03,L_Adams,5,0.03,Hanford_Reach,5026,0.00
Area127NWVI (11) troll 216 238,,Coos_H,5011,0.67,S_Coos_R,5011,0.28,Coquille_R,5011,0.05,Snoqualmie_R,5016,0.00,Hanford_Reach,5026,0.00
Area127NWVI (11) troll 216 240,,Coquille_R,5011,0.54,Coos_H,5011,0.32,S_Umpqua_H,5011,0.07,Spring_Cr_col,5030,0.02,S_Coos_R,5011,0.02
Area127NWVI (11) troll 216 241,,Coos_H,5011,0.89,Wilson_R,5015,0.06,Trask_R,5015,0.03,Coquille_R,5011,0.01,S_Coos_R,5011,0.00
Area127NWVI (11) troll 216 242,,Elk_H,5011,0.83,Sixes_R,5011,0.08,Coos_H,5011,0.05,Coquille_R,5011,0.03,Trask_R,5015,0.00
Area127NWVI (11) troll 216 243,,L_Shuswap,5,0.96,L_Thompson,5,0.02,Little_R,5,0.01,South_Thom,5,0.01,L_Adams,5,0.00
Area127NWVI (11) troll 216 244,,Trask_R,5015,0.94,Coos_H,5011,0.01,Coquille_R,5011,0.01,Wilson_R,5015,0.01,Kilchis_R,5015,0.01
Area127NWVI (11) troll 216 245,,Priest_Rapid_H,5026,0.87,Methow_R,5026,0.07,Wells_H,5026,0.04,Nez_PerceT_H,5021,0.01,L_Wh_Sal_H_SF,5026,0.01
Area127NWVI (11) troll 216 246,,Trask_R,5015,0.82,Wilson_R,5015,0.14,Nestucca_H,5015,0.03,Kilchis_R,5015,0.01,Forks_Cr_H,5028,0.00
Area127NWVI (11) troll 216 247,,Yaquina_R,5015,0.88,Trask_R,5015,0.10,Wilson_R,5015,0.01,Alsea_R,5015,0.00,Salmon_R_f,5015,0.00
Area127NWVI (11) troll 216 248,,N_Thom@Main,4,0.78,Clearwater,4,0.20,Barriere,4,0.01,Little_R,5,0.00,Chilliwack_F,3,0.00
Area127NWVI (11) troll 216 249,,Coquille_R,5011,0.76,Elk_H,5011,0.20,S_Coos_R,5011,0.03,Coos_H,5011,0.01,Sixes_R,5011,0.00
Area127NWVI (11) troll 216 250,,Robertson,8,0.98,Megin_R,8,0.01,Moyeha_R,8,0.01,Tlupana,8,0.00,Tahsis,8,0.00
Area127NWVI (11) troll 216 251,,Coquille_R,5011,0.85,Coos_H,5011,0.08,S_Coos_R,5011,0.06,S_Umpqua_H,5011,0.01,Trask_R,5015,0.00
Area127NWVI (11) troll 216 252,,Little_R,5,0.99,L_Thompson,5,0.01,L_Shuswap,5,0.00,L_Adams,5,0.00,,,
Area127NWVI (11) troll 216 253,,Wilson_R,5015,0.33,Yaquina_R,5015,0.16,Coos_H,5011,0.16,Coquille_R,5011,0.15,S_Coos_R,5011,0.09
Area127NWVI (11) troll 216 254,,Coos_H,5011,0.83,S_Coos_R,5011,0.16,Coquille_R,5011,0.01,S_Umpqua_H,5011,0.00,Snoqualmie_R,5016,0.00
Area127NWVI (11) troll 216 255,Dupe with 617,Hanford_Reach,5026,0.36,Nez_PerceT_H,5021,0.34,Wells_H,5026,0.10,Priest_Rapid_H,5026,0.10,Lyons_Ferry_H,5021,0.09
Area127NWVI (11) troll 216 256,,Nitinat,8,0.99,Sooke,8,0.01,Forks_Cr_H,5028,0.00,Alsea_R,5015,0.00,Toquart,8,0.00
Area127NWVI (11) troll 216 257,,L_Thompson,5,0.71,Little_R,5,0.27,South_Thom,5,0.01,Snoqualmie_R,5016,0.00,L_Adams,5,0.00
Area127NWVI (11) troll 216 258,,Wells_H,5026,0.32,Nez_PerceT_H,5021,0.30,Hanford_Reach,5026,0.29,Priest_Rapid_H,5026,0.05,Methow_R,5026,0.03
Area127NWVI (11) troll 216 259,,Wilson_R,5015,0.53,Trask_R,5015,0.27,Alsea_R,5015,0.08,Yaquina_R,5015,0.04,Kilchis_R,5015,0.04
Area127NWVI (11) troll 216 260,,L_Thompson,5,0.54,Little_R,5,0.16,Hanford_Reach,5026,0.16,Priest_Rapid_H,5026,0.11,Methow_R,5026,0.01
Area127NWVI (11) troll 216 261,,Coos_H,5011,0.99,Cowlitz_H_fa,5008,0.00,Green_R_Fa,5008,0.00,Lewis_R_Su,5008,0.00,S_Coos_R,5011,0.00
Area127NWVI (11) troll 216 262,,Little_R,5,0.91,L_Adams,5,0.07,L_Thompson,5,0.02,L_Shuswap,5,0.00,,,
Area127NWVI (11) troll 216 263,,L_Thompson,5,0.52,L_Adams,5,0.46,Little_R,5,0.01,Methow_R,5026,0.00,South_Thom,5,0.00
Area127NWVI (11) troll 216 264,,Coos_H,5011,0.38,Trask_R,5015,0.30,Wilson_R,5015,0.19,Salmon_R_f,5015,0.08,Alsea_R,5015,0.04
Area127NWVI (11) troll 216 265,,Cowlitz_H_fa,5008,0.78,Lewis_R_Su,5008,0.21,Green_R_Fa,5008,0.00,Abernathy_Cr_Fa,5008,0.00,Abernathy_NFH_F,5008,0.00
Area127NWVI (11) troll 216 266,,Hanford_Reach,5026,0.76,Priest_Rapid_H,5026,0.20,Methow_R,5026,0.03,Wells_H,5026,0.01,Wenatchee_R_SF,5026,0.00
Area127NWVI (11) troll 216 267,,Forks_Cr_H,5028,0.75,Trask_R,5015,0.07,Quilayute_R,5028,0.05,S_Umpqua_H,5011,0.04,Coos_H,5011,0.02
Area127NWVI (11) troll 216 268,,Cowlitz_H_fa,5008,0.87,Abernathy_NFH_F,5008,0.07,Big_Cr_H_Col,5030,0.03,Abernathy_Cr_Fa,5008,0.01,Washougal_R_Fa,5008,0.01
Area127NWVI (11) troll 216 269,,Priest_Rapid_H,5026,0.50,Hanford_Reach,5026,0.45,Methow_R,5026,0.03,Wells_H,5026,0.01,Lyons_Ferry_H,5021,0.00
Area127NWVI (11) troll 216 270,,Nehalem_R,5015,1.00,Trask_R,5015,0.00,,,,,,,,,
Area127NWVI (11) troll 216 271,,Little_R,5,0.80,L_Adams,5,0.12,L_Thompson,5,0.07,South_Thom,5,0.01,Quesnel,2,0.00
Area127NWVI (11) troll 216 272,,Coos_H,5011,0.87,S_Coos_R,5011,0.08,Alsea_R,5015,0.02,Coquille_R,5011,0.02,Sixes_R,5011,0.01
Area127NWVI (11) troll 216 273,,Little_R,5,0.75,L_Thompson,5,0.14,L_Adams,5,0.11,L_Shuswap,5,0.00,South_Thom,5,0.00
Area127NWVI (11) troll 216 274,,Forks_Cr_H,5028,0.91,Hanford_Reach,5026,0.03,Lyons_Ferry_H,5021,0.02,Yaquina_R,5015,0.01,Priest_Rapid_H,5026,0.01
Area127NWVI (11) troll 216 275,,L_Shuswap,5,0.99,Little_R,5,0.01,L_Thompson,5,0.00,M_Shuswap,5,0.00,Forks_Cr_H,5028,0.00
Area127NWVI (11) troll 216 276,,Coquille_R,5011,0.47,Alsea_R,5015,0.35,Trask_R,5015,0.07,Coos_H,5011,0.04,Wilson_R,5015,0.04
Area127NWVI (11) troll 216 277,,Yaquina_R,5015,1.00,Wilson_R,5015,0.00,Alsea_R,5015,0.00,Trask_R,5015,0.00,,,
Area127NWVI (11) troll 216 278,,L_Adams,5,0.88,N_Thom@Main,4,0.09,L_Thompson,5,0.02,Little_R,5,0.00,Finn,4,0.00
Area127NWVI (11) troll 216 279,,N_Santiam_H,5029,0.69,Green_R_Fa,5008,0.09,Abernathy_NFH_F,5008,0.07,Abernathy_Cr_Fa,5008,0.06,Big_Cr_H_Col,5030,0.03
Area127NWVI (11) troll 216 280,,Little_R,5,0.65,L_Adams,5,0.33,L_Thompson,5,0.01,South_Thom,5,0.01,,,
Area127NWVI (11) troll 216 281,,Elk_H,5011,0.69,Sixes_R,5011,0.09,Coos_H,5011,0.07,Forks_Cr_H,5028,0.06,Coquille_R,5011,0.04
Area127NWVI (11) troll 216 282,,Methow_R,5026,0.38,Hanford_Reach,5026,0.25,Wenatchee_R_SF,5026,0.19,Wells_H,5026,0.10,Priest_Rapid_H,5026,0.08
Area127NWVI (11) troll 216 283,,Forks_Cr_H,5028,1.00,Humptulips_H,5028,0.00,Quilayute_R,5028,0.00,,,,,,
Area127NWVI (11) troll 216 284,,Elk_H,5011,0.59,Coquille_R,5011,0.12,Sixes_R,5011,0.12,S_Coos_R,5011,0.11,Yaquina_R,5015,0.04
Area127NWVI (11) troll 216 285,,Hanford_Reach,5026,0.24,Methow_R,5026,0.16,Wells_H,5026,0.12,Spring_Cr_col,5030,0.09,Nez_PerceT_H,5021,0.07
Area127NWVI (11) troll 216 286,,Yaquina_R,5015,0.99,Alsea_R,5015,0.00,S_Umpqua_H,5011,0.00,Elk_H,5011,0.00,Coos_H,5011,0.00
Area127NWVI (11) troll 216 287,,Little_R,5,0.37,L_Thompson,5,0.30,Elk_H,5011,0.08,L_Shuswap,5,0.05,Quesnel,2,0.04
Area127NWVI (11) troll 216 288,,Little_R,5,0.93,South_Thom,5,0.03,L_Thompson,5,0.02,L_Adams,5,0.02,L_Shuswap,5,0.00
Area127NWVI (11) troll 216 289,,Spring_Cr_col,5030,0.99,Abernathy_NFH_F,5008,0.01,Big_Cr_H_Col,5030,0.00,Elochoman_H,5030,0.00,Green_R_Fa,5008,0.00
Area127NWVI (11) troll 216 290,,Moyeha_R,8,0.90,Tlupana,8,0.09,Conuma,8,0.01,Kaouk_R,8,0.00,Tahsis,8,0.00
Area127NWVI (11) troll 216 291,,Hanford_Reach,5026,0.72,Methow_R,5026,0.10,Wells_H,5026,0.09,Lyons_Ferry_H,5021,0.08,Wenatchee_R_SF,5026,0.01
Area127NWVI (11) troll 216 292,,Lyons_Ferry_H,5021,0.38,Methow_R,5026,0.31,Hanford_Reach,5026,0.16,Wenatchee_R_SF,5026,0.10,Nez_PerceT_H,5021,0.02
Area127NWVI (11) troll 216 293,,Wilson_R,5015,0.31,Trask_R,5015,0.28,S_Coos_R,5011,0.15,Coos_H,5011,0.08,Yaquina_R,5015,0.06
Area127NWVI (11) troll 216 294,,Wilson_R,5015,0.69,Kilchis_R,5015,0.15,Alsea_R,5015,0.11,Trask_R,5015,0.03,Salmon_R_f,5015,0.01
Area127NWVI (11) troll 216 295,,Harrison,3,0.67,Trask_R,5015,0.14,Lewis_R_Su,5008,0.05,Wilson_R,5015,0.04,Yaquina_R,5015,0.03
Area127NWVI (11) troll 216 296,,S_Umpqua_H,5011,0.98,Coos_H,5011,0.02,L_Thompson,5,0.00,Sol_Duc_H,5028,0.00,Forks_Cr_H,5028,0.00
Area127NWVI (11) troll 216 297,,George_Adams_H,5005,0.47,Bear_Cr_SuFa,5020,0.19,Hamma_Hamma_R,5005,0.12,Cedar_R_SuFa,5020,0.09,Soos_H,5020,0.07
Area127NWVI (11) troll 216 298,,Puntledge_F,7,0.94,Cowichan,7,0.04,L_Qualicum,7,0.02,Nanaimo_F,7,0.01,L_Thompson,5,0.00
Area127NWVI (11) troll 216 299,,Puntledge_F,7,0.59,George_Adams_H,5005,0.14,Bear_Cr_SuFa,5020,0.10,Hamma_Hamma_R,5005,0.06,Cedar_R_SuFa,5020,0.03
Area127NWVI (11) troll 216 300,,Hanford_Reach,5026,0.72,L_Thompson,5,0.14,Umpqua_H,5011,0.11,Priest_Rapid_H,5026,0.01,Nez_PerceT_H,5021,0.01
Area127NWVI (11) troll 216 301,,Wilson_R,5015,0.32,Trask_R,5015,0.27,Alsea_R,5015,0.23,Salmon_R_f,5015,0.07,Kilchis_R,5015,0.05
Area127NWVI (11) troll 216 302,,Coos_H,5011,0.88,S_Coos_R,5011,0.12,Elk_H,5011,0.00,Coquille_R,5011,0.00,,,
Area127NWVI (11) troll 216 303,,Hanford_Reach,5026,0.60,Methow_R,5026,0.16,Lyons_Ferry_H,5021,0.15,Priest_Rapid_H,5026,0.04,Forks_Cr_H,5028,0.01
Area127NWVI (11) troll 216 304,,Harrison,3,0.85,Nechako,2,0.05,Moyeha_R,8,0.04,Chilliwack_F,3,0.04,Little_R,5,0.01
Area127NWVI (11) troll 216 305,,Chilliwack_F,3,0.94,Harrison,3,0.06,Chilliwac@Stav,3,0.00,,,,,,
Area127NWVI (11) troll 216 306,,Bear_Cr_SuFa,5020,0.21,Soos_H,5020,0.19,George_Adams_H,5005,0.16,Hamma_Hamma_R,5005,0.14,Cedar_R_SuFa,5020,0.08
Area127NWVI (11) troll 216 307,,Priest_Rapid_H,5026,0.28,Hanford_Reach,5026,0.23,Methow_R,5026,0.18,Wells_H,5026,0.14,S_Umpqua_H,5011,0.04
Area127NWVI (11) troll 216 308,,Lewis_R_Su,5008,0.76,Green_R_Fa,5008,0.11,Washougal_R_Fa,5008,0.11,Elochoman_H,5030,0.01,Abernathy_Cr_Fa,5008,0.00
Area127NWVI (11) troll 216 309,,Hanford_Reach,5026,0.77,Priest_Rapid_H,5026,0.19,Nez_PerceT_H,5021,0.03,Wells_H,5026,0.01,Methow_R,5026,0.00
Area127NWVI (11) troll 216 310,,Little_R,5,0.92,L_Thompson,5,0.07,Methow_R,5026,0.00,Hanford_Reach,5026,0.00,Priest_Rapid_H,5026,0.00
Area127NWVI (11) troll 216 311,,Little_R,5,0.81,L_Adams,5,0.19,L_Thompson,5,0.00,South_Thom,5,0.00,N_Thom@Main,4,0.00
Area127NWVI (11) troll 216 312,,Hanford_Reach,5026,0.52,Priest_Rapid_H,5026,0.48,Methow_R,5026,0.00,Wells_H,5026,0.00,Lyons_Ferry_H,5021,0.00
Area127NWVI (11) troll 216 313,,Little_R,5,0.45,L_Shuswap,5,0.43,L_Thompson,5,0.10,Forks_Cr_H,5028,0.01,South_Thom,5,0.00
Area127NWVI (11) troll 216 314,,Hanford_Reach,5026,0.78,Priest_Rapid_H,5026,0.19,Wells_H,5026,0.01,Nez_PerceT_H,5021,0.01,Snoqualmie_R,5016,0.00
Area127NWVI (11) troll 216 315,,Nitinat,8,0.99,Robertson,8,0.00,Moyeha_R,8,0.00,Sooke,8,0.00,Megin_R,8,0.00
Area127NWVI (11) troll 216 316,,Robertson,8,1.00,Gold_R,8,0.00,,,,,,,,,
Area127NWVI (11) troll 216 317,Dupe with 699,Alsea_R,5015,0.75,Wilson_R,5015,0.10,Yaquina_R,5015,0.08,Trask_R,5015,0.05,Salmon_R_f,5015,0.02
Area127NWVI (11) troll 216 318,,Quesnel,2,0.62,Nechako,2,0.31,L_Cariboo,2,0.06,U_Cariboo,2,0.00,L_Thompson,5,0.00
Area127NWVI (11) troll 216 319,Dupe with 697,Alsea_R,5015,0.72,Wilson_R,5015,0.11,Yaquina_R,5015,0.09,Trask_R,5015,0.05,Salmon_R_f,5015,0.02
Area127NWVI (11) troll 216 320,,Little_R,5,0.71,L_Adams,5,0.24,South_Thom,5,0.04,L_Thompson,5,0.01,L_Shuswap,5,0.00
Area127NWVI (11) troll 216 321,,L_Thompson,5,0.68,Little_R,5,0.15,L_Adams,5,0.14,South_Thom,5,0.03,Hanford_Reach,5026,0.00
Area127NWVI (11) troll 216 322,,L_Adams,5,0.55,L_Thompson,5,0.27,Little_R,5,0.16,South_Thom,5,0.01,George_Adams_H,5005,0.00
Area127NWVI (11) troll 216 323,,Hanford_Reach,5026,0.66,S_Umpqua_H,5011,0.19,Wells_H,5026,0.07,Wenatchee_R_SF,5026,0.03,Nez_PerceT_H,5021,0.02
Area127NWVI (11) troll 216 324,,Little_R,5,0.78,L_Adams,5,0.21,L_Thompson,5,0.01,South_Thom,5,0.00,L_Shuswap,5,0.00
Area127NWVI (11) troll 216 325,,Forks_Cr_H,5028,0.62,Coos_H,5011,0.38,S_Coos_R,5011,0.00,Trask_R,5015,0.00,Humptulips_H,5028,0.00
Area127NWVI (11) troll 216 326,,L_Thompson,5,0.53,Little_R,5,0.41,L_Adams,5,0.02,Barriere,4,0.02,South_Thom,5,0.01
Area127NWVI (11) troll 216 327,Number of missing Loci exceeded,,,,,,,,,,,,,,,
Area127NWVI (11) troll 216 328,,Little_R,5,0.53,L_Adams,5,0.47,L_Thompson,5,0.00,,,,,,
Area127NWVI (11) troll 216 329,,Bear_Cr_SuFa,5020,0.38,Grovers_Cr_H,5020,0.37,Soos_H,5020,0.09,Cedar_R_SuFa,5020,0.07,Hamma_Hamma_R,5005,0.05
Area127NWVI (11) troll 216 330,,Little_R,5,0.49,L_Adams,5,0.26,L_Thompson,5,0.19,South_Thom,5,0.04,L_Shuswap,5,0.01
Area127NWVI (11) troll 216 331,,Coquille_R,5011,0.93,Trask_R,5015,0.03,Alsea_R,5015,0.02,Yaquina_R,5015,0.01,Elk_H,5011,0.01
Area127NWVI (11) troll 216 332,,Hanford_Reach,5026,0.72,Priest_Rapid_H,5026,0.21,Nez_PerceT_H,5021,0.07,L_Thompson,5,0.00,Lyons_Ferry_H,5021,0.00
Area127NWVI (11) troll 216 333,,Nitinat,8,1.00,Sooke,8,0.00,Toquart,8,0.00,,,,,,
Area127NWVI (11) troll 216 334,,Coquille_R,5011,0.47,S_Coos_R,5011,0.35,Coos_H,5011,0.17,Alsea_R,5015,0.00,Harrison,3,0.00
Area127NWVI (11) troll 216 335,,Trask_R,5015,0.72,Alsea_R,5015,0.11,Wilson_R,5015,0.11,Yaquina_R,5015,0.03,Coquille_R,5011,0.02
Area127NWVI (11) troll 216 336,,Little_R,5,0.69,L_Thompson,5,0.30,L_Adams,5,0.01,South_Thom,5,0.00,Nez_PerceT_H,5021,0.00
Area127NWVI (11) troll 216 337,,Lyons_Ferry_H,5021,0.33,L_Thompson,5,0.31,Hanford_Reach,5026,0.23,Priest_Rapid_H,5026,0.05,Wells_H,5026,0.03
Area127NWVI (11) troll 216 338,,Little_R,5,0.59,L_Thompson,5,0.14,L_Adams,5,0.12,Lyons_Ferry_H,5021,0.09,South_Thom,5,0.04
Area127NWVI (11) troll 216 339,,Harrison,3,0.60,Chilliwack_F,3,0.39,Forks_Cr_H,5028,0.01,S_Prairie_Cr,5020,0.00,S_Coos_R,5011,0.00
Area127NWVI (11) troll 216 340,,S_Umpqua_H,5011,0.37,Salmon_R_f,5015,0.16,Trask_R,5015,0.12,Forks_Cr_H,5028,0.08,Yaquina_R,5015,0.08
Area127NWVI (11) troll 216 341,,Forks_Cr_H,5028,0.99,Humptulips_H,5028,0.01,Lewis_R_Su,5008,0.00,Washougal_R_Fa,5008,0.00,Hoh_R,5028,0.00
Area127NWVI (11) troll 216 342,,S_Umpqua_H,5011,0.70,Coquille_R,5011,0.18,S_Coos_R,5011,0.08,Coos_H,5011,0.04,Lyons_Ferry_H,5021,0.00
Area127NWVI (11) troll 216 343,,Little_R,5,0.66,L_Shuswap,5,0.33,South_Thom,5,0.00,L_Adams,5,0.00,L_Thompson,5,0.00
Area127NWVI (11) troll 216 344,,Little_R,5,0.69,L_Shuswap,5,0.27,L_Thompson,5,0.03,L_Adams,5,0.00,South_Thom,5,0.00
Area127NWVI (11) troll 216 345,,Priest_Rapid_H,5026,0.39,Hanford_Reach,5026,0.39,Wells_H,5026,0.15,Wenatchee_R_SF,5026,0.05,Nez_PerceT_H,5021,0.01
Area127NWVI (11) troll 216 346,,L_Thompson,5,0.56,Little_R,5,0.41,L_Adams,5,0.01,George_Adams_H,5005,0.01,Grovers_Cr_H,5020,0.00
Area127NWVI (11) troll 216 347,,Priest_Rapid_H,5026,0.45,Hanford_Reach,5026,0.34,Wells_H,5026,0.10,Methow_R,5026,0.08,Nez_PerceT_H,5021,0.02
Area127NWVI (11) troll 216 348,,Puntledge_F,7,0.36,N_Santiam_H,5029,0.23,S_Umpqua_H,5011,0.18,Cedar_R_SuFa,5020,0.08,Abernathy_Cr_Fa,5008,0.05
Area127NWVI (11) troll 216 349,,Wilson_R,5015,0.46,Alsea_R,5015,0.27,Salmon_R_f,5015,0.15,Trask_R,5015,0.08,Kilchis_R,5015,0.02
Area127NWVI (11) troll 216 350,,Alsea_R,5015,0.84,Trask_R,5015,0.09,Wilson_R,5015,0.04,S_Umpqua_H,5011,0.02,Coquille_R,5011,0.00
Area127NWVI (11) troll 216 351,,Trask_R,5015,0.81,Wilson_R,5015,0.09,Salmon_R_f,5015,0.08,Nestucca_H,5015,0.01,Coos_H,5011,0.00
Area127NWVI (11) troll 216 352,,Forks_Cr_H,5028,1.00,Alsea_R,5015,0.00,Humptulips_H,5028,0.00,,,,,,
Area127NWVI (11) troll 216 353,,Wilson_R,5015,0.20,Trask_R,5015,0.20,Yaquina_R,5015,0.17,Alsea_R,5015,0.14,Quilayute_R,5028,0.08
Area127NWVI (11) troll 216 354,,Priest_Rapid_H,5026,0.99,Methow_R,5026,0.01,Lyons_Ferry_H,5021,0.00,Hanford_Reach,5026,0.00,Wells_H,5026,0.00
Area127NWVI (11) troll 216 355,,Hanford_Reach,5026,0.52,Lyons_Ferry_H,5021,0.44,Nez_PerceT_H,5021,0.03,L_Wh_Sal_H_SF,5026,0.01,Priest_Rapid_H,5026,0.00
Area127NWVI (11) troll 216 356,,Coos_H,5011,0.31,S_Coos_R,5011,0.16,Wilson_R,5015,0.16,Alsea_R,5015,0.14,Trask_R,5015,0.11
,,,,,,,,,,,,,,,,
Sample: 32, Area_24,2012, troll, Jul26,,,,,,,,,,,,
Area_24 (12) troll 208 1,,Spring_Cr_col,5030,0.90,Elochoman_H,5030,0.09,Abernathy_Cr_Fa,5008,0.00,Abernathy_NFH_F,5008,0.00,Cowlitz_H_fa,5008,0.00
Area_24 (12) troll 208 10,,Clear_Cr_H,5020,0.80,Soos_H,5020,0.08,George_Adams_H,5005,0.04,Spring_Cr_col,5030,0.03,Bear_Cr_SuFa,5020,0.02
Area_24 (12) troll 208 11,,Soos_H,5020,0.41,Grovers_Cr_H,5020,0.33,Bear_Cr_SuFa,5020,0.13,NF_Nooksack_H,5016,0.04,George_Adams_H,5005,0.03
Area_24 (12) troll 208 12,,L_Shuswap,5,0.83,Eagle_R,5,0.09,Salmon@SA,5,0.07,Little_R,5,0.01,L_Adams,5,0.00
Area_24 (12) troll 208 13,,Priest_Rapid_H,5026,0.85,Cowlitz_H_fa,5008,0.05,Hanford_Reach,5026,0.03,Lewis_R_Su,5008,0.03,Lyons_Ferry_H,5021,0.03
Area_24 (12) troll 208 14,,Spring_Cr_col,5030,0.83,Elochoman_H,5030,0.16,Abernathy_NFH_F,5008,0.00,Cowlitz_H_fa,5008,0.00,,,
Area_24 (12) troll 208 15,,Lyons_Ferry_H,5021,0.91,Priest_Rapid_H,5026,0.07,Hanford_Reach,5026,0.01,Nez_PerceT_H,5021,0.00,Umatilla_H_Fa,5026,0.00
Area_24 (12) troll 208 16,,Spring_Cr_col,5030,0.47,Elochoman_H,5030,0.31,Cowlitz_H_fa,5008,0.06,Washougal_R_Fa,5008,0.05,Abernathy_NFH_F,5008,0.05
Area_24 (12) troll 208 17,,Spring_Cr_col,5030,0.72,Elochoman_H,5030,0.23,Priest_Rapid_H,5026,0.02,Abernathy_Cr_Fa,5008,0.02,Cowlitz_H_fa,5008,0.01
Area_24 (12) troll 208 18,,Clear_Cr_H,5020,0.50,Soos_H,5020,0.27,Grovers_Cr_H,5020,0.16,George_Adams_H,5005,0.04,Bear_Cr_SuFa,5020,0.02
Area_24 (12) troll 208 19,,Spring_Cr_col,5030,0.99,Elochoman_H,5030,0.01,Abernathy_Cr_Fa,5008,0.00,,,,,,
Area_24 (12) troll 208 2,,Lyons_Ferry_H,5021,0.76,Hanford_Reach,5026,0.19,Priest_Rapid_H,5026,0.04,Umatilla_H_Fa,5026,0.01,L_Wh_Sal_H_SF,5026,0.00
Area_24 (12) troll 208 20,,Soos_H,5020,0.48,Clear_Cr_H,5020,0.39,Bear_Cr_SuFa,5020,0.07,UW_H_SuFa,5020,0.03,Cedar_R_SuFa,5020,0.01
Area_24 (12) troll 208 21,,Spring_Cr_col,5030,0.97,Cowlitz_H_fa,5008,0.01,Abernathy_NFH_F,5008,0.01,Elochoman_H,5030,0.00,Abernathy_Cr_Fa,5008,0.00
Area_24 (12) troll 208 22,,Spring_Cr_col,5030,0.97,Elochoman_H,5030,0.02,Abernathy_NFH_F,5008,0.01,Big_Cr_H_Col,5030,0.00,,,
Area_24 (12) troll 208 23,,Spring_Cr_col,5030,0.99,Elochoman_H,5030,0.01,Abernathy_NFH_F,5008,0.00,,,,,,
Area_24 (12) troll 208 24,,Soos_H,5020,0.42,Clear_Cr_H,5020,0.11,Bear_Cr_SuFa,5020,0.10,Samish_H,5016,0.10,Columbia_Rogue,5019,0.08
Area_24 (12) troll 208 25,,Lyons_Ferry_H,5021,0.67,Hanford_Reach,5026,0.19,Priest_Rapid_H,5026,0.14,Umatilla_H_Fa,5026,0.01,Nez_PerceT_H,5021,0.00
Area_24 (12) troll 208 26,,Soos_H,5020,0.88,Bear_Cr_SuFa,5020,0.05,Clear_Cr_H,5020,0.04,Samish_H,5016,0.01,White_H,5020,0.01
Area_24 (12) troll 208 27,,Soos_H,5020,0.36,Clear_Cr_H,5020,0.20,Grovers_Cr_H,5020,0.18,Bear_Cr_SuFa,5020,0.15,Samish_H,5016,0.04
Area_24 (12) troll 208 28,,Soos_H,5020,0.80,Clear_Cr_H,5020,0.06,Grovers_Cr_H,5020,0.06,Bear_Cr_SuFa,5020,0.04,Hamma_Hamma_R,5005,0.01
Area_24 (12) troll 208 29,,Spring_Cr_col,5030,0.97,Abernathy_NFH_F,5008,0.02,Elochoman_H,5030,0.01,Abernathy_Cr_Fa,5008,0.00,Washougal_R_Fa,5008,0.00
Area_24 (12) troll 208 3,,Cowlitz_H_fa,5008,0.33,Lewis_R_Su,5008,0.31,Elochoman_H,5030,0.18,Washougal_R_Fa,5008,0.09,Lewis_R_f,5008,0.04
Area_24 (12) troll 208 30,,Spring_Cr_col,5030,0.92,Elochoman_H,5030,0.08,Abernathy_NFH_F,5008,0.00,Abernathy_Cr_Fa,5008,0.00,,,
Area_24 (12) troll 208 31,,Hanford_Reach,5026,0.30,Lewis_R_Su,5008,0.30,Washougal_R_Fa,5008,0.13,Priest_Rapid_H,5026,0.11,Cowlitz_H_fa,5008,0.08
Area_24 (12) troll 208 32,,Soos_H,5020,0.66,Clear_Cr_H,5020,0.31,Bear_Cr_SuFa,5020,0.02,Grovers_Cr_H,5020,0.01,Samish_H,5016,0.00
Area_24 (12) troll 208 33,,Lyons_Ferry_H,5021,0.73,Hanford_Reach,5026,0.13,Priest_Rapid_H,5026,0.13,Umatilla_H_Fa,5026,0.00,McKenzie_H,5029,0.00
Area_24 (12) troll 208 34,,Spring_Cr_col,5030,1.00,Abernathy_NFH_F,5008,0.00,Big_Cr_H_Col,5030,0.00,,,,,,
Area_24 (12) troll 208 35,,Clear_Cr_H,5020,0.32,Grovers_Cr_H,5020,0.23,Soos_H,5020,0.18,Bear_Cr_SuFa,5020,0.13,Samish_H,5016,0.10
Area_24 (12) troll 208 36,,Hanford_Reach,5026,0.34,Priest_Rapid_H,5026,0.26,Clear_Cr_H,5020,0.12,Lyons_Ferry_H,5021,0.09,Wells_H,5026,0.06
Area_24 (12) troll 208 37,,Spring_Cr_col,5030,0.99,Elochoman_H,5030,0.00,Abernathy_NFH_F,5008,0.00,Big_Cr_H_Col,5030,0.00,,,
Area_24 (12) troll 208 38,,Spring_Cr_col,5030,0.22,Washougal_R_Fa,5008,0.22,Cowlitz_H_fa,5008,0.18,Elochoman_H,5030,0.18,Lewis_R_Su,5008,0.12
Area_24 (12) troll 208 39,,Spring_Cr_col,5030,0.73,Elochoman_H,5030,0.27,Abernathy_Cr_Fa,5008,0.00,Abernathy_NFH_F,5008,0.00,Washougal_R_Fa,5008,0.00
Area_24 (12) troll 208 4,,Priest_Rapid_H,5026,0.72,Hanford_Reach,5026,0.24,Soos_H,5020,0.02,Lyons_Ferry_H,5021,0.00,Wells_H,5026,0.00
Area_24 (12) troll 208 40,,Spring_Cr_col,5030,0.99,Elochoman_H,5030,0.00,Abernathy_NFH_F,5008,0.00,Abernathy_Cr_Fa,5008,0.00,Cowlitz_H_fa,5008,0.00
Area_24 (12) troll 208 41,,Clear_Cr_H,5020,0.58,Soos_H,5020,0.20,Samish_H,5016,0.10,Bear_Cr_SuFa,5020,0.07,Grovers_Cr_H,5020,0.02
Area_24 (12) troll 208 42,,Clear_Cr_H,5020,0.79,Soos_H,5020,0.18,Bear_Cr_SuFa,5020,0.02,Umpqua_H,5011,0.00,NF_Skokomish_F,5005,0.00
Area_24 (12) troll 208 43,,Clear_Cr_H,5020,0.83,Soos_H,5020,0.11,Bear_Cr_SuFa,5020,0.04,George_Adams_H,5005,0.01,Samish_H,5016,0.01
Area_24 (12) troll 208 44,,Spring_Cr_col,5030,0.70,Elochoman_H,5030,0.28,Big_Cr_H_Col,5030,0.01,Abernathy_NFH_F,5008,0.01,Washougal_R_Fa,5008,0.00
Area_24 (12) troll 208 45,,Spring_Cr_col,5030,1.00,Elochoman_H,5030,0.00,Washougal_R_Fa,5008,0.00,Abernathy_Cr_Fa,5008,0.00,,,
Area_24 (12) troll 208 46,,Spring_Cr_col,5030,0.61,Elochoman_H,5030,0.32,Abernathy_Cr_Fa,5008,0.06,Abernathy_NFH_F,5008,0.01,Cowlitz_H_fa,5008,0.00
Area_24 (12) troll 208 47,,Chilliwack_F,3,0.84,Harrison,3,0.10,Clearwater,4,0.01,Stuart,2,0.01,Capilano,9,0.01
Area_24 (12) troll 208 48,,Cowlitz_H_fa,5008,0.37,Elochoman_H,5030,0.19,Washougal_R_Fa,5008,0.19,Lewis_R_Su,5008,0.09,Abernathy_Cr_Fa,5008,0.09
Area_24 (12) troll 208 49,,Priest_Rapid_H,5026,0.90,Lyons_Ferry_H,5021,0.07,Hanford_Reach,5026,0.03,Nez_PerceT_H,5021,0.00,ClearwaterRFa,5021,0.00
Area_24 (12) troll 208 5,,Priest_Rapid_H,5026,0.72,Hanford_Reach,5026,0.22,Lyons_Ferry_H,5021,0.02,Methow_R,5026,0.01,L_Deschutes_R,5004,0.01
Area_24 (12) troll 208 50,,NF_Nooksack_H,5016,0.91,Skagit_R,5016,0.04,Soos_H,5020,0.02,Umatilla_H_Fa,5026,0.01,U_Sauk_R_SpSu,5016,0.01
Area_24 (12) troll 208 51,,Priest_Rapid_H,5026,0.80,Lyons_Ferry_H,5021,0.11,Hanford_Reach,5026,0.08,Umatilla_H_Fa,5026,0.00,L_Deschutes_R,5004,0.00
Area_24 (12) troll 208 52,,Priest_Rapid_H,5026,0.33,Sarita,8,0.21,Nahmint,8,0.17,Hanford_Reach,5026,0.07,Toquart,8,0.05
Area_24 (12) troll 208 53,,Clear_Cr_H,5020,0.71,Bear_Cr_SuFa,5020,0.10,George_Adams_H,5005,0.06,Samish_H,5016,0.05,Grovers_Cr_H,5020,0.04
Area_24 (12) troll 208 54,,Spring_Cr_col,5030,0.88,Elochoman_H,5030,0.10,Abernathy_NFH_F,5008,0.01,Big_Cr_H_Col,5030,0.00,Priest_Rapid_H,5026,0.00
Area_24 (12) troll 208 55,,Clear_Cr_H,5020,0.57,Soos_H,5020,0.35,Bear_Cr_SuFa,5020,0.06,Cedar_R_SuFa,5020,0.01,George_Adams_H,5005,0.01
Area_24 (12) troll 208 56,,Forks_Cr_H,5028,0.39,Lewis_R_Su,5008,0.22,Cowlitz_H_fa,5008,0.17,Umpqua_H,5011,0.11,Hanford_Reach,5026,0.04
Area_24 (12) troll 208 57,,Priest_Rapid_H,5026,0.78,Hanford_Reach,5026,0.12,Lyons_Ferry_H,5021,0.10,L_Deschutes_R,5004,0.00,L_Wh_Sal_H_SF,5026,0.00
Area_24 (12) troll 208 58,,Spring_Cr_col,5030,0.48,Elochoman_H,5030,0.25,Abernathy_Cr_Fa,5008,0.10,Lewis_R_Su,5008,0.09,Abernathy_NFH_F,5008,0.03
Area_24 (12) troll 208 59,,UW_H_SuFa,5020,0.38,Grovers_Cr_H,5020,0.19,Bear_Cr_SuFa,5020,0.15,Soos_H,5020,0.13,Samish_H,5016,0.06
Area_24 (12) troll 208 6,,Spring_Cr_col,5030,0.95,Elochoman_H,5030,0.03,Abernathy_Cr_Fa,5008,0.00,Abernathy_NFH_F,5008,0.00,Cowlitz_H_fa,5008,0.00
Area_24 (12) troll 208 60,Number of missing Loci exceeded,,,,,,,,,,,,,,,
Area_24 (12) troll 208 62,Number of missing Loci exceeded,,,,,,,,,,,,,,,
Area_24 (12) troll 208 63,Number of missing Loci exceeded,,,,,,,,,,,,,,,
Area_24 (12) troll 208 64,,Spring_Cr_col,5030,0.85,Elochoman_H,5030,0.14,Abernathy_NFH_F,5008,0.01,Abernathy_Cr_Fa,5008,0.00,Clear_Cr_H,5020,0.00
Area_24 (12) troll 208 65,,Lyons_Ferry_H,5021,0.93,Hanford_Reach,5026,0.05,Priest_Rapid_H,5026,0.02,Wells_H,5026,0.00,ClearwaterRFa,5021,0.00
Area_24 (12) troll 208 66,,Clear_Cr_H,5020,0.43,Soos_H,5020,0.12,Puntledge_F,7,0.12,Priest_Rapid_H,5026,0.10,Cowichan,7,0.09
Area_24 (12) troll 208 68,,Priest_Rapid_H,5026,0.68,Hanford_Reach,5026,0.27,Wells_H,5026,0.02,Lyons_Ferry_H,5021,0.02,Umatilla_H_Fa,5026,0.00
Area_24 (12) troll 208 69,,Soos_H,5020,0.91,Bear_Cr_SuFa,5020,0.05,Grovers_Cr_H,5020,0.03,George_Adams_H,5005,0.01,S_Prairie_Cr,5020,0.01
Area_24 (12) troll 208 7,,Soos_H,5020,0.88,Bear_Cr_SuFa,5020,0.07,Samish_H,5016,0.03,Cedar_R_SuFa,5020,0.01,George_Adams_H,5005,0.00
Area_24 (12) troll 208 70,,Umpqua_H,5011,0.53,Clear_Cr_H,5020,0.17,Columbia_Rogue,5019,0.11,Soos_H,5020,0.05,Forks_Cr_H,5028,0.05
Area_24 (12) troll 208 71,,Priest_Rapid_H,5026,0.71,Hanford_Reach,5026,0.29,Methow_R,5026,0.00,Lyons_Ferry_H,5021,0.00,,,
Area_24 (12) troll 208 72,,Priest_Rapid_H,5026,0.65,Hanford_Reach,5026,0.19,Lyons_Ferry_H,5021,0.15,L_Wh_Sal_H_SF,5026,0.01,Nez_PerceT_H,5021,0.00
Area_24 (12) troll 208 73,,Soos_H,5020,0.53,Clear_Cr_H,5020,0.40,Bear_Cr_SuFa,5020,0.05,Cedar_R_SuFa,5020,0.01,Samish_H,5016,0.01
Area_24 (12) troll 208 74,,Priest_Rapid_H,5026,0.76,Hanford_Reach,5026,0.15,Lyons_Ferry_H,5021,0.08,Umatilla_H_Fa,5026,0.01,Methow_R,5026,0.00
Area_24 (12) troll 208 8,,Forks_Cr_H,5028,0.98,Columbia_Rogue,5019,0.00,Soos_H,5020,0.00,Skagit_R,5016,0.00,Priest_Rapid_H,5026,0.00
Area_24 (12) troll 208 9,,Lewis_R_Su,5008,0.35,Cowlitz_H_fa,5008,0.28,Elochoman_H,5030,0.15,Washougal_R_Fa,5008,0.10,Priest_Rapid_H,5026,0.05
,,,,,,,,,,,,,,,,
Sample: 33, Area_24xgill,2012, troll, Jul26,,,,,,,,,,,,
Area_24xgill (12) troll 208 1,,Trinity_H_sp,5007,0.76,S_Umpqua_H,5011,0.24,Klamath_R_fa,5007,0.00,Columbia_Rogue,5019,0.00,Elochoman_R_Fa,5008,0.00
Area_24xgill (12) troll 208 10,,L_Adams,5,0.97,L_Thompson,5,0.02,Umatilla_H_Fa,5026,0.00,Umatilla_H,5026,0.00,,,
Area_24xgill (12) troll 208 11,,George_Adams_H,5005,0.57,S_Umpqua_H,5011,0.28,NanaimoSu_BackX,7,0.10,Clear_Cr_H,5020,0.02,Soos_H,5020,0.01
Area_24xgill (12) troll 208 12,,Lyons_Ferry_H,5021,0.61,Priest_Rapid_H,5026,0.34,Nez_PerceT_H,5021,0.04,Umatilla_H,5026,0.00,Hanford_Reach,5026,0.00
Area_24xgill (12) troll 208 13,,Priest_Rapid_H,5026,0.42,Hanford_Reach,5026,0.30,Lyons_Ferry_H,5021,0.09,Umatilla_H_Fa,5026,0.07,Nez_PerceT_H,5021,0.04
Area_24xgill (12) troll 208 14,,Priest_Rapid_H,5026,0.98,Umatilla_H_Fa,5026,0.01,George_Adams_H,5005,0.01,Wells_H,5026,0.00,L_Wh_Sal_H_SF,5026,0.00
Area_24xgill (12) troll 208 15,,Spring_Cr_col,5030,0.99,Elochoman_R_Fa,5008,0.00,Big_Cr_H_Col,5030,0.00,Green_R_Fa,5008,0.00,Abernathy_Cr_Fa,5008,0.00
Area_24xgill (12) troll 208 16,,Soos_H,5020,0.29,Maria_Slough,13,0.28,Makah_H,5028,0.21,George_Adams_H,5005,0.10,Cedar_R_SuFa,5020,0.02
Area_24xgill (12) troll 208 17,,Lyons_Ferry_H,5021,0.62,Nez_PerceT_H,5021,0.17,Hanford_Reach,5026,0.12,Priest_Rapid_H,5026,0.08,Umatilla_H_Fa,5026,0.00
Area_24xgill (12) troll 208 18,,Chilliwack_F,3,0.90,NanaimoSu_BackX,7,0.03,Harrison,3,0.03,N_Thom@Main,4,0.00,Torpy,1,0.00
Area_24xgill (12) troll 208 19,,N_Santiam_H,5029,0.30,S_Umpqua_H,5011,0.30,Priest_Rapid_H,5026,0.11,Umatilla_H_Fa,5026,0.10,Andrew_MedH,5024,0.05
Area_24xgill (12) troll 208 2,,Priest_Rapid_H,5026,0.97,Umatilla_H_Fa,5026,0.03,Umatilla_H,5026,0.00,Wells_H,5026,0.00,Hanford_Reach,5026,0.00
Area_24xgill (12) troll 208 20,,Chilliwack_F,3,0.96,Harrison,3,0.04,,,,,,,,,
Area_24xgill (12) troll 208 21,,Priest_Rapid_H,5026,0.98,Umatilla_H_Fa,5026,0.01,Hanford_Reach,5026,0.00,Harrison,3,0.00,Wells_H,5026,0.00
Area_24xgill (12) troll 208 22,,Priest_Rapid_H,5026,0.85,Lyons_Ferry_H,5021,0.12,Wells_H,5026,0.02,Hanford_Reach,5026,0.01,Umatilla_H_Fa,5026,0.00
Area_24xgill (12) troll 208 23,,George_Adams_H,5005,0.59,Soos_H,5020,0.23,Cedar_R_SuFa,5020,0.07,Hamma_Hamma_R,5005,0.04,Bear_Cr_SuFa,5020,0.04
Area_24xgill (12) troll 208 24,,George_Adams_H,5005,0.99,Soos_H,5020,0.01,Bear_Cr_SuFa,5020,0.00,NF_Skokomish_F,5005,0.00,Clear_Cr_H,5020,0.00
Area_24xgill (12) troll 208 25,,Forks_Cr_H,5028,0.96,Soos_H,5020,0.02,Puntledge_BackX,7,0.01,NanaimoSu_BackX,7,0.00,Cedar_R_SuFa,5020,0.00
Area_24xgill (12) troll 208 26,,Lyons_Ferry_H,5021,0.54,Priest_Rapid_H,5026,0.32,Nez_PerceT_H,5021,0.10,Hanford_Reach,5026,0.02,Wells_H,5026,0.01
Area_24xgill (12) troll 208 27,,George_Adams_H,5005,0.67,Soos_H,5020,0.22,Cedar_R_SuFa,5020,0.08,Hamma_Hamma_R,5005,0.01,Bear_Cr_SuFa,5020,0.01
Area_24xgill (12) troll 208 28,,Spring_Cr_col,5030,1.00,Big_Cr_H_Col,5030,0.00,Abernathy_NFH_F,5008,0.00,,,,,,
Area_24xgill (12) troll 208 29,,Washougal_R_Fa,5008,0.60,Spring_Cr_col,5030,0.35,Elochoman_R_Fa,5008,0.02,Cowlitz_H_fa,5008,0.02,Big_Cr_H_Col,5030,0.01
Area_24xgill (12) troll 208 3,,Priest_Rapid_H,5026,0.92,Umatilla_H_Fa,5026,0.07,Hanford_Reach,5026,0.01,Wells_H,5026,0.00,L_Adams,5,0.00
Area_24xgill (12) troll 208 30,,Washougal_R_Fa,5008,0.78,Cowlitz_H_fa,5008,0.12,Elochoman_R_Fa,5008,0.09,Abernathy_Cr_Fa,5008,0.01,Spring_Cr_col,5030,0.00
Area_24xgill (12) troll 208 31,,Spring_Cr_col,5030,0.98,Big_Cr_H_Col,5030,0.02,Washougal_R_Fa,5008,0.00,Cowlitz_H_fa,5008,0.00,Abernathy_NFH_F,5008,0.00
Area_24xgill (12) troll 208 32,,Forks_Cr_H,5028,1.00,Elochoman_R_Fa,5008,0.00,Humptulips_H,5028,0.00,Makah_H,5028,0.00,,,
Area_24xgill (12) troll 208 33,,George_Adams_H,5005,0.94,Soos_H,5020,0.02,Cedar_R_SuFa,5020,0.02,Hamma_Hamma_R,5005,0.01,Samish_H,5016,0.01
Area_24xgill (12) troll 208 34,,Spring_Cr_col,5030,0.63,Washougal_R_Fa,5008,0.23,Cowlitz_H_fa,5008,0.07,Elochoman_R_Fa,5008,0.05,Abernathy_NFH_F,5008,0.01
Area_24xgill (12) troll 208 35,,Spring_Cr_col,5030,1.00,Big_Cr_H_Col,5030,0.00,Elochoman_H,5030,0.00,Abernathy_NFH_F,5008,0.00,,,
Area_24xgill (12) troll 208 36,,Spring_Cr_col,5030,0.96,Cowlitz_H_fa,5008,0.01,Big_Cr_H_Col,5030,0.01,Abernathy_NFH_F,5008,0.01,Washougal_R_Fa,5008,0.00
Area_24xgill (12) troll 208 37,,Spring_Cr_col,5030,0.90,Washougal_R_Fa,5008,0.08,Big_Cr_H_Col,5030,0.01,Abernathy_NFH_F,5008,0.00,Elochoman_R_Fa,5008,0.00
Area_24xgill (12) troll 208 38,Number of missing Loci exceeded,,,,,,,,,,,,,,,
Area_24xgill (12) troll 208 39,Dupe with 42,George_Adams_H,5005,0.99,Soos_H,5020,0.01,Cedar_R_SuFa,5020,0.00,Voights_H,5020,0.00,Samish_H,5016,0.00
Area_24xgill (12) troll 208 4,,Priest_Rapid_H,5026,0.99,Hanford_Reach,5026,0.00,Nez_PerceT_H,5021,0.00,Lyons_Ferry_H,5021,0.00,Umatilla_H_Fa,5026,0.00
Area_24xgill (12) troll 208 40,,Priest_Rapid_H,5026,0.83,Lyons_Ferry_H,5021,0.15,Hanford_Reach,5026,0.01,Umatilla_H_Fa,5026,0.00,L_Wh_Sal_H_SF,5026,0.00
Area_24xgill (12) troll 208 41,,Spring_Cr_col,5030,1.00,Washougal_R_Fa,5008,0.00,Cowlitz_H_fa,5008,0.00,,,,,,
Area_24xgill (12) troll 208 42,,George_Adams_H,5005,0.48,Soos_H,5020,0.38,Cedar_R_SuFa,5020,0.11,Clear_Cr_H,5020,0.01,Bear_Cr_SuFa,5020,0.01
Area_24xgill (12) troll 208 43,Dupe with 38,George_Adams_H,5005,0.99,Soos_H,5020,0.01,Cedar_R_SuFa,5020,0.01,Voights_H,5020,0.00,NF_Skokomish_F,5005,0.00
Area_24xgill (12) troll 208 44,,George_Adams_H,5005,0.61,Soos_H,5020,0.35,Cedar_R_SuFa,5020,0.02,Bear_Cr_SuFa,5020,0.01,Clear_Cr_H,5020,0.01
Area_24xgill (12) troll 208 45,,Washougal_R_Fa,5008,0.82,Elochoman_R_Fa,5008,0.09,Cowlitz_H_fa,5008,0.08,Green_R_Fa,5008,0.01,Abernathy_Cr_Fa,5008,0.00
Area_24xgill (12) troll 208 46,,Spring_Cr_col,5030,0.96,Big_Cr_H_Col,5030,0.03,Abernathy_NFH_F,5008,0.00,Abernathy_Cr_Fa,5008,0.00,Cowlitz_H_fa,5008,0.00
Area_24xgill (12) troll 208 47,,N_Santiam_H,5029,0.83,McKenzie_H,5029,0.17,,,,,,,,,
Area_24xgill (12) troll 208 48,,Priest_Rapid_H,5026,0.98,Umatilla_H_Fa,5026,0.01,Hanford_Reach,5026,0.01,Wells_H,5026,0.00,Lyons_Ferry_H,5021,0.00
Area_24xgill (12) troll 208 49,,Nitinat,8,0.85,Toquart,8,0.15,,,,,,,,,
Area_24xgill (12) troll 208 5,,George_Adams_H,5005,0.87,Cedar_R_SuFa,5020,0.03,Hamma_Hamma_R,5005,0.02,Washougal_R_Fa,5008,0.02,Umatilla_H_Fa,5026,0.02
Area_24xgill (12) troll 208 50,,Priest_Rapid_H,5026,0.79,Umatilla_H_Fa,5026,0.20,Wells_H,5026,0.00,L_Wh_Sal_H_SF,5026,0.00,Elochoman_R_Fa,5008,0.00
Area_24xgill (12) troll 208 51,,Priest_Rapid_H,5026,0.84,Lyons_Ferry_H,5021,0.11,Umatilla_H_Fa,5026,0.02,Hanford_Reach,5026,0.01,Nez_PerceT_H,5021,0.01
Area_24xgill (12) troll 208 52,,George_Adams_H,5005,0.77,Cedar_R_SuFa,5020,0.06,Soos_H,5020,0.05,Priest_Rapid_H,5026,0.02,Spring_Cr_col,5030,0.02
Area_24xgill (12) troll 208 53,,Washougal_R_Fa,5008,0.71,Cowlitz_H_fa,5008,0.13,Elochoman_R_Fa,5008,0.09,Priest_Rapid_H,5026,0.04,Hanford_Reach,5026,0.02
Area_24xgill (12) troll 208 54,,Nehalem_R,5015,1.00,,,,,,,,,,,,
Area_24xgill (12) troll 208 55,,Soos_H,5020,0.52,George_Adams_H,5005,0.21,Cedar_R_SuFa,5020,0.20,Hamma_Hamma_R,5005,0.02,Clear_Cr_H,5020,0.02
Area_24xgill (12) troll 208 56,,Holmes,1,0.40,Torpy,1,0.12,Morkill,1,0.10,Horsefly,2,0.10,McGregor,1,0.09
Area_24xgill (12) troll 208 57,,Washougal_R_Fa,5008,0.68,Cowlitz_H_fa,5008,0.13,Lewis_R_LSu,5008,0.07,Elochoman_R_Fa,5008,0.07,Lewis_R_f,5008,0.03
Area_24xgill (12) troll 208 58,,Priest_Rapid_H,5026,0.55,Umatilla_H_Fa,5026,0.24,Hanford_Reach,5026,0.11,Umatilla_H,5026,0.07,Wells_H,5026,0.03
Area_24xgill (12) troll 208 59,,Washougal_R_Fa,5008,0.29,Priest_Rapid_H,5026,0.26,Umatilla_H_Fa,5026,0.11,Hanford_Reach,5026,0.11,Lyons_Ferry_H,5021,0.07
Area_24xgill (12) troll 208 6,,Puntledge_BackX,7,0.73,Chemainus,7,0.19,Nanaimo_SP,7,0.04,Nanaimo_F,7,0.03,Big_Qualicum,7,0.01
Area_24xgill (12) troll 208 60,,Forks_Cr_H,5028,1.00,Christina,18,0.00,,,,,,,,,
Area_24xgill (12) troll 208 61,,Holmes,1,0.38,NanaimoSu_BackX,7,0.30,Torpy,1,0.13,Horsefly,2,0.11,Morkill,1,0.03
Area_24xgill (12) troll 208 62,,Priest_Rapid_H,5026,0.87,Lyons_Ferry_H,5021,0.11,Hanford_Reach,5026,0.01,Umatilla_H_Fa,5026,0.01,Wells_H,5026,0.00
Area_24xgill (12) troll 208 63,,Forks_Cr_H,5028,0.90,Makah_H,5028,0.09,Skagit_R,5016,0.00,Washougal_R_Fa,5008,0.00,Alsea_R,5015,0.00
Area_24xgill (12) troll 208 64,,Chilliwack_F,3,0.96,Harrison,3,0.04,,,,,,,,,
Area_24xgill (12) troll 208 65,,Holmes,1,0.35,NanaimoSu_BackX,7,0.30,Horsefly,2,0.13,Torpy,1,0.13,Harrison,3,0.04
Area_24xgill (12) troll 208 67,,Priest_Rapid_H,5026,0.90,Hanford_Reach,5026,0.03,Lyons_Ferry_H,5021,0.03,Umatilla_H_Fa,5026,0.03,ClearwaterRFa,5021,0.00
Area_24xgill (12) troll 208 68,,Nehalem_R,5015,1.00,,,,,,,,,,,,
Area_24xgill (12) troll 208 7,,Chilliwack_F,3,0.96,Harrison,3,0.04,NanaimoSu_BackX,7,0.00,Priest_Rapid_H,5026,0.00,Fiddler_Cr,23,0.00
Area_24xgill (12) troll 208 70,,Puntledge_BackX,7,0.27,Soos_H,5020,0.14,Priest_Rapid_H,5026,0.11,Cedar_R_SuFa,5020,0.11,George_Adams_H,5005,0.08
Area_24xgill (12) troll 208 8,,Priest_Rapid_H,5026,1.00,Umatilla_H,5026,0.00,Hanford_Reach,5026,0.00,Umatilla_H_Fa,5026,0.00,L_Deschutes_R,5004,0.00
Area_24xgill (12) troll 208 9,,George_Adams_H,5005,0.47,Soos_H,5020,0.42,Cedar_R_SuFa,5020,0.05,Bear_Cr_SuFa,5020,0.03,Samish_H,5016,0.01
,,,,,,,,,,,,,,,,
Sample: 34, Area123,2012, troll, May07-Oct12,,,,,,,,,,,,
Area123 (12) troll 128 274,,Wenatchee_R_SF,5026,0.78,Methow_R,5026,0.21,Hanford_Reach,5026,0.01,Nez_PerceT_H,5021,0.00,Lyons_Ferry_H,5021,0.00
Area123 (12) troll 128 275,,Snoqualmie_R,5016,0.38,Skagit_R,5016,0.27,U_Sauk_R_SpSu,5016,0.10,George_Adams_H,5005,0.07,Cedar_R_SuFa,5020,0.05
Area123 (12) troll 128 276,,Hanford_Reach,5026,0.74,Priest_Rapid_H,5026,0.09,Nez_PerceT_H,5021,0.05,Lyons_Ferry_H,5021,0.04,L_Deschutes_R,5004,0.04
Area123 (12) troll 128 277,,L_Thompson,5,0.80,Little_R,5,0.11,L_Adams,5,0.03,Nez_PerceT_H,5021,0.02,South_Thom,5,0.02
Area123 (12) troll 128 278,,S_Coos_R,5011,0.71,Salmon_R_f,5015,0.11,Umpqua_H,5011,0.09,S_Umpqua_H,5011,0.05,Humptulips_H,5028,0.01
Area123 (12) troll 128 279,,Spring_Cr_col,5030,1.00,Elochoman_H,5030,0.00,Abernathy_NFH_F,5008,0.00,Big_Cr_H_Col,5030,0.00,Cowlitz_H_fa,5008,0.00
Area123 (12) troll 128 280,,Priest_Rapid_H,5026,0.75,Methow_R,5026,0.13,Hanford_Reach,5026,0.09,Nez_PerceT_H,5021,0.01,Lyons_Ferry_H,5021,0.01
Area123 (12) troll 128 281,,Spring_Cr_col,5030,0.48,Hanford_Reach,5026,0.18,Abernathy_Cr_Fa,5008,0.14,Elochoman_H,5030,0.05,Big_Cr_H_Col,5030,0.04
Area123 (12) troll 128 282,,Nez_PerceT_H,5021,0.68,Abernathy_Cr_Fa,5008,0.16,Butte_Cr_f,5001,0.10,Lewis_R_Su,5008,0.04,Hanford_Reach,5026,0.01
Area123 (12) troll 128 283,,Big_Cr_H_Col,5030,0.76,Cowlitz_H_sp,5009,0.23,Green_R_Fa,5008,0.00,Kalama_H_sp,5009,0.00,Spring_Cr_col,5030,0.00
Area123 (12) troll 128 284,,Chilliwack_F,3,0.84,Harrison,3,0.14,Chilliwac@Stav,3,0.01,Cedar_R_SuFa,5020,0.00,L_Skagit_R_Fa,5016,0.00
Area123 (12) troll 128 285,,Big_Cr_H_Col,5030,0.79,Elochoman_H,5030,0.09,NF_Nooksack_H,5016,0.06,Spring_Cr_col,5030,0.04,Abernathy_Cr_Fa,5008,0.01
Area123 (12) troll 128 286,,Kalama_H_sp,5009,0.65,N_Santiam_H,5029,0.19,L_Deschutes_R,5004,0.07,Methow_R,5026,0.03,Wenatchee_R_SF,5026,0.03
Area123 (12) troll 128 287,,Priest_Rapid_H,5026,0.70,Hanford_Reach,5026,0.29,Priest_Rapids_H,5026,0.00,ClearwaterRFa,5021,0.00,Umatilla_H_Fa,5026,0.00
Area123 (12) troll 128 288,,Cedar_R_SuFa,5020,0.33,Soos_H,5020,0.25,George_Adams_H,5005,0.23,Grovers_Cr_H,5020,0.10,NF_Skokomish_F,5005,0.05
Area123 (12) troll 128 289,,L_Skagit_R_Fa,5016,0.51,L_Deschutes_R,5004,0.20,U_Deschutes_R,5004,0.08,Hanford_Reach,5026,0.06,Priest_Rapid_H,5026,0.04
Area123 (12) troll 128 290,,Hanford_Reach,5026,0.42,Priest_Rapid_H,5026,0.35,Methow_R,5026,0.12,Wenatchee_R_SF,5026,0.04,L_Wh_Sal_H_SF,5026,0.02
Area123 (12) troll 136 191,,Big_Cr_H_Col,5030,0.61,Spring_Cr_col,5030,0.37,Elochoman_H,5030,0.02,Abernathy_Cr_Fa,5008,0.00,Abernathy_NFH_F,5008,0.00
Area123 (12) troll 136 192,,Wenatchee_R_SF,5026,0.93,Priest_Rapid_H,5026,0.06,Methow_R,5026,0.00,Wells_H,5026,0.00,Hanford_Reach,5026,0.00
Area123 (12) troll 136 193,,George_Adams_H,5005,0.78,Soos_H,5020,0.08,NF_Skokomish_F,5005,0.07,L_Skagit_R_Fa,5016,0.03,Cedar_R_SuFa,5020,0.02
Area123 (12) troll 136 194,,Hanford_Reach,5026,0.69,Priest_Rapid_H,5026,0.13,Lyons_Ferry_H,5021,0.07,Nez_PerceT_H,5021,0.05,Methow_R,5026,0.03
Area123 (12) troll 136 195,,Grovers_Cr_H,5020,0.63,Soos_H,5020,0.19,George_Adams_H,5005,0.09,Cedar_R_SuFa,5020,0.07,Clear_Cr_H,5020,0.01
Area123 (12) troll 136 196,,Spring_Cr_col,5030,1.00,Abernathy_NFH_F,5008,0.00,Big_Cr_H_Col,5030,0.00,,,,,,
Area123 (12) troll 136 197,,Spring_Cr_col,5030,0.86,Big_Cr_H_Col,5030,0.14,Abernathy_Cr_Fa,5008,0.00,,,,,,
Area123 (12) troll 136 198,,NF_Skokomish_F,5005,0.96,George_Adams_H,5005,0.01,Soos_H,5020,0.01,L_Skagit_R_Fa,5016,0.01,Grovers_Cr_H,5020,0.00
Area123 (12) troll 136 199,,George_Adams_H,5005,0.74,NF_Skokomish_F,5005,0.22,Clear_Cr_H,5020,0.02,Grovers_Cr_H,5020,0.01,Cedar_R_SuFa,5020,0.00
Area123 (12) troll 136 200,,Priest_Rapid_H,5026,0.43,Nez_PerceT_H,5021,0.20,Hanford_Reach,5026,0.14,L_Deschutes_R,5004,0.08,Lyons_Ferry_H,5021,0.07
Area123 (12) troll 136 201,,Soos_H,5020,0.45,L_Skagit_R_Fa,5016,0.12,Skagit_R,5016,0.10,NF_Skokomish_F,5005,0.08,Cedar_R_SuFa,5020,0.05
Area123 (12) troll 136 202,,N_Santiam_H,5029,1.00,McKenzie_H,5029,0.00,L_Deschutes_R,5004,0.00,Kalama_H_sp,5009,0.00,,,
Area123 (12) troll 136 203,,Hanford_Reach,5026,0.52,Lyons_Ferry_H,5021,0.26,Nez_PerceT_H,5021,0.16,Priest_Rapid_H,5026,0.04,Methow_R,5026,0.01
Area123 (12) troll 136 204,,N_Santiam_H,5029,0.39,Kalama_H_sp,5009,0.37,Cowlitz_H_sp,5009,0.06,Umpqua_H,5011,0.06,Abernathy_Cr_Fa,5008,0.05
Area123 (12) troll 136 205,,Soos_H,5020,0.59,Cedar_R_SuFa,5020,0.35,George_Adams_H,5005,0.02,Voights_H,5020,0.02,Clear_Cr_H,5020,0.01
Area123 (12) troll 136 206,,N_Santiam_H,5029,0.69,Kalama_H_sp,5009,0.27,Priest_Rapid_H,5026,0.02,L_Deschutes_R,5004,0.01,McKenzie_H,5029,0.00
Area123 (12) troll 136 207,,George_Adams_H,5005,0.77,NF_Skokomish_F,5005,0.15,Grovers_Cr_H,5020,0.03,Soos_H,5020,0.02,L_Skagit_R_Fa,5016,0.01
Area123 (12) troll 136 208,,Spring_Cr_col,5030,0.96,Big_Cr_H_Col,5030,0.02,Cowlitz_H_sp,5009,0.01,Abernathy_Cr_Fa,5008,0.01,Washougal_R_Fa,5008,0.01
Area123 (12) troll 136 209,,Wenatchee_R_SF,5026,0.84,Methow_R,5026,0.15,Priest_Rapid_H,5026,0.00,L_Wh_Sal_H_SF,5026,0.00,Hanford_Reach,5026,0.00
Area123 (12) troll 136 210,,NF_Skokomish_F,5005,0.82,George_Adams_H,5005,0.14,Soos_H,5020,0.01,Cedar_R_SuFa,5020,0.01,Clear_Cr_H,5020,0.01
Area123 (12) troll 136 211,,Soos_H,5020,0.78,Cedar_R_SuFa,5020,0.11,Snoqualmie_R,5016,0.06,L_Skagit_R_Fa,5016,0.04,George_Adams_H,5005,0.01
Area123 (12) troll 136 212,,Spring_Cr_col,5030,0.98,Abernathy_Cr_Fa,5008,0.02,Big_Cr_H_Col,5030,0.00,Lewis_R_Su,5008,0.00,L_Deschutes_R,5004,0.00
Area123 (12) troll 136 213,,Soos_H,5020,0.94,Grovers_Cr_H,5020,0.04,George_Adams_H,5005,0.02,Cedar_R_SuFa,5020,0.00,Clear_Cr_H,5020,0.00
Area123 (12) troll 136 214,,Big_Cr_H_Col,5030,0.98,Elochoman_H,5030,0.02,Spring_Cr_col,5030,0.00,Abernathy_Cr_Fa,5008,0.00,Cowlitz_H_fa,5008,0.00
Area123 (12) troll 136 215,,N_Santiam_H,5029,0.98,McKenzie_H,5029,0.01,Kalama_H_sp,5009,0.00,Snoqualmie_R,5016,0.00,L_Deschutes_R,5004,0.00
Area123 (12) troll 136 216,,Washougal_R_Fa,5008,0.56,Green_R_Fa,5008,0.15,Abernathy_Cr_Fa,5008,0.11,S_Coos_R,5011,0.10,Coweeman_R_Fa,5008,0.07
Area123 (12) troll 136 217,,Kalama_H_sp,5009,0.74,Cowlitz_H_sp,5009,0.21,Lewis_R_Su,5008,0.02,Abernathy_Cr_Fa,5008,0.02,Washougal_R_Fa,5008,0.00
Area123 (12) troll 136 218,,Washougal_R_Fa,5008,0.55,Abernathy_Cr_Fa,5008,0.43,Lewis_R_Su,5008,0.01,Cowlitz_H_fa,5008,0.00,L_Skagit_R_Fa,5016,0.00
Area123 (12) troll 136 219,,Spring_Cr_col,5030,0.78,Elochoman_H,5030,0.09,Abernathy_Cr_Fa,5008,0.08,Green_R_Fa,5008,0.04,Big_Cr_H_Col,5030,0.00
Area123 (12) troll 136 220,,Soos_H,5020,0.78,George_Adams_H,5005,0.12,Cedar_R_SuFa,5020,0.07,Clear_Cr_H,5020,0.02,Grovers_Cr_H,5020,0.01
Area123 (12) troll 136 221,,George_Adams_H,5005,0.53,NF_Skokomish_F,5005,0.18,Snoqualmie_R,5016,0.10,L_Skagit_R_Fa,5016,0.10,NanaimoSu_BackX,7,0.02
Area123 (12) troll 136 222,,NF_Nooksack_H,5016,0.85,L_Skagit_R_Fa,5016,0.04,U_Sauk_R_SpSu,5016,0.04,Harrison,3,0.04,Skagit_R,5016,0.02
Area123 (12) troll 136 223,,Priest_Rapid_H,5026,0.71,Hanford_Reach,5026,0.10,Soos_H,5020,0.07,Voights_H,5020,0.05,Snoqualmie_R,5016,0.04
Area123 (12) troll 136 224,,NF_Skokomish_F,5005,0.47,Cedar_R_SuFa,5020,0.35,Soos_H,5020,0.06,Grovers_Cr_H,5020,0.05,George_Adams_H,5005,0.04
Area123 (12) troll 136 225,,Spring_Cr_col,5030,0.45,Big_Cr_H_Col,5030,0.37,Elochoman_H,5030,0.12,Abernathy_Cr_Fa,5008,0.06,Abernathy_NFH_F,5008,0.01
Area123 (12) troll 136 226,,Cedar_R_SuFa,5020,0.53,Snoqualmie_R,5016,0.28,George_Adams_H,5005,0.09,NF_Skokomish_F,5005,0.04,Puntledge_BackX,7,0.02
Area123 (12) troll 136 227,,Spring_Cr_col,5030,0.65,Big_Cr_H_Col,5030,0.30,Abernathy_Cr_Fa,5008,0.03,Abernathy_NFH_F,5008,0.00,Elochoman_H,5030,0.00
Area123 (12) troll 136 228,,Cedar_R_SuFa,5020,0.45,George_Adams_H,5005,0.28,Soos_H,5020,0.16,Snoqualmie_R,5016,0.04,Voights_H,5020,0.03
Area123 (12) troll 136 229,,Lewis_R_Su,5008,0.95,Washougal_R_Fa,5008,0.03,Abernathy_Cr_Fa,5008,0.02,Green_R_Fa,5008,0.00,Cowlitz_H_fa,5008,0.00
Area123 (12) troll 136 230,,Spring_Cr_col,5030,0.78,Big_Cr_H_Col,5030,0.21,Elochoman_H,5030,0.00,Abernathy_Cr_Fa,5008,0.00,Washougal_R_Fa,5008,0.00
Area123 (12) troll 136 231,,Snoqualmie_R,5016,0.88,Soos_H,5020,0.08,L_Skagit_R_Fa,5016,0.02,Harrison,3,0.01,George_Adams_H,5005,0.00
Area123 (12) troll 136 232,,Soos_H,5020,0.93,Cedar_R_SuFa,5020,0.03,Voights_H,5020,0.02,Grovers_Cr_H,5020,0.01,George_Adams_H,5005,0.00
Area123 (12) troll 136 233,,Spring_Cr_col,5030,0.92,Big_Cr_H_Col,5030,0.06,Elochoman_H,5030,0.02,Abernathy_NFH_F,5008,0.00,,,
Area123 (12) troll 136 234,Dupe with 69,Big_Cr_H_Col,5030,0.86,Spring_Cr_col,5030,0.12,Elochoman_H,5030,0.02,Green_R_Fa,5008,0.00,,,
Area123 (12) troll 136 235,,George_Adams_H,5005,0.74,NF_Skokomish_F,5005,0.18,Cedar_R_SuFa,5020,0.07,Clear_Cr_H,5020,0.00,Soos_H,5020,0.00
Area123 (12) troll 136 236,Dupe with 64,Cedar_R_SuFa,5020,0.38,Soos_H,5020,0.24,Snoqualmie_R,5016,0.12,George_Adams_H,5005,0.07,NF_Skokomish_F,5005,0.06
Area123 (12) troll 136 237,Dupe with 63,Cedar_R_SuFa,5020,0.38,Soos_H,5020,0.24,Snoqualmie_R,5016,0.13,George_Adams_H,5005,0.07,Grovers_Cr_H,5020,0.06
Area123 (12) troll 136 238,,Cedar_R_SuFa,5020,0.41,Soos_H,5020,0.25,NF_Skokomish_F,5005,0.18,George_Adams_H,5005,0.09,Voights_H,5020,0.02
Area123 (12) troll 136 239,,George_Adams_H,5005,0.96,NF_Skokomish_F,5005,0.01,Soos_H,5020,0.01,Cedar_R_SuFa,5020,0.01,Grovers_Cr_H,5020,0.00
Area123 (12) troll 136 240,,Big_Cr_H_Col,5030,0.95,Spring_Cr_col,5030,0.05,Abernathy_NFH_F,5008,0.00,Abernathy_Cr_Fa,5008,0.00,,,
Area123 (12) troll 136 241,,Big_Cr_H_Col,5030,0.59,Spring_Cr_col,5030,0.41,Abernathy_Cr_Fa,5008,0.00,Green_R_Fa,5008,0.00,Abernathy_NFH_F,5008,0.00
Area123 (12) troll 136 242,Dupe with 61,Big_Cr_H_Col,5030,0.85,Spring_Cr_col,5030,0.13,Elochoman_H,5030,0.02,,,,,,
Area123 (12) troll 136 243,,Priest_Rapid_H,5026,0.69,Wenatchee_R_SF,5026,0.20,Hanford_Reach,5026,0.09,Methow_R,5026,0.01,Wells_H,5026,0.00
Area123 (12) troll 136 244,,Soos_H,5020,0.37,Grovers_Cr_H,5020,0.16,Cedar_R_SuFa,5020,0.13,Voights_H,5020,0.07,George_Adams_H,5005,0.04
Area123 (12) troll 136 245,,Spring_Cr_col,5030,0.45,Big_Cr_H_Col,5030,0.44,Elochoman_H,5030,0.07,Abernathy_Cr_Fa,5008,0.04,Abernathy_NFH_F,5008,0.00
Area123 (12) troll 136 246,,Cowlitz_H_sp,5009,1.00,Kalama_H_sp,5009,0.00,,,,,,,,,
Area123 (12) troll 136 247,,L_Skagit_R_Fa,5016,0.90,U_Sauk_R_SpSu,5016,0.09,NF_Nooksack_H,5016,0.00,Soos_H,5020,0.00,Snoqualmie_R,5016,0.00
Area123 (12) troll 136 248,,Lewis_R_Su,5008,0.92,U_Deschutes_R,5004,0.06,Washougal_R_Fa,5008,0.01,L_Deschutes_R,5004,0.00,Lyons_Ferry_H,5021,0.00
Area123 (12) troll 136 249,,Sixes_R,5011,0.51,Queets_R,5028,0.47,L_Skagit_R_Fa,5016,0.01,Hoh_R,5028,0.00,Elk_H,5011,0.00
Area123 (12) troll 136 250,,S_Coos_R,5011,0.14,Salmon_R_f,5015,0.13,L_Skagit_R_Fa,5016,0.11,Harrison,3,0.10,L_Thompson,5,0.09
Area123 (12) troll 136 251,,Priest_Rapid_H,5026,0.81,Hanford_Reach,5026,0.13,Nez_PerceT_H,5021,0.02,Lyons_Ferry_H,5021,0.02,L_Wh_Sal_H_SF,5026,0.02
Area123 (12) troll 136 252,,Spring_Cr_col,5030,0.99,Big_Cr_H_Col,5030,0.01,,,,,,,,,
Area123 (12) troll 136 253,,Priest_Rapid_H,5026,0.62,Hanford_Reach,5026,0.35,Nez_PerceT_H,5021,0.02,Lyons_Ferry_H,5021,0.01,Methow_R,5026,0.00
Area123 (12) troll 136 254,,Spring_Cr_col,5030,0.63,Washougal_R_Fa,5008,0.31,Big_Cr_H_Col,5030,0.02,Lewis_R_Su,5008,0.02,Elochoman_H,5030,0.02
Area123 (12) troll 136 255,,Priest_Rapid_H,5026,0.76,Methow_R,5026,0.14,Hanford_Reach,5026,0.08,Nez_PerceT_H,5021,0.02,Wenatchee_R_SF,5026,0.01
Area123 (12) troll 136 256,,Soos_H,5020,0.34,Cedar_R_SuFa,5020,0.27,L_Skagit_R_Fa,5016,0.16,Snoqualmie_R,5016,0.09,George_Adams_H,5005,0.09
Area123 (12) troll 136 257,,Hanford_Reach,5026,0.62,Priest_Rapid_H,5026,0.24,Methow_R,5026,0.13,Wenatchee_R_SF,5026,0.01,Priest_Rapids_H,5026,0.00
Area123 (12) troll 136 258,,Soos_H,5020,0.77,Cedar_R_SuFa,5020,0.11,L_Skagit_R_Fa,5016,0.05,George_Adams_H,5005,0.03,Snoqualmie_R,5016,0.01
Area123 (12) troll 136 259,,Hanford_Reach,5026,0.71,Priest_Rapid_H,5026,0.16,L_Deschutes_R,5004,0.12,Lyons_Ferry_H,5021,0.02,ClearwaterRFa,5021,0.00
Area123 (12) troll 136 260,,Priest_Rapid_H,5026,0.76,Hanford_Reach,5026,0.12,L_Deschutes_R,5004,0.06,L_Wh_Sal_H_SF,5026,0.02,Nez_PerceT_H,5021,0.02
Area123 (12) troll 136 261,,Hanford_Reach,5026,0.69,Priest_Rapid_H,5026,0.14,Lewis_R_Su,5008,0.14,Priest_Rapids_H,5026,0.01,L_Deschutes_R,5004,0.01
Area123 (12) troll 136 262,,Spring_Cr_col,5030,0.67,Big_Cr_H_Col,5030,0.18,Elochoman_H,5030,0.07,Abernathy_Cr_Fa,5008,0.03,Washougal_R_Fa,5008,0.01
Area123 (12) troll 136 263,,Warm_Springs_H,5010,0.97,Granite_Cr,5010,0.03,,,,,,,,,
Area123 (12) troll 136 264,,Zeballos,8,0.48,Moyeha_R,8,0.31,Conuma,8,0.07,Kaouk_R,8,0.05,Tlupana,8,0.03
Area123 (12) troll 136 265,,Puntledge_BackX,7,0.60,Cowichan,7,0.21,L_Qualicum,7,0.14,Puntledge_F,7,0.02,Big_Qualicum,7,0.02
Area123 (12) troll 136 266,,Hupp_Sp_H,5020,0.35,White_H,5020,0.34,Queets_R,5028,0.31,NF_Skokomish_F,5005,0.00,L_Skagit_R_Fa,5016,0.00
Area123 (12) troll 136 267,,Chilliwack_F,3,0.88,Harrison,3,0.12,Chilliwac@Stav,3,0.00,,,,,,
Area123 (12) troll 136 268,,Big_Cr_H_Col,5030,0.89,Spring_Cr_col,5030,0.06,Elochoman_H,5030,0.03,Abernathy_NFH_F,5008,0.01,Abernathy_Cr_Fa,5008,0.00
Area123 (12) troll 136 269,,Hanford_Reach,5026,0.72,Priest_Rapid_H,5026,0.21,Washougal_R_Fa,5008,0.02,Abernathy_Cr_Fa,5008,0.01,Lewis_R_Su,5008,0.01
Area123 (12) troll 136 270,,Spring_Cr_col,5030,0.99,Big_Cr_H_Col,5030,0.01,Elochoman_H,5030,0.00,Abernathy_Cr_Fa,5008,0.00,,,
Area123 (12) troll 136 271,,George_Adams_H,5005,0.33,Grovers_Cr_H,5020,0.32,Soos_H,5020,0.28,Cedar_R_SuFa,5020,0.05,Snoqualmie_R,5016,0.01
Area123 (12) troll 136 272,,Lyons_Ferry_H,5021,0.40,Priest_Rapid_H,5026,0.25,U_Deschutes_R,5004,0.16,Hanford_Reach,5026,0.10,Nez_PerceT_H,5021,0.08
Area123 (12) troll 136 273,,Grovers_Cr_H,5020,0.86,George_Adams_H,5005,0.08,Soos_H,5020,0.02,NF_Skokomish_F,5005,0.01,Cedar_R_SuFa,5020,0.01
Area123 (12) troll 219 291,,Hanford_Reach,5026,0.70,Priest_Rapid_H,5026,0.12,Spring_Cr_col,5030,0.12,Lyons_Ferry_H,5021,0.04,Abernathy_Cr_Fa,5008,0.01
Area123 (12) troll 219 292,,Nez_PerceT_H,5021,0.86,Lyons_Ferry_H,5021,0.09,L_Deschutes_R,5004,0.02,Salmon_R_f,5015,0.02,NF_Skokomish_F,5005,0.01
Area123 (12) troll 219 293,,Lyons_Ferry_H,5021,0.43,Priest_Rapid_H,5026,0.33,Hanford_Reach,5026,0.17,Nez_PerceT_H,5021,0.06,Snoqualmie_R,5016,0.00
Area123 (12) troll 219 294,,Lewis_R_Su,5008,0.73,Washougal_R_Fa,5008,0.19,Abernathy_Cr_Fa,5008,0.03,Green_R_Fa,5008,0.03,Umpqua_H,5011,0.01
Area123 (12) troll 219 295,,Harrison,3,0.76,Chilliwack_F,3,0.24,,,,,,,,,
Area123 (12) troll 219 296,,Hanford_Reach,5026,0.89,Lyons_Ferry_H,5021,0.04,Priest_Rapid_H,5026,0.04,L_Skagit_R_Fa,5016,0.01,Methow_R,5026,0.01
Area123 (12) troll 219 297,,Priest_Rapid_H,5026,0.49,Hanford_Reach,5026,0.44,Nez_PerceT_H,5021,0.03,Umatilla_H_Fa,5026,0.01,L_Wh_Sal_H_SF,5026,0.01
Area123 (12) troll 219 298,,Green_R_Fa,5008,0.30,Lewis_R_Su,5008,0.19,NF_Nooksack_H,5016,0.10,Washougal_R_Fa,5008,0.10,L_Skagit_R_Fa,5016,0.07
Area123 (12) troll 219 299,,Puntledge_BackX,7,0.63,Cowichan,7,0.22,L_Qualicum,7,0.13,Big_Qualicum,7,0.01,Puntledge_F,7,0.00
Area123 (12) troll 219 300,,Harrison,3,0.51,Chilliwack_F,3,0.49,Kalama_H_sp,5009,0.00,Kitimat,10,0.00,Abernathy_Cr_Fa,5008,0.00
Area123 (12) troll 219 301,,Priest_Rapid_H,5026,0.49,Hanford_Reach,5026,0.45,Methow_R,5026,0.04,L_Deschutes_R,5004,0.01,Nez_PerceT_H,5021,0.01
Area123 (12) troll 219 302,,Harrison,3,0.50,Chilliwack_F,3,0.45,Salmon_R_f,5015,0.02,Snoqualmie_R,5016,0.01,L_Skagit_R_Fa,5016,0.01
Area123 (12) troll 219 303,Number of missing Loci exceeded,,,,,,,,,,,,,,,
Area123 (12) troll 219 304,,George_Adams_H,5005,0.51,Soos_H,5020,0.26,Cedar_R_SuFa,5020,0.10,NF_Skokomish_F,5005,0.10,Snoqualmie_R,5016,0.02
Area123 (12) troll 219 305,,Lyons_Ferry_H,5021,0.30,Nez_PerceT_H,5021,0.23,Priest_Rapid_H,5026,0.22,Spring_Cr_col,5030,0.07,Hanford_Reach,5026,0.07
Area123 (12) troll 219 306,,Lyons_Ferry_H,5021,0.38,Priest_Rapid_H,5026,0.35,Hanford_Reach,5026,0.14,Lewis_R_Su,5008,0.07,L_Wh_Sal_H_SF,5026,0.01
Area123 (12) troll 219 307,,Cowlitz_H_sp,5009,0.32,L_Deschutes_R,5004,0.31,Kalama_H_sp,5009,0.15,U_Deschutes_R,5004,0.12,Abernathy_Cr_Fa,5008,0.03
Area123 (12) troll 219 308,Number of missing Loci exceeded,,,,,,,,,,,,,,,
Area123 (12) troll 219 309,,Hanford_Reach,5026,0.80,Priest_Rapid_H,5026,0.10,Nez_PerceT_H,5021,0.06,Wenatchee_R_SF,5026,0.03,L_Deschutes_R,5004,0.00
Area123 (12) troll 219 310,,Spring_Cr_col,5030,0.99,Big_Cr_H_Col,5030,0.01,Green_R_Fa,5008,0.00,Elochoman_H,5030,0.00,Abernathy_NFH_F,5008,0.00
Area123 (12) troll 219 311,,Spring_Cr_col,5030,0.80,Big_Cr_H_Col,5030,0.15,Elochoman_H,5030,0.04,Abernathy_Cr_Fa,5008,0.01,Kalama_H_sp,5009,0.00
Area123 (12) troll 219 312,,Spring_Cr_col,5030,0.78,Big_Cr_H_Col,5030,0.19,Elochoman_H,5030,0.03,Abernathy_Cr_Fa,5008,0.00,Abernathy_NFH_F,5008,0.00
Area123 (12) troll 219 313,,Priest_Rapid_H,5026,0.34,Nez_PerceT_H,5021,0.30,Hanford_Reach,5026,0.27,Lyons_Ferry_H,5021,0.04,L_Deschutes_R,5004,0.02
Area123 (12) troll 219 314,,Soos_H,5020,0.71,George_Adams_H,5005,0.10,L_Skagit_R_Fa,5016,0.06,Cedar_R_SuFa,5020,0.05,Chilliwack_F,3,0.02
Area123 (12) troll 219 315,,Harrison,3,0.52,S_Coos_R,5011,0.30,Chilliwack_F,3,0.10,Chilliwac@Stav,3,0.01,Salmon_R_f,5015,0.01
Area123 (12) troll 219 316,,Hupp_Sp_H,5020,0.58,White_H,5020,0.42,,,,,,,,,
Area123 (12) troll 219 317,,Butte_Cr_f,5001,0.94,Battle_Cr,5001,0.03,Feather_H_fa,5001,0.02,Stanislaus_R,5001,0.00,Hanford_Reach,5026,0.00
Area123 (12) troll 219 318,,L_Thompson,5,0.81,Little_R,5,0.12,L_Adams,5,0.04,South_Thom,5,0.01,Harrison,3,0.01
Area123 (12) troll 219 319,,Harrison,3,0.86,Abernathy_Cr_Fa,5008,0.09,Chilliwack_F,3,0.02,L_Thompson,5,0.01,Hanford_Reach,5026,0.01
Area123 (12) troll 219 320,,NF_Skokomish_F,5005,0.36,L_Skagit_R_Fa,5016,0.23,L_Qualicum,7,0.11,George_Adams_H,5005,0.07,Puntledge_BackX,7,0.05
Area123 (12) troll 219 321,,Chilliwack_F,3,0.99,Harrison,3,0.01,,,,,,,,,
Area123 (12) troll 219 322,,Snoqualmie_R,5016,0.87,Puntledge_BackX,7,0.04,George_Adams_H,5005,0.04,L_Skagit_R_Fa,5016,0.02,NF_Skokomish_F,5005,0.02
Area123 (12) troll 219 323,,Priest_Rapid_H,5026,0.41,L_Deschutes_R,5004,0.33,U_Deschutes_R,5004,0.16,Hanford_Reach,5026,0.07,Lyons_Ferry_H,5021,0.03
Area123 (12) troll 219 324,,S_Coos_R,5011,0.95,Sixes_R,5011,0.03,Coquille_R,5011,0.01,Queets_R,5028,0.00,Coos_H,5011,0.00
Area123 (12) troll 219 325,,S_Coos_R,5011,0.65,Lemieux_Cr,4,0.19,Lewis_R_Su,5008,0.06,N_Thom@Main,4,0.03,Umpqua_H,5011,0.02
Area123 (12) troll 219 326,,Hanford_Reach,5026,0.88,Lyons_Ferry_H,5021,0.04,Nez_PerceT_H,5021,0.04,Priest_Rapid_H,5026,0.04,L_Wh_Sal_H_SF,5026,0.00
Area123 (12) troll 219 327,,Hanford_Reach,5026,0.42,Priest_Rapid_H,5026,0.26,Wenatchee_R_SF,5026,0.18,Methow_R,5026,0.12,Umatilla_H_Fa,5026,0.01
Area123 (12) troll 219 328,,NF_Skokomish_F,5005,0.59,George_Adams_H,5005,0.27,Grovers_Cr_H,5020,0.12,Snoqualmie_R,5016,0.02,L_Skagit_R_Fa,5016,0.00
Area123 (12) troll 219 329,,Spring_Cr_col,5030,0.73,Big_Cr_H_Col,5030,0.26,Abernathy_NFH_F,5008,0.00,Elochoman_H,5030,0.00,Green_R_Fa,5008,0.00
Area123 (12) troll 219 330,,Soos_H,5020,0.80,George_Adams_H,5005,0.08,Hanford_Reach,5026,0.02,U_Sauk_R_SpSu,5016,0.02,Skagit_R,5016,0.02
Area123 (12) troll 219 331,,Priest_Rapid_H,5026,0.76,Nez_PerceT_H,5021,0.14,Hanford_Reach,5026,0.05,Lyons_Ferry_H,5021,0.05,L_Deschutes_R,5004,0.00
Area123 (12) troll 219 332,,Chilliwack_F,3,1.00,Harrison,3,0.00,,,,,,,,,
Area123 (12) troll 219 333,,Nez_PerceT_H,5021,0.70,Priest_Rapid_H,5026,0.26,L_Deschutes_R,5004,0.02,Lyons_Ferry_H,5021,0.01,Hanford_Reach,5026,0.00
Area123 (12) troll 219 334,,Green_R_Fa,5008,0.72,Coweeman_R_Fa,5008,0.09,Abernathy_Cr_Fa,5008,0.07,Cowlitz_H_fa,5008,0.04,Washougal_R_Fa,5008,0.04
Area123 (12) troll 219 335,,Butte_Cr_f,5001,0.70,L_Deschutes_R,5004,0.13,Abernathy_Cr_Fa,5008,0.05,Washougal_R_Fa,5008,0.05,Battle_Cr,5001,0.04
Area123 (12) troll 219 336,,NF_Skokomish_F,5005,0.72,Umpqua_H,5011,0.09,Butte_Cr_f,5001,0.06,Makah_H,5028,0.02,Abernathy_Cr_Fa,5008,0.02
Area123 (12) troll 219 337,,Cedar_R_SuFa,5020,0.42,George_Adams_H,5005,0.30,Soos_H,5020,0.25,Clear_Cr_H,5020,0.01,Grovers_Cr_H,5020,0.01
Area123 (12) troll 219 338,,L_Skagit_R_Fa,5016,0.44,Cedar_R_SuFa,5020,0.29,U_Sauk_R_SpSu,5016,0.16,Snoqualmie_R,5016,0.06,Soos_H,5020,0.02
Area123 (12) troll 219 339,,Nez_PerceT_H,5021,0.61,Hanford_Reach,5026,0.15,Priest_Rapid_H,5026,0.13,Umpqua_H,5011,0.09,Lyons_Ferry_H,5021,0.02
Area123 (12) troll 219 340,,Salmon_R_f,5015,0.54,Sixes_R,5011,0.26,Elk_H,5011,0.13,Umpqua_H,5011,0.03,S_Coos_R,5011,0.01
Area123 (12) troll 219 341,,Priest_Rapid_H,5026,0.74,Cedar_R_SuFa,5020,0.12,Hanford_Reach,5026,0.08,Soos_H,5020,0.03,Umpqua_H,5011,0.01
Area123 (12) troll 219 342,,Lyons_Ferry_H,5021,0.60,Nez_PerceT_H,5021,0.28,Hanford_Reach,5026,0.08,L_Deschutes_R,5004,0.01,Wenatchee_R_SF,5026,0.01
Area123 (12) troll 219 343,,Sixes_R,5011,0.80,Elk_H,5011,0.13,U_Sauk_R_SpSu,5016,0.05,L_Skagit_R_Fa,5016,0.01,Green_R_Fa,5008,0.00
Area123 (12) troll 219 344,,Harrison,3,0.94,Chilliwack_F,3,0.05,Chilliwac@Stav,3,0.00,U_Sauk_R_SpSu,5016,0.00,Soos_H,5020,0.00
Area123 (12) troll 219 345,,Queets_R,5028,0.59,Salmon_R_f,5015,0.34,S_Coos_R,5011,0.05,Necanicum_H,5015,0.01,Wilson_R,5015,0.00
Area123 (12) troll 219 346,,Chilliwack_F,3,0.98,Methow_R,5026,0.01,Harrison,3,0.00,L_Thompson,5,0.00,Hanford_Reach,5026,0.00
Area123 (12) troll 219 347,,Klamath_R_fa,5007,0.95,Columbia_Rogue,5019,0.05,Umpqua_H,5011,0.00,,,,,,
Area123 (12) troll 219 348,,Chilliwack_F,3,0.98,Harrison,3,0.01,Chilliwac@Stav,3,0.00,,,,,,
Area123 (12) troll 219 349,,Lyons_Ferry_H,5021,0.70,Priest_Rapid_H,5026,0.17,Hanford_Reach,5026,0.13,L_Deschutes_R,5004,0.00,Nez_PerceT_H,5021,0.00
Area123 (12) troll 219 350,,Salmon_R_f,5015,0.41,U_Sauk_R_SpSu,5016,0.25,L_Skagit_R_Fa,5016,0.08,U_Sauk_R,5016,0.05,L_Sauk_R,5016,0.04
Area123 (12) troll 219 351,,S_Coos_R,5011,0.76,Queets_R,5028,0.12,Abernathy_Cr_Fa,5008,0.07,Kalama_H_sp,5009,0.02,Washougal_R_Fa,5008,0.01
Area123 (12) troll 219 352,,Lewis_R_Su,5008,0.96,Kalama_H_sp,5009,0.03,Cowlitz_H_fa,5008,0.01,Cowlitz_H_sp,5009,0.00,,,
Area123 (12) troll 219 353,,Sixes_R,5011,0.83,Elk_H,5011,0.17,S_Coos_R,5011,0.00,,,,,,
Area123 (12) troll 219 354,,Harrison,3,0.57,Chilliwack_F,3,0.30,Butte_Cr_f,5001,0.09,Soos_H,5020,0.01,L_Thompson,5,0.01
Area123 (12) troll 219 355,,Kalama_H_sp,5009,0.70,N_Santiam_H,5029,0.10,Cowlitz_H_sp,5009,0.04,Green_R_Fa,5008,0.04,Umpqua_H,5011,0.04
Area123 (12) troll 219 356,,Spring_Cr_col,5030,0.65,Big_Cr_H_Col,5030,0.28,Abernathy_Cr_Fa,5008,0.06,Elochoman_H,5030,0.01,Green_R_Fa,5008,0.00
Area123 (12) troll 219 357,,Hanford_Reach,5026,0.60,Priest_Rapid_H,5026,0.18,Wenatchee_R_SF,5026,0.06,Nez_PerceT_H,5021,0.05,L_Deschutes_R,5004,0.03
Area123 (12) troll 219 358,,George_Adams_H,5005,0.94,NF_Skokomish_F,5005,0.05,Grovers_Cr_H,5020,0.01,Snoqualmie_R,5016,0.00,Hamma_Hamma_R,5005,0.00
Area123 (12) troll 219 359,,Spring_Cr_col,5030,0.98,Big_Cr_H_Col,5030,0.02,Abernathy_Cr_Fa,5008,0.00,Elochoman_H,5030,0.00,Green_R_Fa,5008,0.00
Area123 (12) troll 219 360,,Lyons_Ferry_H,5021,0.27,Nez_PerceT_H,5021,0.23,Hanford_Reach,5026,0.12,Priest_Rapid_H,5026,0.08,Salmon_R_f,5015,0.08
Area123 (12) troll 219 361,,Hanford_Reach,5026,0.65,Priest_Rapid_H,5026,0.17,Lyons_Ferry_H,5021,0.08,Nez_PerceT_H,5021,0.04,ClearwaterRFa,5021,0.01
Area123 (12) troll 219 362,,Spring_Cr_col,5030,0.79,Big_Cr_H_Col,5030,0.19,Elochoman_H,5030,0.01,Abernathy_NFH_F,5008,0.01,Abernathy_Cr_Fa,5008,0.00
Area123 (12) troll 219 363,,Priest_Rapid_H,5026,0.38,Hanford_Reach,5026,0.37,Lyons_Ferry_H,5021,0.11,Nez_PerceT_H,5021,0.08,L_Deschutes_R,5004,0.05
Area123 (12) troll 263 1000,,Grovers_Cr_H,5020,0.60,Soos_H,5020,0.17,Cedar_R_SuFa,5020,0.14,George_Adams_H,5005,0.03,Snoqualmie_R,5016,0.03
Area123 (12) troll 263 1001,,Cedar_R_SuFa,5020,0.70,Soos_H,5020,0.13,Grovers_Cr_H,5020,0.10,George_Adams_H,5005,0.04,NF_Skokomish_F,5005,0.02
Area123 (12) troll 263 1002,,Soos_H,5020,0.74,Cedar_R_SuFa,5020,0.12,George_Adams_H,5005,0.06,NF_Skokomish_F,5005,0.04,Snoqualmie_R,5016,0.01
Area123 (12) troll 263 1003,,Soos_H,5020,0.75,Voights_H,5020,0.07,Snoqualmie_R,5016,0.07,Grovers_Cr_H,5020,0.05,Clear_Cr_H,5020,0.04
Area123 (12) troll 263 1004,,Chilliwack_F,3,0.22,Soos_H,5020,0.22,Snoqualmie_R,5016,0.15,Priest_Rapid_H,5026,0.09,L_Skagit_R_Fa,5016,0.06
Area123 (12) troll 263 1005,,NF_Skokomish_F,5005,0.81,George_Adams_H,5005,0.15,Grovers_Cr_H,5020,0.02,Cedar_R_SuFa,5020,0.01,Soos_H,5020,0.00
Area123 (12) troll 263 1006,,George_Adams_H,5005,0.58,Soos_H,5020,0.32,NF_Skokomish_F,5005,0.05,Snoqualmie_R,5016,0.02,Cedar_R_SuFa,5020,0.01
Area123 (12) troll 263 1007,,Soos_H,5020,0.49,Cedar_R_SuFa,5020,0.27,Grovers_Cr_H,5020,0.09,Snoqualmie_R,5016,0.07,L_Skagit_R_Fa,5016,0.03
Area123 (12) troll 263 1008,,NF_Nooksack_H,5016,0.97,Skagit_R,5016,0.03,U_Sauk_R_SpSu,5016,0.00,L_Sauk_R,5016,0.00,,,
Area123 (12) troll 263 1009,,George_Adams_H,5005,0.61,Soos_H,5020,0.14,NF_Skokomish_F,5005,0.07,Grovers_Cr_H,5020,0.07,Voights_H,5020,0.06
Area123 (12) troll 263 1010,,Green_R_Fa,5008,0.52,L_Skagit_R_Fa,5016,0.20,Snoqualmie_R,5016,0.11,Hanford_Reach,5026,0.04,Priest_Rapid_H,5026,0.03
Area123 (12) troll 263 1011,,Cedar_R_SuFa,5020,0.72,Soos_H,5020,0.14,George_Adams_H,5005,0.06,Snoqualmie_R,5016,0.06,L_Skagit_R_Fa,5016,0.01
Area123 (12) troll 263 1012,,Grovers_Cr_H,5020,0.49,George_Adams_H,5005,0.31,Soos_H,5020,0.07,Voights_H,5020,0.07,Clear_Cr_H,5020,0.04
Area123 (12) troll 263 1013,Dupe with 281,Snoqualmie_R,5016,0.70,NanaimoSu_BackX,7,0.10,N_Santiam_H,5029,0.05,Kalama_H_sp,5009,0.03,Klamath_R_fa,5007,0.03
Area123 (12) troll 263 1014,,Butte_Cr_f,5001,0.99,Stanislaus_R,5001,0.01,Feather_H_fa,5001,0.00,Battle_Cr,5001,0.00,Priest_Rapid_H,5026,0.00
Area123 (12) troll 263 1015,,Spring_Cr_col,5030,0.99,Abernathy_Cr_Fa,5008,0.01,Lewis_R_Su,5008,0.00,Big_Cr_H_Col,5030,0.00,,,
Area123 (12) troll 263 1016,,Soos_H,5020,0.39,Grovers_Cr_H,5020,0.15,Voights_H,5020,0.15,George_Adams_H,5005,0.12,NF_Skokomish_F,5005,0.08
Area123 (12) troll 263 885,Dupe with 180,L_Sauk_R,5016,0.35,L_Skagit_R_Fa,5016,0.17,George_Adams_H,5005,0.16,NanaimoSu_BackX,7,0.10,Grovers_Cr_H,5020,0.08
Area123 (12) troll 263 886,,NF_Nooksack_H,5016,0.99,Snoqualmie_R,5016,0.00,Skagit_R,5016,0.00,U_Sauk_R_SpSu,5016,0.00,L_Sauk_R,5016,0.00
Area123 (12) troll 263 887,,Butte_Cr_f,5001,0.98,Battle_Cr,5001,0.01,Stanislaus_R,5001,0.01,Feather_H_fa,5001,0.00,,,
Area123 (12) troll 263 888,,Soos_H,5020,0.62,Grovers_Cr_H,5020,0.14,NF_Skokomish_F,5005,0.11,George_Adams_H,5005,0.05,Cedar_R_SuFa,5020,0.05
Area123 (12) troll 263 889,,Spring_Cr_col,5030,1.00,Big_Cr_H_Col,5030,0.00,Hanford_Reach,5026,0.00,Priest_Rapid_H,5026,0.00,Abernathy_Cr_Fa,5008,0.00
Area123 (12) troll 263 890,,Puntledge_BackX,7,0.61,Cowichan,7,0.23,L_Qualicum,7,0.12,L_Skagit_R_Fa,5016,0.02,Big_Qualicum,7,0.01
Area123 (12) troll 263 891,,Harrison,3,0.96,Snoqualmie_R,5016,0.04,Cedar_R_SuFa,5020,0.00,,,,,,
Area123 (12) troll 263 892,,Butte_Cr_f,5001,0.99,Hanford_Reach,5026,0.01,Battle_Cr,5001,0.00,Feather_H_fa,5001,0.00,Stanislaus_R,5001,0.00
Area123 (12) troll 263 893,Dupe with 172,L_Sauk_R,5016,0.35,L_Skagit_R_Fa,5016,0.17,George_Adams_H,5005,0.16,NanaimoSu_BackX,7,0.10,Grovers_Cr_H,5020,0.08
Area123 (12) troll 263 894,,Harrison,3,0.86,Chilliwack_F,3,0.13,Kitwanga,22,0.00,L_Thompson,5,0.00,Chilliwac@Stav,3,0.00
Area123 (12) troll 263 895,,Hanford_Reach,5026,0.45,Priest_Rapid_H,5026,0.43,Wenatchee_R_SF,5026,0.11,Methow_R,5026,0.01,Wells_H,5026,0.01
Area123 (12) troll 263 896,,Skagit_R,5016,0.43,U_Sauk_R_SpSu,5016,0.40,L_Skagit_R_Fa,5016,0.12,Snoqualmie_R,5016,0.04,Skykomish_R,5016,0.01
Area123 (12) troll 263 897,,L_Skagit_R_Fa,5016,0.88,Hanford_Reach,5026,0.06,Snoqualmie_R,5016,0.03,Soos_H,5020,0.02,Skagit_R,5016,0.00
Area123 (12) troll 263 898,Dupe with 205,L_Skagit_R_Fa,5016,0.53,Snoqualmie_R,5016,0.17,George_Adams_H,5005,0.16,Cedar_R_SuFa,5020,0.10,Soos_H,5020,0.03
Area123 (12) troll 263 899,,Soos_H,5020,0.63,George_Adams_H,5005,0.17,L_Skagit_R_Fa,5016,0.12,Grovers_Cr_H,5020,0.04,Snoqualmie_R,5016,0.02
Area123 (12) troll 263 900,,Harrison,3,0.98,Chilliwack_F,3,0.02,,,,,,,,,
Area123 (12) troll 263 901,,Abernathy_Cr_Fa,5008,0.48,Spring_Cr_col,5030,0.30,U_Deschutes_R,5004,0.12,Abernathy_NFH_F,5008,0.02,Snoqualmie_R,5016,0.02
Area123 (12) troll 263 902,,Hupp_Sp_H,5020,0.58,White_H,5020,0.42,George_Adams_H,5005,0.00,,,,,,
Area123 (12) troll 263 903,,S_Coos_R,5011,0.50,Lewis_R_Su,5008,0.42,Priest_Rapid_H,5026,0.05,Sixes_R,5011,0.01,Kalama_H_sp,5009,0.01
Area123 (12) troll 263 904,,S_Coos_R,5011,0.47,Queets_R,5028,0.45,Harrison,3,0.05,Abernathy_Cr_Fa,5008,0.01,Umpqua_H,5011,0.01
Area123 (12) troll 263 905,,Chilliwack_F,3,1.00,Harrison,3,0.00,,,,,,,,,
Area123 (12) troll 263 906,,Lyons_Ferry_H,5021,0.74,Nez_PerceT_H,5021,0.12,Priest_Rapid_H,5026,0.08,Hanford_Reach,5026,0.05,Methow_R,5026,0.00
Area123 (12) troll 263 907,,Salmon_R_f,5015,0.79,S_Coos_R,5011,0.07,Trask_R,5015,0.04,Queets_R,5028,0.03,Kilchis_R,5015,0.03
Area123 (12) troll 263 908,,Snoqualmie_R,5016,0.54,Kalama_H_sp,5009,0.22,Queets_R,5028,0.07,Abernathy_Cr_Fa,5008,0.05,S_Coos_R,5011,0.04
Area123 (12) troll 263 909,,Butte_Cr_f,5001,0.94,Battle_Cr,5001,0.05,Feather_H_fa,5001,0.01,Stanislaus_R,5001,0.01,Nez_PerceT_H,5021,0.00
Area123 (12) troll 263 910,Dupe with 207,Snoqualmie_R,5016,0.87,L_Skagit_R_Fa,5016,0.05,NanaimoSu_BackX,7,0.04,Cedar_R_SuFa,5020,0.03,Skykomish_R,5016,0.00
Area123 (12) troll 263 911,,Priest_Rapid_H,5026,0.68,Hanford_Reach,5026,0.24,Lyons_Ferry_H,5021,0.04,Nez_PerceT_H,5021,0.03,Methow_R,5026,0.00
Area123 (12) troll 263 912,,Klamath_R_fa,5007,0.78,Umpqua_H,5011,0.18,Columbia_Rogue,5019,0.04,Cole_Rivers_H,5019,0.00,Applegate_Cr,5019,0.00
Area123 (12) troll 263 913,,NF_Skokomish_F,5005,0.85,George_Adams_H,5005,0.08,Soos_H,5020,0.04,L_Skagit_R_Fa,5016,0.01,Grovers_Cr_H,5020,0.01
Area123 (12) troll 263 914,,Nez_PerceT_H,5021,0.78,Lyons_Ferry_H,5021,0.16,Priest_Rapid_H,5026,0.03,Hanford_Reach,5026,0.03,Methow_R,5026,0.00
Area123 (12) troll 263 915,,Cedar_R_SuFa,5020,0.71,NF_Skokomish_F,5005,0.12,Soos_H,5020,0.10,George_Adams_H,5005,0.02,Chilliwack_F,3,0.02
Area123 (12) troll 263 916,,Snoqualmie_R,5016,0.33,George_Adams_H,5005,0.28,L_Skagit_R_Fa,5016,0.14,NF_Skokomish_F,5005,0.12,Soos_H,5020,0.05
Area123 (12) troll 263 917,,Butte_Cr_f,5001,0.96,Feather_H_fa,5001,0.03,Stanislaus_R,5001,0.00,Battle_Cr,5001,0.00,S_Coos_R,5011,0.00
Area123 (12) troll 263 918,Dupe with 185,L_Skagit_R_Fa,5016,0.53,Snoqualmie_R,5016,0.17,George_Adams_H,5005,0.16,Cedar_R_SuFa,5020,0.10,Soos_H,5020,0.03
Area123 (12) troll 263 919,,Abernathy_Cr_Fa,5008,0.88,Abernathy_NFH_F,5008,0.05,Elochoman_H,5030,0.05,Green_R_Fa,5008,0.01,Washougal_R_Fa,5008,0.01
Area123 (12) troll 263 920,Dupe with 197,Snoqualmie_R,5016,0.87,L_Skagit_R_Fa,5016,0.05,NanaimoSu_BackX,7,0.04,Cedar_R_SuFa,5020,0.03,Skykomish_R,5016,0.00
Area123 (12) troll 263 921,,L_Skagit_R_Fa,5016,0.90,Abernathy_Cr_Fa,5008,0.04,NF_Skokomish_F,5005,0.01,Snoqualmie_R,5016,0.01,Green_R_Fa,5008,0.01
Area123 (12) troll 263 922,,Spring_Cr_col,5030,0.95,Big_Cr_H_Col,5030,0.03,Elochoman_H,5030,0.01,Abernathy_Cr_Fa,5008,0.01,Kalama_H_sp,5009,0.00
Area123 (12) troll 263 923,Dupe with 258,George_Adams_H,5005,0.88,NF_Skokomish_F,5005,0.07,Soos_H,5020,0.02,Grovers_Cr_H,5020,0.01,Snoqualmie_R,5016,0.01
Area123 (12) troll 263 924,,George_Adams_H,5005,0.47,NF_Skokomish_F,5005,0.25,Grovers_Cr_H,5020,0.11,Soos_H,5020,0.10,L_Skagit_R_Fa,5016,0.03
Area123 (12) troll 263 925,,Cedar_R_SuFa,5020,0.88,NF_Skokomish_F,5005,0.09,George_Adams_H,5005,0.02,Soos_H,5020,0.00,L_Skagit_R_Fa,5016,0.00
Area123 (12) troll 263 926,,George_Adams_H,5005,0.71,Voights_H,5020,0.13,Soos_H,5020,0.06,NF_Skokomish_F,5005,0.06,Cedar_R_SuFa,5020,0.02
Area123 (12) troll 263 927,,NF_Skokomish_F,5005,0.99,George_Adams_H,5005,0.01,Grovers_Cr_H,5020,0.00,Cedar_R_SuFa,5020,0.00,Snoqualmie_R,5016,0.00
Area123 (12) troll 263 928,,Soos_H,5020,0.69,Cedar_R_SuFa,5020,0.18,Grovers_Cr_H,5020,0.07,Clear_Cr_H,5020,0.04,Snoqualmie_R,5016,0.01
Area123 (12) troll 263 929,,Soos_H,5020,0.46,George_Adams_H,5005,0.28,Cedar_R_SuFa,5020,0.13,NF_Skokomish_F,5005,0.08,Grovers_Cr_H,5020,0.02
Area123 (12) troll 263 930,,Spring_Cr_col,5030,0.96,Big_Cr_H_Col,5030,0.04,Abernathy_Cr_Fa,5008,0.00,Elochoman_H,5030,0.00,Abernathy_NFH_F,5008,0.00
Area123 (12) troll 263 931,,Soos_H,5020,0.77,Snoqualmie_R,5016,0.08,Voights_H,5020,0.07,Clear_Cr_H,5020,0.04,Grovers_Cr_H,5020,0.04
Area123 (12) troll 263 932,,Spring_Cr_col,5030,0.68,Washougal_R_Fa,5008,0.19,Big_Cr_H_Col,5030,0.08,Green_R_Fa,5008,0.03,Elochoman_H,5030,0.01
Area123 (12) troll 263 933,,L_Skagit_R_Fa,5016,0.75,NF_Skokomish_F,5005,0.22,Cedar_R_SuFa,5020,0.01,Snoqualmie_R,5016,0.01,George_Adams_H,5005,0.01
Area123 (12) troll 263 934,,Soos_H,5020,0.34,Cedar_R_SuFa,5020,0.31,NF_Skokomish_F,5005,0.09,George_Adams_H,5005,0.09,Grovers_Cr_H,5020,0.08
Area123 (12) troll 263 935,,George_Adams_H,5005,0.54,Soos_H,5020,0.35,L_Qualicum,7,0.04,Voights_H,5020,0.02,Cedar_R_SuFa,5020,0.02
Area123 (12) troll 263 936,,Grovers_Cr_H,5020,0.61,George_Adams_H,5005,0.38,NF_Skokomish_F,5005,0.01,Hamma_Hamma_R,5005,0.00,Snoqualmie_R,5016,0.00
Area123 (12) troll 263 937,,Grovers_Cr_H,5020,0.45,George_Adams_H,5005,0.40,Soos_H,5020,0.08,NF_Skokomish_F,5005,0.04,L_Skagit_R_Fa,5016,0.02
Area123 (12) troll 263 938,,Soos_H,5020,0.69,NF_Skokomish_F,5005,0.13,Snoqualmie_R,5016,0.08,Clear_Cr_H,5020,0.06,Voights_H,5020,0.02
Area123 (12) troll 263 939,,Cedar_R_SuFa,5020,0.60,George_Adams_H,5005,0.18,Soos_H,5020,0.13,NF_Skokomish_F,5005,0.04,Voights_H,5020,0.04
Area123 (12) troll 263 940,,Grovers_Cr_H,5020,0.63,George_Adams_H,5005,0.34,NF_Skokomish_F,5005,0.01,Voights_H,5020,0.01,L_Skagit_R_Fa,5016,0.00
Area123 (12) troll 263 941,,NF_Skokomish_F,5005,0.66,George_Adams_H,5005,0.23,U_Sauk_R_SpSu,5016,0.04,U_Sauk_R,5016,0.02,Grovers_Cr_H,5020,0.02
Area123 (12) troll 263 942,,George_Adams_H,5005,0.75,Soos_H,5020,0.21,NF_Skokomish_F,5005,0.02,Cedar_R_SuFa,5020,0.01,S_Prairie_Cr,5020,0.01
Area123 (12) troll 263 943,,Soos_H,5020,0.60,George_Adams_H,5005,0.29,NF_Skokomish_F,5005,0.09,Grovers_Cr_H,5020,0.02,Cedar_R_SuFa,5020,0.01
Area123 (12) troll 263 944,,NF_Skokomish_F,5005,0.51,George_Adams_H,5005,0.46,Cedar_R_SuFa,5020,0.01,Grovers_Cr_H,5020,0.01,Hamma_Hamma_R,5005,0.01
Area123 (12) troll 263 945,,George_Adams_H,5005,0.52,NF_Skokomish_F,5005,0.32,L_Skagit_R_Fa,5016,0.07,Cedar_R_SuFa,5020,0.06,Grovers_Cr_H,5020,0.01
Area123 (12) troll 263 946,,Spring_Cr_col,5030,0.61,Big_Cr_H_Col,5030,0.29,Elochoman_H,5030,0.10,Abernathy_Cr_Fa,5008,0.00,Abernathy_NFH_F,5008,0.00
Area123 (12) troll 263 947,Dupe with 268,Grovers_Cr_H,5020,0.58,NF_Skokomish_F,5005,0.19,George_Adams_H,5005,0.15,Clear_Cr_H,5020,0.06,Cedar_R_SuFa,5020,0.01
Area123 (12) troll 263 948,,Soos_H,5020,0.63,Cedar_R_SuFa,5020,0.24,NF_Skokomish_F,5005,0.05,Clear_Cr_H,5020,0.03,Snoqualmie_R,5016,0.02
Area123 (12) troll 263 949,,George_Adams_H,5005,0.48,NF_Skokomish_F,5005,0.37,Cedar_R_SuFa,5020,0.11,Grovers_Cr_H,5020,0.02,Soos_H,5020,0.01
Area123 (12) troll 263 950,,Soos_H,5020,0.38,Cedar_R_SuFa,5020,0.30,NF_Skokomish_F,5005,0.17,George_Adams_H,5005,0.11,Grovers_Cr_H,5020,0.02
Area123 (12) troll 263 951,,NF_Skokomish_F,5005,0.90,Soos_H,5020,0.06,George_Adams_H,5005,0.02,Grovers_Cr_H,5020,0.01,S_Prairie_Cr,5020,0.01
Area123 (12) troll 263 952,,L_Deschutes_R,5004,0.30,Priest_Rapid_H,5026,0.27,Wenatchee_R_SF,5026,0.23,U_Deschutes_R,5004,0.04,L_Skagit_R_Fa,5016,0.04
Area123 (12) troll 263 953,,Spring_Cr_col,5030,0.87,Big_Cr_H_Col,5030,0.11,Abernathy_Cr_Fa,5008,0.00,Green_R_Fa,5008,0.00,Elochoman_H,5030,0.00
Area123 (12) troll 263 954,,Snoqualmie_R,5016,0.62,Cedar_R_SuFa,5020,0.13,Soos_H,5020,0.12,Voights_H,5020,0.05,Grovers_Cr_H,5020,0.02
Area123 (12) troll 263 955,,Soos_H,5020,0.41,George_Adams_H,5005,0.41,Cedar_R_SuFa,5020,0.09,Grovers_Cr_H,5020,0.05,NF_Skokomish_F,5005,0.02
Area123 (12) troll 263 956,,George_Adams_H,5005,0.98,NF_Skokomish_F,5005,0.02,Clear_Cr_H,5020,0.00,L_Skagit_R_Fa,5016,0.00,Grovers_Cr_H,5020,0.00
Area123 (12) troll 263 957,,Cedar_R_SuFa,5020,0.32,Soos_H,5020,0.24,NF_Skokomish_F,5005,0.22,George_Adams_H,5005,0.16,Grovers_Cr_H,5020,0.04
Area123 (12) troll 263 958,,Soos_H,5020,0.42,Cedar_R_SuFa,5020,0.32,NF_Skokomish_F,5005,0.11,L_Skagit_R_Fa,5016,0.04,Snoqualmie_R,5016,0.04
Area123 (12) troll 263 959,,Spring_Cr_col,5030,0.62,Big_Cr_H_Col,5030,0.19,Elochoman_H,5030,0.09,Abernathy_Cr_Fa,5008,0.06,Abernathy_NFH_F,5008,0.04
Area123 (12) troll 263 960,,Soos_H,5020,0.94,Grovers_Cr_H,5020,0.03,Snoqualmie_R,5016,0.01,NF_Skokomish_F,5005,0.01,Cedar_R_SuFa,5020,0.00
Area123 (12) troll 263 961,,George_Adams_H,5005,0.96,NF_Skokomish_F,5005,0.03,Cedar_R_SuFa,5020,0.01,Samish_H,5016,0.00,Clear_Cr_H,5020,0.00
Area123 (12) troll 263 962,,Soos_H,5020,0.80,Cedar_R_SuFa,5020,0.14,L_Skagit_R_Fa,5016,0.02,Grovers_Cr_H,5020,0.01,Voights_H,5020,0.01
Area123 (12) troll 263 963,,L_Skagit_R_Fa,5016,0.80,Skagit_R,5016,0.11,Soos_H,5020,0.05,Snoqualmie_R,5016,0.01,Hanford_Reach,5026,0.01
Area123 (12) troll 263 964,,Cedar_R_SuFa,5020,0.63,Soos_H,5020,0.21,L_Skagit_R_Fa,5016,0.05,Snoqualmie_R,5016,0.04,George_Adams_H,5005,0.03
Area123 (12) troll 263 965,,NF_Nooksack_H,5016,0.99,Soos_H,5020,0.00,Voights_H,5020,0.00,Cedar_R_SuFa,5020,0.00,Skagit_R,5016,0.00
Area123 (12) troll 263 966,,Puntledge_BackX,7,0.62,Cowichan,7,0.23,L_Qualicum,7,0.13,Big_Qualicum,7,0.01,Puntledge_F,7,0.00
Area123 (12) troll 263 967,,Priest_Rapid_H,5026,0.85,Methow_R,5026,0.07,Hanford_Reach,5026,0.04,Wenatchee_R_SF,5026,0.03,Nez_PerceT_H,5021,0.00
Area123 (12) troll 263 968,,George_Adams_H,5005,0.60,Soos_H,5020,0.22,NF_Skokomish_F,5005,0.10,Clear_Cr_H,5020,0.03,Samish_H,5016,0.01
Area123 (12) troll 263 969,,Hanford_Reach,5026,0.70,Nez_PerceT_H,5021,0.17,Wenatchee_R_SF,5026,0.10,Lyons_Ferry_H,5021,0.02,Priest_Rapid_H,5026,0.01
Area123 (12) troll 263 970,,Spring_Cr_col,5030,0.96,Big_Cr_H_Col,5030,0.04,Abernathy_Cr_Fa,5008,0.00,Abernathy_NFH_F,5008,0.00,,,
Area123 (12) troll 263 971,Dupe with 210,George_Adams_H,5005,0.88,NF_Skokomish_F,5005,0.07,Soos_H,5020,0.02,Grovers_Cr_H,5020,0.01,Snoqualmie_R,5016,0.01
Area123 (12) troll 263 972,,Snoqualmie_R,5016,0.74,Green_R_Fa,5008,0.08,NF_Skokomish_F,5005,0.08,S_Umpqua_H,5011,0.03,L_Skagit_R_Fa,5016,0.02
Area123 (12) troll 263 973,,L_Skagit_R_Fa,5016,0.65,Skagit_R,5016,0.14,NF_Skokomish_F,5005,0.09,George_Adams_H,5005,0.08,Soos_H,5020,0.02
Area123 (12) troll 263 974,,Spring_Cr_col,5030,0.92,Big_Cr_H_Col,5030,0.06,Elochoman_H,5030,0.01,Abernathy_NFH_F,5008,0.01,Abernathy_Cr_Fa,5008,0.00
Area123 (12) troll 263 975,,Soos_H,5020,0.76,George_Adams_H,5005,0.15,Cedar_R_SuFa,5020,0.04,NF_Skokomish_F,5005,0.04,Samish_H,5016,0.01
Area123 (12) troll 263 976,,George_Adams_H,5005,0.44,Soos_H,5020,0.32,NF_Skokomish_F,5005,0.13,Cedar_R_SuFa,5020,0.08,L_Skagit_R_Fa,5016,0.01
Area123 (12) troll 263 977,,Big_Cr_H_Col,5030,0.75,Spring_Cr_col,5030,0.21,Elochoman_H,5030,0.04,Abernathy_NFH_F,5008,0.00,Abernathy_Cr_Fa,5008,0.00
Area123 (12) troll 263 978,,Soos_H,5020,0.39,NF_Skokomish_F,5005,0.22,Grovers_Cr_H,5020,0.17,George_Adams_H,5005,0.14,Snoqualmie_R,5016,0.03
Area123 (12) troll 263 979,,Spring_Cr_col,5030,0.83,Big_Cr_H_Col,5030,0.17,Abernathy_Cr_Fa,5008,0.00,Elochoman_H,5030,0.00,Lewis_R_Su,5008,0.00
Area123 (12) troll 263 980,,Abernathy_Cr_Fa,5008,0.96,Lewis_R_Su,5008,0.04,Capilano,9,0.00,Umpqua_H,5011,0.00,Coweeman_R_Fa,5008,0.00
Area123 (12) troll 263 981,Dupe with 234,Grovers_Cr_H,5020,0.59,NF_Skokomish_F,5005,0.19,George_Adams_H,5005,0.16,Clear_Cr_H,5020,0.06,Cedar_R_SuFa,5020,0.01
Area123 (12) troll 263 982,,Priest_Rapid_H,5026,0.77,Hanford_Reach,5026,0.13,Nez_PerceT_H,5021,0.07,Lyons_Ferry_H,5021,0.02,L_Wh_Sal_H_SF,5026,0.01
Area123 (12) troll 263 983,,Cedar_R_SuFa,5020,0.64,George_Adams_H,5005,0.10,L_Skagit_R_Fa,5016,0.09,NF_Skokomish_F,5005,0.06,Soos_H,5020,0.06
Area123 (12) troll 263 984,,Soos_H,5020,0.75,George_Adams_H,5005,0.18,Cedar_R_SuFa,5020,0.02,L_Skagit_R_Fa,5016,0.02,Voights_H,5020,0.01
Area123 (12) troll 263 985,,Soos_H,5020,0.54,Cedar_R_SuFa,5020,0.25,Snoqualmie_R,5016,0.09,L_Skagit_R_Fa,5016,0.04,Voights_H,5020,0.03
Area123 (12) troll 263 986,,George_Adams_H,5005,0.93,Soos_H,5020,0.04,Grovers_Cr_H,5020,0.01,Voights_H,5020,0.00,L_Skagit_R_Fa,5016,0.00
Area123 (12) troll 263 987,,Spring_Cr_col,5030,0.98,Abernathy_NFH_F,5008,0.01,Big_Cr_H_Col,5030,0.00,Abernathy_Cr_Fa,5008,0.00,Elochoman_H,5030,0.00
Area123 (12) troll 263 988,,Soos_H,5020,0.32,George_Adams_H,5005,0.28,Cedar_R_SuFa,5020,0.17,NF_Skokomish_F,5005,0.13,L_Skagit_R_Fa,5016,0.09
Area123 (12) troll 263 989,,Spring_Cr_col,5030,0.97,Big_Cr_H_Col,5030,0.02,Elochoman_H,5030,0.00,Abernathy_Cr_Fa,5008,0.00,L_Skagit_R_Fa,5016,0.00
Area123 (12) troll 263 990,,Grovers_Cr_H,5020,0.99,Cedar_R_SuFa,5020,0.00,Soos_H,5020,0.00,NF_Skokomish_F,5005,0.00,UW_H_SuFa,5020,0.00
Area123 (12) troll 263 991,,Grovers_Cr_H,5020,0.55,George_Adams_H,5005,0.29,Voights_H,5020,0.06,Soos_H,5020,0.05,Clear_Cr_H,5020,0.04
Area123 (12) troll 263 992,,NF_Skokomish_F,5005,0.39,Cedar_R_SuFa,5020,0.17,Puntledge_BackX,7,0.08,Hanford_Reach,5026,0.07,George_Adams_H,5005,0.05
Area123 (12) troll 263 993,,George_Adams_H,5005,0.56,NF_Skokomish_F,5005,0.35,Grovers_Cr_H,5020,0.04,L_Skagit_R_Fa,5016,0.01,Clear_Cr_H,5020,0.01
Area123 (12) troll 263 994,Dupe with 300,Snoqualmie_R,5016,0.69,NanaimoSu_BackX,7,0.10,N_Santiam_H,5029,0.05,Klamath_R_fa,5007,0.03,Lyons_Ferry_H,5021,0.03
Area123 (12) troll 263 995,,Lyons_Ferry_H,5021,0.52,Nez_PerceT_H,5021,0.42,Hanford_Reach,5026,0.04,Priest_Rapid_H,5026,0.01,L_Deschutes_R,5004,0.00
Area123 (12) troll 263 996,,U_Deschutes_R,5004,0.52,L_Deschutes_R,5004,0.35,Lyons_Ferry_H,5021,0.09,Nez_PerceT_H,5021,0.03,Wenatchee_R_SF,5026,0.01
Area123 (12) troll 263 997,,Spring_Cr_col,5030,0.75,Abernathy_Cr_Fa,5008,0.08,Big_Cr_H_Col,5030,0.06,Elochoman_H,5030,0.05,Green_R_Fa,5008,0.03
Area123 (12) troll 263 998,,Green_R_Fa,5008,0.57,Washougal_R_Fa,5008,0.37,Lewis_R_Su,5008,0.04,Abernathy_Cr_Fa,5008,0.01,Cowlitz_H_fa,5008,0.01
Area123 (12) troll 263 999,,George_Adams_H,5005,0.62,NF_Skokomish_F,5005,0.22,L_Skagit_R_Fa,5016,0.09,Cedar_R_SuFa,5020,0.03,Grovers_Cr_H,5020,0.03
Area123 (12) troll 271 753,,George_Adams_H,5005,0.51,NF_Skokomish_F,5005,0.17,Soos_H,5020,0.11,Cedar_R_SuFa,5020,0.10,Voights_H,5020,0.03
Area123 (12) troll 271 754,,Hanford_Reach,5026,0.77,L_Deschutes_R,5004,0.16,Priest_Rapid_H,5026,0.03,L_Wh_Sal_H_SF,5026,0.02,Umatilla_H_Fa,5026,0.01
Area123 (12) troll 271 755,,Spring_Cr_col,5030,0.99,Green_R_Fa,5008,0.00,Elochoman_H,5030,0.00,Abernathy_NFH_F,5008,0.00,Abernathy_Cr_Fa,5008,0.00
Area123 (12) troll 271 756,,Butte_Cr_f,5001,0.49,Hanford_Reach,5026,0.23,Priest_Rapid_H,5026,0.18,Nez_PerceT_H,5021,0.06,Battle_Cr,5001,0.01
Area123 (12) troll 271 757,,George_Adams_H,5005,0.75,NF_Skokomish_F,5005,0.16,Soos_H,5020,0.05,Grovers_Cr_H,5020,0.01,Voights_H,5020,0.01
Area123 (12) troll 271 758,,Grovers_Cr_H,5020,0.77,Snoqualmie_R,5016,0.08,Soos_H,5020,0.06,Cedar_R_SuFa,5020,0.02,L_Skagit_R_Fa,5016,0.02
Area123 (12) troll 271 759,,N_Santiam_H,5029,1.00,Bowron,1,0.00,Kalama_H_sp,5009,0.00,Dome,1,0.00,,,
Area123 (12) troll 271 760,,George_Adams_H,5005,0.97,NF_Skokomish_F,5005,0.01,Soos_H,5020,0.01,Cedar_R_SuFa,5020,0.00,S_Prairie_Cr,5020,0.00
Area123 (12) troll 271 761,,Abernathy_Cr_Fa,5008,0.64,Elochoman_H,5030,0.13,Spring_Cr_col,5030,0.11,Washougal_R_Fa,5008,0.06,Big_Cr_H_Col,5030,0.04
Area123 (12) troll 271 762,,Spring_Cr_col,5030,0.60,Big_Cr_H_Col,5030,0.39,Elochoman_H,5030,0.00,Abernathy_Cr_Fa,5008,0.00,Abernathy_NFH_F,5008,0.00
Area123 (12) troll 271 763,,Grovers_Cr_H,5020,0.46,Cedar_R_SuFa,5020,0.21,Soos_H,5020,0.12,George_Adams_H,5005,0.11,NF_Skokomish_F,5005,0.09
Area123 (12) troll 271 765,,Abernathy_Cr_Fa,5008,0.55,Spring_Cr_col,5030,0.23,Elochoman_H,5030,0.13,Big_Cr_H_Col,5030,0.03,Cowlitz_H_sp,5009,0.02
Area123 (12) troll 271 766,,George_Adams_H,5005,0.91,NF_Skokomish_F,5005,0.07,Cedar_R_SuFa,5020,0.01,Clear_Cr_H,5020,0.01,L_Skagit_R_Fa,5016,0.00
Area123 (12) troll 271 767,,Cedar_R_SuFa,5020,0.88,L_Skagit_R_Fa,5016,0.06,Soos_H,5020,0.04,Snoqualmie_R,5016,0.01,NF_Skokomish_F,5005,0.01
Area123 (12) troll 271 768,,Cedar_R_SuFa,5020,0.53,Soos_H,5020,0.24,George_Adams_H,5005,0.09,NF_Skokomish_F,5005,0.07,Snoqualmie_R,5016,0.06
Area123 (12) troll 271 769,,Chilliwack_F,3,0.99,Harrison,3,0.01,Warm_Springs_H,5010,0.00,Capilano,9,0.00,NanaimoSu_BackX,7,0.00
Area123 (12) troll 271 770,,Green_R_Fa,5008,0.50,Spring_Cr_col,5030,0.16,Elochoman_H,5030,0.15,Big_Cr_H_Col,5030,0.07,Abernathy_Cr_Fa,5008,0.06
Area123 (12) troll 271 771,,Salmon_R_f,5015,0.90,Necanicum_H,5015,0.05,Trask_R,5015,0.04,Wilson_R,5015,0.01,Alsea_R,5015,0.00
Area123 (12) troll 271 772,,Soos_H,5020,0.56,George_Adams_H,5005,0.17,NF_Skokomish_F,5005,0.09,Snoqualmie_R,5016,0.08,Hupp_Sp_H,5020,0.02
Area123 (12) troll 271 773,,Hanford_Reach,5026,0.70,Priest_Rapid_H,5026,0.24,Methow_R,5026,0.05,Wenatchee_R_SF,5026,0.00,Lyons_Ferry_H,5021,0.00
Area123 (12) troll 271 774,,Nez_PerceT_H,5021,0.53,Lyons_Ferry_H,5021,0.25,Priest_Rapid_H,5026,0.12,Hanford_Reach,5026,0.09,Umatilla_H_Fa,5026,0.01
Area123 (12) troll 271 775,,Priest_Rapid_H,5026,0.76,Hanford_Reach,5026,0.20,Methow_R,5026,0.02,L_Deschutes_R,5004,0.01,Lyons_Ferry_H,5021,0.01
Area123 (12) troll 271 776,,Big_Cr_H_Col,5030,0.91,Green_R_Fa,5008,0.05,Abernathy_Cr_Fa,5008,0.02,Washougal_R_Fa,5008,0.01,Elochoman_H,5030,0.00
Area123 (12) troll 271 777,,Big_Cr_H_Col,5030,0.50,Spring_Cr_col,5030,0.50,Abernathy_Cr_Fa,5008,0.00,Elochoman_H,5030,0.00,Abernathy_NFH_F,5008,0.00
Area123 (12) troll 271 778,,Cedar_R_SuFa,5020,0.77,Snoqualmie_R,5016,0.12,Clear_Cr_H,5020,0.04,NF_Skokomish_F,5005,0.04,George_Adams_H,5005,0.03
Area123 (12) troll 271 779,,Priest_Rapid_H,5026,0.45,Hanford_Reach,5026,0.17,Methow_R,5026,0.16,Nez_PerceT_H,5021,0.09,Lyons_Ferry_H,5021,0.09
Area123 (12) troll 271 780,,Butte_Cr_f,5001,0.95,Battle_Cr,5001,0.03,Stanislaus_R,5001,0.01,Feather_H_fa,5001,0.01,U_Deschutes_R,5004,0.00
Area123 (12) troll 271 781,,George_Adams_H,5005,0.42,Cedar_R_SuFa,5020,0.33,Soos_H,5020,0.18,Grovers_Cr_H,5020,0.06,NF_Skokomish_F,5005,0.00
Area123 (12) troll 271 782,,Salmon_R_f,5015,1.00,S_Coos_R,5011,0.00,Queets_R,5028,0.00,,,,,,
Area123 (12) troll 271 783,,Washougal_R_Fa,5008,0.50,Green_R_Fa,5008,0.17,Abernathy_Cr_Fa,5008,0.16,Lewis_R_Su,5008,0.13,Elochoman_H,5030,0.02
Area123 (12) troll 271 784,,Cedar_R_SuFa,5020,0.50,George_Adams_H,5005,0.28,Soos_H,5020,0.09,NF_Skokomish_F,5005,0.05,Snoqualmie_R,5016,0.02
Area123 (12) troll 271 785,,Nez_PerceT_H,5021,0.64,Lyons_Ferry_H,5021,0.28,U_Deschutes_R,5004,0.06,Priest_Rapid_H,5026,0.01,Hanford_Reach,5026,0.01
Area123 (12) troll 271 786,,Nez_PerceT_H,5021,0.52,Priest_Rapid_H,5026,0.22,Lyons_Ferry_H,5021,0.09,Wenatchee_R_SF,5026,0.09,Hanford_Reach,5026,0.05
Area123 (12) troll 271 787,,Umpqua_H,5011,0.44,L_Thompson,5,0.30,Klamath_R_fa,5007,0.11,Little_R,5,0.07,Hanford_Reach,5026,0.02
Area123 (12) troll 271 788,,NF_Skokomish_F,5005,0.32,Soos_H,5020,0.22,George_Adams_H,5005,0.21,Cedar_R_SuFa,5020,0.18,Snoqualmie_R,5016,0.03
Area123 (12) troll 271 789,,Priest_Rapid_H,5026,0.42,Hanford_Reach,5026,0.37,Methow_R,5026,0.18,L_Wh_Sal_H_SF,5026,0.01,Lyons_Ferry_H,5021,0.01
Area123 (12) troll 271 790,,Spring_Cr_col,5030,0.94,Big_Cr_H_Col,5030,0.06,Abernathy_Cr_Fa,5008,0.00,Abernathy_NFH_F,5008,0.00,Elochoman_H,5030,0.00
Area123 (12) troll 271 791,,Priest_Rapid_H,5026,0.67,Methow_R,5026,0.15,Wenatchee_R_SF,5026,0.12,Hanford_Reach,5026,0.03,L_Deschutes_R,5004,0.02
Area123 (12) troll 271 792,,George_Adams_H,5005,0.54,Soos_H,5020,0.39,Grovers_Cr_H,5020,0.03,Cedar_R_SuFa,5020,0.02,NF_Skokomish_F,5005,0.01
Area123 (12) troll 271 793,,NF_Skokomish_F,5005,0.50,George_Adams_H,5005,0.45,Cedar_R_SuFa,5020,0.03,Soos_H,5020,0.01,Clear_Cr_H,5020,0.01
Area123 (12) troll 271 794,,Soos_H,5020,0.81,Cedar_R_SuFa,5020,0.11,L_Skagit_R_Fa,5016,0.03,NF_Skokomish_F,5005,0.02,George_Adams_H,5005,0.02
Area123 (12) troll 271 795,,Spring_Cr_col,5030,0.79,Big_Cr_H_Col,5030,0.14,Elochoman_H,5030,0.05,Abernathy_Cr_Fa,5008,0.02,Abernathy_NFH_F,5008,0.00
Area123 (12) troll 271 796,,NF_Skokomish_F,5005,0.43,Grovers_Cr_H,5020,0.22,Cedar_R_SuFa,5020,0.20,Puntledge_BackX,7,0.04,Snoqualmie_R,5016,0.03
Area123 (12) troll 271 797,,Priest_Rapid_H,5026,0.56,Hanford_Reach,5026,0.33,Nez_PerceT_H,5021,0.03,Wenatchee_R_SF,5026,0.03,Klamath_R_fa,5007,0.03
Area123 (12) troll 271 798,,George_Adams_H,5005,0.49,Grovers_Cr_H,5020,0.33,Clear_Cr_H,5020,0.04,NF_Skokomish_F,5005,0.04,Voights_H,5020,0.03
Area123 (12) troll 271 799,,Cowlitz_H_sp,5009,0.84,Abernathy_Cr_Fa,5008,0.12,Lewis_R_Su,5008,0.01,Big_Cr_H_Col,5030,0.01,Chilliwack_F,3,0.01
Area123 (12) troll 271 800,,Hanford_Reach,5026,0.74,Priest_Rapid_H,5026,0.25,Methow_R,5026,0.00,Butte_Cr_f,5001,0.00,L_Deschutes_R,5004,0.00
Area123 (12) troll 271 801,,Big_Cr_H_Col,5030,0.24,Cowlitz_H_sp,5009,0.21,Abernathy_Cr_Fa,5008,0.16,Spring_Cr_col,5030,0.12,Lewis_R_Su,5008,0.10
Area123 (12) troll 271 802,,Big_Cr_H_Col,5030,0.97,Spring_Cr_col,5030,0.03,Washougal_R_Fa,5008,0.00,Elochoman_H,5030,0.00,Abernathy_Cr_Fa,5008,0.00
Area123 (12) troll 271 803,,Cedar_R_SuFa,5020,0.42,George_Adams_H,5005,0.23,NF_Skokomish_F,5005,0.17,Grovers_Cr_H,5020,0.15,Soos_H,5020,0.02
Area123 (12) troll 271 804,,Grovers_Cr_H,5020,0.99,Soos_H,5020,0.01,Snoqualmie_R,5016,0.00,George_Adams_H,5005,0.00,L_Skagit_R_Fa,5016,0.00
Area123 (12) troll 271 805,,Hanford_Reach,5026,0.81,Priest_Rapid_H,5026,0.14,U_Deschutes_R,5004,0.02,Wenatchee_R_SF,5026,0.01,Nez_PerceT_H,5021,0.01
Area123 (12) troll 271 806,,Priest_Rapid_H,5026,0.59,Hanford_Reach,5026,0.22,Nez_PerceT_H,5021,0.15,Lyons_Ferry_H,5021,0.03,Methow_R,5026,0.00
Area123 (12) troll 271 807,,Lyons_Ferry_H,5021,0.78,Hanford_Reach,5026,0.12,Nez_PerceT_H,5021,0.08,Priest_Rapid_H,5026,0.03,Methow_R,5026,0.00
Area123 (12) troll 271 808,,George_Adams_H,5005,0.78,Grovers_Cr_H,5020,0.17,Soos_H,5020,0.02,Cedar_R_SuFa,5020,0.02,NF_Skokomish_F,5005,0.01
Area123 (12) troll 271 809,,Priest_Rapid_H,5026,0.64,Hanford_Reach,5026,0.16,Nez_PerceT_H,5021,0.10,Lyons_Ferry_H,5021,0.09,Wenatchee_R_SF,5026,0.02
Area123 (12) troll 271 810,,George_Adams_H,5005,0.86,Soos_H,5020,0.07,Cedar_R_SuFa,5020,0.05,Clear_Cr_H,5020,0.00,Grovers_Cr_H,5020,0.00
Area123 (12) troll 271 811,,L_Sauk_R,5016,0.25,Priest_Rapid_H,5026,0.25,Butte_Cr_f,5001,0.16,Lewis_R_Su,5008,0.10,Feather_H_fa,5001,0.04
Area123 (12) troll 271 812,,NF_Skokomish_F,5005,0.69,George_Adams_H,5005,0.15,Soos_H,5020,0.13,Snoqualmie_R,5016,0.02,Voights_H,5020,0.01
Area123 (12) troll 271 813,,Kalama_H_sp,5009,0.86,Cowlitz_H_sp,5009,0.11,Lewis_R_Su,5008,0.02,Coweeman_R_Fa,5008,0.01,Green_R_Fa,5008,0.00
Area123 (12) troll 271 814,,George_Adams_H,5005,0.98,NF_Skokomish_F,5005,0.01,Grovers_Cr_H,5020,0.01,L_Skagit_R_Fa,5016,0.00,Cedar_R_SuFa,5020,0.00
Area123 (12) troll 271 815,,Soos_H,5020,0.35,Cedar_R_SuFa,5020,0.23,George_Adams_H,5005,0.20,Grovers_Cr_H,5020,0.12,NF_Skokomish_F,5005,0.05
Area123 (12) troll 271 816,,George_Adams_H,5005,0.41,Soos_H,5020,0.34,Grovers_Cr_H,5020,0.19,NF_Skokomish_F,5005,0.02,Cedar_R_SuFa,5020,0.02
Area123 (12) troll 271 817,,Soos_H,5020,0.69,NF_Skokomish_F,5005,0.10,Grovers_Cr_H,5020,0.08,Cedar_R_SuFa,5020,0.06,George_Adams_H,5005,0.04
Area123 (12) troll 271 818,,Abernathy_Cr_Fa,5008,0.64,Washougal_R_Fa,5008,0.25,Spring_Cr_col,5030,0.07,Elochoman_H,5030,0.01,Lewis_R_Su,5008,0.01
Area123 (12) troll 271 819,,Salmon_R_f,5015,0.57,Queets_R,5028,0.40,Washougal_R_Fa,5008,0.01,Abernathy_Cr_Fa,5008,0.01,Sixes_R,5011,0.01
Area123 (12) troll 271 820,,Spring_Cr_col,5030,0.96,Big_Cr_H_Col,5030,0.04,Abernathy_NFH_F,5008,0.00,Elochoman_H,5030,0.00,Abernathy_Cr_Fa,5008,0.00
Area123 (12) troll 271 821,,Spring_Cr_col,5030,0.96,Elochoman_H,5030,0.04,Abernathy_Cr_Fa,5008,0.00,Big_Cr_H_Col,5030,0.00,Lewis_R_Su,5008,0.00
Area123 (12) troll 271 822,,Soos_H,5020,0.73,Cedar_R_SuFa,5020,0.20,Voights_H,5020,0.06,Snoqualmie_R,5016,0.00,George_Adams_H,5005,0.00
Area123 (12) troll 271 823,,George_Adams_H,5005,0.73,Cedar_R_SuFa,5020,0.12,Soos_H,5020,0.07,NF_Skokomish_F,5005,0.04,Voights_H,5020,0.01
Area123 (12) troll 271 824,,Nez_PerceT_H,5021,0.41,Priest_Rapid_H,5026,0.31,Lyons_Ferry_H,5021,0.14,Hanford_Reach,5026,0.13,Abernathy_Cr_Fa,5008,0.00
Area123 (12) troll 271 825,,Grovers_Cr_H,5020,0.98,George_Adams_H,5005,0.01,Hupp_Sp_H,5020,0.01,Cedar_R_SuFa,5020,0.00,Soos_H,5020,0.00
Area123 (12) troll 271 826,,Priest_Rapid_H,5026,0.53,Hanford_Reach,5026,0.31,Lyons_Ferry_H,5021,0.08,L_Deschutes_R,5004,0.07,Nez_PerceT_H,5021,0.00
Area123 (12) troll 271 827,,Hanford_Reach,5026,0.44,Lyons_Ferry_H,5021,0.43,Nez_PerceT_H,5021,0.09,Priest_Rapid_H,5026,0.01,Wenatchee_R_SF,5026,0.01
Area123 (12) troll 271 828,Dupe with 429,Butte_Cr_f,5001,0.97,Feather_H_fa,5001,0.02,Battle_Cr,5001,0.01,Stanislaus_R,5001,0.00,Feather_H_sp,5002,0.00
Area123 (12) troll 271 829,,Chilliwack_F,3,0.71,Harrison,3,0.29,Chilliwac@Stav,3,0.00,,,,,,
Area123 (12) troll 271 830,,Kalama_H_sp,5009,0.75,Abernathy_Cr_Fa,5008,0.07,Washougal_R_Fa,5008,0.06,Elochoman_H,5030,0.03,Cowlitz_H_sp,5009,0.03
Area123 (12) troll 271 831,,Spring_Cr_col,5030,0.97,Washougal_R_Fa,5008,0.02,Green_R_Fa,5008,0.01,Big_Cr_H_Col,5030,0.00,Abernathy_NFH_F,5008,0.00
Area123 (12) troll 271 832,,Kalama_H_sp,5009,0.59,Cowlitz_H_sp,5009,0.25,Spring_Cr_col,5030,0.07,Elochoman_H,5030,0.05,Washougal_R_Fa,5008,0.02
Area123 (12) troll 271 833,,Hanford_Reach,5026,0.63,Priest_Rapid_H,5026,0.13,L_Deschutes_R,5004,0.11,Nez_PerceT_H,5021,0.08,Lyons_Ferry_H,5021,0.02
Area123 (12) troll 271 834,,Hanford_Reach,5026,0.57,Nez_PerceT_H,5021,0.20,Priest_Rapid_H,5026,0.11,L_Deschutes_R,5004,0.08,Wenatchee_R_SF,5026,0.02
Area123 (12) troll 271 835,,Kalama_H_sp,5009,0.63,Wenatchee_R_SF,5026,0.27,Umpqua_H,5011,0.06,Hanford_Reach,5026,0.02,Methow_R,5026,0.01
Area123 (12) troll 271 836,,Chilliwack_F,3,0.91,Harrison,3,0.09,Chilliwac@Stav,3,0.00,,,,,,
Area123 (12) troll 271 837,,S_Coos_R,5011,0.96,Washougal_R_Fa,5008,0.01,Lewis_R_Su,5008,0.01,Hanford_Reach,5026,0.01,Umpqua_H,5011,0.01
Area123 (12) troll 271 838,,Green_R_Fa,5008,0.34,Washougal_R_Fa,5008,0.27,Lewis_R_Su,5008,0.22,Abernathy_Cr_Fa,5008,0.14,Coweeman_R_Fa,5008,0.01
Area123 (12) troll 271 839,,Spring_Cr_col,5030,0.89,Big_Cr_H_Col,5030,0.11,Elochoman_H,5030,0.00,Abernathy_Cr_Fa,5008,0.00,Kalama_H_sp,5009,0.00
Area123 (12) troll 271 840,,Soos_H,5020,0.52,George_Adams_H,5005,0.28,Skagit_R,5016,0.10,Cedar_R_SuFa,5020,0.05,L_Skagit_R_Fa,5016,0.04
Area123 (12) troll 271 841,,Priest_Rapid_H,5026,0.81,Butte_Cr_f,5001,0.06,Harrison,3,0.05,Wenatchee_R_SF,5026,0.03,Methow_R,5026,0.02
Area123 (12) troll 271 842,,Chilliwack_F,3,0.95,Harrison,3,0.05,Chilliwac@Stav,3,0.00,,,,,,
Area123 (12) troll 271 843,,Priest_Rapid_H,5026,0.32,Hanford_Reach,5026,0.28,Nez_PerceT_H,5021,0.24,L_Deschutes_R,5004,0.12,L_Wh_Sal_H_SF,5026,0.02
Area123 (12) troll 271 844,,Lewis_R_Su,5008,0.99,Washougal_R_Fa,5008,0.01,Cowlitz_H_sp,5009,0.00,,,,,,
Area123 (12) troll 271 845,,Wenatchee_R_SF,5026,0.26,Nez_PerceT_H,5021,0.20,Priest_Rapid_H,5026,0.19,Hanford_Reach,5026,0.15,Lyons_Ferry_H,5021,0.11
Area123 (12) troll 271 846,,Lyons_Ferry_H,5021,0.33,Green_R_Fa,5008,0.17,Nez_PerceT_H,5021,0.16,Priest_Rapid_H,5026,0.08,Hanford_Reach,5026,0.05
Area123 (12) troll 271 847,,Harrison,3,0.83,Chilliwack_F,3,0.15,L_Skagit_R_Fa,5016,0.01,Chilliwac@Stav,3,0.00,Kitimat,10,0.00
Area123 (12) troll 271 848,,Lewis_R_Su,5008,0.70,Skagit_R,5016,0.08,Washougal_R_Fa,5008,0.08,Elochoman_H,5030,0.07,Abernathy_Cr_Fa,5008,0.02
Area123 (12) troll 271 849,,Priest_Rapid_H,5026,0.48,Hanford_Reach,5026,0.45,Nez_PerceT_H,5021,0.04,Lyons_Ferry_H,5021,0.02,Wenatchee_R_SF,5026,0.00
Area123 (12) troll 271 850,,Harrison,3,0.44,L_Skagit_R_Fa,5016,0.12,George_Adams_H,5005,0.08,NF_Skokomish_F,5005,0.07,U_Sauk_R_SpSu,5016,0.07
Area123 (12) troll 271 851,,Kalama_H_sp,5009,0.39,Cowlitz_H_sp,5009,0.30,Abernathy_Cr_Fa,5008,0.13,Hanford_Reach,5026,0.05,Priest_Rapid_H,5026,0.04
Area123 (12) troll 271 852,,Soos_H,5020,0.86,L_Skagit_R_Fa,5016,0.09,Snoqualmie_R,5016,0.03,George_Adams_H,5005,0.01,Cedar_R_SuFa,5020,0.00
Area123 (12) troll 271 853,,S_Coos_R,5011,0.92,S_Umpqua_H,5011,0.08,Priest_Rapid_H,5026,0.00,Coos_H,5011,0.00,Lewis_R_Su,5008,0.00
Area123 (12) troll 271 854,,Abernathy_Cr_Fa,5008,0.18,Skagit_R,5016,0.15,Sixes_R,5011,0.14,Umpqua_H,5011,0.13,Lyons_Ferry_H,5021,0.13
Area123 (12) troll 271 855,,Kalama_H_sp,5009,0.57,Umpqua_H,5011,0.28,S_Coos_R,5011,0.04,Lewis_R_Su,5008,0.02,Cowlitz_H_sp,5009,0.02
Area123 (12) troll 271 856,,Snoqualmie_R,5016,0.38,Soos_H,5020,0.29,Grovers_Cr_H,5020,0.14,Cedar_R_SuFa,5020,0.07,Clear_Cr_H,5020,0.04
Area123 (12) troll 271 857,,Hanford_Reach,5026,0.78,Priest_Rapid_H,5026,0.16,Methow_R,5026,0.04,Lyons_Ferry_H,5021,0.01,Nez_PerceT_H,5021,0.01
Area123 (12) troll 271 858,,Chilliwack_F,3,0.95,Harrison,3,0.05,N_Thom@Main,4,0.00,L_Thompson,5,0.00,,,
Area123 (12) troll 271 859,,Big_Cr_H_Col,5030,0.65,Spring_Cr_col,5030,0.35,Abernathy_NFH_F,5008,0.00,,,,,,
Area123 (12) troll 271 860,,S_Coos_R,5011,0.82,Cowlitz_H_sp,5009,0.08,Kalama_H_sp,5009,0.05,Abernathy_Cr_Fa,5008,0.02,Lewis_R_Su,5008,0.01
Area123 (12) troll 271 861,,Hanford_Reach,5026,0.72,Priest_Rapid_H,5026,0.18,L_Deschutes_R,5004,0.04,Nez_PerceT_H,5021,0.02,Methow_R,5026,0.01
Area123 (12) troll 271 862,,Nez_PerceT_H,5021,0.72,Lyons_Ferry_H,5021,0.22,Hanford_Reach,5026,0.02,Zeballos,8,0.02,L_Deschutes_R,5004,0.01
Area123 (12) troll 271 863,,Butte_Cr_f,5001,0.99,L_Deschutes_R,5004,0.01,Lyons_Ferry_H,5021,0.00,Feather_H_fa,5001,0.00,Stanislaus_R,5001,0.00
Area123 (12) troll 271 864,,Chilliwack_F,3,0.78,Harrison,3,0.22,Nez_PerceT_H,5021,0.00,Capilano,9,0.00,,,
Area123 (12) troll 271 865,,Harrison,3,0.72,Chilliwack_F,3,0.27,Chilliwac@Stav,3,0.00,Snoqualmie_R,5016,0.00,N_Thom@Main,4,0.00
Area123 (12) troll 271 866,,Priest_Rapid_H,5026,0.60,Hanford_Reach,5026,0.39,Lyons_Ferry_H,5021,0.00,,,,,,
Area123 (12) troll 271 867,,Snoqualmie_R,5016,0.49,Soos_H,5020,0.44,L_Skagit_R_Fa,5016,0.04,Clear_Cr_H,5020,0.01,Grovers_Cr_H,5020,0.01
Area123 (12) troll 271 868,,Harrison,3,0.42,Chilliwack_F,3,0.15,L_Skagit_R_Fa,5016,0.08,Priest_Rapid_H,5026,0.08,Soos_H,5020,0.07
Area123 (12) troll 271 869,,Nez_PerceT_H,5021,0.56,Hanford_Reach,5026,0.27,Soos_H,5020,0.10,NF_Skokomish_F,5005,0.02,Priest_Rapid_H,5026,0.01
Area123 (12) troll 271 870,,Spring_Cr_col,5030,0.92,Elochoman_H,5030,0.05,Abernathy_Cr_Fa,5008,0.02,Big_Cr_H_Col,5030,0.01,Abernathy_NFH_F,5008,0.00
Area123 (12) troll 271 871,,Lyons_Ferry_H,5021,0.90,Nez_PerceT_H,5021,0.08,Hanford_Reach,5026,0.01,ClearwaterRFa,5021,0.01,Priest_Rapid_H,5026,0.00
Area123 (12) troll 271 872,,Spring_Cr_col,5030,0.39,Abernathy_Cr_Fa,5008,0.23,Washougal_R_Fa,5008,0.12,NanaimoSu_BackX,7,0.10,Elochoman_H,5030,0.07
Area123 (12) troll 271 873,,Soos_H,5020,0.94,George_Adams_H,5005,0.04,Cedar_R_SuFa,5020,0.01,Snoqualmie_R,5016,0.00,L_Skagit_R_Fa,5016,0.00
Area123 (12) troll 271 874,,S_Coos_R,5011,0.92,S_Umpqua_H,5011,0.06,Coquille_R,5011,0.01,Sixes_R,5011,0.00,Salmon_R_f,5015,0.00
Area123 (12) troll 271 875,,Abernathy_Cr_Fa,5008,0.96,Lewis_R_Su,5008,0.02,Elochoman_H,5030,0.01,Coweeman_R_Fa,5008,0.00,Washougal_R_Fa,5008,0.00
Area123 (12) troll 271 876,,Priest_Rapid_H,5026,0.59,Hanford_Reach,5026,0.22,Lyons_Ferry_H,5021,0.09,Nez_PerceT_H,5021,0.06,L_Deschutes_R,5004,0.03
Area123 (12) troll 271 877,,L_Deschutes_R,5004,0.36,Hanford_Reach,5026,0.22,Skagit_R,5016,0.19,Priest_Rapid_H,5026,0.18,U_Deschutes_R,5004,0.01
Area123 (12) troll 271 878,,U_Deschutes_R,5004,0.51,L_Deschutes_R,5004,0.37,Hanford_Reach,5026,0.08,Priest_Rapid_H,5026,0.01,Wenatchee_R_SF,5026,0.01
Area123 (12) troll 271 879,Dupe with 378,Butte_Cr_f,5001,0.97,Feather_H_fa,5001,0.02,Battle_Cr,5001,0.01,Stanislaus_R,5001,0.00,,,
Area123 (12) troll 271 880,,Chilliwack_F,3,1.00,Harrison,3,0.00,L_Skagit_R_Fa,5016,0.00,,,,,,
Area123 (12) troll 271 881,,George_Adams_H,5005,0.52,NF_Skokomish_F,5005,0.38,Cedar_R_SuFa,5020,0.05,Soos_H,5020,0.04,Snoqualmie_R,5016,0.01
Area123 (12) troll 271 882,,Snoqualmie_R,5016,0.78,L_Skagit_R_Fa,5016,0.10,Soos_H,5020,0.03,White_H,5020,0.03,Cedar_R_SuFa,5020,0.03
Area123 (12) troll 271 883,,Hanford_Reach,5026,0.49,Nez_PerceT_H,5021,0.22,L_Deschutes_R,5004,0.18,Priest_Rapid_H,5026,0.05,Lyons_Ferry_H,5021,0.03
Area123 (12) troll 271 884,,Salmon_R_f,5015,0.94,S_Coos_R,5011,0.04,Trask_R,5015,0.01,Wilson_R,5015,0.00,S_Umpqua_H,5011,0.00
Area123 (12) troll 286 1,,L_Skagit_R_Fa,5016,0.37,Snoqualmie_R,5016,0.36,Cedar_R_SuFa,5020,0.14,Soos_H,5020,0.07,George_Adams_H,5005,0.03
Area123 (12) troll 286 10,,George_Adams_H,5005,0.58,NF_Skokomish_F,5005,0.18,Soos_H,5020,0.11,Cedar_R_SuFa,5020,0.07,Grovers_Cr_H,5020,0.05
Area123 (12) troll 286 11,,Priest_Rapid_H,5026,0.86,Hanford_Reach,5026,0.10,Lyons_Ferry_H,5021,0.03,Nez_PerceT_H,5021,0.01,L_Deschutes_R,5004,0.00
Area123 (12) troll 286 12,,Lewis_R_Su,5008,0.75,Washougal_R_Fa,5008,0.21,Green_R_Fa,5008,0.02,Abernathy_Cr_Fa,5008,0.01,Cowlitz_H_fa,5008,0.01
Area123 (12) troll 286 13,,Big_Cr_H_Col,5030,0.60,Spring_Cr_col,5030,0.40,Abernathy_Cr_Fa,5008,0.00,,,,,,
Area123 (12) troll 286 14,,Hanford_Reach,5026,0.72,Priest_Rapid_H,5026,0.15,Wenatchee_R_SF,5026,0.08,Methow_R,5026,0.01,Umpqua_H,5011,0.01
Area123 (12) troll 286 15,,Spring_Cr_col,5030,0.96,Big_Cr_H_Col,5030,0.04,Washougal_R_Fa,5008,0.00,Abernathy_NFH_F,5008,0.00,Abernathy_Cr_Fa,5008,0.00
Area123 (12) troll 286 16,,Spring_Cr_col,5030,0.97,Abernathy_Cr_Fa,5008,0.02,Big_Cr_H_Col,5030,0.01,Elochoman_H,5030,0.00,Abernathy_NFH_F,5008,0.00
Area123 (12) troll 286 17,,NF_Nooksack_H,5016,1.00,Priest_Rapid_H,5026,0.00,,,,,,,,,
Area123 (12) troll 286 18,,Washougal_R_Fa,5008,0.42,Spring_Cr_col,5030,0.33,Elochoman_H,5030,0.09,Cowlitz_H_fa,5008,0.05,Green_R_Fa,5008,0.04
Area123 (12) troll 286 19,,George_Adams_H,5005,0.80,NF_Skokomish_F,5005,0.10,Soos_H,5020,0.03,Grovers_Cr_H,5020,0.03,Clear_Cr_H,5020,0.01
Area123 (12) troll 286 2,,NF_Skokomish_F,5005,0.66,George_Adams_H,5005,0.17,Snoqualmie_R,5016,0.08,Grovers_Cr_H,5020,0.05,Soos_H,5020,0.01
Area123 (12) troll 286 20,,Klamath_R_fa,5007,0.98,Columbia_Rogue,5019,0.02,Trinity_H_sp,5007,0.00,,,,,,
Area123 (12) troll 286 21,,Grovers_Cr_H,5020,0.93,George_Adams_H,5005,0.03,NF_Skokomish_F,5005,0.02,Soos_H,5020,0.01,L_Skagit_R_Fa,5016,0.00
Area123 (12) troll 286 22,,Hanford_Reach,5026,0.44,Priest_Rapid_H,5026,0.25,Nez_PerceT_H,5021,0.18,L_Thompson,5,0.06,Lyons_Ferry_H,5021,0.03
Area123 (12) troll 286 23,,Puntledge_BackX,7,0.53,L_Qualicum,7,0.10,Cowichan,7,0.07,Cedar_R_SuFa,5020,0.06,Snoqualmie_R,5016,0.05
Area123 (12) troll 286 24,,Chilliwack_F,3,0.72,Harrison,3,0.24,Umpqua_H,5011,0.02,Salmon_R_f,5015,0.01,Chilliwac@Stav,3,0.00
Area123 (12) troll 286 25,,Abernathy_Cr_Fa,5008,0.51,Spring_Cr_col,5030,0.16,Elochoman_H,5030,0.11,Big_Cr_H_Col,5030,0.07,Cowlitz_H_fa,5008,0.04
Area123 (12) troll 286 26,Dupe with 479,Spring_Cr_col,5030,0.96,Elochoman_H,5030,0.02,Abernathy_NFH_F,5008,0.01,Abernathy_Cr_Fa,5008,0.00,Big_Cr_H_Col,5030,0.00
Area123 (12) troll 286 27,,Hanford_Reach,5026,1.00,Priest_Rapid_H,5026,0.00,Lyons_Ferry_H,5021,0.00,Methow_R,5026,0.00,L_Wh_Sal_H_SF,5026,0.00
Area123 (12) troll 286 28,,Skagit_R,5016,0.41,Sixes_R,5011,0.10,Lewis_R_Su,5008,0.10,Umpqua_H,5011,0.09,Elk_H,5011,0.07
Area123 (12) troll 286 29,,Soos_H,5020,0.53,NF_Skokomish_F,5005,0.16,George_Adams_H,5005,0.13,Cedar_R_SuFa,5020,0.06,Grovers_Cr_H,5020,0.05
Area123 (12) troll 286 3,,Big_Cr_H_Col,5030,0.52,Spring_Cr_col,5030,0.26,Elochoman_H,5030,0.15,Washougal_R_Fa,5008,0.03,Abernathy_NFH_F,5008,0.03
Area123 (12) troll 286 30,,Hanford_Reach,5026,0.68,Nez_PerceT_H,5021,0.31,Lyons_Ferry_H,5021,0.01,Priest_Rapid_H,5026,0.00,,,
Area123 (12) troll 286 31,,Chilliwack_F,3,0.71,Harrison,3,0.29,Priest_Rapid_H,5026,0.00,Abernathy_Cr_Fa,5008,0.00,Hanford_Reach,5026,0.00
Area123 (12) troll 286 32,,Grovers_Cr_H,5020,0.18,Voights_H,5020,0.14,Cedar_R_SuFa,5020,0.13,George_Adams_H,5005,0.12,Soos_H,5020,0.12
Area123 (12) troll 286 33,,Wenatchee_R_SF,5026,0.48,Priest_Rapid_H,5026,0.32,Methow_R,5026,0.12,Hanford_Reach,5026,0.05,Wells_H,5026,0.01
Area123 (12) troll 286 34,,Chilliwack_F,3,1.00,,,,,,,,,,,,
Area123 (12) troll 286 35,,Priest_Rapid_H,5026,0.97,Umatilla_H_Fa,5026,0.01,Nez_PerceT_H,5021,0.01,L_Deschutes_R,5004,0.00,Hanford_Reach,5026,0.00
Area123 (12) troll 286 36,,George_Adams_H,5005,0.87,Soos_H,5020,0.08,NF_Skokomish_F,5005,0.02,Snoqualmie_R,5016,0.01,Grovers_Cr_H,5020,0.01
Area123 (12) troll 286 37,,Soos_H,5020,0.46,George_Adams_H,5005,0.39,Snoqualmie_R,5016,0.04,Voights_H,5020,0.04,Grovers_Cr_H,5020,0.02
Area123 (12) troll 286 38,,George_Adams_H,5005,0.75,NF_Nooksack_H,5016,0.06,Soos_H,5020,0.05,Snoqualmie_R,5016,0.04,NF_Skokomish_F,5005,0.04
Area123 (12) troll 286 39,,Harrison,3,1.00,Chilliwac@Stav,3,0.00,Chilliwack_F,3,0.00,Capilano,9,0.00,,,
Area123 (12) troll 286 4,,Hanford_Reach,5026,0.83,Lyons_Ferry_H,5021,0.13,Priest_Rapid_H,5026,0.01,L_Wh_Sal_H_SF,5026,0.01,L_Deschutes_R,5004,0.01
Area123 (12) troll 286 40,,Spring_Cr_col,5030,0.50,Big_Cr_H_Col,5030,0.49,Abernathy_Cr_Fa,5008,0.00,Elochoman_H,5030,0.00,Cowlitz_H_sp,5009,0.00
Area123 (12) troll 286 41,,Hanford_Reach,5026,0.17,Priest_Rapid_H,5026,0.10,Lyons_Ferry_H,5021,0.10,Nez_PerceT_H,5021,0.09,Abernathy_Cr_Fa,5008,0.08
Area123 (12) troll 286 42,,Washougal_R_Fa,5008,0.56,Green_R_Fa,5008,0.20,Abernathy_Cr_Fa,5008,0.13,Cowlitz_H_sp,5009,0.03,Cowlitz_H_fa,5008,0.03
Area123 (12) troll 286 43,,Cedar_R_SuFa,5020,0.85,Grovers_Cr_H,5020,0.02,NF_Skokomish_F,5005,0.02,Soos_H,5020,0.02,Umpqua_H,5011,0.02
Area123 (12) troll 286 44,,Chilliwack_F,3,0.99,Harrison,3,0.01,Snoqualmie_R,5016,0.00,,,,,,
Area123 (12) troll 286 45,Dupe with 460,Spring_Cr_col,5030,0.97,Elochoman_H,5030,0.02,Abernathy_NFH_F,5008,0.01,Big_Cr_H_Col,5030,0.00,Abernathy_Cr_Fa,5008,0.00
Area123 (12) troll 286 46,,Chilliwack_F,3,1.00,Harrison,3,0.00,,,,,,,,,
Area123 (12) troll 286 47,,Soos_H,5020,0.73,Cedar_R_SuFa,5020,0.20,George_Adams_H,5005,0.04,Grovers_Cr_H,5020,0.01,NF_Skokomish_F,5005,0.01
Area123 (12) troll 286 48,,Snoqualmie_R,5016,0.81,Skagit_R,5016,0.09,Soos_H,5020,0.04,L_Sauk_R,5016,0.02,U_Sauk_R,5016,0.02
Area123 (12) troll 286 49,,Snoqualmie_R,5016,0.70,L_Skagit_R_Fa,5016,0.14,L_Sauk_R,5016,0.06,NF_Skokomish_F,5005,0.06,U_Sauk_R_SpSu,5016,0.01
Area123 (12) troll 286 5,,Cedar_R_SuFa,5020,0.86,NF_Skokomish_F,5005,0.07,Soos_H,5020,0.03,George_Adams_H,5005,0.01,S_Prairie_Cr,5020,0.01
Area123 (12) troll 286 50,,Lewis_R_Su,5008,0.41,Washougal_R_Fa,5008,0.34,Spring_Cr_col,5030,0.13,Elochoman_H,5030,0.07,Big_Cr_H_Col,5030,0.05
Area123 (12) troll 286 51,,Harrison,3,0.94,Chilliwack_F,3,0.02,NF_Skokomish_F,5005,0.02,U_Sauk_R_SpSu,5016,0.01,L_Sauk_R,5016,0.00
Area123 (12) troll 286 52,,Soos_H,5020,0.65,Grovers_Cr_H,5020,0.20,NF_Skokomish_F,5005,0.08,Cedar_R_SuFa,5020,0.04,George_Adams_H,5005,0.02
Area123 (12) troll 286 53,,George_Adams_H,5005,0.70,NF_Skokomish_F,5005,0.26,Soos_H,5020,0.04,Cedar_R_SuFa,5020,0.00,Snoqualmie_R,5016,0.00
Area123 (12) troll 286 54,,Lyons_Ferry_H,5021,0.28,Priest_Rapid_H,5026,0.25,Nez_PerceT_H,5021,0.22,U_Deschutes_R,5004,0.12,L_Deschutes_R,5004,0.09
Area123 (12) troll 286 55,,Spring_Cr_col,5030,0.48,Abernathy_Cr_Fa,5008,0.41,Lewis_R_Su,5008,0.05,Coweeman_R_Fa,5008,0.02,Big_Cr_H_Col,5030,0.02
Area123 (12) troll 286 56,,Spring_Cr_col,5030,0.99,Big_Cr_H_Col,5030,0.01,Abernathy_Cr_Fa,5008,0.00,Elochoman_H,5030,0.00,Washougal_R_Fa,5008,0.00
Area123 (12) troll 286 57,,U_Sauk_R_SpSu,5016,0.31,Skagit_R,5016,0.24,L_Sauk_R,5016,0.20,Snoqualmie_R,5016,0.08,S_Coos_R,5011,0.06
Area123 (12) troll 286 58,,Hanford_Reach,5026,0.80,Wenatchee_R_SF,5026,0.09,Methow_R,5026,0.06,Nez_PerceT_H,5021,0.02,Priest_Rapid_H,5026,0.02
Area123 (12) troll 286 59,,Washougal_R_Fa,5008,0.52,Abernathy_Cr_Fa,5008,0.25,Elochoman_H,5030,0.13,Green_R_Fa,5008,0.04,Hanford_Reach,5026,0.02
Area123 (12) troll 286 6,,Priest_Rapid_H,5026,0.63,Methow_R,5026,0.18,Hanford_Reach,5026,0.11,Wenatchee_R_SF,5026,0.07,Lyons_Ferry_H,5021,0.01
Area123 (12) troll 286 60,,Harrison,3,1.00,Chilliwack_F,3,0.00,U_Sauk_R_SpSu,5016,0.00,Skagit_R,5016,0.00,Snoqualmie_R,5016,0.00
Area123 (12) troll 286 61,,George_Adams_H,5005,0.61,Cedar_R_SuFa,5020,0.12,L_Skagit_R_Fa,5016,0.07,Snoqualmie_R,5016,0.07,Skagit_R,5016,0.04
Area123 (12) troll 286 62,,Big_Cr_H_Col,5030,0.58,Spring_Cr_col,5030,0.37,N_Santiam_H,5029,0.02,Elochoman_H,5030,0.01,Abernathy_NFH_F,5008,0.00
Area123 (12) troll 286 63,,Chilliwack_F,3,0.94,Harrison,3,0.06,Chilliwac@Stav,3,0.00,Capilano,9,0.00,Shakes_Cr,18,0.00
Area123 (12) troll 286 64,,Butte_Cr_f,5001,1.00,Feather_H_fa,5001,0.00,Lewis_R_Su,5008,0.00,N_Santiam_H,5029,0.00,Chilliwac@Stav,3,0.00
Area123 (12) troll 286 65,,Klamath_R_fa,5007,0.46,Umpqua_H,5011,0.41,S_Umpqua_H,5011,0.06,S_Coos_R,5011,0.04,Queets_R,5028,0.01
Area123 (12) troll 286 66,,Kalama_H_sp,5009,0.33,Umpqua_H,5011,0.27,L_Deschutes_R,5004,0.14,N_Santiam_H,5029,0.08,Skagit_R,5016,0.08
Area123 (12) troll 286 67,,Hanford_Reach,5026,0.82,Priest_Rapid_H,5026,0.10,Nez_PerceT_H,5021,0.04,Wenatchee_R_SF,5026,0.01,Lyons_Ferry_H,5021,0.01
Area123 (12) troll 286 68,,Chilliwack_F,3,0.98,Harrison,3,0.01,L_Skagit_R_Fa,5016,0.00,Chilliwac@Stav,3,0.00,,,
Area123 (12) troll 286 69,,Hanford_Reach,5026,0.67,L_Deschutes_R,5004,0.12,Lyons_Ferry_H,5021,0.07,Nez_PerceT_H,5021,0.05,Priest_Rapid_H,5026,0.05
Area123 (12) troll 286 7,,Lewis_R_Su,5008,0.46,Washougal_R_Fa,5008,0.35,Abernathy_Cr_Fa,5008,0.15,Elochoman_H,5030,0.02,Cowlitz_H_sp,5009,0.01
Area123 (12) troll 286 70,,Harrison,3,0.52,Priest_Rapid_H,5026,0.26,Hanford_Reach,5026,0.18,L_Thompson,5,0.02,Nez_PerceT_H,5021,0.01
Area123 (12) troll 286 71,,Priest_Rapid_H,5026,0.49,Hanford_Reach,5026,0.20,L_Deschutes_R,5004,0.16,Wenatchee_R_SF,5026,0.05,Nez_PerceT_H,5021,0.03
Area123 (12) troll 286 72,,Lewis_R_Su,5008,0.85,Abernathy_Cr_Fa,5008,0.12,Green_R_Fa,5008,0.01,Cowlitz_H_fa,5008,0.01,Washougal_R_Fa,5008,0.01
Area123 (12) troll 286 73,,Cowlitz_H_sp,5009,0.58,Nez_PerceT_H,5021,0.18,Kalama_H_sp,5009,0.05,L_Skagit_R_Fa,5016,0.05,Harrison,3,0.04
Area123 (12) troll 286 74,,Priest_Rapid_H,5026,0.67,Hanford_Reach,5026,0.24,L_Deschutes_R,5004,0.04,U_Deschutes_R,5004,0.02,Lewis_R_Su,5008,0.01
Area123 (12) troll 286 75,,Priest_Rapid_H,5026,0.56,Hanford_Reach,5026,0.38,L_Deschutes_R,5004,0.03,Methow_R,5026,0.02,Big_Cr_H_Col,5030,0.01
Area123 (12) troll 286 76,,Lewis_R_Su,5008,0.65,Kalama_H_sp,5009,0.29,Coweeman_R_Fa,5008,0.02,Elochoman_H,5030,0.01,Cowlitz_H_sp,5009,0.01
Area123 (12) troll 286 77,,Priest_Rapid_H,5026,0.54,Wenatchee_R_SF,5026,0.21,Hanford_Reach,5026,0.09,Nez_PerceT_H,5021,0.06,Methow_R,5026,0.05
Area123 (12) troll 286 78,,Green_R_Fa,5008,0.54,Washougal_R_Fa,5008,0.36,Cowlitz_H_fa,5008,0.04,Abernathy_Cr_Fa,5008,0.04,Lewis_R_Su,5008,0.01
Area123 (12) troll 286 79,,NF_Skokomish_F,5005,0.63,George_Adams_H,5005,0.35,Grovers_Cr_H,5020,0.01,Hamma_Hamma_R,5005,0.00,Soos_H,5020,0.00
Area123 (12) troll 286 8,,George_Adams_H,5005,0.39,Cedar_R_SuFa,5020,0.28,Snoqualmie_R,5016,0.15,Grovers_Cr_H,5020,0.09,L_Skagit_R_Fa,5016,0.06
Area123 (12) troll 286 80,,L_Skagit_R_Fa,5016,0.30,Soos_H,5020,0.21,Snoqualmie_R,5016,0.14,Cedar_R_SuFa,5020,0.13,NF_Skokomish_F,5005,0.12
Area123 (12) troll 286 9,,Soos_H,5020,0.49,George_Adams_H,5005,0.30,Cedar_R_SuFa,5020,0.18,NF_Skokomish_F,5005,0.02,S_Prairie_Cr,5020,0.01
,,,,,,,,,,,,,,,,
Sample: 35, Area124,2012, troll, Aug21-Aug28,,,,,,,,,,,,
Area124 (12) troll 234 364,,Snoqualmie_R,5016,0.22,Umatilla_H_Fa,5026,0.22,Umatilla_H,5026,0.15,L_Wh_Sal_H_SF,5026,0.14,Priest_Rapids_H,5026,0.09
Area124 (12) troll 234 365,,L_Thompson,5,0.29,Blue,4,0.24,Little_R,5,0.10,Finn,4,0.09,Snoqualmie_R,5016,0.09
Area124 (12) troll 234 366,,L_Thompson,5,0.67,Priest_Rapids_H,5026,0.14,Little_R,5,0.12,Cowlitz_H_fa,5008,0.03,L_Wh_Sal_H_SF,5026,0.02
Area124 (12) troll 234 367,,Cowlitz_H_fa,5008,0.69,Spring_Cr_col,5030,0.16,Big_Cr_H_Col,5030,0.04,Elochoman_R_Fa,5008,0.04,Elochoman_H,5030,0.04
Area124 (12) troll 234 368,,Snoqualmie_R,5016,0.99,George_Adams_H,5005,0.01,Tatsamenie,17,0.00,Johnny_Tashoot,18,0.00,Samish_H,5016,0.00
Area124 (12) troll 234 369,,Toquart,8,0.71,Nitinat,8,0.29,Sooke,8,0.00,Snoqualmie_R,5016,0.00,Bear_Cr_SuFa,5020,0.00
Area124 (12) troll 234 370,,Toquart,8,0.61,Kaouk_R,8,0.13,Conuma,8,0.07,Tranquil,8,0.06,Zeballos,8,0.05
Area124 (12) troll 234 371,,NF_Nooksack_H,5016,0.93,Nez_PerceT_H,5021,0.05,Snoqualmie_R,5016,0.00,Hanford_Reach,5026,0.00,L_Thompson,5,0.00
Area124 (12) troll 234 372,,Snoqualmie_R,5016,0.81,Bear_Cr_SuFa,5020,0.16,L_Skagit_R_Fa,5016,0.02,Cedar_R_SuFa,5020,0.00,Hamma_Hamma_R,5005,0.00
Area124 (12) troll 234 373,,Bear_Cr_SuFa,5020,0.67,Samish_H,5016,0.12,Cedar_R_SuFa,5020,0.09,Hamma_Hamma_R,5005,0.05,Snoqualmie_R,5016,0.05
Area124 (12) troll 234 374,,Cowlitz_H_fa,5008,0.65,Spring_Cr_col,5030,0.19,Big_Cr_H_Col,5030,0.07,Elochoman_R_Fa,5008,0.03,Abernathy_NFH_F,5008,0.03
Area124 (12) troll 234 375,,Snoqualmie_R,5016,0.61,Samish_H,5016,0.16,George_Adams_H,5005,0.12,Hamma_Hamma_R,5005,0.07,Bear_Cr_SuFa,5020,0.01
Area124 (12) troll 234 376,,Bear_Cr_SuFa,5020,0.82,Cedar_R_SuFa,5020,0.06,George_Adams_H,5005,0.05,Hamma_Hamma_R,5005,0.03,Clear_Cr_H,5020,0.03
Area124 (12) troll 234 377,,Bear_Cr_SuFa,5020,0.76,George_Adams_H,5005,0.06,Cedar_R_SuFa,5020,0.04,U_Sauk_R_SpSu,5016,0.04,Clear_Cr_H,5020,0.04
Area124 (12) troll 234 378,,L_Qualicum,7,0.43,Snoqualmie_R,5016,0.13,Blue,4,0.09,NF_Nooksack_H,5016,0.08,Marblemount_HSp,5016,0.07
Area124 (12) troll 234 379,,Cowlitz_H_fa,5008,0.75,Cowlitz_H_sp,5009,0.14,Washougal_R_Fa,5008,0.07,Lewis_R_f,5008,0.02,Lewis_R_Su,5008,0.01
Area124 (12) troll 234 380,,Bear_Cr_SuFa,5020,0.63,Samish_H,5016,0.10,George_Adams_H,5005,0.07,Cedar_R_SuFa,5020,0.04,Snoqualmie_R,5016,0.04
Area124 (12) troll 234 381,,Marblemount_HSp,5016,0.87,U_Sauk_R_SpSu,5016,0.13,Snoqualmie_R,5016,0.01,,,,,,
Area124 (12) troll 234 382,,Bear_Cr_SuFa,5020,0.85,Snoqualmie_R,5016,0.04,Cedar_R_SuFa,5020,0.04,Clear_Cr_H,5020,0.04,George_Adams_H,5005,0.01
Area124 (12) troll 237 383,,Snoqualmie_R,5016,0.34,Bear_Cr_SuFa,5020,0.17,Samish_H,5016,0.14,L_Qualicum,7,0.09,George_Adams_H,5005,0.08
Area124 (12) troll 237 384,,Snoqualmie_R,5016,0.58,George_Adams_H,5005,0.12,Bear_Cr_SuFa,5020,0.11,Samish_H,5016,0.06,Hamma_Hamma_R,5005,0.05
Area124 (12) troll 237 385,,L_Qualicum,7,0.53,Snoqualmie_R,5016,0.27,Cowichan,7,0.14,Samish_H,5016,0.01,Capilano,9,0.01
Area124 (12) troll 241 386,,Bear_Cr_SuFa,5020,0.71,Cedar_R_SuFa,5020,0.07,Hamma_Hamma_R,5005,0.06,George_Adams_H,5005,0.06,Snoqualmie_R,5016,0.05
Area124 (12) troll 241 387,,Marblemount_HSp,5016,0.87,U_Sauk_R_SpSu,5016,0.12,Snoqualmie_R,5016,0.01,U_Skagit_R,5016,0.00,Bear_Cr_SuFa,5020,0.00
Area124 (12) troll 241 388,,L_Qualicum,7,0.40,Snoqualmie_R,5016,0.20,Samish_H,5016,0.14,Bear_Cr_SuFa,5020,0.11,Umatilla_H_Fa,5026,0.03
Area124 (12) troll 241 389,,Bear_Cr_SuFa,5020,0.56,Snoqualmie_R,5016,0.15,George_Adams_H,5005,0.08,Clear_Cr_H,5020,0.07,Samish_H,5016,0.06
Area124 (12) troll 241 390,,Bear_Cr_SuFa,5020,0.75,George_Adams_H,5005,0.12,Cedar_R_SuFa,5020,0.05,Clear_Cr_H,5020,0.04,Snoqualmie_R,5016,0.01
Area124 (12) troll 241 391,,Bear_Cr_SuFa,5020,0.33,Snoqualmie_R,5016,0.20,Samish_H,5016,0.18,George_Adams_H,5005,0.13,Hamma_Hamma_R,5005,0.09
Area124 (12) troll 241 392,,Bear_Cr_SuFa,5020,0.39,Snoqualmie_R,5016,0.36,Samish_H,5016,0.04,Cedar_R_SuFa,5020,0.04,George_Adams_H,5005,0.04
Area124 (12) troll 241 393,,Snoqualmie_R,5016,0.44,Bear_Cr_SuFa,5020,0.39,Samish_H,5016,0.14,L_Skagit_R_Fa,5016,0.02,Cedar_R_SuFa,5020,0.00
Area124 (12) troll 241 394,,Snoqualmie_R,5016,0.69,Bear_Cr_SuFa,5020,0.23,Samish_H,5016,0.03,S_Prairie_Cr,5020,0.01,George_Adams_H,5005,0.01
Area124 (12) troll 241 395,,Bear_Cr_SuFa,5020,0.61,Samish_H,5016,0.19,Cedar_R_SuFa,5020,0.10,Snoqualmie_R,5016,0.05,Clear_Cr_H,5020,0.02
Area124 (12) troll 241 396,,Cowlitz_H_fa,5008,0.37,U_Sauk_R_SpSu,5016,0.09,Snoqualmie_R,5016,0.08,NF_Nooksack_H,5016,0.07,Washougal_R_Fa,5008,0.07
Area124 (12) troll 241 397,,Toquart,8,0.67,Nitinat,8,0.33,,,,,,,,,
Area124 (12) troll 241 398,,Snoqualmie_R,5016,0.52,L_Thompson,5,0.18,Bear_Cr_SuFa,5020,0.09,Hamma_Hamma_R,5005,0.03,Little_R,5,0.03
Area124 (12) troll 241 399,,Samish_H,5016,0.26,George_Adams_H,5005,0.16,S_Prairie_Cr,5020,0.10,Clear_Cr_H,5020,0.09,Cedar_R_SuFa,5020,0.09
Area124 (12) troll 241 400,,Bear_Cr_SuFa,5020,0.64,Snoqualmie_R,5016,0.15,Clear_Cr_H,5020,0.07,S_Prairie_Cr,5020,0.06,Cedar_R_SuFa,5020,0.05
Area124 (12) troll 241 401,,Bear_Cr_SuFa,5020,0.56,George_Adams_H,5005,0.21,Hamma_Hamma_R,5005,0.11,Samish_H,5016,0.05,Cedar_R_SuFa,5020,0.04
Area124 (12) troll 241 402,,Snoqualmie_R,5016,0.98,Bear_Cr_SuFa,5020,0.01,Grovers_Cr_H,5020,0.00,George_Adams_H,5005,0.00,Samish_H,5016,0.00
,,,,,,,,,,,,,,,,
Sample: 36, Area124_24,2012, troll, Jul24,,,,,,,,,,,,
Area124_24 (12) troll 206 1,,L_Thompson,5,0.96,Little_R,5,0.03,L_Shuswap,5,0.01,L_Adams,5,0.00,South_Thom,5,0.00
Area124_24 (12) troll 206 10,,Skagit_R,5016,0.43,Soos_H,5020,0.31,U_Sauk_R_SpSu,5016,0.11,S_Prairie_Cr,5020,0.06,Washougal_R_Fa,5008,0.03
Area124_24 (12) troll 206 100,Dupe with 156,Big_Cr_H_Col,5030,0.99,Abernathy_NFH_F,5008,0.01,Spring_Cr_col,5030,0.00,Washougal_R_Fa,5008,0.00,,,
Area124_24 (12) troll 206 101,,Spring_Cr_col,5030,0.91,Big_Cr_H_Col,5030,0.09,Abernathy_NFH_F,5008,0.00,Washougal_R_Fa,5008,0.00,,,
Area124_24 (12) troll 206 102,,George_Adams_H,5005,0.94,Bear_Cr_SuFa,5020,0.05,Cedar_R_SuFa,5020,0.01,Grovers_Cr_H,5020,0.00,Hamma_Hamma_R,5005,0.00
Area124_24 (12) troll 206 103,,George_Adams_H,5005,0.49,Skagit_R,5016,0.15,Washougal_R_Fa,5008,0.15,Soos_H,5020,0.08,S_Prairie_Cr,5020,0.08
Area124_24 (12) troll 206 104,,Humptulips_H,5028,0.82,Forks_Cr_H,5028,0.13,S_Coos_R,5011,0.02,Washougal_R_Fa,5008,0.01,Cowlitz_H_fa,5008,0.00
Area124_24 (12) troll 206 105,,Spring_Cr_col,5030,0.96,Big_Cr_H_Col,5030,0.02,Washougal_R_Fa,5008,0.01,Abernathy_NFH_F,5008,0.00,Cowlitz_H_fa,5008,0.00
Area124_24 (12) troll 206 106,,Spring_Cr_col,5030,0.64,Big_Cr_H_Col,5030,0.31,Abernathy_NFH_F,5008,0.02,Washougal_R_Fa,5008,0.01,Cowlitz_H_fa,5008,0.01
Area124_24 (12) troll 206 107,,George_Adams_H,5005,0.51,Soos_H,5020,0.24,S_Prairie_Cr,5020,0.20,Cedar_R_SuFa,5020,0.02,Bear_Cr_SuFa,5020,0.01
Area124_24 (12) troll 206 108,,S_Prairie_Cr,5020,0.63,George_Adams_H,5005,0.18,Soos_H,5020,0.09,NF_Skokomish_F,5005,0.05,Grovers_Cr_H,5020,0.02
Area124_24 (12) troll 206 109,,Soos_H,5020,0.41,S_Prairie_Cr,5020,0.24,George_Adams_H,5005,0.15,Skagit_R,5016,0.12,Klickitat_R_sp,5010,0.05
Area124_24 (12) troll 206 11,,Hanford_Reach,5026,0.73,Priest_Rapid_H,5026,0.11,L_Wh_Sal_H_SF,5026,0.10,Methow_R,5026,0.03,Wells_H,5026,0.02
Area124_24 (12) troll 206 110,,George_Adams_H,5005,0.56,S_Prairie_Cr,5020,0.36,Grovers_Cr_H,5020,0.03,Soos_H,5020,0.02,Cedar_R_SuFa,5020,0.01
Area124_24 (12) troll 206 111,,Spring_Cr_col,5030,0.56,Washougal_R_Fa,5008,0.24,Cowlitz_H_fa,5008,0.14,Big_Cr_H_Col,5030,0.04,Abernathy_NFH_F,5008,0.02
Area124_24 (12) troll 206 112,,N_Santiam_H,5029,1.00,,,,,,,,,,,,
Area124_24 (12) troll 206 113,,Grovers_Cr_H,5020,0.35,S_Prairie_Cr,5020,0.29,George_Adams_H,5005,0.11,Soos_H,5020,0.10,Cedar_R_SuFa,5020,0.07
Area124_24 (12) troll 206 114,,Big_Cr_H_Col,5030,0.81,Spring_Cr_col,5030,0.17,Washougal_R_Fa,5008,0.01,Abernathy_NFH_F,5008,0.01,Hanford_Reach,5026,0.00
Area124_24 (12) troll 206 115,,Spring_Cr_col,5030,0.92,Big_Cr_H_Col,5030,0.08,Abernathy_NFH_F,5008,0.00,Elochoman_H,5030,0.00,,,
Area124_24 (12) troll 206 116,,Priest_Rapid_H,5026,0.53,Hanford_Reach,5026,0.36,Methow_R,5026,0.03,Wells_H,5026,0.02,L_Deschutes_R,5004,0.02
Area124_24 (12) troll 206 117,,Soos_H,5020,0.53,S_Prairie_Cr,5020,0.30,George_Adams_H,5005,0.05,Cedar_R_SuFa,5020,0.04,Bear_Cr_SuFa,5020,0.03
Area124_24 (12) troll 206 118,,Hanford_Reach,5026,0.34,Priest_Rapid_H,5026,0.30,L_Wh_Sal_H_SF,5026,0.29,Methow_R,5026,0.03,Nez_PerceT_H,5021,0.03
Area124_24 (12) troll 206 119,,Spring_Cr_col,5030,1.00,Abernathy_NFH_F,5008,0.00,,,,,,,,,
Area124_24 (12) troll 206 12,,Battle_Cr,5001,0.82,Feather_H_sp,5002,0.12,Feather_H_fa,5001,0.05,Butte_Cr_f,5001,0.00,,,
Area124_24 (12) troll 206 120,,L_Wh_Sal_H_SF,5026,0.44,Hanford_Reach,5026,0.41,Priest_Rapid_H,5026,0.12,Nez_PerceT_H,5021,0.01,Methow_R,5026,0.00
Area124_24 (12) troll 206 121,,Soos_H,5020,0.75,S_Prairie_Cr,5020,0.19,George_Adams_H,5005,0.04,Bear_Cr_SuFa,5020,0.01,Cedar_R_SuFa,5020,0.01
Area124_24 (12) troll 206 122,Dupe with 156,Big_Cr_H_Col,5030,0.99,Abernathy_NFH_F,5008,0.00,Washougal_R_Fa,5008,0.00,Spring_Cr_col,5030,0.00,Elochoman_H,5030,0.00
Area124_24 (12) troll 206 123,,L_Shuswap,5,0.97,L_Thompson,5,0.02,Little_R,5,0.01,L_Adams,5,0.00,Seymour@Thomp,5,0.00
Area124_24 (12) troll 206 124,,Lyons_Ferry_H,5021,0.63,Hanford_Reach,5026,0.16,Priest_Rapid_H,5026,0.13,L_Deschutes_R,5004,0.04,L_Wh_Sal_H_SF,5026,0.02
Area124_24 (12) troll 206 125,,Soos_H,5020,0.47,Bear_Cr_SuFa,5020,0.19,Grovers_Cr_H,5020,0.13,George_Adams_H,5005,0.11,Cedar_R_SuFa,5020,0.07
Area124_24 (12) troll 206 126,,Washougal_R_Fa,5008,0.99,Lewis_R_Su,5008,0.00,Cowlitz_H_fa,5008,0.00,Green_R_Fa,5008,0.00,Lewis_R_f,5008,0.00
Area124_24 (12) troll 206 127,,George_Adams_H,5005,0.71,Bear_Cr_SuFa,5020,0.09,Soos_H,5020,0.05,S_Prairie_Cr,5020,0.04,L_Thompson,5,0.03
Area124_24 (12) troll 206 128,Number of missing Loci exceeded,,,,,,,,,,,,,,,
Area124_24 (12) troll 206 129,Number of missing Loci exceeded,,,,,,,,,,,,,,,
Area124_24 (12) troll 206 13,,Hanford_Reach,5026,0.83,L_Wh_Sal_H_SF,5026,0.15,Priest_Rapid_H,5026,0.02,L_Deschutes_R,5004,0.00,Nez_PerceT_H,5021,0.00
Area124_24 (12) troll 206 130,,Lyons_Ferry_H,5021,1.00,Nez_PerceT_H,5021,0.00,ClearwaterRFa,5021,0.00,Hanford_Reach,5026,0.00,,,
Area124_24 (12) troll 206 131,,Spring_Cr_col,5030,0.61,Big_Cr_H_Col,5030,0.38,Cowlitz_H_fa,5008,0.00,,,,,,
Area124_24 (12) troll 206 132,,Big_Cr_H_Col,5030,0.62,Spring_Cr_col,5030,0.36,Lewis_R_Su,5008,0.02,Cowlitz_H_fa,5008,0.00,Abernathy_NFH_F,5008,0.00
Area124_24 (12) troll 206 133,,Spring_Cr_col,5030,0.99,Big_Cr_H_Col,5030,0.01,Abernathy_NFH_F,5008,0.00,Cowlitz_H_fa,5008,0.00,Green_R_Fa,5008,0.00
Area124_24 (12) troll 206 135,,Hanford_Reach,5026,0.99,Lyons_Ferry_H,5021,0.01,Umatilla_H,5026,0.00,Priest_Rapid_H,5026,0.00,Cowlitz_H_sp,5009,0.00
Area124_24 (12) troll 206 136,,Spring_Cr_col,5030,0.52,Washougal_R_Fa,5008,0.29,Big_Cr_H_Col,5030,0.10,Cowlitz_H_fa,5008,0.04,Abernathy_NFH_F,5008,0.03
Area124_24 (12) troll 206 137,,Hanford_Reach,5026,0.60,Priest_Rapid_H,5026,0.26,L_Wh_Sal_H_SF,5026,0.08,Nez_PerceT_H,5021,0.03,Grovers_Cr_H,5020,0.01
Area124_24 (12) troll 206 138,,Spring_Cr_col,5030,0.98,Big_Cr_H_Col,5030,0.02,L_Wh_Sal_H_SF,5026,0.00,,,,,,
Area124_24 (12) troll 206 139,,S_Prairie_Cr,5020,0.65,Soos_H,5020,0.27,Cedar_R_SuFa,5020,0.04,Bear_Cr_SuFa,5020,0.01,George_Adams_H,5005,0.01
Area124_24 (12) troll 206 14,,Klickitat_R_sp,5010,0.43,Skagit_R,5016,0.38,Marblemount_Hsu,5016,0.04,Soos_H,5020,0.03,N_Thom@Main,4,0.03
Area124_24 (12) troll 206 140,,Spring_Cr_col,5030,0.92,Big_Cr_H_Col,5030,0.08,Cowlitz_H_fa,5008,0.00,Washougal_R_Fa,5008,0.00,Lewis_R_f,5008,0.00
Area124_24 (12) troll 206 141,,Cowichan,7,1.00,Puntledge_F,7,0.00,,,,,,,,,
Area124_24 (12) troll 206 142,,L_Wh_Sal_H_SF,5026,0.86,Priest_Rapid_H,5026,0.08,Methow_R,5026,0.05,Lyons_Ferry_H,5021,0.00,Umatilla_H_Fa,5026,0.00
Area124_24 (12) troll 206 143,,Big_Cr_H_Col,5030,0.56,Spring_Cr_col,5030,0.42,Abernathy_NFH_F,5008,0.01,Washougal_R_Fa,5008,0.01,Cowlitz_H_fa,5008,0.00
Area124_24 (12) troll 206 144,,Spring_Cr_col,5030,0.84,Washougal_R_Fa,5008,0.10,Cowlitz_H_fa,5008,0.05,Green_R_Fa,5008,0.01,Big_Cr_H_Col,5030,0.01
Area124_24 (12) troll 206 145,,Soos_H,5020,0.62,S_Prairie_Cr,5020,0.25,George_Adams_H,5005,0.06,Skagit_R,5016,0.03,Bear_Cr_SuFa,5020,0.03
Area124_24 (12) troll 206 146,,Big_Cr_H_Col,5030,0.93,Spring_Cr_col,5030,0.07,Abernathy_NFH_F,5008,0.00,,,,,,
Area124_24 (12) troll 206 147,,George_Adams_H,5005,0.93,S_Prairie_Cr,5020,0.04,Snoqualmie_R,5016,0.01,Soos_H,5020,0.01,Samish_H,5016,0.01
Area124_24 (12) troll 206 148,,Spring_Cr_col,5030,1.00,Big_Cr_H_Col,5030,0.00,Abernathy_NFH_F,5008,0.00,,,,,,
Area124_24 (12) troll 206 149,,Washougal_R_Fa,5008,0.88,Lewis_R_f,5008,0.08,Lewis_R_Su,5008,0.04,Cowlitz_H_fa,5008,0.00,Sandy_R,5008,0.00
Area124_24 (12) troll 206 15,,Washougal_R_Fa,5008,0.81,Lewis_R_f,5008,0.10,Cowlitz_H_fa,5008,0.02,Lewis_R_Su,5008,0.01,Hanford_Reach,5026,0.01
Area124_24 (12) troll 206 150,,George_Adams_H,5005,0.92,Bear_Cr_SuFa,5020,0.04,Clear_Cr_H,5020,0.01,Hanford_Reach,5026,0.01,Hamma_Hamma_R,5005,0.01
Area124_24 (12) troll 206 151,,Big_Cr_H_Col,5030,0.92,Spring_Cr_col,5030,0.08,Abernathy_NFH_F,5008,0.00,Lewis_R_Su,5008,0.00,Washougal_R_Fa,5008,0.00
Area124_24 (12) troll 206 152,Number of missing Loci exceeded,,,,,,,,,,,,,,,
Area124_24 (12) troll 206 153,,Soos_H,5020,0.63,S_Prairie_Cr,5020,0.30,George_Adams_H,5005,0.04,Cedar_R_SuFa,5020,0.01,Hamma_Hamma_R,5005,0.01
Area124_24 (12) troll 206 154,,Spring_Cr_col,5030,0.85,Big_Cr_H_Col,5030,0.15,Washougal_R_Fa,5008,0.00,Cowlitz_H_fa,5008,0.00,,,
Area124_24 (12) troll 206 155,,Spring_Cr_col,5030,0.97,Big_Cr_H_Col,5030,0.03,Elochoman_H,5030,0.00,Abernathy_NFH_F,5008,0.00,,,
Area124_24 (12) troll 206 156,,Cowlitz_H_fa,5008,0.37,Washougal_R_Fa,5008,0.31,Big_Cr_H_Col,5030,0.20,Lewis_R_f,5008,0.06,Lewis_R_Su,5008,0.03
Area124_24 (12) troll 206 157,,Spring_Cr_col,5030,0.98,Cowlitz_H_fa,5008,0.01,Big_Cr_H_Col,5030,0.01,Abernathy_NFH_F,5008,0.00,,,
Area124_24 (12) troll 206 158,,Spring_Cr_col,5030,1.00,,,,,,,,,,,,
Area124_24 (12) troll 206 159,,George_Adams_H,5005,0.57,Bear_Cr_SuFa,5020,0.15,S_Prairie_Cr,5020,0.11,Grovers_Cr_H,5020,0.10,Clear_Cr_H,5020,0.03
Area124_24 (12) troll 206 16,,Cowichan,7,0.98,Puntledge_F,7,0.01,Cheakamus_F,9,0.01,Big_Qualicum,7,0.01,,,
Area124_24 (12) troll 206 160,Dupe with 100 122,Big_Cr_H_Col,5030,0.99,Abernathy_NFH_F,5008,0.01,Spring_Cr_col,5030,0.00,Washougal_R_Fa,5008,0.00,,,
Area124_24 (12) troll 206 161,,Alsea_R,5015,0.90,Forks_Cr_H,5028,0.10,S_Coos_R,5011,0.00,S_Umpqua_H,5011,0.00,Nahmint,8,0.00
Area124_24 (12) troll 206 162,,Big_Cr_H_Col,5030,0.98,Spring_Cr_col,5030,0.02,Abernathy_NFH_F,5008,0.00,,,,,,
Area124_24 (12) troll 206 163,,Big_Cr_H_Col,5030,0.66,Spring_Cr_col,5030,0.34,Abernathy_NFH_F,5008,0.00,Elochoman_H,5030,0.00,Washougal_R_Fa,5008,0.00
Area124_24 (12) troll 206 164,,Spring_Cr_col,5030,1.00,Big_Cr_H_Col,5030,0.00,Elochoman_H,5030,0.00,Cowlitz_H_fa,5008,0.00,,,
Area124_24 (12) troll 206 165,,Humptulips_H,5028,0.84,Forks_Cr_H,5028,0.15,Alsea_R,5015,0.00,Kuldo_C,19,0.00,Nahmint,8,0.00
Area124_24 (12) troll 206 166,,Big_Cr_H_Col,5030,0.92,Spring_Cr_col,5030,0.04,Sandy_R,5008,0.02,Washougal_R_Fa,5008,0.01,Lewis_R_f,5008,0.01
Area124_24 (12) troll 206 167,,Big_Cr_H_Col,5030,0.56,Spring_Cr_col,5030,0.44,Abernathy_NFH_F,5008,0.00,Washougal_R_Fa,5008,0.00,Elochoman_H,5030,0.00
Area124_24 (12) troll 206 168,,Spring_Cr_col,5030,0.96,Big_Cr_H_Col,5030,0.03,Cowlitz_H_fa,5008,0.00,Abernathy_NFH_F,5008,0.00,Washougal_R_Fa,5008,0.00
Area124_24 (12) troll 206 169,,Spring_Cr_col,5030,1.00,Big_Cr_H_Col,5030,0.00,Elochoman_H,5030,0.00,Abernathy_NFH_F,5008,0.00,Cowlitz_H_fa,5008,0.00
Area124_24 (12) troll 206 17,,L_Thompson,5,0.91,L_Shuswap,5,0.04,Little_R,5,0.03,South_Thom,5,0.01,L_Wh_Sal_H_SF,5026,0.00
Area124_24 (12) troll 206 18,,Hanford_Reach,5026,0.76,Priest_Rapid_H,5026,0.21,L_Wh_Sal_H_SF,5026,0.02,Nez_PerceT_H,5021,0.01,Klickitat_R_sp,5010,0.00
Area124_24 (12) troll 206 19,,Lyons_Ferry_H,5021,0.86,Hanford_Reach,5026,0.05,Priest_Rapid_H,5026,0.03,ClearwaterRFa,5021,0.02,Nez_PerceT_H,5021,0.01
Area124_24 (12) troll 206 2,,Battle_Cr,5001,0.67,Cowlitz_H_fa,5008,0.15,Klickitat_R_sp,5010,0.06,Washougal_R_Fa,5008,0.05,L_Wh_Sal_H_SF,5026,0.03
Area124_24 (12) troll 206 20,,Cowlitz_H_fa,5008,0.51,Lewis_R_Su,5008,0.24,Sandy_R,5008,0.14,Washougal_R_Fa,5008,0.06,Lewis_R_f,5008,0.02
Area124_24 (12) troll 206 21,,L_Thompson,5,0.96,Little_R,5,0.03,L_Shuswap,5,0.00,South_Thom,5,0.00,Priest_Rapid_H,5026,0.00
Area124_24 (12) troll 206 22,,L_Wh_Sal_H_SF,5026,0.61,Hanford_Reach,5026,0.20,Priest_Rapid_H,5026,0.09,Washougal_R_Fa,5008,0.08,L_Deschutes_R,5004,0.01
Area124_24 (12) troll 206 23,,Hanford_Reach,5026,0.61,L_Wh_Sal_H_SF,5026,0.36,Priest_Rapid_H,5026,0.03,Nez_PerceT_H,5021,0.01,Methow_R,5026,0.00
Area124_24 (12) troll 206 24,,Hanford_Reach,5026,0.53,Priest_Rapid_H,5026,0.21,Lyons_Ferry_H,5021,0.21,L_Wh_Sal_H_SF,5026,0.03,Nez_PerceT_H,5021,0.01
Area124_24 (12) troll 206 25,,Klickitat_R_sp,5010,0.43,Sandy_R,5008,0.23,S_Umpqua_H,5011,0.19,Lewis_R_f,5008,0.09,Cowlitz_H_fa,5008,0.03
Area124_24 (12) troll 206 26,,Priest_Rapid_H,5026,0.37,Hanford_Reach,5026,0.31,L_Wh_Sal_H_SF,5026,0.28,L_Thompson,5,0.01,L_Deschutes_R,5004,0.01
Area124_24 (12) troll 206 27,,L_Shuswap,5,0.99,Little_R,5,0.01,,,,,,,,,
Area124_24 (12) troll 206 28,,Washougal_R_Fa,5008,0.77,Cowlitz_H_fa,5008,0.12,Lewis_R_Su,5008,0.08,Lewis_R_f,5008,0.02,Green_R_Fa,5008,0.01
Area124_24 (12) troll 206 29,,Lyons_Ferry_H,5021,0.74,Hanford_Reach,5026,0.14,Nez_PerceT_H,5021,0.07,Priest_Rapid_H,5026,0.04,Washougal_R_Fa,5008,0.01
Area124_24 (12) troll 206 3,,Hanford_Reach,5026,0.54,Priest_Rapid_H,5026,0.26,L_Wh_Sal_H_SF,5026,0.19,L_Deschutes_R,5004,0.00,Methow_R,5026,0.00
Area124_24 (12) troll 206 30,,Washougal_R_Fa,5008,0.73,Cowlitz_H_fa,5008,0.12,Lewis_R_f,5008,0.08,Lewis_R_Su,5008,0.06,Sandy_R,5008,0.01
Area124_24 (12) troll 206 31,,San_Juan,8,0.92,L_Thompson,5,0.03,George_Adams_H,5005,0.01,NF_Skokomish_F,5005,0.00,Skagit_R,5016,0.00
Area124_24 (12) troll 206 32,,Washougal_R_Fa,5008,0.56,Cowlitz_H_fa,5008,0.28,Lewis_R_Su,5008,0.04,Hanford_Reach,5026,0.03,Soos_H,5020,0.02
Area124_24 (12) troll 206 33,,Hanford_Reach,5026,0.64,Priest_Rapid_H,5026,0.19,L_Wh_Sal_H_SF,5026,0.16,Nez_PerceT_H,5021,0.01,Lyons_Ferry_H,5021,0.00
Area124_24 (12) troll 206 34,,L_Shuswap,5,0.62,L_Thompson,5,0.27,Little_R,5,0.06,Nahmint,8,0.02,South_Thom,5,0.02
Area124_24 (12) troll 206 35,,Spring_Cr_col,5030,0.92,Big_Cr_H_Col,5030,0.06,Washougal_R_Fa,5008,0.02,Cowlitz_H_fa,5008,0.00,Abernathy_NFH_F,5008,0.00
Area124_24 (12) troll 206 36,,Washougal_R_Fa,5008,0.49,Sandy_R,5008,0.33,Lewis_R_f,5008,0.08,Lewis_R_Su,5008,0.06,Cowlitz_H_fa,5008,0.03
Area124_24 (12) troll 206 37,,Big_Cr_H_Col,5030,0.90,Spring_Cr_col,5030,0.10,,,,,,,,,
Area124_24 (12) troll 206 38,,Hanford_Reach,5026,0.83,Priest_Rapid_H,5026,0.08,L_Wh_Sal_H_SF,5026,0.08,Nez_PerceT_H,5021,0.01,Lyons_Ferry_H,5021,0.00
Area124_24 (12) troll 206 39,,Cowichan,7,0.96,Puntledge_F,7,0.02,Cheakamus_F,9,0.01,Soos_H,5020,0.00,Samish_H,5016,0.00
Area124_24 (12) troll 206 4,,Hanford_Reach,5026,0.22,Chilliwac@Stav,3,0.21,S_Umpqua_H,5011,0.20,N_Santiam_H,5029,0.12,Lewis_R_f,5008,0.04
Area124_24 (12) troll 206 40,,N_Santiam_H,5029,0.97,S_Umpqua_H,5011,0.02,Hanford_Reach,5026,0.00,Umpqua_H,5011,0.00,Washougal_R_Fa,5008,0.00
Area124_24 (12) troll 206 41,,Lewis_R_Su,5008,0.80,Cowlitz_H_fa,5008,0.10,Big_Cr_H_Col,5030,0.04,Washougal_R_Fa,5008,0.04,Sandy_R,5008,0.02
Area124_24 (12) troll 206 42,,Big_Cr_H_Col,5030,0.70,Spring_Cr_col,5030,0.29,Washougal_R_Fa,5008,0.00,Abernathy_NFH_F,5008,0.00,Elochoman_H,5030,0.00
Area124_24 (12) troll 206 43,,L_Shuswap,5,0.90,Horsefly,2,0.02,Chilako,2,0.01,Quesnel,2,0.01,Seymour@Thomp,5,0.01
Area124_24 (12) troll 206 44,,Hanford_Reach,5026,0.69,L_Wh_Sal_H_SF,5026,0.11,Priest_Rapid_H,5026,0.07,Nez_PerceT_H,5021,0.04,Lyons_Ferry_H,5021,0.04
Area124_24 (12) troll 206 45,,Soos_H,5020,0.73,George_Adams_H,5005,0.09,S_Prairie_Cr,5020,0.08,Bear_Cr_SuFa,5020,0.08,Cedar_R_SuFa,5020,0.01
Area124_24 (12) troll 206 46,,Cowlitz_H_fa,5008,0.50,Washougal_R_Fa,5008,0.30,Lewis_R_Su,5008,0.08,Lewis_R_f,5008,0.04,Spring_Cr_col,5030,0.03
Area124_24 (12) troll 206 47,,George_Adams_H,5005,0.86,Soos_H,5020,0.08,Snoqualmie_R,5016,0.01,Bear_Cr_SuFa,5020,0.01,Cowichan,7,0.01
Area124_24 (12) troll 206 48,,Washougal_R_Fa,5008,0.81,Lewis_R_Su,5008,0.11,Cowlitz_H_fa,5008,0.05,Big_Cr_H_Col,5030,0.02,Sandy_R,5008,0.00
Area124_24 (12) troll 206 49,,L_Wh_Sal_H_SF,5026,0.45,Hanford_Reach,5026,0.29,Big_Cr_H_Col,5030,0.10,Priest_Rapid_H,5026,0.05,Lyons_Ferry_H,5021,0.05
Area124_24 (12) troll 206 5,,Lyons_Ferry_H,5021,0.23,L_Wh_Sal_H_SF,5026,0.22,Hanford_Reach,5026,0.19,Nez_PerceT_H,5021,0.16,L_Deschutes_R,5004,0.13
Area124_24 (12) troll 206 50,,N_Thom@Main,4,0.68,Klickitat_R_sp,5010,0.14,Barriere,4,0.09,Horsefly,2,0.02,Humptulips_H,5028,0.02
Area124_24 (12) troll 206 51,,George_Adams_H,5005,0.71,Soos_H,5020,0.16,S_Prairie_Cr,5020,0.08,Bear_Cr_SuFa,5020,0.02,NF_Skokomish_F,5005,0.01
Area124_24 (12) troll 206 52,,L_Wh_Sal_H_SF,5026,0.44,Priest_Rapid_H,5026,0.33,Hanford_Reach,5026,0.10,Methow_R,5026,0.06,Lyons_Ferry_H,5021,0.03
Area124_24 (12) troll 206 53,,L_Thompson,5,0.93,Little_R,5,0.03,N_Thom@Main,4,0.02,Lyons_Ferry_H,5021,0.00,Hanford_Reach,5026,0.00
Area124_24 (12) troll 206 54,,San_Juan,8,0.74,Tranquil,8,0.13,Nitinat,8,0.07,Kaouk_R,8,0.04,Toquart,8,0.01
Area124_24 (12) troll 206 55,,Cowichan,7,0.99,Puntledge_F,7,0.01,Puntledge_BackX,7,0.00,Nanaimo_F,7,0.00,,,
Area124_24 (12) troll 206 56,,Hanford_Reach,5026,0.67,L_Wh_Sal_H_SF,5026,0.14,Priest_Rapid_H,5026,0.10,Lyons_Ferry_H,5021,0.07,George_Adams_H,5005,0.01
Area124_24 (12) troll 206 57,,Hanford_Reach,5026,0.31,L_Wh_Sal_H_SF,5026,0.25,Priest_Rapid_H,5026,0.13,S_Umpqua_H,5011,0.08,L_Thompson,5,0.05
Area124_24 (12) troll 206 58,,Hanford_Reach,5026,0.62,Priest_Rapid_H,5026,0.34,Methow_R,5026,0.02,L_Wh_Sal_H_SF,5026,0.01,Nez_PerceT_H,5021,0.01
Area124_24 (12) troll 206 59,,Hanford_Reach,5026,0.48,L_Wh_Sal_H_SF,5026,0.29,Priest_Rapid_H,5026,0.13,Lyons_Ferry_H,5021,0.05,Nez_PerceT_H,5021,0.03
Area124_24 (12) troll 206 6,,Cowichan,7,0.98,Puntledge_F,7,0.01,Cheakamus_F,9,0.00,Big_Qualicum,7,0.00,San_Juan,8,0.00
Area124_24 (12) troll 206 60,,Lyons_Ferry_H,5021,0.98,Alsea_R,5015,0.01,Sandy_R,5008,0.00,Humptulips_H,5028,0.00,S_Umpqua_H,5011,0.00
Area124_24 (12) troll 206 61,,Hanford_Reach,5026,0.43,Priest_Rapid_H,5026,0.37,L_Wh_Sal_H_SF,5026,0.11,Methow_R,5026,0.04,Lyons_Ferry_H,5021,0.02
Area124_24 (12) troll 206 62,,Chilliwac@Stav,3,0.81,Priest_Rapid_H,5026,0.08,Washougal_R_Fa,5008,0.04,Hanford_Reach,5026,0.03,Skagit_R,5016,0.02
Area124_24 (12) troll 206 63,,Skagit_R,5016,0.59,S_Prairie_Cr,5020,0.20,Soos_H,5020,0.09,Sandy_R,5008,0.09,George_Adams_H,5005,0.01
Area124_24 (12) troll 206 64,,Nahmint,8,0.90,Sarita,8,0.02,Alsea_R,5015,0.01,S_Umpqua_H,5011,0.01,NanaimoSu_BackX,7,0.01
Area124_24 (12) troll 206 65,,S_Prairie_Cr,5020,0.57,Soos_H,5020,0.33,George_Adams_H,5005,0.06,Cedar_R_SuFa,5020,0.01,L_Sauk_R,5016,0.01
Area124_24 (12) troll 206 66,,Sandy_R,5008,0.32,Lewis_R_Su,5008,0.18,Cowlitz_H_fa,5008,0.11,Lewis_R_f,5008,0.09,S_Coos_R,5011,0.06
Area124_24 (12) troll 206 67,,Chilliwac@Stav,3,0.97,George_Adams_H,5005,0.01,Snoqualmie_R,5016,0.01,Soos_H,5020,0.01,Big_Silver,12,0.00
Area124_24 (12) troll 206 68,,Spring_Cr_col,5030,0.99,Big_Cr_H_Col,5030,0.00,Abernathy_NFH_F,5008,0.00,Elochoman_H,5030,0.00,Green_R_Fa,5008,0.00
Area124_24 (12) troll 206 69,,George_Adams_H,5005,0.95,S_Prairie_Cr,5020,0.02,Clear_Cr_H,5020,0.02,Snoqualmie_R,5016,0.01,Bear_Cr_SuFa,5020,0.00
Area124_24 (12) troll 206 7,,Battle_Cr,5001,0.59,Hanford_Reach,5026,0.16,L_Thompson,5,0.11,Methow_R,5026,0.04,Priest_Rapid_H,5026,0.04
Area124_24 (12) troll 206 70,,Skagit_R,5016,0.59,Soos_H,5020,0.16,U_Sauk_R_SpSu,5016,0.11,Forks_Cr_H,5028,0.02,George_Adams_H,5005,0.02
Area124_24 (12) troll 206 71,,Horsefly,2,0.57,N_Thom@Main,4,0.11,Salmon@PG,1,0.05,Willow_R,1,0.05,Goat,1,0.05
Area124_24 (12) troll 206 72,,Spring_Cr_col,5030,1.00,Big_Cr_H_Col,5030,0.00,Abernathy_NFH_F,5008,0.00,,,,,,
Area124_24 (12) troll 206 73,,Battle_Cr,5001,0.27,Klickitat_R_sp,5010,0.16,Spring_Cr_col,5030,0.13,L_Thompson,5,0.11,Hanford_Reach,5026,0.11
Area124_24 (12) troll 206 74,,Alsea_R,5015,0.90,S_Coos_R,5011,0.10,,,,,,,,,
Area124_24 (12) troll 206 75,,Chilliwac@Stav,3,0.99,Snoqualmie_R,5016,0.01,L_Thompson,5,0.00,Cowichan,7,0.00,Harrison,3,0.00
Area124_24 (12) troll 206 76,,Nahmint,8,0.91,Tranquil,8,0.06,San_Juan,8,0.01,Robertson,8,0.01,Gold_R,8,0.01
Area124_24 (12) troll 206 77,,L_Thompson,5,0.94,Little_R,5,0.04,Priest_Rapid_H,5026,0.01,L_Shuswap,5,0.00,Hanford_Reach,5026,0.00
Area124_24 (12) troll 206 78,,Soos_H,5020,0.21,Alsea_R,5015,0.19,Hanford_Reach,5026,0.11,Bear_Cr_SuFa,5020,0.06,Battle_Cr,5001,0.06
Area124_24 (12) troll 206 79,,Soos_H,5020,0.78,S_Prairie_Cr,5020,0.09,George_Adams_H,5005,0.06,Cowichan,7,0.03,Grovers_Cr_H,5020,0.03
Area124_24 (12) troll 206 8,,Hanford_Reach,5026,0.40,Lyons_Ferry_H,5021,0.27,Priest_Rapid_H,5026,0.15,L_Deschutes_R,5004,0.11,L_Wh_Sal_H_SF,5026,0.03
Area124_24 (12) troll 206 80,,Big_Cr_H_Col,5030,0.92,Cowlitz_H_fa,5008,0.08,Washougal_R_Fa,5008,0.01,Abernathy_NFH_F,5008,0.00,,,
Area124_24 (12) troll 206 81,,Hanford_Reach,5026,0.39,L_Wh_Sal_H_SF,5026,0.34,Priest_Rapid_H,5026,0.19,Nez_PerceT_H,5021,0.07,Lyons_Ferry_H,5021,0.01
Area124_24 (12) troll 206 82,,Spring_Cr_col,5030,0.57,Big_Cr_H_Col,5030,0.25,Washougal_R_Fa,5008,0.18,Lewis_R_Su,5008,0.00,Abernathy_NFH_F,5008,0.00
Area124_24 (12) troll 206 83,,Hanford_Reach,5026,0.54,Lyons_Ferry_H,5021,0.15,L_Deschutes_R,5004,0.13,L_Wh_Sal_H_SF,5026,0.07,Nez_PerceT_H,5021,0.07
Area124_24 (12) troll 206 84,,Hanford_Reach,5026,0.87,Priest_Rapid_H,5026,0.06,L_Wh_Sal_H_SF,5026,0.05,Methow_R,5026,0.01,Lyons_Ferry_H,5021,0.01
Area124_24 (12) troll 206 85,,Cowichan,7,0.99,Puntledge_F,7,0.00,Cheakamus_F,9,0.00,L_Qualicum,7,0.00,Big_Qualicum,7,0.00
Area124_24 (12) troll 206 86,,Washougal_R_Fa,5008,0.79,Cowlitz_H_fa,5008,0.13,Lewis_R_Su,5008,0.03,Big_Cr_H_Col,5030,0.02,Abernathy_NFH_F,5008,0.01
Area124_24 (12) troll 206 87,,Big_Cr_H_Col,5030,0.68,Washougal_R_Fa,5008,0.20,Cowlitz_H_fa,5008,0.06,Spring_Cr_col,5030,0.03,Abernathy_NFH_F,5008,0.02
Area124_24 (12) troll 206 88,,Soos_H,5020,0.57,Grovers_Cr_H,5020,0.17,George_Adams_H,5005,0.16,Bear_Cr_SuFa,5020,0.09,S_Prairie_Cr,5020,0.01
Area124_24 (12) troll 206 89,,Soos_H,5020,0.51,Bear_Cr_SuFa,5020,0.19,George_Adams_H,5005,0.18,Cedar_R_SuFa,5020,0.05,Hamma_Hamma_R,5005,0.03
Area124_24 (12) troll 206 9,,Hanford_Reach,5026,0.93,Skagit_R,5016,0.03,Priest_Rapid_H,5026,0.01,L_Thompson,5,0.01,Lyons_Ferry_H,5021,0.00
Area124_24 (12) troll 206 90,,Washougal_R_Fa,5008,0.98,Lewis_R_f,5008,0.01,Cowlitz_H_fa,5008,0.00,Abernathy_NFH_F,5008,0.00,Lewis_R_Su,5008,0.00
Area124_24 (12) troll 206 91,,Spring_Cr_col,5030,0.99,Cowlitz_H_fa,5008,0.01,Elochoman_H,5030,0.00,,,,,,
Area124_24 (12) troll 206 92,,Spring_Cr_col,5030,0.95,Big_Cr_H_Col,5030,0.04,Abernathy_NFH_F,5008,0.01,Cowlitz_H_fa,5008,0.00,,,
Area124_24 (12) troll 206 93,,L_Wh_Sal_H_SF,5026,0.53,Priest_Rapid_H,5026,0.33,Hanford_Reach,5026,0.08,Nez_PerceT_H,5021,0.03,Battle_Cr,5001,0.02
Area124_24 (12) troll 206 94,,Spring_Cr_col,5030,0.82,Big_Cr_H_Col,5030,0.17,Washougal_R_Fa,5008,0.01,Elochoman_H,5030,0.00,Cowlitz_H_fa,5008,0.00
Area124_24 (12) troll 206 95,,Spring_Cr_col,5030,0.97,Big_Cr_H_Col,5030,0.02,Abernathy_NFH_F,5008,0.00,Washougal_R_Fa,5008,0.00,,,
Area124_24 (12) troll 206 96,,Spring_Cr_col,5030,0.94,Big_Cr_H_Col,5030,0.06,Abernathy_NFH_F,5008,0.00,,,,,,
Area124_24 (12) troll 206 97,,Lyons_Ferry_H,5021,0.66,Hanford_Reach,5026,0.24,Nez_PerceT_H,5021,0.06,L_Wh_Sal_H_SF,5026,0.03,Priest_Rapid_H,5026,0.01
Area124_24 (12) troll 206 98,,Hanford_Reach,5026,0.52,Lyons_Ferry_H,5021,0.32,Nez_PerceT_H,5021,0.07,Priest_Rapid_H,5026,0.06,L_Wh_Sal_H_SF,5026,0.04
Area124_24 (12) troll 206 99,,George_Adams_H,5005,0.75,Soos_H,5020,0.09,S_Prairie_Cr,5020,0.09,Grovers_Cr_H,5020,0.03,Cedar_R_SuFa,5020,0.02
,,,,,,,,,,,,,,,,
Sample: 37, Area125,2012, troll, Apr25-Sep22,,,,,,,,,,,,
Area125 (12) troll 116 1,,L_Qualicum,7,0.55,Puntledge_BackX,7,0.45,Big_Qualicum,7,0.00,,,,,,
Area125 (12) troll 116 2,,Umatilla_H_Fa,5026,0.49,Priest_Rapid_H,5026,0.28,Hanford_Reach,5026,0.14,Umatilla_H,5026,0.03,L_Wh_Sal_H_SF,5026,0.01
Area125 (12) troll 116 3,,Sol_Duc_H,5028,1.00,Lewis_R_Su,5008,0.00,Dungeness_R,5006,0.00,Cowlitz_H_fa,5008,0.00,L_Skagit_R_Fa,5016,0.00
Area125 (12) troll 116 4,,Hanford_Reach,5026,0.22,Umatilla_H_Fa,5026,0.22,Priest_Rapid_H,5026,0.17,L_Wh_Sal_H_SF,5026,0.11,Umatilla_H,5026,0.09
Area125 (12) troll 116 5,,Harrison,3,0.57,Chilliwack_F,3,0.21,L_Qualicum,7,0.12,Cedar_R_SuFa,5020,0.06,L_Skagit_R_Fa,5016,0.03
Area125 (12) troll 116 6,,McKenzie_H,5029,0.90,N_Santiam_H,5029,0.09,Kalama_H_sp,5009,0.00,,,,,,
Area125 (12) troll 116 7,,Wenatchee_R_SF,5026,0.57,Hanford_Reach,5026,0.24,Umatilla_H_Fa,5026,0.13,Priest_Rapids_H,5026,0.04,Umatilla_H,5026,0.02
Area125 (12) troll 116 8,,Cranberry,11,0.61,L_Skagit_R_Fa,5016,0.10,Chilliwack_F,3,0.06,Harrison,3,0.05,Skagit_R,5016,0.05
Area125 (12) troll 116 9,,Hanford_Reach,5026,0.64,Priest_Rapid_H,5026,0.16,Umatilla_H_Fa,5026,0.12,Wells_H,5026,0.04,Nez_PerceT_H,5021,0.02
Area125 (12) troll 127 403,,Priest_Rapid_H,5026,0.35,Umatilla_H_Fa,5026,0.13,Wells_H,5026,0.12,Hanford_Reach,5026,0.11,Marion_Drain_Fa,5026,0.11
Area125 (12) troll 211 1017,,Nez_PerceT_H,5021,0.61,Priest_Rapid_H,5026,0.27,Hanford_Reach,5026,0.09,Umatilla_H_Fa,5026,0.02,Wells_H,5026,0.01
Area125 (12) troll 211 1018,,S_Coos_R,5011,0.93,Alsea_R,5015,0.06,Salmon_R_f,5015,0.01,Coquille_R,5011,0.00,Coos_H,5011,0.00
Area125 (12) troll 211 1019,,Priest_Rapid_H,5026,0.53,Hanford_Reach,5026,0.18,Wells_H,5026,0.14,Priest_Rapids_H,5026,0.08,Wenatchee_R_SF,5026,0.06
Area125 (12) troll 211 1020,,Salmon_R_f,5015,0.60,Trask_R,5015,0.39,Wilson_R,5015,0.00,Nestucca_H,5015,0.00,Alsea_R,5015,0.00
Area125 (12) troll 211 1021,,Cowlitz_H_sp,5009,0.45,Lewis_R_Su,5008,0.27,Cowlitz_H_fa,5008,0.24,Lewis_R_f,5008,0.02,Washougal_R_Fa,5008,0.01
Area125 (12) troll 211 1022,,Skagit_R,5016,0.77,L_Skagit_R_Fa,5016,0.22,Snoqualmie_R,5016,0.01,U_Sauk_R_SpSu,5016,0.00,Puntledge_F,7,0.00
Area125 (12) troll 211 1023,,L_Skagit_R_Fa,5016,0.44,Skagit_R,5016,0.20,NF_Skokomish_F,5005,0.08,Harrison,3,0.08,Snoqualmie_R,5016,0.07
Area125 (12) troll 211 1024,,Little_R,5,0.86,L_Thompson,5,0.04,L_Wh_Sal_H_SF,5026,0.01,Snoqualmie_R,5016,0.01,Cowlitz_H_fa,5008,0.01
Area125 (12) troll 211 1025,,S_Umpqua_H,5011,0.92,Salmon_R_f,5015,0.06,Trask_R,5015,0.01,Sol_Duc_H,5028,0.01,Umpqua_H,5011,0.00
Area125 (12) troll 211 1026,,Hanford_Reach,5026,0.90,Priest_Rapid_H,5026,0.09,Umatilla_H_Fa,5026,0.01,Priest_Rapids_H,5026,0.00,Lyons_Ferry_H,5021,0.00
Area125 (12) troll 211 1027,,Umatilla_H_Fa,5026,0.81,Hanford_Reach,5026,0.11,Umatilla_H,5026,0.07,Priest_Rapid_H,5026,0.00,Priest_Rapids_H,5026,0.00
Area125 (12) troll 211 1028,,Skagit_R,5016,0.93,U_Sauk_R_SpSu,5016,0.05,L_Skagit_R_Fa,5016,0.02,Harrison,3,0.00,Lewis_R_Su,5008,0.00
Area125 (12) troll 211 1029,,Umatilla_H_Fa,5026,0.89,Priest_Rapid_H,5026,0.06,Hanford_Reach,5026,0.02,Priest_Rapids_H,5026,0.02,Marion_Drain_Fa,5026,0.00
Area125 (12) troll 211 1030,,Skagit_R,5016,0.22,Trask_R,5015,0.19,Snoqualmie_R,5016,0.15,L_Skagit_R_Fa,5016,0.09,NF_Skokomish_F,5005,0.05
Area125 (12) troll 211 1031,,Little_R,5,0.93,Priest_Rapid_H,5026,0.03,Wells_H,5026,0.03,L_Thompson,5,0.00,Wenatchee_R_SF,5026,0.00
Area125 (12) troll 211 1032,,Priest_Rapid_H,5026,0.66,Umatilla_H_Fa,5026,0.14,Hanford_Reach,5026,0.11,Umatilla_H,5026,0.04,Wells_H,5026,0.02
Area125 (12) troll 211 1033,,Nez_PerceT_H,5021,0.66,Wells_H,5026,0.23,Wenatchee_R_SF,5026,0.04,Priest_Rapid_H,5026,0.02,Umatilla_H_Fa,5026,0.02
Area125 (12) troll 211 1034,,Priest_Rapid_H,5026,0.37,Hanford_Reach,5026,0.37,Wells_H,5026,0.14,Marion_Drain_Fa,5026,0.05,Wenatchee_R_SF,5026,0.03
Area125 (12) troll 211 1035,,S_Coos_R,5011,0.50,S_Umpqua_H,5011,0.49,Coquille_R,5011,0.01,Sixes_R,5011,0.00,Wells_H,5026,0.00
Area125 (12) troll 211 1036,,Trask_R,5015,0.57,S_Umpqua_H,5011,0.22,Kilchis_R,5015,0.04,Salmon_R_f,5015,0.04,S_Coos_R,5011,0.03
Area125 (12) troll 211 1037,,Lewis_R_Su,5008,0.67,Cowlitz_H_fa,5008,0.19,Lewis_R_f,5008,0.10,Cowlitz_H_sp,5009,0.03,Washougal_R_Fa,5008,0.00
Area125 (12) troll 211 1038,,L_Skagit_R_Fa,5016,0.74,Skagit_R,5016,0.12,Little_R,5,0.08,Washougal_R_Fa,5008,0.02,L_Thompson,5,0.02
Area125 (12) troll 211 1039,,Priest_Rapid_H,5026,0.66,Hanford_Reach,5026,0.23,Wells_H,5026,0.05,Skagit_R,5016,0.02,Marion_Drain_Fa,5026,0.01
Area125 (12) troll 211 1040,,Hanford_Reach,5026,0.40,Priest_Rapid_H,5026,0.33,Nez_PerceT_H,5021,0.19,Priest_Rapids_H,5026,0.03,Umatilla_H_Fa,5026,0.03
Area125 (12) troll 211 1041,,L_Skagit_R_Fa,5016,0.76,Skagit_R,5016,0.10,George_Adams_H,5005,0.05,Cedar_R_SuFa,5020,0.04,Hamma_Hamma_R,5005,0.03
Area125 (12) troll 211 1042,,Little_R,5,0.97,L_Thompson,5,0.02,Priest_Rapid_H,5026,0.01,Wells_H,5026,0.00,Umatilla_H_Fa,5026,0.00
Area125 (12) troll 211 1043,,Spring_Cr_col,5030,0.95,Cowlitz_H_fa,5008,0.04,Big_Cr_H_Col,5030,0.01,Washougal_R_Fa,5008,0.01,Cowlitz_H_sp,5009,0.00
Area125 (12) troll 211 1044,,Priest_Rapid_H,5026,0.47,Wells_H,5026,0.23,Wenatchee_R_SF,5026,0.12,Hanford_Reach,5026,0.12,Nez_PerceT_H,5021,0.03
Area125 (12) troll 211 1045,,Cowlitz_H_fa,5008,0.77,Cowlitz_H_sp,5009,0.15,Spring_Cr_col,5030,0.08,Washougal_R_Fa,5008,0.01,Lewis_R_Su,5008,0.00
Area125 (12) troll 211 1046,,Cedar_R_SuFa,5020,0.84,George_Adams_H,5005,0.05,NF_Skokomish_F,5005,0.02,Umatilla_H_Fa,5026,0.02,L_Qualicum,7,0.02
Area125 (12) troll 211 1047,,Umatilla_H_Fa,5026,0.41,Nez_PerceT_H,5021,0.22,Hanford_Reach,5026,0.19,Priest_Rapid_H,5026,0.12,Priest_Rapids_H,5026,0.05
Area125 (12) troll 211 1048,,Forks_Cr_H,5028,0.90,S_Coos_R,5011,0.05,Lewis_R_Su,5008,0.02,S_Umpqua_H,5011,0.01,Sol_Duc_H,5028,0.01
Area125 (12) troll 211 1049,,Priest_Rapid_H,5026,0.89,L_Wh_Sal_H_SF,5026,0.05,Hanford_Reach,5026,0.02,Umatilla_H_Fa,5026,0.02,Priest_Rapids_H,5026,0.01
Area125 (12) troll 211 1050,,Washougal_R_Fa,5008,0.54,Cowlitz_H_fa,5008,0.36,Lewis_R_Su,5008,0.08,Lewis_R_f,5008,0.02,Cowlitz_H_sp,5009,0.00
Area125 (12) troll 211 1051,,NF_Skokomish_F,5005,0.78,Cedar_R_SuFa,5020,0.10,Clear_Cr_H,5020,0.08,George_Adams_H,5005,0.04,Hamma_Hamma_R,5005,0.00
Area125 (12) troll 211 1052,,George_Adams_H,5005,0.74,Cedar_R_SuFa,5020,0.15,NF_Skokomish_F,5005,0.07,Hamma_Hamma_R,5005,0.03,UW_H_SuFa,5020,0.00
Area125 (12) troll 211 1053,,Hanford_Reach,5026,0.49,Umatilla_H_Fa,5026,0.27,Priest_Rapid_H,5026,0.21,Wenatchee_R_SF,5026,0.01,L_Wh_Sal_H_SF,5026,0.01
Area125 (12) troll 211 1054,,Wells_H,5026,0.62,Wenatchee_R_SF,5026,0.30,Priest_Rapid_H,5026,0.06,Nez_PerceT_H,5021,0.01,Hanford_Reach,5026,0.01
Area125 (12) troll 211 1055,,Cowlitz_H_fa,5008,0.67,Lewis_R_f,5008,0.16,Lewis_R_Su,5008,0.06,Sol_Duc_H,5028,0.05,Washougal_R_Fa,5008,0.02
Area125 (12) troll 211 1056,,Salmon_R_f,5015,0.97,Trask_R,5015,0.03,S_Coos_R,5011,0.00,Alsea_R,5015,0.00,Forks_Cr_H,5028,0.00
Area125 (12) troll 211 1057,,Priest_Rapid_H,5026,0.52,Hanford_Reach,5026,0.40,Priest_Rapids_H,5026,0.04,Umatilla_H_Fa,5026,0.02,Wenatchee_R_SF,5026,0.01
Area125 (12) troll 211 1058,,Trask_R,5015,0.61,Salmon_R_f,5015,0.33,Alsea_R,5015,0.05,Yaquina_R,5015,0.00,S_Coos_R,5011,0.00
Area125 (12) troll 211 1059,,Marion_Drain_Fa,5026,0.53,Hanford_Reach,5026,0.26,Priest_Rapid_H,5026,0.17,Priest_Rapids_H,5026,0.02,Umatilla_H_Fa,5026,0.01
Area125 (12) troll 211 1060,,Hanford_Reach,5026,0.66,Priest_Rapids_H,5026,0.19,Umatilla_H_Fa,5026,0.09,Priest_Rapid_H,5026,0.03,Umatilla_H,5026,0.02
Area125 (12) troll 211 1061,,Hanford_Reach,5026,0.52,Wells_H,5026,0.33,Wenatchee_R_SF,5026,0.08,Umatilla_H_Fa,5026,0.07,Priest_Rapid_H,5026,0.01
Area125 (12) troll 211 1062,,Cowlitz_H_fa,5008,0.35,Washougal_R_Fa,5008,0.33,Lewis_R_Su,5008,0.19,Spring_Cr_col,5030,0.08,Big_Cr_H_Col,5030,0.02
Area125 (12) troll 211 1063,,Alsea_R,5015,0.91,Trask_R,5015,0.06,Salmon_R_f,5015,0.03,Wilson_R,5015,0.00,Hoh_R,5028,0.00
Area125 (12) troll 211 1064,,Harrison,3,0.95,Chilliwack_F,3,0.03,Little_R,5,0.01,L_Thompson,5,0.00,Sol_Duc_H,5028,0.00
Area125 (12) troll 211 1065,,Skagit_R,5016,0.35,Cheakamus,9,0.16,Snoqualmie_R,5016,0.12,Kennedy,8,0.08,Megin_R,8,0.08
Area125 (12) troll 211 1066,,Umatilla_H_Fa,5026,0.44,Hanford_Reach,5026,0.23,Wells_H,5026,0.17,Priest_Rapid_H,5026,0.11,Nez_PerceT_H,5021,0.02
Area125 (12) troll 211 1067,,Cedar_R_SuFa,5020,0.18,George_Adams_H,5005,0.14,NF_Skokomish_F,5005,0.12,L_Skagit_R_Fa,5016,0.10,Skagit_R,5016,0.10
Area125 (12) troll 211 1068,,Alsea_R,5015,0.55,S_Coos_R,5011,0.39,Coquille_R,5011,0.05,Trask_R,5015,0.01,Coos_H,5011,0.00
Area125 (12) troll 211 1069,,Priest_Rapid_H,5026,0.50,Wells_H,5026,0.30,Nez_PerceT_H,5021,0.12,Hanford_Reach,5026,0.06,Umatilla_H_Fa,5026,0.01
Area125 (12) troll 211 1070,,Little_R,5,1.00,L_Adams,5,0.00,L_Thompson,5,0.00,Phillips,9,0.00,L_Skagit_R_Fa,5016,0.00
Area125 (12) troll 211 1071,,Lewis_R_Su,5008,0.58,Cowlitz_H_fa,5008,0.23,Lewis_R_f,5008,0.06,Lewis_R_LSu,5008,0.04,Kennedy,8,0.03
Area125 (12) troll 211 1072,,Priest_Rapid_H,5026,0.80,Hanford_Reach,5026,0.19,Priest_Rapids_H,5026,0.01,Nez_PerceT_H,5021,0.00,L_Wh_Sal_H_SF,5026,0.00
Area125 (12) troll 211 1073,,Wells_H,5026,0.92,Hanford_Reach,5026,0.06,Priest_Rapid_H,5026,0.01,Nez_PerceT_H,5021,0.00,Marion_Drain_Fa,5026,0.00
Area125 (12) troll 211 1074,,Little_R,5,0.48,L_Thompson,5,0.37,Nechako,2,0.05,Nangeese_R,22,0.03,Dungeness_R,5006,0.02
Area125 (12) troll 211 1075,,Spring_Cr_col,5030,0.95,Big_Cr_H_Col,5030,0.05,Washougal_R_Fa,5008,0.00,Elochoman_H,5030,0.00,Elochoman_R_Fa,5008,0.00
Area125 (12) troll 211 1076,,Umatilla_H_Fa,5026,0.21,Hanford_Reach,5026,0.19,Priest_Rapid_H,5026,0.18,L_Wh_Sal_H_SF,5026,0.18,Umatilla_H,5026,0.17
Area125 (12) troll 211 1077,,Wells_H,5026,0.92,Wenatchee_R_SF,5026,0.05,Priest_Rapid_H,5026,0.01,Nez_PerceT_H,5021,0.01,Little_R,5,0.00
Area125 (12) troll 211 1078,,Priest_Rapid_H,5026,0.67,Nez_PerceT_H,5021,0.25,Hanford_Reach,5026,0.05,Umatilla_H_Fa,5026,0.01,L_Wh_Sal_H_SF,5026,0.01
Area125 (12) troll 211 1079,,Little_R,5,1.00,L_Thompson,5,0.00,,,,,,,,,
Area125 (12) troll 211 1080,,Hanford_Reach,5026,0.69,Marion_Drain_Fa,5026,0.10,L_Wh_Sal_H_SF,5026,0.07,Snoqualmie_R,5016,0.05,Lewis_R_Su,5008,0.02
Area125 (12) troll 211 1081,,Priest_Rapid_H,5026,0.26,Wells_H,5026,0.16,Umatilla_H_Fa,5026,0.16,Nez_PerceT_H,5021,0.11,Hanford_Reach,5026,0.07
Area125 (12) troll 211 1082,,Salmon_R_f,5015,0.87,Trask_R,5015,0.08,Alsea_R,5015,0.04,Chilliwack_F,3,0.00,Harrison,3,0.00
Area125 (12) troll 211 1083,,Trask_R,5015,0.31,S_Umpqua_H,5011,0.21,S_Coos_R,5011,0.15,Sol_Duc_H,5028,0.11,Quilayute_R,5028,0.04
Area125 (12) troll 211 1084,,Washougal_R_Fa,5008,0.74,Lewis_R_LSu,5008,0.13,Lewis_R_Su,5008,0.06,Lewis_R_f,5008,0.02,Cowlitz_H_fa,5008,0.02
Area125 (12) troll 211 1085,,Hanford_Reach,5026,0.76,Priest_Rapid_H,5026,0.20,Umatilla_H_Fa,5026,0.02,Priest_Rapids_H,5026,0.01,Wenatchee_R_SF,5026,0.01
Area125 (12) troll 211 1086,,Priest_Rapid_H,5026,0.40,Hanford_Reach,5026,0.35,Nez_PerceT_H,5021,0.09,Spring_Cr_col,5030,0.08,Marion_Drain_Fa,5026,0.07
Area125 (12) troll 211 1087,,Hanford_Reach,5026,0.62,Priest_Rapid_H,5026,0.18,Priest_Rapids_H,5026,0.15,Marion_Drain_Fa,5026,0.02,L_Wh_Sal_H_SF,5026,0.01
Area125 (12) troll 211 1088,,Washougal_R_Fa,5008,0.61,Spring_Cr_col,5030,0.28,Cowlitz_H_fa,5008,0.05,Lewis_R_Su,5008,0.03,Lewis_R_f,5008,0.01
Area125 (12) troll 211 1089,,Washougal_R_Fa,5008,0.91,Lewis_R_Su,5008,0.04,Cowlitz_H_fa,5008,0.03,S_Coos_R,5011,0.01,Sixes_R,5011,0.00
Area125 (12) troll 211 1090,,Hanford_Reach,5026,0.24,Cowlitz_H_sp,5009,0.22,Lewis_R_Su,5008,0.22,Wells_H,5026,0.15,Priest_Rapid_H,5026,0.09
Area125 (12) troll 211 1091,,Puntledge_BackX,7,0.44,L_Qualicum,7,0.24,Chemainus,7,0.13,NF_Skokomish_F,5005,0.06,L_Skagit_R_Fa,5016,0.04
Area125 (12) troll 211 1092,,Spring_Cr_col,5030,0.99,Big_Cr_H_Col,5030,0.01,Cowlitz_H_fa,5008,0.00,Washougal_R_Fa,5008,0.00,Green_R_Fa,5008,0.00
Area125 (12) troll 211 1093,,Umatilla_H_Fa,5026,0.63,Priest_Rapids_H,5026,0.20,Hanford_Reach,5026,0.10,Nez_PerceT_H,5021,0.04,Wells_H,5026,0.02
Area125 (12) troll 211 1094,,Nez_PerceT_H,5021,0.95,Priest_Rapid_H,5026,0.02,Umatilla_H_Fa,5026,0.01,Hanford_Reach,5026,0.01,Lyons_Ferry_H,5021,0.01
Area125 (12) troll 211 1095,,L_Skagit_R_Fa,5016,0.42,L_Qualicum,7,0.25,Puntledge_BackX,7,0.16,Cedar_R_SuFa,5020,0.04,Snoqualmie_R,5016,0.04
Area125 (12) troll 211 1096,,Little_R,5,0.98,L_Thompson,5,0.02,L_Adams,5,0.00,L_Shuswap,5,0.00,Bessette,5,0.00
Area125 (12) troll 211 1097,,Hanford_Reach,5026,0.37,Wells_H,5026,0.26,Cowlitz_H_fa,5008,0.13,Cowlitz_H_sp,5009,0.06,Nez_PerceT_H,5021,0.05
Area125 (12) troll 211 1098,,Hanford_Reach,5026,0.50,Priest_Rapid_H,5026,0.18,Little_R,5,0.09,L_Thompson,5,0.06,Marion_Drain_Fa,5026,0.04
Area125 (12) troll 211 1099,,Umatilla_H_Fa,5026,0.35,Priest_Rapid_H,5026,0.24,Nez_PerceT_H,5021,0.23,Hanford_Reach,5026,0.09,Priest_Rapids_H,5026,0.04
Area125 (12) troll 211 1100,,Wells_H,5026,0.49,Priest_Rapid_H,5026,0.31,Hanford_Reach,5026,0.15,Wenatchee_R_SF,5026,0.03,Umatilla_H_Fa,5026,0.01
Area125 (12) troll 211 1101,,Lewis_R_Su,5008,0.52,Washougal_R_Fa,5008,0.28,Cowlitz_H_fa,5008,0.14,Cowlitz_H_sp,5009,0.03,Elochoman_R_Fa,5008,0.01
Area125 (12) troll 211 1102,,Alsea_R,5015,0.34,Sol_Duc_H,5028,0.29,Salmon_R_f,5015,0.26,Trask_R,5015,0.08,S_Coos_R,5011,0.02
Area125 (12) troll 211 1103,,Hanford_Reach,5026,0.55,Priest_Rapid_H,5026,0.28,Priest_Rapids_H,5026,0.11,Nez_PerceT_H,5021,0.03,Wenatchee_R_SF,5026,0.02
Area125 (12) troll 216 1104,,Nehalem_R,5015,1.00,Trask_R,5015,0.00,Salmon_R_f,5015,0.00,,,,,,
Area125 (12) troll 216 1105,,Alsea_R,5015,0.88,S_Coos_R,5011,0.09,Forks_Cr_H,5028,0.03,Salmon_R_f,5015,0.01,Trask_R,5015,0.00
Area125 (12) troll 216 1106,,Little_R,5,0.99,L_Thompson,5,0.01,L_Adams,5,0.00,South_Thom,5,0.00,,,
Area125 (12) troll 216 1109,,Umatilla_H_Fa,5026,0.43,Hanford_Reach,5026,0.20,Priest_Rapid_H,5026,0.12,Wells_H,5026,0.09,Priest_Rapids_H,5026,0.08
Area125 (12) troll 216 1110,,Priest_Rapid_H,5026,0.50,Nez_PerceT_H,5021,0.39,Priest_Rapids_H,5026,0.08,Hanford_Reach,5026,0.02,Lyons_Ferry_H,5021,0.01
Area125 (12) troll 216 1111,,S_Umpqua_H,5011,0.97,Salmon_R_f,5015,0.02,Alsea_R,5015,0.00,Umatilla_H_Fa,5026,0.00,Hanford_Reach,5026,0.00
Area125 (12) troll 216 1112,,Priest_Rapid_H,5026,0.28,Wenatchee_R_SF,5026,0.22,Wells_H,5026,0.16,Hanford_Reach,5026,0.13,Lewis_R_Su,5008,0.06
Area125 (12) troll 216 1113,,Salmon_R_f,5015,0.96,Lewis_R_Su,5008,0.02,Trask_R,5015,0.01,Lewis_R_LSu,5008,0.00,Washougal_R_Fa,5008,0.00
Area125 (12) troll 216 1114,,Hanford_Reach,5026,0.50,Umatilla_H_Fa,5026,0.15,Nez_PerceT_H,5021,0.13,Priest_Rapid_H,5026,0.10,Umatilla_H,5026,0.06
Area125 (12) troll 216 1115,,Nez_PerceT_H,5021,0.75,Priest_Rapid_H,5026,0.12,Hanford_Reach,5026,0.08,Wenatchee_R_SF,5026,0.02,Lyons_Ferry_H,5021,0.02
Area125 (12) troll 216 1116,,Lewis_R_Su,5008,0.48,Cowlitz_H_sp,5009,0.45,Washougal_R_Fa,5008,0.04,Cowlitz_H_fa,5008,0.02,Lewis_R_f,5008,0.01
Area125 (12) troll 216 1117,,Washougal_R_Fa,5008,0.53,Lewis_R_Su,5008,0.43,Cowlitz_H_fa,5008,0.02,S_Coos_R,5011,0.01,Elochoman_R_Fa,5008,0.01
Area125 (12) troll 216 1118,Dupe with 135,Hanford_Reach,5026,0.76,Priest_Rapid_H,5026,0.09,Wenatchee_R_SF,5026,0.06,Wells_H,5026,0.04,Priest_Rapids_H,5026,0.04
Area125 (12) troll 216 1119,,Priest_Rapid_H,5026,0.42,Nez_PerceT_H,5021,0.25,Hanford_Reach,5026,0.14,L_Wh_Sal_H_SF,5026,0.09,Wells_H,5026,0.05
Area125 (12) troll 216 1120,,Priest_Rapid_H,5026,0.78,Hanford_Reach,5026,0.13,L_Wh_Sal_H_SF,5026,0.08,Umatilla_H_Fa,5026,0.01,L_Thompson,5,0.01
Area125 (12) troll 216 1121,,S_Umpqua_H,5011,0.58,Forks_Cr_H,5028,0.31,Umpqua_H,5011,0.08,S_Coos_R,5011,0.02,Elochoman_R_Fa,5008,0.01
Area125 (12) troll 216 1122,,Washougal_R_Fa,5008,0.91,Green_R_Fa,5008,0.05,Lewis_R_Su,5008,0.01,Cowlitz_H_sp,5009,0.01,Cowlitz_H_fa,5008,0.00
Area125 (12) troll 216 1123,,Cowlitz_H_fa,5008,0.67,Washougal_R_Fa,5008,0.25,Green_R_Fa,5008,0.05,Lewis_R_f,5008,0.01,Elochoman_R_Fa,5008,0.01
Area125 (12) troll 216 1124,,Priest_Rapid_H,5026,0.59,Wells_H,5026,0.22,Hanford_Reach,5026,0.10,Umatilla_H_Fa,5026,0.03,Wenatchee_R_SF,5026,0.01
Area125 (12) troll 216 1125,,Spring_Cr_col,5030,0.56,Cowlitz_H_fa,5008,0.36,Washougal_R_Fa,5008,0.04,Big_Cr_H_Col,5030,0.01,Lewis_R_Su,5008,0.01
Area125 (12) troll 216 1126,,Spring_Cr_col,5030,0.69,Lewis_R_Su,5008,0.11,Cowlitz_H_fa,5008,0.11,Big_Cr_H_Col,5030,0.08,Hanford_Reach,5026,0.00
Area125 (12) troll 216 1127,,Hanford_Reach,5026,0.86,L_Wh_Sal_H_SF,5026,0.05,Feather_H_fa,5001,0.03,Umatilla_H_Fa,5026,0.03,Priest_Rapid_H,5026,0.02
Area125 (12) troll 216 1128,Dupe with 125,Hanford_Reach,5026,0.78,Priest_Rapid_H,5026,0.09,Wenatchee_R_SF,5026,0.05,Priest_Rapids_H,5026,0.04,Wells_H,5026,0.04
Area125 (12) troll 216 1129,,George_Adams_H,5005,0.44,Cedar_R_SuFa,5020,0.22,Hamma_Hamma_R,5005,0.17,UW_H_SuFa,5020,0.14,NF_Skokomish_F,5005,0.01
Area125 (12) troll 216 1130,,Hanford_Reach,5026,0.89,Priest_Rapid_H,5026,0.05,Umatilla_H_Fa,5026,0.03,Wells_H,5026,0.02,Priest_Rapids_H,5026,0.00
Area125 (12) troll 216 405,,S_Coos_R,5011,0.79,Trask_R,5015,0.06,Hanford_Reach,5026,0.03,Coquille_R,5011,0.03,Lewis_R_Su,5008,0.02
Area125 (12) troll 216 406,,Forks_Cr_H,5028,1.00,Alsea_R,5015,0.00,S_Umpqua_H,5011,0.00,Salmon_R_f,5015,0.00,UW_H_SuFa,5020,0.00
Area125 (12) troll 216 407,,Spring_Cr_col,5030,0.93,Cowlitz_H_fa,5008,0.04,Lewis_R_Su,5008,0.02,Big_Cr_H_Col,5030,0.01,Washougal_R_Fa,5008,0.00
Area125 (12) troll 216 408,,Priest_Rapid_H,5026,0.55,Hanford_Reach,5026,0.40,Umatilla_H,5026,0.04,Wells_H,5026,0.00,L_Wh_Sal_H_SF,5026,0.00
Area125 (12) troll 216 409,,Sol_Duc_H,5028,0.41,S_Umpqua_H,5011,0.17,S_Coos_R,5011,0.12,Trask_R,5015,0.11,Lewis_R_Su,5008,0.10
Area125 (12) troll 216 410,,Little_R,5,0.67,L_Thompson,5,0.33,Priest_Rapid_H,5026,0.00,South_Thom,5,0.00,Wells_H,5026,0.00
Area125 (12) troll 216 411,,Nechako,2,0.19,McGregor,1,0.17,Slim_C,1,0.16,U_Cariboo,2,0.10,Kitsumkalum_R,23,0.06
Area125 (12) troll 216 412,,Little_R,5,0.87,L_Thompson,5,0.13,Harrison,3,0.00,Nechako,2,0.00,Stuart,2,0.00
Area125 (12) troll 216 413,,Alsea_R,5015,0.65,Trask_R,5015,0.16,Salmon_R_f,5015,0.08,Lewis_R_Su,5008,0.07,Umpqua_H,5011,0.02
Area125 (12) troll 216 414,,Little_R,5,0.63,L_Thompson,5,0.34,Umatilla_H,5026,0.01,L_Adams,5,0.00,Priest_Rapid_H,5026,0.00
Area125 (12) troll 216 415,,Priest_Rapid_H,5026,0.45,Wells_H,5026,0.21,Hanford_Reach,5026,0.12,Umatilla_H_Fa,5026,0.07,Priest_Rapids_H,5026,0.03
Area125 (12) troll 216 416,,Little_R,5,0.78,L_Thompson,5,0.21,Hanford_Reach,5026,0.00,South_Thom,5,0.00,Wenatchee_R_SF,5026,0.00
Area125 (12) troll 216 417,,Nehalem_R,5015,0.99,S_Umpqua_H,5011,0.01,Salmon_R_f,5015,0.00,Trask_R,5015,0.00,,,
Area125 (12) troll 216 418,,Wells_H,5026,0.49,Wenatchee_R_SF,5026,0.22,Nez_PerceT_H,5021,0.15,Priest_Rapid_H,5026,0.10,Hanford_Reach,5026,0.03
Area125 (12) troll 216 419,,Clear_Cr_H,5020,0.28,L_Skagit_R_Fa,5016,0.16,Hamma_Hamma_R,5005,0.10,Cedar_R_SuFa,5020,0.10,Snoqualmie_R,5016,0.04
Area125 (12) troll 217 420,,McKenzie_H,5029,0.46,Priest_Rapid_H,5026,0.23,Umatilla_H_Fa,5026,0.19,Nez_PerceT_H,5021,0.02,Hanford_Reach,5026,0.02
Area125 (12) troll 217 421,,Little_R,5,0.99,L_Shuswap,5,0.01,L_Thompson,5,0.00,L_Adams,5,0.00,Bessette,5,0.00
Area125 (12) troll 217 422,,Forks_Cr_H,5028,1.00,Coos_H,5011,0.00,Sixes_R,5011,0.00,,,,,,
Area125 (12) troll 233 1017,,Trask_R,5015,0.82,Alsea_R,5015,0.08,Washougal_R_Fa,5008,0.04,Salmon_R_f,5015,0.03,Forks_Cr_H,5028,0.02
Area125 (12) troll 233 1018,,Salmon_R_f,5015,0.88,Alsea_R,5015,0.08,Trask_R,5015,0.04,Wilson_R,5015,0.00,Coos_H,5011,0.00
Area125 (12) troll 233 1019,,Nez_PerceT_H,5021,0.49,Priest_Rapid_H,5026,0.17,Wells_H,5026,0.10,Hanford_Reach,5026,0.09,Marion_Drain_Fa,5026,0.08
Area125 (12) troll 233 1020,,Priest_Rapid_H,5026,0.64,Umatilla_H_Fa,5026,0.18,Hanford_Reach,5026,0.15,Priest_Rapids_H,5026,0.02,Nez_PerceT_H,5021,0.00
Area125 (12) troll 233 1021,,S_Umpqua_H,5011,0.46,Salmon_R_f,5015,0.27,Queets_R,5028,0.10,Hanford_Reach,5026,0.05,Hoh_R,5028,0.05
Area125 (12) troll 233 1022,,Priest_Rapid_H,5026,0.82,Hanford_Reach,5026,0.11,Feather_H_fa,5001,0.04,Umatilla_H_Fa,5026,0.01,L_Wh_Sal_H_SF,5026,0.00
Area125 (12) troll 233 1023,,Hanford_Reach,5026,0.58,Priest_Rapid_H,5026,0.22,Nez_PerceT_H,5021,0.08,Umatilla_H,5026,0.07,Wells_H,5026,0.03
Area125 (12) troll 233 1024,,Chilliwack_F,3,0.93,Harrison,3,0.07,,,,,,,,,
Area125 (12) troll 233 1025,,Hanford_Reach,5026,0.73,Priest_Rapid_H,5026,0.25,Umatilla_H,5026,0.01,Wells_H,5026,0.01,Nez_PerceT_H,5021,0.00
Area125 (12) troll 233 1026,,L_Skagit_R_Fa,5016,0.28,Sixes_R,5011,0.27,S_Umpqua_H,5011,0.14,L_Qualicum,7,0.09,Skagit_R,5016,0.08
Area125 (12) troll 233 1027,,Nez_PerceT_H,5021,0.43,Hanford_Reach,5026,0.30,Priest_Rapid_H,5026,0.12,Umatilla_H_Fa,5026,0.05,Marion_Drain_Fa,5026,0.03
Area125 (12) troll 233 1028,,Kennedy,8,0.45,Toquart,8,0.45,Megin_R,8,0.04,Nitinat,8,0.01,Nahmint,8,0.01
Area125 (12) troll 233 1029,,Cedar_R_SuFa,5020,0.70,Hamma_Hamma_R,5005,0.15,NF_Skokomish_F,5005,0.06,George_Adams_H,5005,0.02,Clear_Cr_H,5020,0.02
Area125 (12) troll 233 1030,,Wells_H,5026,0.82,Priest_Rapid_H,5026,0.13,Hanford_Reach,5026,0.03,L_Wh_Sal_H_SF,5026,0.01,Marion_Drain_Fa,5026,0.01
Area125 (12) troll 233 1031,,Hanford_Reach,5026,0.41,Wells_H,5026,0.30,Umatilla_H_Fa,5026,0.26,Umatilla_H,5026,0.02,Priest_Rapid_H,5026,0.01
Area125 (12) troll 233 1032,,Chilliwack_F,3,1.00,,,,,,,,,,,,
Area125 (12) troll 233 1033,,Priest_Rapid_H,5026,0.54,Hanford_Reach,5026,0.26,Priest_Rapids_H,5026,0.13,Wells_H,5026,0.03,Lyons_Ferry_H,5021,0.02
Area125 (12) troll 233 1034,,Little_R,5,0.93,L_Thompson,5,0.06,L_Adams,5,0.00,NF_Skokomish_F,5005,0.00,Wenatchee_R_SF,5026,0.00
Area125 (12) troll 233 1035,,George_Adams_H,5005,0.55,Clear_Cr_H,5020,0.29,NF_Skokomish_F,5005,0.08,Cedar_R_SuFa,5020,0.04,Hamma_Hamma_R,5005,0.02
Area125 (12) troll 233 1036,,Salmon_R_f,5015,0.74,Alsea_R,5015,0.12,S_Coos_R,5011,0.06,Trask_R,5015,0.04,S_Umpqua_H,5011,0.01
Area125 (12) troll 233 1037,,Skagit_R,5016,0.93,L_Skagit_R_Fa,5016,0.04,U_Sauk_R_SpSu,5016,0.02,Forks_Cr_H,5028,0.00,Elochoman_R_Fa,5008,0.00
Area125 (12) troll 233 1038,,Hanford_Reach,5026,0.90,Priest_Rapid_H,5026,0.07,Wells_H,5026,0.02,Wenatchee_R_SF,5026,0.01,Umatilla_H_Fa,5026,0.00
Area125 (12) troll 233 1039,,Umatilla_H_Fa,5026,0.71,Hanford_Reach,5026,0.15,Umatilla_H,5026,0.13,Marion_Drain_Fa,5026,0.01,McKenzie_H,5029,0.00
Area125 (12) troll 233 1040,,Chilliwack_F,3,0.35,Lewis_R_Su,5008,0.21,Little_R,5,0.15,Harrison,3,0.04,S_Umpqua_H,5011,0.04
Area125 (12) troll 233 1041,,Trask_R,5015,0.53,Alsea_R,5015,0.18,Salmon_R_f,5015,0.11,S_Umpqua_H,5011,0.11,S_Coos_R,5011,0.02
Area125 (12) troll 233 1042,,Washougal_R_Fa,5008,0.80,S_Umpqua_H,5011,0.07,Elochoman_R_Fa,5008,0.03,Green_R_Fa,5008,0.02,S_Coos_R,5011,0.02
Area125 (12) troll 233 1043,,Harrison,3,0.36,S_Coos_R,5011,0.22,Alsea_R,5015,0.20,Lewis_R_Su,5008,0.07,Trask_R,5015,0.03
Area125 (12) troll 233 1044,,Hanford_Reach,5026,0.37,Priest_Rapid_H,5026,0.30,Umatilla_H_Fa,5026,0.17,Umatilla_H,5026,0.07,Priest_Rapids_H,5026,0.04
Area125 (12) troll 233 1045,,Hanford_Reach,5026,0.77,Priest_Rapid_H,5026,0.10,L_Wh_Sal_H_SF,5026,0.07,Nez_PerceT_H,5021,0.06,Marion_Drain_Fa,5026,0.00
Area125 (12) troll 233 1046,,Salmon_R_f,5015,0.47,S_Coos_R,5011,0.33,Trask_R,5015,0.05,Lewis_R_Su,5008,0.04,Sixes_R,5011,0.02
Area125 (12) troll 233 1047,,Nez_PerceT_H,5021,0.47,Umatilla_H_Fa,5026,0.31,Priest_Rapid_H,5026,0.16,Marion_Drain_Fa,5026,0.03,Hanford_Reach,5026,0.02
Area125 (12) troll 233 1048,,Hanford_Reach,5026,0.40,Priest_Rapid_H,5026,0.23,Nez_PerceT_H,5021,0.21,Umatilla_H_Fa,5026,0.13,Umatilla_H,5026,0.01
Area125 (12) troll 233 1049,,Washougal_R_Fa,5008,0.80,Cowlitz_H_fa,5008,0.15,Lewis_R_f,5008,0.02,Lewis_R_Su,5008,0.01,Cowlitz_H_sp,5009,0.01
Area125 (12) troll 233 1050,,NF_Nooksack_H,5016,1.00,Cedar_R_SuFa,5020,0.00,Skagit_R,5016,0.00,,,,,,
Area125 (12) troll 233 1051,,Little_R,5,0.96,L_Thompson,5,0.03,Priest_Rapid_H,5026,0.00,South_Thom,5,0.00,Hanford_Reach,5026,0.00
Area125 (12) troll 233 1052,,Salmon_R_f,5015,0.80,Alsea_R,5015,0.15,S_Umpqua_H,5011,0.04,Trask_R,5015,0.00,S_Coos_R,5011,0.00
Area125 (12) troll 233 1053,,Priest_Rapid_H,5026,0.59,Hanford_Reach,5026,0.39,Wells_H,5026,0.01,Wenatchee_R_SF,5026,0.01,Priest_Rapids_H,5026,0.00
Area125 (12) troll 233 1054,,Salmon_R_f,5015,0.80,S_Umpqua_H,5011,0.08,Trask_R,5015,0.03,Forks_Cr_H,5028,0.03,Alsea_R,5015,0.03
Area125 (12) troll 233 1055,,NF_Nooksack_H,5016,1.00,U_Sauk_R_SpSu,5016,0.00,,,,,,,,,
Area125 (12) troll 233 1056,,S_Umpqua_H,5011,0.60,Forks_Cr_H,5028,0.28,Umpqua_H,5011,0.12,Priest_Rapid_H,5026,0.00,Nez_PerceT_H,5021,0.00
Area125 (12) troll 233 1057,,Nehalem_R,5015,1.00,,,,,,,,,,,,
Area125 (12) troll 233 1058,,Wells_H,5026,0.68,Hanford_Reach,5026,0.16,Umatilla_H,5026,0.06,Umatilla_H_Fa,5026,0.03,L_Wh_Sal_H_SF,5026,0.02
Area125 (12) troll 233 1059,,Salmon_R_f,5015,0.71,Trask_R,5015,0.19,Alsea_R,5015,0.06,Kilchis_R,5015,0.02,Nestucca_H,5015,0.01
Area125 (12) troll 233 1060,,Cedar_R_SuFa,5020,0.40,NF_Skokomish_F,5005,0.39,Clear_Cr_H,5020,0.17,George_Adams_H,5005,0.04,L_Skagit_R_Fa,5016,0.00
Area125 (12) troll 233 1061,,Priest_Rapid_H,5026,0.48,Hanford_Reach,5026,0.33,Wells_H,5026,0.10,Wenatchee_R_SF,5026,0.02,Umatilla_H_Fa,5026,0.02
Area125 (12) troll 233 1062,,Alsea_R,5015,0.59,Trask_R,5015,0.12,Nehalem_R,5015,0.12,Hoh_R,5028,0.04,S_Umpqua_H,5011,0.03
Area125 (12) troll 233 1063,,Little_R,5,0.38,George_Adams_H,5005,0.16,L_Thompson,5,0.11,NF_Skokomish_F,5005,0.09,S_Coos_R,5011,0.05
Area125 (12) troll 233 1064,,Washougal_R_Fa,5008,0.77,Green_R_Fa,5008,0.13,Spring_Cr_col,5030,0.06,Cowlitz_H_fa,5008,0.02,Big_Cr_H_Col,5030,0.02
Area125 (12) troll 233 1065,,Skagit_R,5016,0.84,L_Skagit_R_Fa,5016,0.04,Hanford_Reach,5026,0.04,U_Sauk_R_SpSu,5016,0.03,Green_R_Fa,5008,0.02
Area125 (12) troll 233 1066,,Marion_Drain_Fa,5026,0.85,Hanford_Reach,5026,0.07,Priest_Rapid_H,5026,0.05,Nez_PerceT_H,5021,0.01,Lyons_Ferry_H,5021,0.01
Area125 (12) troll 233 1067,,Priest_Rapid_H,5026,0.60,Hanford_Reach,5026,0.32,Wells_H,5026,0.06,L_Wh_Sal_H_SF,5026,0.02,Nez_PerceT_H,5021,0.00
Area125 (12) troll 233 1068,,Hanford_Reach,5026,0.28,Priest_Rapid_H,5026,0.21,Skagit_R,5016,0.18,NF_Skokomish_F,5005,0.09,Wells_H,5026,0.06
Area125 (12) troll 233 1069,,Lewis_R_Su,5008,0.92,Cowlitz_H_fa,5008,0.05,Lewis_R_LSu,5008,0.03,,,,,,
Area125 (12) troll 233 1070,,Umatilla_H_Fa,5026,0.97,Hanford_Reach,5026,0.02,Priest_Rapid_H,5026,0.01,Umatilla_H,5026,0.00,Wells_H,5026,0.00
Area125 (12) troll 233 1071,,Hanford_Reach,5026,0.59,Priest_Rapid_H,5026,0.36,Umatilla_H,5026,0.02,Nez_PerceT_H,5021,0.02,Umatilla_H_Fa,5026,0.01
Area125 (12) troll 233 1072,,Wells_H,5026,0.91,Wenatchee_R_SF,5026,0.07,Nez_PerceT_H,5021,0.01,Priest_Rapid_H,5026,0.00,Hanford_Reach,5026,0.00
Area125 (12) troll 233 1073,,Umatilla_H_Fa,5026,0.76,Priest_Rapid_H,5026,0.12,Hanford_Reach,5026,0.05,Nez_PerceT_H,5021,0.03,Wells_H,5026,0.03
Area125 (12) troll 233 1074,,Lewis_R_Su,5008,0.47,Wells_H,5026,0.24,Hanford_Reach,5026,0.18,Lewis_R_f,5008,0.05,Lewis_R_LSu,5008,0.04
Area125 (12) troll 233 1075,,Little_R,5,0.56,Harrison,3,0.36,L_Thompson,5,0.03,Chilliwack_F,3,0.02,Snoqualmie_R,5016,0.01
Area125 (12) troll 233 1076,,Nez_PerceT_H,5021,0.76,Umatilla_H_Fa,5026,0.09,Priest_Rapid_H,5026,0.05,Marion_Drain_Fa,5026,0.03,L_Wh_Sal_H_SF,5026,0.03
Area125 (12) troll 233 1077,,Wells_H,5026,0.48,Wenatchee_R_SF,5026,0.21,Nez_PerceT_H,5021,0.13,Priest_Rapid_H,5026,0.12,Hanford_Reach,5026,0.02
Area125 (12) troll 233 1078,,Alsea_R,5015,0.98,Salmon_R_f,5015,0.01,Wilson_R,5015,0.00,Trask_R,5015,0.00,S_Umpqua_H,5011,0.00
Area125 (12) troll 233 1079,,Wells_H,5026,0.22,L_Skagit_R_Fa,5016,0.21,Hanford_Reach,5026,0.17,Snoqualmie_R,5016,0.12,Skagit_R,5016,0.09
Area125 (12) troll 233 1080,,Little_R,5,1.00,South_Thom,5,0.00,L_Thompson,5,0.00,Puntledge_BackX,7,0.00,L_Adams,5,0.00
Area125 (12) troll 233 1081,,Lewis_R_Su,5008,0.79,Washougal_R_Fa,5008,0.18,Priest_Rapid_H,5026,0.02,Cowlitz_H_fa,5008,0.02,Lewis_R_LSu,5008,0.00
Area125 (12) troll 233 1082,,Hoh_R,5028,0.25,Skagit_R,5016,0.24,Queets_R,5028,0.17,Trask_R,5015,0.13,Salmon_R_f,5015,0.06
Area125 (12) troll 233 1083,,Harrison,3,0.46,Chilliwack_F,3,0.46,L_Thompson,5,0.02,Cedar_R_SuFa,5020,0.02,Hanford_Reach,5026,0.01
Area125 (12) troll 233 1084,,Forks_Cr_H,5028,0.96,Alsea_R,5015,0.02,Trask_R,5015,0.01,Lewis_R_Su,5008,0.00,S_Coos_R,5011,0.00
Area125 (12) troll 233 1085,,Nez_PerceT_H,5021,0.47,Marion_Drain_Fa,5026,0.41,L_Wh_Sal_H_SF,5026,0.06,Priest_Rapid_H,5026,0.02,Hanford_Reach,5026,0.02
Area125 (12) troll 233 1086,,S_Umpqua_H,5011,0.51,Umpqua_H,5011,0.28,Cole_Rivers_H,5019,0.11,Columbia_Rogue,5019,0.09,L_Skagit_R_Fa,5016,0.00
Area125 (12) troll 233 1087,,Alsea_R,5015,0.69,Queets_R,5028,0.19,Salmon_R_f,5015,0.05,Hoh_R,5028,0.03,Forks_Cr_H,5028,0.02
Area125 (12) troll 233 1088,,Harrison,3,0.40,NF_Skokomish_F,5005,0.26,Cedar_R_SuFa,5020,0.22,UW_H_SuFa,5020,0.04,L_Skagit_R_Fa,5016,0.02
Area125 (12) troll 233 1089,,George_Adams_H,5005,0.25,NF_Skokomish_F,5005,0.23,Cedar_R_SuFa,5020,0.22,Snoqualmie_R,5016,0.13,L_Skagit_R_Fa,5016,0.07
Area125 (12) troll 233 1090,,Priest_Rapid_H,5026,0.47,Umatilla_H_Fa,5026,0.39,L_Wh_Sal_H_SF,5026,0.09,Hanford_Reach,5026,0.03,Nez_PerceT_H,5021,0.02
Area125 (12) troll 233 1091,,Cowlitz_H_sp,5009,0.45,Lewis_R_Su,5008,0.34,Cowlitz_H_fa,5008,0.14,Lewis_R_f,5008,0.03,Washougal_R_Fa,5008,0.03
Area125 (12) troll 233 1092,,Forks_Cr_H,5028,0.97,Hoh_R,5028,0.02,Salmon_R_f,5015,0.01,UW_H_SuFa,5020,0.01,Queets_R,5028,0.00
Area125 (12) troll 233 1093,,Lewis_R_Su,5008,0.73,Washougal_R_Fa,5008,0.22,Hanford_Reach,5026,0.03,Cowlitz_H_fa,5008,0.01,Umatilla_H,5026,0.01
Area125 (12) troll 233 1094,,Wells_H,5026,0.70,Wenatchee_R_SF,5026,0.28,Hanford_Reach,5026,0.01,Priest_Rapid_H,5026,0.01,Umatilla_H_Fa,5026,0.00
Area125 (12) troll 233 1095,,Wenatchee_R_SF,5026,0.85,Priest_Rapids_H,5026,0.15,Wells_H,5026,0.00,Priest_Rapid_H,5026,0.00,Hanford_Reach,5026,0.00
Area125 (12) troll 233 1096,,Priest_Rapid_H,5026,0.86,Hanford_Reach,5026,0.05,Wells_H,5026,0.04,Priest_Rapids_H,5026,0.01,Wenatchee_R_SF,5026,0.01
Area125 (12) troll 233 1097,,Washougal_R_Fa,5008,0.93,Lewis_R_Su,5008,0.07,Elochoman_R_Fa,5008,0.00,Sandy_R,5008,0.00,Lewis_R_f,5008,0.00
Area125 (12) troll 233 1098,,Lewis_R_Su,5008,0.30,Hanford_Reach,5026,0.26,S_Coos_R,5011,0.15,Umatilla_H_Fa,5026,0.12,Wenatchee_R_SF,5026,0.08
Area125 (12) troll 233 1099,,Hanford_Reach,5026,0.33,Priest_Rapid_H,5026,0.26,Wenatchee_R_SF,5026,0.16,Umatilla_H_Fa,5026,0.07,Nez_PerceT_H,5021,0.04
Area125 (12) troll 233 1100,,S_Coos_R,5011,0.86,Trask_R,5015,0.06,Coquille_R,5011,0.04,S_Umpqua_H,5011,0.03,Nehalem_R,5015,0.01
Area125 (12) troll 233 1101,,Hanford_Reach,5026,0.54,Priest_Rapid_H,5026,0.25,Wells_H,5026,0.10,Wenatchee_R_SF,5026,0.06,Umatilla_H_Fa,5026,0.03
Area125 (12) troll 233 1102,,George_Adams_H,5005,0.43,Cedar_R_SuFa,5020,0.42,Snoqualmie_R,5016,0.09,Clear_Cr_H,5020,0.03,L_Skagit_R_Fa,5016,0.02
Area125 (12) troll 233 1103,,Snoqualmie_R,5016,0.36,S_Umpqua_H,5011,0.29,L_Skagit_R_Fa,5016,0.12,NF_Skokomish_F,5005,0.09,Skagit_R,5016,0.05
Area125 (12) troll 233 1104,,Hanford_Reach,5026,0.55,Priest_Rapid_H,5026,0.25,Umatilla_H,5026,0.11,Wells_H,5026,0.06,Priest_Rapids_H,5026,0.02
Area125 (12) troll 233 1105,,Hanford_Reach,5026,0.85,Cedar_R_SuFa,5020,0.03,Marion_Drain_Fa,5026,0.03,L_Wh_Sal_H_SF,5026,0.03,Hamma_Hamma_R,5005,0.02
Area125 (12) troll 233 1106,,Wells_H,5026,0.70,Priest_Rapid_H,5026,0.16,Hanford_Reach,5026,0.04,Umatilla_H_Fa,5026,0.03,McKenzie_H,5029,0.02
Area125 (12) troll 233 1107,,George_Adams_H,5005,0.54,Cedar_R_SuFa,5020,0.27,Hamma_Hamma_R,5005,0.16,Samish_H,5016,0.01,UW_H_SuFa,5020,0.01
Area125 (12) troll 233 1108,,S_Umpqua_H,5011,0.48,Umpqua_H,5011,0.32,Cole_Rivers_H,5019,0.12,Wenatchee_R_SF,5026,0.02,S_Coos_R,5011,0.02
Area125 (12) troll 233 1109,,Priest_Rapid_H,5026,0.54,Hanford_Reach,5026,0.24,Umatilla_H_Fa,5026,0.14,Wenatchee_R_SF,5026,0.03,Wells_H,5026,0.02
Area125 (12) troll 233 1110,,NF_Nooksack_H,5016,1.00,Skagit_R,5016,0.00,,,,,,,,,
Area125 (12) troll 233 1111,,Little_R,5,0.89,Priest_Rapid_H,5026,0.07,L_Thompson,5,0.02,Hanford_Reach,5026,0.01,Wenatchee_R_SF,5026,0.00
Area125 (12) troll 233 1112,,Nez_PerceT_H,5021,0.40,Hanford_Reach,5026,0.23,Priest_Rapid_H,5026,0.22,Umatilla_H_Fa,5026,0.12,L_Wh_Sal_H_SF,5026,0.03
Area125 (12) troll 233 1113,,Wells_H,5026,0.64,Hanford_Reach,5026,0.30,Wenatchee_R_SF,5026,0.03,L_Wh_Sal_H_SF,5026,0.01,Priest_Rapid_H,5026,0.01
Area125 (12) troll 233 1114,,Cedar_R_SuFa,5020,0.66,Hamma_Hamma_R,5005,0.11,Clear_Cr_H,5020,0.08,George_Adams_H,5005,0.07,L_Skagit_R_Fa,5016,0.05
Area125 (12) troll 233 1115,,Nez_PerceT_H,5021,0.96,Umatilla_H_Fa,5026,0.01,Priest_Rapid_H,5026,0.01,Hanford_Reach,5026,0.01,Wells_H,5026,0.01
Area125 (12) troll 233 1116,,Priest_Rapid_H,5026,0.51,Umatilla_H,5026,0.18,Umatilla_H_Fa,5026,0.11,Marion_Drain_Fa,5026,0.06,Hanford_Reach,5026,0.05
Area125 (12) troll 233 1117,,Skagit_R,5016,0.72,Little_R,5,0.15,U_Sauk_R_SpSu,5016,0.03,L_Thompson,5,0.03,Hoh_R,5028,0.02
Area125 (12) troll 233 1118,,Umatilla_H_Fa,5026,0.52,Hanford_Reach,5026,0.23,Umatilla_H,5026,0.15,Wells_H,5026,0.08,Wenatchee_R_SF,5026,0.01
Area125 (12) troll 233 1119,,Hanford_Reach,5026,0.65,Priest_Rapid_H,5026,0.27,Wells_H,5026,0.07,Wenatchee_R_SF,5026,0.01,Priest_Rapids_H,5026,0.01
Area125 (12) troll 233 1120,,Washougal_R_Fa,5008,0.98,Cowlitz_H_fa,5008,0.01,Green_R_Fa,5008,0.00,Elochoman_R_Fa,5008,0.00,Lewis_R_Su,5008,0.00
Area125 (12) troll 233 1121,,Hanford_Reach,5026,0.85,Priest_Rapid_H,5026,0.15,Marion_Drain_Fa,5026,0.00,Lewis_R_Su,5008,0.00,Umatilla_H_Fa,5026,0.00
Area125 (12) troll 233 1122,,Hanford_Reach,5026,0.40,Wells_H,5026,0.24,Priest_Rapid_H,5026,0.17,Wenatchee_R_SF,5026,0.16,Marion_Drain_Fa,5026,0.01
Area125 (12) troll 233 1123,,Lewis_R_Su,5008,0.90,Washougal_R_Fa,5008,0.10,Lewis_R_f,5008,0.00,Cowlitz_H_fa,5008,0.00,U_Sauk_R_SpSu,5016,0.00
Area125 (12) troll 233 1124,,Spring_Cr_col,5030,0.99,Big_Cr_H_Col,5030,0.00,Green_R_Fa,5008,0.00,L_Skagit_R_Fa,5016,0.00,Snoqualmie_R,5016,0.00
Area125 (12) troll 233 1125,,Chilliwack_F,3,0.67,Harrison,3,0.33,Chilliwac@Stav,3,0.00,,,,,,
Area125 (12) troll 233 1126,,Sol_Duc_H,5028,1.00,Washougal_R_Fa,5008,0.00,Elochoman_R_Fa,5008,0.00,Spring_Cr_col,5030,0.00,Lewis_R_Su,5008,0.00
Area125 (12) troll 233 1127,,Washougal_R_Fa,5008,0.89,Salmon_R_f,5015,0.07,Hanford_Reach,5026,0.01,Cowlitz_H_fa,5008,0.01,Lewis_R_Su,5008,0.00
Area125 (12) troll 233 1128,,Spring_Cr_col,5030,0.90,Washougal_R_Fa,5008,0.05,Cowlitz_H_fa,5008,0.03,Elochoman_H,5030,0.01,Abernathy_Cr_Fa,5008,0.00
Area125 (12) troll 233 423,,George_Adams_H,5005,0.73,Cedar_R_SuFa,5020,0.19,Hamma_Hamma_R,5005,0.05,NF_Skokomish_F,5005,0.02,Clear_Cr_H,5020,0.00
Area125 (12) troll 233 424,,Alsea_R,5015,0.40,Trask_R,5015,0.39,Salmon_R_f,5015,0.19,Kilchis_R,5015,0.01,S_Coos_R,5011,0.00
Area125 (12) troll 233 425,,Lewis_R_Su,5008,0.52,Cowlitz_H_fa,5008,0.41,Cowlitz_H_sp,5009,0.05,Washougal_R_Fa,5008,0.01,Lewis_R_LSu,5008,0.00
Area125 (12) troll 233 426,,Lewis_R_Su,5008,0.46,Washougal_R_Fa,5008,0.34,Cowlitz_H_fa,5008,0.05,Salmon_R_f,5015,0.05,Alsea_R,5015,0.04
Area125 (12) troll 233 427,,Wells_H,5026,0.24,Umatilla_H_Fa,5026,0.19,Lewis_R_Su,5008,0.16,Washougal_R_Fa,5008,0.14,Priest_Rapid_H,5026,0.09
Area125 (12) troll 233 428,,Little_R,5,0.97,L_Thompson,5,0.03,L_Adams,5,0.00,South_Thom,5,0.00,L_Shuswap,5,0.00
Area125 (12) troll 233 429,,S_Coos_R,5011,0.93,McKenzie_H,5029,0.03,Washougal_R_Fa,5008,0.02,Coquille_R,5011,0.01,Coos_H,5011,0.00
Area125 (12) troll 233 430,,Priest_Rapid_H,5026,0.61,Hanford_Reach,5026,0.34,Marion_Drain_Fa,5026,0.04,Wenatchee_R_SF,5026,0.01,Umatilla_H_Fa,5026,0.00
Area125 (12) troll 233 431,,Spring_Cr_col,5030,1.00,Cowlitz_H_fa,5008,0.00,Washougal_R_Fa,5008,0.00,Elochoman_H,5030,0.00,Abernathy_Cr_Fa,5008,0.00
Area125 (12) troll 233 432,,Little_R,5,0.93,L_Thompson,5,0.06,Snoqualmie_R,5016,0.00,South_Thom,5,0.00,Harrison,3,0.00
Area125 (12) troll 233 433,,S_Umpqua_H,5011,0.91,S_Coos_R,5011,0.03,Forks_Cr_H,5028,0.02,Umpqua_H,5011,0.02,Salmon_R_f,5015,0.01
Area125 (12) troll 233 434,,Lewis_R_Su,5008,0.93,Lewis_R_LSu,5008,0.04,Forks_Cr_H,5028,0.01,Cowlitz_H_fa,5008,0.01,Hoh_R,5028,0.01
Area125 (12) troll 233 435,,S_Coos_R,5011,0.42,Sixes_R,5011,0.29,Trask_R,5015,0.28,Salmon_R_f,5015,0.01,Elk_H,5011,0.00
Area125 (12) troll 233 436,,Priest_Rapid_H,5026,0.53,Hanford_Reach,5026,0.13,Nez_PerceT_H,5021,0.10,Wells_H,5026,0.08,Wenatchee_R_SF,5026,0.05
Area125 (12) troll 233 437,,George_Adams_H,5005,0.72,Hamma_Hamma_R,5005,0.21,Cedar_R_SuFa,5020,0.03,Clear_Cr_H,5020,0.02,L_Skagit_R_Fa,5016,0.01
Area125 (12) troll 233 438,,Hanford_Reach,5026,0.54,Priest_Rapid_H,5026,0.40,Umatilla_H_Fa,5026,0.03,L_Wh_Sal_H_SF,5026,0.01,Wenatchee_R_SF,5026,0.01
Area125 (12) troll 233 439,,Hanford_Reach,5026,0.69,Priest_Rapid_H,5026,0.16,L_Wh_Sal_H_SF,5026,0.08,Nez_PerceT_H,5021,0.05,Marion_Drain_Fa,5026,0.02
Area125 (12) troll 233 440,,Wenatchee_R_SF,5026,0.76,Wells_H,5026,0.08,Hanford_Reach,5026,0.08,Nez_PerceT_H,5021,0.05,Priest_Rapid_H,5026,0.02
Area125 (12) troll 233 441,,Hanford_Reach,5026,0.67,Priest_Rapid_H,5026,0.22,Wenatchee_R_SF,5026,0.05,Wells_H,5026,0.03,Umatilla_H_Fa,5026,0.01
Area125 (12) troll 233 442,,Little_R,5,1.00,Hanford_Reach,5026,0.00,,,,,,,,,
Area125 (12) troll 233 443,,Salmon_R_f,5015,0.42,Trask_R,5015,0.41,Alsea_R,5015,0.11,Forks_Cr_H,5028,0.05,S_Coos_R,5011,0.01
Area125 (12) troll 233 444,,Cedar_R_SuFa,5020,0.84,NF_Skokomish_F,5005,0.07,George_Adams_H,5005,0.05,Hamma_Hamma_R,5005,0.04,Clear_Cr_H,5020,0.00
Area125 (12) troll 233 445,,Spring_Cr_col,5030,0.96,Big_Cr_H_Col,5030,0.02,Lewis_R_Su,5008,0.01,Cowlitz_H_fa,5008,0.01,Lewis_R_f,5008,0.01
Area125 (12) troll 233 446,,Spring_Cr_col,5030,1.00,Big_Cr_H_Col,5030,0.00,Cowlitz_H_fa,5008,0.00,Green_R_Fa,5008,0.00,,,
Area125 (12) troll 233 447,,Priest_Rapid_H,5026,0.48,Hanford_Reach,5026,0.45,Wenatchee_R_SF,5026,0.04,Umatilla_H_Fa,5026,0.02,Umatilla_H,5026,0.01
Area125 (12) troll 233 448,,Umatilla_H_Fa,5026,0.40,Nez_PerceT_H,5021,0.18,Hanford_Reach,5026,0.14,Priest_Rapid_H,5026,0.08,Wells_H,5026,0.07
Area125 (12) troll 233 449,,Washougal_R_Fa,5008,0.62,Lewis_R_Su,5008,0.15,Cowlitz_H_fa,5008,0.12,Green_R_Fa,5008,0.10,Lewis_R_LSu,5008,0.01
Area125 (12) troll 233 450,,Wells_H,5026,0.51,Wenatchee_R_SF,5026,0.30,Priest_Rapid_H,5026,0.07,Hanford_Reach,5026,0.05,Washougal_R_Fa,5008,0.03
Area125 (12) troll 233 451,,L_Qualicum,7,0.37,Puntledge_BackX,7,0.23,Dungeness_R,5006,0.20,George_Adams_H,5005,0.09,L_Skagit_R_Fa,5016,0.07
Area125 (12) troll 233 452,,Wenatchee_R_SF,5026,0.62,Wells_H,5026,0.36,Umatilla_H_Fa,5026,0.01,Hanford_Reach,5026,0.00,Priest_Rapid_H,5026,0.00
Area125 (12) troll 233 453,,Priest_Rapid_H,5026,0.39,Hanford_Reach,5026,0.30,Umatilla_H_Fa,5026,0.08,Nez_PerceT_H,5021,0.07,Priest_Rapids_H,5026,0.05
Area125 (12) troll 233 454,,Umatilla_H_Fa,5026,0.82,Hanford_Reach,5026,0.10,Priest_Rapid_H,5026,0.05,Wells_H,5026,0.02,Nez_PerceT_H,5021,0.01
Area125 (12) troll 233 455,,Cedar_R_SuFa,5020,0.73,NF_Skokomish_F,5005,0.10,George_Adams_H,5005,0.08,Snoqualmie_R,5016,0.03,L_Qualicum,7,0.02
Area125 (12) troll 240 1131,,Hanford_Reach,5026,0.38,Priest_Rapid_H,5026,0.23,Nez_PerceT_H,5021,0.22,L_Wh_Sal_H_SF,5026,0.08,Umatilla_H,5026,0.06
Area125 (12) troll 240 1132,,Priest_Rapid_H,5026,0.60,Hanford_Reach,5026,0.29,Wenatchee_R_SF,5026,0.06,Nez_PerceT_H,5021,0.03,Umatilla_H,5026,0.01
Area125 (12) troll 240 1133,,Wells_H,5026,0.59,Wenatchee_R_SF,5026,0.16,Priest_Rapid_H,5026,0.10,Umatilla_H_Fa,5026,0.08,Hanford_Reach,5026,0.05
Area125 (12) troll 240 1134,,Salmon_R_f,5015,0.58,Trask_R,5015,0.36,Spring_Cr_col,5030,0.02,Washougal_R_Fa,5008,0.01,Alsea_R,5015,0.01
Area125 (12) troll 240 1135,,Forks_Cr_H,5028,0.90,Salmon_R_f,5015,0.08,S_Coos_R,5011,0.01,Trask_R,5015,0.01,Alsea_R,5015,0.00
Area125 (12) troll 240 1137,,Trask_R,5015,0.36,Alsea_R,5015,0.34,Salmon_R_f,5015,0.28,Nestucca_H,5015,0.01,Little_R,5,0.00
Area125 (12) troll 240 1138,,Spring_Cr_col,5030,0.99,Elochoman_H,5030,0.01,Cowlitz_H_fa,5008,0.00,Big_Cr_H_Col,5030,0.00,Washougal_R_Fa,5008,0.00
Area125 (12) troll 240 1139,,Spring_Cr_col,5030,0.99,Big_Cr_H_Col,5030,0.01,Washougal_R_Fa,5008,0.01,Cowlitz_H_fa,5008,0.00,,,
Area125 (12) troll 240 1140,,Washougal_R_Fa,5008,0.43,Lewis_R_LSu,5008,0.23,Lewis_R_Su,5008,0.23,Cowlitz_H_fa,5008,0.09,Lewis_R_f,5008,0.01
Area125 (12) troll 240 1141,,Kennedy,8,1.00,Megin_R,8,0.00,Nahmint,8,0.00,,,,,,
Area125 (12) troll 240 1142,,Priest_Rapid_H,5026,0.53,Lewis_R_Su,5008,0.20,L_Wh_Sal_H_SF,5026,0.11,Hanford_Reach,5026,0.10,Umatilla_H,5026,0.04
Area125 (12) troll 240 1143,,Hanford_Reach,5026,0.59,Priest_Rapids_H,5026,0.25,Umatilla_H_Fa,5026,0.08,Lewis_R_Su,5008,0.02,McKenzie_H,5029,0.02
Area125 (12) troll 240 1144,,Hanford_Reach,5026,0.46,Marion_Drain_Fa,5026,0.29,Priest_Rapid_H,5026,0.12,L_Wh_Sal_H_SF,5026,0.12,Nez_PerceT_H,5021,0.00
Area125 (12) troll 240 1145,,S_Umpqua_H,5011,0.49,Hoh_R,5028,0.28,Queets_R,5028,0.11,L_Skagit_R_Fa,5016,0.04,S_Coos_R,5011,0.02
Area125 (12) troll 240 1146,,Lewis_R_Su,5008,0.49,Cowlitz_H_fa,5008,0.27,Washougal_R_Fa,5008,0.06,Lewis_R_LSu,5008,0.06,S_Umpqua_H,5011,0.03
Area125 (12) troll 240 1147,,Spring_Cr_col,5030,0.99,Big_Cr_H_Col,5030,0.00,Abernathy_NFH_F,5008,0.00,Cowlitz_H_fa,5008,0.00,Elochoman_H,5030,0.00
Area125 (12) troll 240 1148,,Forks_Cr_H,5028,0.93,Queets_R,5028,0.04,Hoh_R,5028,0.01,Skagit_R,5016,0.01,Feather_H_fa,5001,0.00
Area125 (12) troll 240 1149,,Sixes_R,5011,0.77,Elk_H,5011,0.14,S_Coos_R,5011,0.07,Forks_Cr_H,5028,0.01,Coquille_R,5011,0.00
Area125 (12) troll 240 1150,,Priest_Rapid_H,5026,0.59,Hanford_Reach,5026,0.29,Priest_Rapids_H,5026,0.03,Nez_PerceT_H,5021,0.03,Wells_H,5026,0.02
Area125 (12) troll 240 1151,,Lewis_R_Su,5008,0.35,Trask_R,5015,0.26,Alsea_R,5015,0.16,Priest_Rapid_H,5026,0.04,Wells_H,5026,0.03
Area125 (12) troll 240 1152,,Forks_Cr_H,5028,1.00,Clear_Cr_H,5020,0.00,,,,,,,,,
Area125 (12) troll 240 1153,,Hanford_Reach,5026,0.38,Nez_PerceT_H,5021,0.26,Priest_Rapid_H,5026,0.22,Umatilla_H_Fa,5026,0.11,Lyons_Ferry_H,5021,0.01
Area125 (12) troll 240 1154,,Wenatchee_R_SF,5026,0.97,Priest_Rapid_H,5026,0.01,Hanford_Reach,5026,0.01,Wells_H,5026,0.01,Umatilla_H_Fa,5026,0.00
Area125 (12) troll 240 1155,,Salmon_R_f,5015,0.90,Trask_R,5015,0.08,S_Coos_R,5011,0.02,Wilson_R,5015,0.00,Alsea_R,5015,0.00
Area125 (12) troll 240 1156,,Wells_H,5026,0.49,Wenatchee_R_SF,5026,0.29,Priest_Rapid_H,5026,0.12,Hanford_Reach,5026,0.04,Umatilla_H_Fa,5026,0.03
Area125 (12) troll 240 1157,,L_Skagit_R_Fa,5016,0.87,Forks_Cr_H,5028,0.09,Toquart,8,0.03,Snoqualmie_R,5016,0.00,U_Sauk_R_SpSu,5016,0.00
Area125 (12) troll 240 1158,,Forks_Cr_H,5028,1.00,Skagit_R,5016,0.00,Harrison,3,0.00,Salmon_R_f,5015,0.00,Trask_R,5015,0.00
Area125 (12) troll 240 1159,,Sixes_R,5011,0.77,Elk_H,5011,0.22,Umpqua_H,5011,0.00,Applegate_Cr,5019,0.00,S_Umpqua_H,5011,0.00
Area125 (12) troll 240 1160,,Umatilla_H_Fa,5026,0.39,Little_R,5,0.21,Priest_Rapid_H,5026,0.12,Wells_H,5026,0.07,Hanford_Reach,5026,0.05
Area125 (12) troll 240 1161,,Alsea_R,5015,0.52,Forks_Cr_H,5028,0.21,Trask_R,5015,0.19,Salmon_R_f,5015,0.06,Nestucca_H,5015,0.02
Area125 (12) troll 240 1162,,Salmon_R_f,5015,0.86,Forks_Cr_H,5028,0.07,S_Coos_R,5011,0.03,Hoh_R,5028,0.02,Trask_R,5015,0.01
Area125 (12) troll 240 1163,,Hanford_Reach,5026,0.75,Priest_Rapid_H,5026,0.09,Wells_H,5026,0.07,Umatilla_H_Fa,5026,0.05,Priest_Rapids_H,5026,0.03
Area125 (12) troll 240 1165,,S_Umpqua_H,5011,0.93,Hanford_Reach,5026,0.03,Priest_Rapid_H,5026,0.01,Marion_Drain_Fa,5026,0.01,Nez_PerceT_H,5021,0.01
Area125 (12) troll 240 1166,,S_Coos_R,5011,0.88,Sixes_R,5011,0.08,Alsea_R,5015,0.02,S_Umpqua_H,5011,0.01,Coos_H,5011,0.00
Area125 (12) troll 240 1167,,Little_R,5,0.89,Wells_H,5026,0.08,Hanford_Reach,5026,0.02,Priest_Rapids_H,5026,0.01,L_Thompson,5,0.01
Area125 (12) troll 240 1168,,Chilliwack_F,3,1.00,,,,,,,,,,,,
Area125 (12) troll 240 1169,,Umatilla_H_Fa,5026,0.63,Hanford_Reach,5026,0.22,Lewis_R_Su,5008,0.04,Lewis_R_f,5008,0.04,Cowlitz_H_sp,5009,0.04
Area125 (12) troll 240 1170,,Priest_Rapid_H,5026,0.42,Hanford_Reach,5026,0.25,Wells_H,5026,0.22,Umatilla_H_Fa,5026,0.05,Marion_Drain_Fa,5026,0.03
Area125 (12) troll 240 1171,,Lewis_R_Su,5008,0.45,Lewis_R_LSu,5008,0.32,Washougal_R_Fa,5008,0.18,Hanford_Reach,5026,0.02,Green_R_Fa,5008,0.01
Area125 (12) troll 240 1172,,Cowlitz_H_fa,5008,0.35,Washougal_R_Fa,5008,0.21,Lewis_R_f,5008,0.17,Lewis_R_Su,5008,0.15,Hanford_Reach,5026,0.03
Area125 (12) troll 240 1173,,Chilliwack_F,3,1.00,Harrison,3,0.00,S_Umpqua_H,5011,0.00,,,,,,
Area125 (12) troll 240 1174,,Hanford_Reach,5026,0.92,Umatilla_H_Fa,5026,0.05,L_Wh_Sal_H_SF,5026,0.02,Lyons_Ferry_H,5021,0.00,Marion_Drain_Fa,5026,0.00
Area125 (12) troll 240 1175,,Little_R,5,0.71,George_Adams_H,5005,0.11,NF_Skokomish_F,5005,0.04,Hamma_Hamma_R,5005,0.04,L_Thompson,5,0.04
Area125 (12) troll 240 1176,,Harrison,3,0.97,Chilliwack_F,3,0.03,,,,,,,,,
Area125 (12) troll 240 1177,,Chilliwack_F,3,0.76,Harrison,3,0.20,Hamma_Hamma_R,5005,0.02,Hanford_Reach,5026,0.00,Snoqualmie_R,5016,0.00
Area125 (12) troll 240 1178,,Priest_Rapid_H,5026,0.66,Nez_PerceT_H,5021,0.19,Marion_Drain_Fa,5026,0.06,Hanford_Reach,5026,0.03,Priest_Rapids_H,5026,0.03
Area125 (12) troll 240 1179,,Washougal_R_Fa,5008,0.40,Umatilla_H_Fa,5026,0.24,Hanford_Reach,5026,0.08,Priest_Rapid_H,5026,0.07,McKenzie_H,5029,0.06
Area125 (12) troll 240 1180,,Hanford_Reach,5026,0.45,Priest_Rapid_H,5026,0.36,Umatilla_H,5026,0.07,Wenatchee_R_SF,5026,0.06,Priest_Rapids_H,5026,0.03
Area125 (12) troll 240 1181,,Harrison,3,0.65,Hanford_Reach,5026,0.21,Chilliwack_F,3,0.10,Priest_Rapid_H,5026,0.01,NF_Skokomish_F,5005,0.01
Area125 (12) troll 240 1182,,Priest_Rapid_H,5026,0.41,Hanford_Reach,5026,0.35,Nez_PerceT_H,5021,0.08,Wells_H,5026,0.04,Lewis_R_Su,5008,0.02
Area125 (12) troll 240 1183,,Lewis_R_Su,5008,0.59,Cowlitz_H_fa,5008,0.24,Lewis_R_LSu,5008,0.11,Washougal_R_Fa,5008,0.04,Green_R_Fa,5008,0.01
Area125 (12) troll 240 1184,,Little_R,5,0.86,Harrison,3,0.06,Hanford_Reach,5026,0.03,Cranberry,11,0.01,Priest_Rapid_H,5026,0.01
Area125 (12) troll 240 1185,,Trask_R,5015,0.43,S_Coos_R,5011,0.28,Skagit_R,5016,0.12,Snoqualmie_R,5016,0.04,Salmon_R_f,5015,0.04
Area125 (12) troll 240 1186,,Hanford_Reach,5026,0.50,Umatilla_H_Fa,5026,0.20,Priest_Rapid_H,5026,0.18,Umatilla_H,5026,0.07,Nez_PerceT_H,5021,0.02
Area125 (12) troll 240 1187,,Wells_H,5026,0.60,Priest_Rapid_H,5026,0.25,Wenatchee_R_SF,5026,0.07,Priest_Rapids_H,5026,0.03,Hanford_Reach,5026,0.03
Area125 (12) troll 240 1188,,Hanford_Reach,5026,0.80,Priest_Rapid_H,5026,0.17,Wells_H,5026,0.02,Priest_Rapids_H,5026,0.00,Nez_PerceT_H,5021,0.00
Area125 (12) troll 240 1189,,Wells_H,5026,0.56,Priest_Rapid_H,5026,0.20,Hanford_Reach,5026,0.15,Umatilla_H_Fa,5026,0.03,Nez_PerceT_H,5021,0.03
Area125 (12) troll 240 1190,,NF_Nooksack_H,5016,1.00,,,,,,,,,,,,
Area125 (12) troll 240 1191,,Trask_R,5015,0.99,Salmon_R_f,5015,0.01,Wilson_R,5015,0.00,Kilchis_R,5015,0.00,Sol_Duc_H,5028,0.00
Area125 (12) troll 240 1192,,S_Coos_R,5011,0.98,S_Umpqua_H,5011,0.01,Sixes_R,5011,0.01,L_Skagit_R_Fa,5016,0.00,Washougal_R_Fa,5008,0.00
Area125 (12) troll 240 1193,,Nez_PerceT_H,5021,0.22,Hanford_Reach,5026,0.20,Umatilla_H_Fa,5026,0.14,Wells_H,5026,0.12,Priest_Rapid_H,5026,0.10
Area125 (12) troll 240 1194,,Cowlitz_H_fa,5008,0.77,Green_R_Fa,5008,0.10,Washougal_R_Fa,5008,0.08,Lewis_R_Su,5008,0.04,Lewis_R_f,5008,0.01
Area125 (12) troll 240 1195,,Hanford_Reach,5026,0.39,S_Coos_R,5011,0.19,Trask_R,5015,0.09,Queets_R,5028,0.08,Salmon_R_f,5015,0.07
Area125 (12) troll 240 1196,,Salmon_R_f,5015,0.46,Trask_R,5015,0.38,Alsea_R,5015,0.15,Kilchis_R,5015,0.00,S_Coos_R,5011,0.00
Area125 (12) troll 240 1197,,Harrison,3,1.00,Chilliwack_F,3,0.00,,,,,,,,,
Area125 (12) troll 240 456,,Hanford_Reach,5026,0.46,Priest_Rapid_H,5026,0.25,Wells_H,5026,0.09,Feather_H_fa,5001,0.07,Umatilla_H_Fa,5026,0.05
Area125 (12) troll 240 457,,Priest_Rapid_H,5026,0.62,Wells_H,5026,0.17,Hanford_Reach,5026,0.12,Wenatchee_R_SF,5026,0.07,Umatilla_H_Fa,5026,0.01
Area125 (12) troll 240 458,,Alsea_R,5015,0.53,Salmon_R_f,5015,0.24,Trask_R,5015,0.23,Kilchis_R,5015,0.01,Wilson_R,5015,0.00
Area125 (12) troll 240 459,,Lewis_R_Su,5008,0.95,Lewis_R_LSu,5008,0.02,Lewis_R_f,5008,0.01,Hanford_Reach,5026,0.01,Umatilla_H_Fa,5026,0.01
Area125 (12) troll 240 460,,Harrison,3,0.99,Chilliwack_F,3,0.01,,,,,,,,,
Area125 (12) troll 240 461,,Wells_H,5026,0.25,Wenatchee_R_SF,5026,0.21,Nez_PerceT_H,5021,0.21,Priest_Rapid_H,5026,0.10,Hanford_Reach,5026,0.08
Area125 (12) troll 240 462,,Hanford_Reach,5026,0.33,Priest_Rapid_H,5026,0.23,Nez_PerceT_H,5021,0.14,Wells_H,5026,0.10,Umatilla_H_Fa,5026,0.08
Area125 (12) troll 240 463,,Skagit_R,5016,0.85,U_Sauk_R_SpSu,5016,0.06,Harrison,3,0.04,Chilliwack_F,3,0.04,Marblemount_HSp,5016,0.01
Area125 (12) troll 240 464,,Nez_PerceT_H,5021,0.46,Priest_Rapid_H,5026,0.14,Hanford_Reach,5026,0.13,Umatilla_H_Fa,5026,0.09,Wenatchee_R_SF,5026,0.05
Area125 (12) troll 240 465,,Washougal_R_Fa,5008,0.64,Cowlitz_H_fa,5008,0.26,S_Coos_R,5011,0.02,Lewis_R_Su,5008,0.02,Green_R_Fa,5008,0.02
Area125 (12) troll 240 466,,Alsea_R,5015,0.86,Salmon_R_f,5015,0.11,Hoh_R,5028,0.02,Queets_R,5028,0.00,Kilchis_R,5015,0.00
Area125 (12) troll 240 467,,Salmon_R_f,5015,0.93,Trask_R,5015,0.04,Nestucca_H,5015,0.02,Necanicum_H,5015,0.01,Wilson_R,5015,0.00
Area125 (12) troll 240 468,,Chilliwack_F,3,0.99,Harrison,3,0.01,Nechako,2,0.00,Little_R,5,0.00,Skagit_R,5016,0.00
Area125 (12) troll 240 469,,Alsea_R,5015,0.52,Salmon_R_f,5015,0.23,S_Coos_R,5011,0.12,Trask_R,5015,0.08,Forks_Cr_H,5028,0.01
Area125 (12) troll 240 470,,Trask_R,5015,0.94,Salmon_R_f,5015,0.04,Necanicum_H,5015,0.01,Kilchis_R,5015,0.01,Nestucca_H,5015,0.00
Area125 (12) troll 240 471,,Priest_Rapid_H,5026,0.45,Hanford_Reach,5026,0.29,Umatilla_H,5026,0.12,Umatilla_H_Fa,5026,0.07,Priest_Rapids_H,5026,0.02
Area125 (12) troll 240 472,,Sixes_R,5011,0.64,Elk_H,5011,0.17,S_Coos_R,5011,0.08,Trask_R,5015,0.06,Coquille_R,5011,0.04
Area125 (12) troll 240 473,,Umatilla_H_Fa,5026,0.40,Hanford_Reach,5026,0.38,Wells_H,5026,0.17,Umatilla_H,5026,0.04,Nez_PerceT_H,5021,0.01
Area125 (12) troll 240 474,,Priest_Rapid_H,5026,0.37,Hanford_Reach,5026,0.36,Nez_PerceT_H,5021,0.13,Umatilla_H_Fa,5026,0.08,Priest_Rapids_H,5026,0.05
Area125 (12) troll 240 475,,Alsea_R,5015,0.46,Trask_R,5015,0.38,Salmon_R_f,5015,0.13,Kilchis_R,5015,0.02,Wilson_R,5015,0.01
Area125 (12) troll 248 1198,,Lewis_R_Su,5008,0.74,S_Umpqua_H,5011,0.18,Cedar_R_SuFa,5020,0.03,Green_R_Fa,5008,0.02,Priest_Rapid_H,5026,0.01
Area125 (12) troll 248 1199,,Harrison,3,0.74,Chilliwack_F,3,0.18,L_Skagit_R_Fa,5016,0.02,Meziadin,11,0.01,Forks_Cr_H,5028,0.01
Area125 (12) troll 248 1200,,Wells_H,5026,0.40,Wenatchee_R_SF,5026,0.35,Umatilla_H_Fa,5026,0.15,Priest_Rapid_H,5026,0.03,Hanford_Reach,5026,0.02
Area125 (12) troll 248 1201,,Little_R,5,0.99,L_Thompson,5,0.01,Columbia_Rogue,5019,0.00,S_Umpqua_H,5011,0.00,Priest_Rapid_H,5026,0.00
Area125 (12) troll 248 1202,,Hanford_Reach,5026,0.46,Priest_Rapid_H,5026,0.40,Umatilla_H_Fa,5026,0.09,Umatilla_H,5026,0.01,Wells_H,5026,0.01
Area125 (12) troll 248 1203,,Chilliwack_F,3,0.68,Harrison,3,0.32,,,,,,,,,
Area125 (12) troll 248 1204,,Wells_H,5026,0.87,Wenatchee_R_SF,5026,0.08,Marion_Drain_Fa,5026,0.03,Hanford_Reach,5026,0.01,Priest_Rapid_H,5026,0.01
Area125 (12) troll 248 1205,,Nez_PerceT_H,5021,0.94,Wenatchee_R_SF,5026,0.03,Priest_Rapid_H,5026,0.02,Priest_Rapids_H,5026,0.00,Hanford_Reach,5026,0.00
Area125 (12) troll 248 1207,,Harrison,3,0.49,Chilliwack_F,3,0.49,Skagit_R,5016,0.01,L_Skagit_R_Fa,5016,0.00,Hamma_Hamma_R,5005,0.00
Area125 (12) troll 248 1208,,Chilliwack_F,3,0.62,Harrison,3,0.38,Clearwater,4,0.00,,,,,,
Area125 (12) troll 248 1209,,Alsea_R,5015,0.91,Trask_R,5015,0.04,S_Coos_R,5011,0.03,Salmon_R_f,5015,0.01,Forks_Cr_H,5028,0.00
Area125 (12) troll 248 1210,,Trask_R,5015,0.78,Salmon_R_f,5015,0.18,Alsea_R,5015,0.02,Necanicum_H,5015,0.01,Kilchis_R,5015,0.00
Area125 (12) troll 248 1211,,Priest_Rapid_H,5026,0.65,Hanford_Reach,5026,0.15,Umatilla_H_Fa,5026,0.10,Wenatchee_R_SF,5026,0.07,Umatilla_H,5026,0.02
Area125 (12) troll 248 1212,,Lewis_R_Su,5008,0.98,Washougal_R_Fa,5008,0.02,Lewis_R_LSu,5008,0.00,Cowlitz_H_fa,5008,0.00,Lewis_R_f,5008,0.00
Area125 (12) troll 248 1213,,Hanford_Reach,5026,0.39,Nez_PerceT_H,5021,0.27,Priest_Rapid_H,5026,0.08,Priest_Rapids_H,5026,0.07,Umatilla_H_Fa,5026,0.05
Area125 (12) troll 248 1214,,Lewis_R_Su,5008,0.42,Washougal_R_Fa,5008,0.30,Cowlitz_H_fa,5008,0.16,Lewis_R_f,5008,0.05,Lewis_R_LSu,5008,0.03
Area125 (12) troll 248 1215,,Umatilla_H_Fa,5026,0.65,Nez_PerceT_H,5021,0.22,Priest_Rapid_H,5026,0.04,Umatilla_H,5026,0.03,Hanford_Reach,5026,0.03
Area125 (12) troll 248 1216,,Spring_Cr_col,5030,0.95,Big_Cr_H_Col,5030,0.04,Cowlitz_H_fa,5008,0.01,Green_R_Fa,5008,0.00,Washougal_R_Fa,5008,0.00
Area125 (12) troll 248 1217,Number of missing Loci exceeded,,,,,,,,,,,,,,,
Area125 (12) troll 248 1218,Number of missing Loci exceeded,,,,,,,,,,,,,,,
Area125 (12) troll 248 1219,Number of missing Loci exceeded,,,,,,,,,,,,,,,
Area125 (12) troll 248 1220,Number of missing Loci exceeded,,,,,,,,,,,,,,,
Area125 (12) troll 248 1221,Number of missing Loci exceeded,,,,,,,,,,,,,,,
Area125 (12) troll 248 1222,Number of missing Loci exceeded,,,,,,,,,,,,,,,
Area125 (12) troll 248 1223,Number of missing Loci exceeded,,,,,,,,,,,,,,,
Area125 (12) troll 248 652,,Puntledge_BackX,7,0.44,L_Qualicum,7,0.21,Chemainus,7,0.15,George_Adams_H,5005,0.10,Hamma_Hamma_R,5005,0.05
Area125 (12) troll 248 653,Number of missing Loci exceeded,,,,,,,,,,,,,,,
Area125 (12) troll 253 1226,,George_Adams_H,5005,0.50,NF_Skokomish_F,5005,0.21,Cedar_R_SuFa,5020,0.21,Hamma_Hamma_R,5005,0.04,L_Skagit_R_Fa,5016,0.02
Area125 (12) troll 253 1227,,McKenzie_H,5029,0.86,N_Santiam_H,5029,0.12,Cowlitz_H_fa,5008,0.01,Lewis_R_Su,5008,0.01,Cowlitz_H_sp,5009,0.00
Area125 (12) troll 253 1228,,George_Adams_H,5005,0.17,Cedar_R_SuFa,5020,0.16,NF_Skokomish_F,5005,0.15,L_Skagit_R_Fa,5016,0.14,UW_H_SuFa,5020,0.09
Area125 (12) troll 253 1229,,George_Adams_H,5005,0.59,NF_Skokomish_F,5005,0.18,Hamma_Hamma_R,5005,0.16,Cedar_R_SuFa,5020,0.03,Clear_Cr_H,5020,0.02
Area125 (12) troll 253 1230,Dupe with 428,McKenzie_H,5029,0.88,Spring_Cr_col,5030,0.04,Lewis_R_Su,5008,0.04,Kalama_H_sp,5009,0.01,Elochoman_R_Fa,5008,0.01
Area125 (12) troll 253 1231,,George_Adams_H,5005,0.72,NF_Skokomish_F,5005,0.19,Little_R,5,0.05,Cedar_R_SuFa,5020,0.02,Hamma_Hamma_R,5005,0.01
Area125 (12) troll 253 1232,,L_Skagit_R_Fa,5016,0.53,Cedar_R_SuFa,5020,0.26,NF_Skokomish_F,5005,0.07,Skagit_R,5016,0.04,George_Adams_H,5005,0.03
Area125 (12) troll 253 1233,,Priest_Rapid_H,5026,0.92,Nez_PerceT_H,5021,0.03,Lyons_Ferry_H,5021,0.02,Hanford_Reach,5026,0.02,L_Wh_Sal_H_SF,5026,0.00
Area125 (12) troll 253 1234,,Clear_Cr_H,5020,0.36,Snoqualmie_R,5016,0.33,L_Qualicum,7,0.08,George_Adams_H,5005,0.07,Skagit_R,5016,0.06
Area125 (12) troll 253 1235,,Cedar_R_SuFa,5020,0.63,UW_H_SuFa,5020,0.27,George_Adams_H,5005,0.06,Clear_Cr_H,5020,0.01,NF_Skokomish_F,5005,0.01
Area125 (12) troll 253 1236,,Priest_Rapid_H,5026,0.93,Wenatchee_R_SF,5026,0.03,Hanford_Reach,5026,0.03,Wells_H,5026,0.01,Umatilla_H_Fa,5026,0.01
Area125 (12) troll 253 1237,,Cedar_R_SuFa,5020,0.79,Clear_Cr_H,5020,0.11,Hamma_Hamma_R,5005,0.04,NF_Skokomish_F,5005,0.02,Snoqualmie_R,5016,0.01
Area125 (12) troll 253 1238,,Hoh_R,5028,0.51,Queets_R,5028,0.15,Quilayute_R,5028,0.09,Salmon_R_f,5015,0.07,Lewis_R_Su,5008,0.05
Area125 (12) troll 253 1239,Dupe with 419,Skagit_R,5016,0.61,Snoqualmie_R,5016,0.39,U_Sauk_R_SpSu,5016,0.00,L_Skagit_R_Fa,5016,0.00,L_Qualicum,7,0.00
Area125 (12) troll 253 1240,,George_Adams_H,5005,0.61,Hamma_Hamma_R,5005,0.24,NF_Skokomish_F,5005,0.07,Snoqualmie_R,5016,0.03,Cedar_R_SuFa,5020,0.02
Area125 (12) troll 253 1241,,George_Adams_H,5005,0.54,Snoqualmie_R,5016,0.15,Hamma_Hamma_R,5005,0.14,Cedar_R_SuFa,5020,0.08,L_Skagit_R_Fa,5016,0.06
Area125 (12) troll 253 1242,,Spring_Cr_col,5030,0.99,Cowlitz_H_fa,5008,0.00,Lewis_R_Su,5008,0.00,Harrison,3,0.00,Elochoman_H,5030,0.00
Area125 (12) troll 253 1243,,Salmon_R_f,5015,0.75,Trask_R,5015,0.24,Alsea_R,5015,0.01,Sixes_R,5011,0.00,Wilson_R,5015,0.00
Area125 (12) troll 253 1244,,Lewis_R_Su,5008,0.76,Washougal_R_Fa,5008,0.17,Cowlitz_H_fa,5008,0.06,Lewis_R_LSu,5008,0.00,Lewis_R_f,5008,0.00
Area125 (12) troll 253 1245,,Chilliwack_F,3,0.95,Harrison,3,0.05,Chilliwac@Stav,3,0.00,,,,,,
Area125 (12) troll 253 1246,,Hanford_Reach,5026,0.59,Umatilla_H_Fa,5026,0.28,Priest_Rapid_H,5026,0.13,Marion_Drain_Fa,5026,0.00,Wenatchee_R_SF,5026,0.00
Area125 (12) troll 253 1247,,Alsea_R,5015,0.81,Salmon_R_f,5015,0.07,S_Coos_R,5011,0.04,Trask_R,5015,0.04,Hoh_R,5028,0.03
Area125 (12) troll 253 1248,,Hanford_Reach,5026,0.13,Priest_Rapid_H,5026,0.12,Umatilla_H_Fa,5026,0.11,Nez_PerceT_H,5021,0.10,Harrison,3,0.08
Area125 (12) troll 253 1249,,Priest_Rapid_H,5026,0.89,Hanford_Reach,5026,0.10,Umatilla_H_Fa,5026,0.01,Umatilla_H,5026,0.00,Nez_PerceT_H,5021,0.00
Area125 (12) troll 253 1250,,Feather_H_fa,5001,0.73,Battle_Cr,5001,0.21,Feather_H_sp,5002,0.04,Mill_Cr_sp,5002,0.02,Lewis_R_Su,5008,0.00
Area125 (12) troll 253 1251,,Feather_H_fa,5001,0.95,Butte_Cr_f,5001,0.02,Battle_Cr,5001,0.01,Stanislaus_R,5001,0.01,Hanford_Reach,5026,0.00
Area125 (12) troll 253 1252,Dupe with 406,Skagit_R,5016,0.61,Snoqualmie_R,5016,0.39,U_Sauk_R_SpSu,5016,0.00,L_Skagit_R_Fa,5016,0.00,Hamma_Hamma_R,5005,0.00
Area125 (12) troll 253 1253,,Little_R,5,0.82,L_Thompson,5,0.17,L_Adams,5,0.00,L_Shuswap,5,0.00,Forks_Cr_H,5028,0.00
Area125 (12) troll 253 1254,Dupe with 426,Priest_Rapid_H,5026,0.67,Wells_H,5026,0.27,Hanford_Reach,5026,0.06,Methow_R,5026,0.00,,,
Area125 (12) troll 253 1255,,Hanford_Reach,5026,0.22,Wells_H,5026,0.18,Umatilla_H_Fa,5026,0.13,Priest_Rapid_H,5026,0.13,Nez_PerceT_H,5021,0.08
Area125 (12) troll 253 1256,,Sixes_R,5011,0.76,Elk_H,5011,0.23,Washougal_R_Fa,5008,0.00,Cedar_R_SuFa,5020,0.00,George_Adams_H,5005,0.00
Area125 (12) troll 253 1257,,Chilliwack_F,3,0.85,Harrison,3,0.05,L_Skagit_R_Fa,5016,0.03,Skagit_R,5016,0.03,Little_R,5,0.01
Area125 (12) troll 253 1258,,Harrison,3,0.72,Chilliwack_F,3,0.08,L_Skagit_R_Fa,5016,0.08,Skagit_R,5016,0.06,George_Adams_H,5005,0.01
Area125 (12) troll 253 1259,Dupe with 421,Priest_Rapid_H,5026,0.68,Wells_H,5026,0.26,Hanford_Reach,5026,0.05,Methow_R,5026,0.00,Marion_Drain_Fa,5026,0.00
Area125 (12) troll 253 1260,,Feather_H_fa,5001,0.93,Battle_Cr,5001,0.06,Stanislaus_R,5001,0.01,Hanford_Reach,5026,0.00,Butte_Cr_f,5001,0.00
Area125 (12) troll 253 1261,Dupe with 397,McKenzie_H,5029,0.88,Spring_Cr_col,5030,0.04,Lewis_R_Su,5008,0.04,Kalama_H_sp,5009,0.01,Elochoman_R_Fa,5008,0.01
Area125 (12) troll 253 1262,,Wells_H,5026,0.45,Priest_Rapid_H,5026,0.16,Priest_Rapids_H,5026,0.12,Umatilla_H,5026,0.07,Nez_PerceT_H,5021,0.06
Area125 (12) troll 253 1263,,Chilliwack_F,3,0.99,Harrison,3,0.01,,,,,,,,,
Area125 (12) troll 253 1264,,Cowlitz_H_fa,5008,0.21,Sol_Duc_H,5028,0.20,S_Umpqua_H,5011,0.10,Hanford_Reach,5026,0.10,Elochoman_R_Fa,5008,0.09
Area125 (12) troll 253 654,,Cedar_R_SuFa,5020,0.88,Snoqualmie_R,5016,0.04,Grovers_Cr_H,5020,0.03,UW_H_SuFa,5020,0.01,NF_Skokomish_F,5005,0.01
Area125 (12) troll 253 655,,Cedar_R_SuFa,5020,0.55,UW_H_SuFa,5020,0.33,Hanford_Reach,5026,0.03,L_Skagit_R_Fa,5016,0.03,Clear_Cr_H,5020,0.02
Area125 (12) troll 253 656,,Dungeness_R,5006,0.52,Clear_Cr_H,5020,0.09,Cedar_R_SuFa,5020,0.08,George_Adams_H,5005,0.07,Grovers_Cr_H,5020,0.06
Area125 (12) troll 261 1265,,Priest_Rapid_H,5026,0.75,Umatilla_H_Fa,5026,0.10,Hanford_Reach,5026,0.06,Wells_H,5026,0.03,Nez_PerceT_H,5021,0.02
Area125 (12) troll 261 1266,,Cedar_R_SuFa,5020,0.97,L_Skagit_R_Fa,5016,0.01,Clear_Cr_H,5020,0.01,Hamma_Hamma_R,5005,0.01,Bear_Cr_SuFa,5020,0.00
Area125 (12) troll 261 1267,,Cedar_R_SuFa,5020,0.96,NF_Skokomish_F,5005,0.03,George_Adams_H,5005,0.01,Skagit_R,5016,0.00,UW_H_SuFa,5020,0.00
Area125 (12) troll 261 1268,,Wells_H,5026,0.79,Priest_Rapid_H,5026,0.09,Hanford_Reach,5026,0.07,Priest_Rapids_H,5026,0.03,Umatilla_H,5026,0.01
Area125 (12) troll 261 1269,,NF_Skokomish_F,5005,0.66,George_Adams_H,5005,0.23,Hamma_Hamma_R,5005,0.08,Snoqualmie_R,5016,0.02,Cedar_R_SuFa,5020,0.00
Area125 (12) troll 261 1270,,Cedar_R_SuFa,5020,0.47,George_Adams_H,5005,0.42,Clear_Cr_H,5020,0.04,Hamma_Hamma_R,5005,0.03,L_Skagit_R_Fa,5016,0.02
Area125 (12) troll 261 1271,,Spring_Cr_col,5030,0.99,Big_Cr_H_Col,5030,0.00,Abernathy_NFH_F,5008,0.00,Elochoman_H,5030,0.00,Cowlitz_H_fa,5008,0.00
Area125 (12) troll 261 1272,,Cedar_R_SuFa,5020,0.89,Hamma_Hamma_R,5005,0.03,Clear_Cr_H,5020,0.03,L_Skagit_R_Fa,5016,0.02,Snoqualmie_R,5016,0.01
Area125 (12) troll 261 1273,,NF_Skokomish_F,5005,0.44,George_Adams_H,5005,0.29,Clear_Cr_H,5020,0.12,L_Skagit_R_Fa,5016,0.07,Skagit_R,5016,0.04
Area125 (12) troll 261 1274,,NF_Skokomish_F,5005,0.63,George_Adams_H,5005,0.31,Hamma_Hamma_R,5005,0.02,Clear_Cr_H,5020,0.02,Snoqualmie_R,5016,0.01
Area125 (12) troll 261 1275,,NF_Skokomish_F,5005,0.44,George_Adams_H,5005,0.25,Hamma_Hamma_R,5005,0.20,Snoqualmie_R,5016,0.03,Grovers_Cr_H,5020,0.02
Area125 (12) troll 261 1276,,Umatilla_H_Fa,5026,0.56,Hanford_Reach,5026,0.20,Nez_PerceT_H,5021,0.16,L_Wh_Sal_H_SF,5026,0.02,Priest_Rapid_H,5026,0.02
Area125 (12) troll 261 1277,,Snoqualmie_R,5016,0.29,NF_Skokomish_F,5005,0.23,George_Adams_H,5005,0.19,L_Skagit_R_Fa,5016,0.18,Clear_Cr_H,5020,0.08
Area125 (12) troll 261 1278,,Cedar_R_SuFa,5020,0.86,George_Adams_H,5005,0.03,NF_Skokomish_F,5005,0.02,Grovers_Cr_H,5020,0.02,Clear_Cr_H,5020,0.01
Area125 (12) troll 261 1279,,Harrison,3,0.77,Chilliwack_F,3,0.17,L_Thompson,5,0.04,Nechako,2,0.00,Chilliwac@Stav,3,0.00
Area125 (12) troll 261 1280,,S_Coos_R,5011,0.64,Trask_R,5015,0.28,Kilchis_R,5015,0.04,Alsea_R,5015,0.01,Wilson_R,5015,0.01
Area125 (12) troll 261 1281,,Priest_Rapid_H,5026,0.66,Hanford_Reach,5026,0.20,Wenatchee_R_SF,5026,0.04,Wells_H,5026,0.03,Umatilla_H_Fa,5026,0.03
Area125 (12) troll 261 1282,,Skagit_R,5016,0.93,U_Sauk_R_SpSu,5016,0.05,L_Skagit_R_Fa,5016,0.01,NF_Nooksack_H,5016,0.00,S_Coos_R,5011,0.00
Area125 (12) troll 261 1283,,Lewis_R_Su,5008,0.94,Lewis_R_f,5008,0.03,Washougal_R_Fa,5008,0.01,Lewis_R_LSu,5008,0.00,Elochoman_R_Fa,5008,0.00
Area125 (12) troll 261 1284,,Hanford_Reach,5026,0.80,Priest_Rapids_H,5026,0.17,Nez_PerceT_H,5021,0.01,Umatilla_H_Fa,5026,0.01,Umatilla_H,5026,0.00
Area125 (12) troll 261 1285,,Hanford_Reach,5026,0.68,Priest_Rapid_H,5026,0.20,Wells_H,5026,0.06,Wenatchee_R_SF,5026,0.04,Umatilla_H,5026,0.02
Area125 (12) troll 261 1286,,Alsea_R,5015,0.72,Salmon_R_f,5015,0.14,Trask_R,5015,0.13,Necanicum_H,5015,0.00,Kilchis_R,5015,0.00
Area125 (12) troll 261 1287,,Priest_Rapid_H,5026,0.86,Hanford_Reach,5026,0.07,L_Wh_Sal_H_SF,5026,0.06,Marion_Drain_Fa,5026,0.00,Lyons_Ferry_H,5021,0.00
Area125 (12) troll 261 1288,,Hanford_Reach,5026,0.67,Priest_Rapid_H,5026,0.15,Umatilla_H_Fa,5026,0.05,Nez_PerceT_H,5021,0.03,Cedar_R_SuFa,5020,0.03
Area125 (12) troll 261 1289,,Harrison,3,0.74,Chilliwack_F,3,0.26,Nechako,2,0.00,L_Skagit_R_Fa,5016,0.00,,,
Area125 (12) troll 261 1290,,Lewis_R_Su,5008,0.98,Umatilla_H_Fa,5026,0.00,Lewis_R_LSu,5008,0.00,Lewis_R_f,5008,0.00,Washougal_R_Fa,5008,0.00
Area125 (12) troll 261 1291,,Harrison,3,0.46,Chilliwack_F,3,0.39,Spring_Cr_col,5030,0.12,NF_Skokomish_F,5005,0.01,Hanford_Reach,5026,0.00
Area125 (12) troll 261 1292,,Sixes_R,5011,0.79,Elk_H,5011,0.21,Coquille_R,5011,0.00,,,,,,
Area125 (12) troll 261 1293,,Alsea_R,5015,0.54,Salmon_R_f,5015,0.21,Trask_R,5015,0.12,S_Coos_R,5011,0.10,Sixes_R,5011,0.01
Area125 (12) troll 261 657,,Cedar_R_SuFa,5020,0.64,Hamma_Hamma_R,5005,0.16,George_Adams_H,5005,0.12,NF_Skokomish_F,5005,0.05,Clear_Cr_H,5020,0.02
Area125 (12) troll 261 658,,Harrison,3,0.57,Chilliwack_F,3,0.42,Wells_H,5026,0.01,S_Umpqua_H,5011,0.00,Wenatchee_R_SF,5026,0.00
Area125 (12) troll 266 651,,Nez_PerceT_H,5021,0.36,Wells_H,5026,0.35,Umatilla_H_Fa,5026,0.09,Hanford_Reach,5026,0.06,Wenatchee_R_SF,5026,0.05
,,,,,,,,,,,,,,,,
Sample: 38, Area126,2012, troll, Feb17-Aug27,,,,,,,,,,,,
Area126 (12) troll 100 69,,Feather_H_fa,5001,0.88,Feather_H_sp,5002,0.10,Stanislaus_R,5001,0.01,Butte_Cr_f,5001,0.00,Battle_Cr,5001,0.00
Area126 (12) troll 101 70,,Sol_Duc_H,5028,0.62,Kilchis_R,5015,0.16,Queets_R,5028,0.09,Salmon_R_f,5015,0.07,Quilayute_R,5028,0.02
Area126 (12) troll 102 71,,Wenatchee_R_SF,5026,0.50,Hanford_Reach,5026,0.39,Priest_Rapid_H,5026,0.06,Priest_Rapids_H,5026,0.03,Nez_PerceT_H,5021,0.02
Area126 (12) troll 103 72,,NF_Skokomish_F,5005,0.66,Clear_Cr_H,5020,0.21,Hamma_Hamma_R,5005,0.05,George_Adams_H,5005,0.02,Bear_Cr_SuFa,5020,0.02
Area126 (12) troll 104 73,,McKenzie_H,5029,1.00,N_Santiam_H,5029,0.00,Priest_Rapid_H,5026,0.00,Elochoman_H,5030,0.00,Cowlitz_H_fa,5008,0.00
Area126 (12) troll 105 74,,Hanford_Reach,5026,0.38,Priest_Rapid_H,5026,0.31,Nez_PerceT_H,5021,0.25,L_Wh_Sal_H_SF,5026,0.02,Lyons_Ferry_H,5021,0.01
Area126 (12) troll 106 75,,Clear_Cr_H,5020,0.85,NF_Skokomish_F,5005,0.12,Cedar_R_SuFa,5020,0.02,Hamma_Hamma_R,5005,0.01,Bear_Cr_SuFa,5020,0.01
Area126 (12) troll 107 76,,Lewis_R_f,5008,0.81,Cowlitz_H_fa,5008,0.10,Abernathy_Cr_Fa,5008,0.05,Elochoman_H,5030,0.02,Lewis_R_LSu,5008,0.01
Area126 (12) troll 108 77,,U_Sauk_R_SpSu,5016,0.91,Marblemount_HSp,5016,0.08,U_Sauk_R,5016,0.01,Harrison,3,0.00,U_Skagit_R,5016,0.00
Area126 (12) troll 109 78,,U_Sauk_R_SpSu,5016,0.63,NF_Skokomish_F,5005,0.27,Hamma_Hamma_R,5005,0.05,George_Adams_H,5005,0.02,Harrison,3,0.01
Area126 (12) troll 110 79,,McKenzie_H,5029,0.91,N_Santiam_H,5029,0.09,S_Umpqua_H,5011,0.00,U_Sauk_R_SpSu,5016,0.00,Umpqua_H,5011,0.00
Area126 (12) troll 111 80,,Spring_Cr_col,5030,0.66,Abernathy_NFH_F,5008,0.12,Cowlitz_H_fa,5008,0.10,Elochoman_H,5030,0.09,Abernathy_Cr_Fa,5008,0.02
Area126 (12) troll 112 81,,Abernathy_Cr_Fa,5008,0.44,Cowlitz_H_fa,5008,0.28,Wenatchee_R_SF,5026,0.11,Spring_Cr_col,5030,0.06,Abernathy_NFH_F,5008,0.05
Area126 (12) troll 113 82,,McKenzie_H,5029,0.62,N_Santiam_H,5029,0.38,,,,,,,,,
Area126 (12) troll 114 83,,Hanford_Reach,5026,0.42,Nez_PerceT_H,5021,0.26,Priest_Rapids_H,5026,0.10,Priest_Rapid_H,5026,0.06,Wenatchee_R_SF,5026,0.04
Area126 (12) troll 115 84,,Abernathy_NFH_F,5008,0.67,Spring_Cr_col,5030,0.19,Abernathy_Cr_Fa,5008,0.10,Big_Cr_H_Col,5030,0.04,Elochoman_H,5030,0.00
Area126 (12) troll 116 10,,Priest_Rapid_H,5026,0.64,Hanford_Reach,5026,0.28,L_Wh_Sal_H_SF,5026,0.04,Wenatchee_R_SF,5026,0.02,Methow_R,5026,0.01
Area126 (12) troll 116 100,,Cowichan,7,0.50,Big_Qualicum,7,0.46,U_Sauk_R_SpSu,5016,0.02,L_Qualicum,7,0.01,Abernathy_Cr_Fa,5008,0.00
Area126 (12) troll 116 101,,S_Umpqua_H,5011,0.71,Abernathy_Cr_Fa,5008,0.08,Priest_Rapid_H,5026,0.04,Millicoma_R,5011,0.02,Queets_R,5028,0.02
Area126 (12) troll 116 102,,Hanford_Reach,5026,0.42,Nez_PerceT_H,5021,0.39,Priest_Rapid_H,5026,0.10,Umatilla_H_Fa,5026,0.03,Wenatchee_R_SF,5026,0.02
Area126 (12) troll 116 103,,Bowron,1,0.84,Holmes,1,0.06,Salmon@PG,1,0.03,Kuzkwa_Cr,2,0.02,Bridge,2,0.02
Area126 (12) troll 116 104,,Little_R,5,1.00,U_Sauk_R_SpSu,5016,0.00,Marblemount_Hsu,5016,0.00,L_Shuswap,5,0.00,,,
Area126 (12) troll 116 105,,Hanford_Reach,5026,0.46,Priest_Rapid_H,5026,0.21,Nez_PerceT_H,5021,0.10,U_Sauk_R_SpSu,5016,0.07,Skagit_R,5016,0.05
Area126 (12) troll 116 106,,Little_R,5,0.97,Priest_Rapid_H,5026,0.01,L_Thompson,5,0.01,South_Thom,5,0.00,Hanford_Reach,5026,0.00
Area126 (12) troll 116 107,,Priest_Rapid_H,5026,0.47,Hanford_Reach,5026,0.45,Wenatchee_R_SF,5026,0.03,Umatilla_H,5026,0.03,L_Wh_Sal_H_SF,5026,0.01
Area126 (12) troll 116 108,,Priest_Rapid_H,5026,0.62,Hanford_Reach,5026,0.19,Umatilla_H,5026,0.07,Umatilla_H_Fa,5026,0.05,Priest_Rapids_H,5026,0.03
Area126 (12) troll 116 109,,Feather_H_fa,5001,0.60,Nez_PerceT_H,5021,0.31,Feather_H_sp,5002,0.09,Umatilla_H,5026,0.00,Priest_Rapid_H,5026,0.00
Area126 (12) troll 116 11,,Millicoma_R,5011,0.56,Kilchis_R,5015,0.27,Salmon_R_f,5015,0.07,Wilson_R,5015,0.06,Trask_R,5015,0.02
Area126 (12) troll 116 110,,Hanford_Reach,5026,0.36,Nez_PerceT_H,5021,0.30,Priest_Rapid_H,5026,0.09,U_Deschutes_R,5004,0.07,S_Umpqua_H,5011,0.06
Area126 (12) troll 116 111,,Harrison,3,0.78,Chilliwack_F,3,0.18,Chilliwac@Stav,3,0.01,Wenatchee_R_SF,5026,0.01,Abernathy_Cr_Fa,5008,0.01
Area126 (12) troll 116 112,,Hanford_Reach,5026,0.69,Wenatchee_R_SF,5026,0.17,Wells_H,5026,0.08,Priest_Rapid_H,5026,0.03,L_Wh_Sal_H_SF,5026,0.03
Area126 (12) troll 116 113,,Lewis_R_f,5008,0.64,Cowlitz_H_fa,5008,0.16,Lewis_R_LSu,5008,0.10,Lewis_R_Su,5008,0.07,Abernathy_Cr_Fa,5008,0.01
Area126 (12) troll 116 114,,Hanford_Reach,5026,0.24,Wenatchee_R_SF,5026,0.20,Nez_PerceT_H,5021,0.15,Priest_Rapid_H,5026,0.10,L_Wh_Sal_H_SF,5026,0.05
Area126 (12) troll 116 115,,Queets_R,5028,0.95,Quilayute_R,5028,0.04,Salmon_R_f,5015,0.01,Millicoma_R,5011,0.00,Hoh_R,5028,0.00
Area126 (12) troll 116 116,,Priest_Rapid_H,5026,0.59,Umatilla_H_Fa,5026,0.14,Hanford_Reach,5026,0.12,L_Wh_Sal_H_SF,5026,0.06,Wells_H,5026,0.04
Area126 (12) troll 116 117,,Priest_Rapid_H,5026,0.91,Hanford_Reach,5026,0.09,Umatilla_H,5026,0.01,Priest_Rapids_H,5026,0.00,Nez_PerceT_H,5021,0.00
Area126 (12) troll 116 118,,Lewis_R_f,5008,0.49,Washougal_R_Fa,5008,0.13,Abernathy_NFH_F,5008,0.11,Cowlitz_H_fa,5008,0.10,Abernathy_Cr_Fa,5008,0.07
Area126 (12) troll 116 119,,Nez_PerceT_H,5021,0.51,Hanford_Reach,5026,0.23,Priest_Rapid_H,5026,0.16,Wells_H,5026,0.06,Wenatchee_R_SF,5026,0.01
Area126 (12) troll 116 12,,Hanford_Reach,5026,0.72,Umatilla_H_Fa,5026,0.16,Priest_Rapids_H,5026,0.07,Priest_Rapid_H,5026,0.05,Methow_R,5026,0.00
Area126 (12) troll 116 120,,Hanford_Reach,5026,0.72,Umatilla_H_Fa,5026,0.11,Priest_Rapid_H,5026,0.08,Spring_Cr_col,5030,0.04,Priest_Rapids_H,5026,0.04
Area126 (12) troll 116 121,,Hanford_Reach,5026,0.53,Priest_Rapid_H,5026,0.17,Wenatchee_R_SF,5026,0.14,Umatilla_H_Fa,5026,0.07,Abernathy_Cr_Fa,5008,0.07
Area126 (12) troll 116 122,,Priest_Rapid_H,5026,0.62,Hanford_Reach,5026,0.11,L_Wh_Sal_H_SF,5026,0.11,Lyons_Ferry_H,5021,0.08,Nez_PerceT_H,5021,0.03
Area126 (12) troll 116 123,,NF_Skokomish_F,5005,0.70,Clear_Cr_H,5020,0.23,Cedar_R_SuFa,5020,0.04,Hamma_Hamma_R,5005,0.02,George_Adams_H,5005,0.01
Area126 (12) troll 116 124,,Priest_Rapid_H,5026,0.69,Hanford_Reach,5026,0.13,Wenatchee_R_SF,5026,0.07,L_Wh_Sal_H_SF,5026,0.04,Wells_H,5026,0.03
Area126 (12) troll 116 125,,Stuart,2,0.69,Bridge,2,0.17,Kuzkwa_Cr,2,0.04,Holmes,1,0.04,Little_R,5,0.02
Area126 (12) troll 116 126,,Clear_Cr_H,5020,0.88,Cedar_R_SuFa,5020,0.05,Bear_Cr_SuFa,5020,0.02,Soos_H,5020,0.02,Hamma_Hamma_R,5005,0.01
Area126 (12) troll 116 127,,McKenzie_H,5029,0.98,N_Santiam_H,5029,0.02,,,,,,,,,
Area126 (12) troll 116 128,,Abernathy_NFH_F,5008,0.63,Elochoman_H,5030,0.20,Spring_Cr_col,5030,0.16,Abernathy_Cr_Fa,5008,0.01,Big_Cr_H_Col,5030,0.00
Area126 (12) troll 116 129,,Spring_Cr_col,5030,0.98,Elochoman_H,5030,0.01,Abernathy_NFH_F,5008,0.00,Abernathy_Cr_Fa,5008,0.00,Washougal_R_Fa,5008,0.00
Area126 (12) troll 116 13,,Millicoma_R,5011,0.99,Kilchis_R,5015,0.00,Wilson_R,5015,0.00,Trask_R,5015,0.00,Coos_H,5011,0.00
Area126 (12) troll 116 130,,Forks_Cr_H,5028,1.00,Quilayute_R,5028,0.00,S_Umpqua_H,5011,0.00,,,,,,
Area126 (12) troll 116 131,,Cowlitz_H_fa,5008,0.70,Washougal_R_Fa,5008,0.21,Lewis_R_f,5008,0.03,Coweeman_R_Fa,5008,0.03,Lewis_R_Su,5008,0.02
Area126 (12) troll 116 132,,Spring_Cr_col,5030,0.99,Elochoman_H,5030,0.01,Abernathy_Cr_Fa,5008,0.00,Big_Cr_H_Col,5030,0.00,Abernathy_NFH_F,5008,0.00
Area126 (12) troll 116 133,,Clear_Cr_H,5020,0.40,NF_Skokomish_F,5005,0.27,Hamma_Hamma_R,5005,0.19,Bear_Cr_SuFa,5020,0.04,U_Sauk_R_SpSu,5016,0.03
Area126 (12) troll 116 134,,Nez_PerceT_H,5021,0.97,Priest_Rapids_H,5026,0.02,Priest_Rapid_H,5026,0.01,Hanford_Reach,5026,0.00,Little_R,5,0.00
Area126 (12) troll 116 135,,Clear_Cr_H,5020,0.57,Hamma_Hamma_R,5005,0.23,NF_Skokomish_F,5005,0.12,Bear_Cr_SuFa,5020,0.05,Soos_H,5020,0.01
Area126 (12) troll 116 136,,NF_Skokomish_F,5005,0.82,Hamma_Hamma_R,5005,0.14,George_Adams_H,5005,0.02,Clear_Cr_H,5020,0.01,Big_Qualicum,7,0.00
Area126 (12) troll 116 137,,Forks_Cr_H,5028,0.98,Quilayute_R,5028,0.01,Queets_R,5028,0.01,Umpqua_H,5011,0.00,Salmon_R_f,5015,0.00
Area126 (12) troll 116 138,,McKenzie_H,5029,1.00,N_Santiam_H,5029,0.00,Priest_Rapid_H,5026,0.00,,,,,,
Area126 (12) troll 116 139,,Queets_R,5028,0.80,Quilayute_R,5028,0.18,Hoh_R,5028,0.01,Forks_Cr_H,5028,0.01,Salmon_R_f,5015,0.00
Area126 (12) troll 116 14,,Little_R,5,0.98,NF_Skokomish_F,5005,0.01,L_Thompson,5,0.00,Clear_Cr_H,5020,0.00,Coldwater,6,0.00
Area126 (12) troll 116 140,,Priest_Rapid_H,5026,0.92,Nez_PerceT_H,5021,0.02,Hanford_Reach,5026,0.02,Umatilla_H,5026,0.01,L_Wh_Sal_H_SF,5026,0.01
Area126 (12) troll 116 141,,Spring_Cr_col,5030,0.93,Big_Cr_H_Col,5030,0.03,Abernathy_NFH_F,5008,0.03,Elochoman_H,5030,0.01,Cowlitz_H_fa,5008,0.00
Area126 (12) troll 116 142,,Spring_Cr_col,5030,0.74,Abernathy_NFH_F,5008,0.19,Elochoman_H,5030,0.06,Cowlitz_H_fa,5008,0.01,Abernathy_Cr_Fa,5008,0.00
Area126 (12) troll 116 143,,Hanford_Reach,5026,0.42,Priest_Rapid_H,5026,0.33,Wenatchee_R_SF,5026,0.19,Nez_PerceT_H,5021,0.04,L_Wh_Sal_H_SF,5026,0.01
Area126 (12) troll 116 144,,S_Umpqua_H,5011,0.92,Umpqua_H,5011,0.07,Queets_R,5028,0.00,Kilchis_R,5015,0.00,Applegate_Cr,5019,0.00
Area126 (12) troll 116 145,,Spring_Cr_col,5030,0.72,Abernathy_NFH_F,5008,0.26,Elochoman_H,5030,0.01,Abernathy_Cr_Fa,5008,0.01,Cowlitz_H_fa,5008,0.00
Area126 (12) troll 116 146,,Spring_Cr_col,5030,0.73,Elochoman_H,5030,0.15,Abernathy_NFH_F,5008,0.12,Abernathy_Cr_Fa,5008,0.00,Cowlitz_H_fa,5008,0.00
Area126 (12) troll 116 147,,Hanford_Reach,5026,0.36,Nez_PerceT_H,5021,0.29,Priest_Rapid_H,5026,0.25,L_Wh_Sal_H_SF,5026,0.04,Skagit_R,5016,0.02
Area126 (12) troll 116 148,,Hanford_Reach,5026,0.80,Umatilla_H_Fa,5026,0.15,Priest_Rapid_H,5026,0.04,Methow_R,5026,0.01,Priest_Rapids_H,5026,0.00
Area126 (12) troll 116 149,,Spring_Cr_col,5030,0.82,Abernathy_NFH_F,5008,0.16,Big_Cr_H_Col,5030,0.01,Elochoman_H,5030,0.00,Abernathy_Cr_Fa,5008,0.00
Area126 (12) troll 116 15,,S_Umpqua_H,5011,0.68,Elk_H,5011,0.12,Umpqua_H,5011,0.08,Millicoma_R,5011,0.08,Sixes_R,5011,0.01
Area126 (12) troll 116 150,,McKenzie_H,5029,0.71,N_Santiam_H,5029,0.24,Hanford_Reach,5026,0.02,Umpqua_H,5011,0.01,Priest_Rapid_H,5026,0.01
Area126 (12) troll 116 151,,Clear_Cr_H,5020,0.51,NF_Skokomish_F,5005,0.21,Cedar_R_SuFa,5020,0.12,Bear_Cr_SuFa,5020,0.09,Soos_H,5020,0.04
Area126 (12) troll 116 152,,Cowichan,7,0.32,Clear_Cr_H,5020,0.30,Big_Qualicum,7,0.16,Bear_Cr_SuFa,5020,0.10,Cedar_R_SuFa,5020,0.04
Area126 (12) troll 116 153,,Umpqua_H,5011,0.69,S_Umpqua_H,5011,0.25,Millicoma_R,5011,0.06,Salmon_R_f,5015,0.00,,,
Area126 (12) troll 116 154,,Little_R,5,0.77,Clear_Cr_H,5020,0.06,NF_Skokomish_F,5005,0.04,L_Thompson,5,0.03,Hamma_Hamma_R,5005,0.03
Area126 (12) troll 116 155,,Spring_Cr_col,5030,0.90,Elochoman_H,5030,0.04,Abernathy_Cr_Fa,5008,0.02,Abernathy_NFH_F,5008,0.02,Big_Cr_H_Col,5030,0.01
Area126 (12) troll 116 156,,Priest_Rapid_H,5026,0.42,Hanford_Reach,5026,0.29,Wenatchee_R_SF,5026,0.18,Nez_PerceT_H,5021,0.07,Wells_H,5026,0.03
Area126 (12) troll 116 157,,Priest_Rapid_H,5026,0.99,Hanford_Reach,5026,0.01,Umatilla_H,5026,0.01,L_Wh_Sal_H_SF,5026,0.00,Nez_PerceT_H,5021,0.00
Area126 (12) troll 116 158,,Abernathy_Cr_Fa,5008,0.27,Washougal_R_Fa,5008,0.23,Lewis_R_Su,5008,0.21,Cowlitz_H_fa,5008,0.10,Lewis_R_f,5008,0.07
Area126 (12) troll 116 159,,Wenatchee_R_SF,5026,0.55,Priest_Rapid_H,5026,0.23,Hanford_Reach,5026,0.20,Umatilla_H,5026,0.01,Wells_H,5026,0.00
Area126 (12) troll 116 16,,Salmon_R_f,5015,0.93,Kilchis_R,5015,0.05,Trask_R,5015,0.01,Queets_R,5028,0.00,Millicoma_R,5011,0.00
Area126 (12) troll 116 160,,Bear_Cr_SuFa,5020,0.74,Cedar_R_SuFa,5020,0.16,Soos_H,5020,0.05,NF_Skokomish_F,5005,0.02,Samish_H,5016,0.01
Area126 (12) troll 116 161,,Clear_Cr_H,5020,0.66,Cedar_R_SuFa,5020,0.15,Bear_Cr_SuFa,5020,0.11,NF_Skokomish_F,5005,0.03,Hamma_Hamma_R,5005,0.02
Area126 (12) troll 116 162,,Nez_PerceT_H,5021,0.48,Hanford_Reach,5026,0.30,Lewis_R_f,5008,0.07,Priest_Rapid_H,5026,0.07,Wenatchee_R_SF,5026,0.03
Area126 (12) troll 116 163,,Spring_Cr_col,5030,0.94,Big_Cr_H_Col,5030,0.04,Elochoman_H,5030,0.01,Abernathy_Cr_Fa,5008,0.01,Abernathy_NFH_F,5008,0.00
Area126 (12) troll 116 164,,Newsome_Cr,5022,0.70,Red_R,5022,0.17,Lolo_Cr,5022,0.08,Dworshak_H,5022,0.04,Crooked_Fk_Cr,5022,0.01
Area126 (12) troll 116 165,,Clear_Cr_H,5020,0.87,Bear_Cr_SuFa,5020,0.05,Soos_H,5020,0.04,Cedar_R_SuFa,5020,0.02,NF_Skokomish_F,5005,0.02
Area126 (12) troll 116 166,,McKenzie_H,5029,0.96,N_Santiam_H,5029,0.04,,,,,,,,,
Area126 (12) troll 116 167,,Clear_Cr_H,5020,0.51,NF_Skokomish_F,5005,0.26,Bear_Cr_SuFa,5020,0.06,Soos_H,5020,0.06,Hamma_Hamma_R,5005,0.05
Area126 (12) troll 116 168,,Hanford_Reach,5026,0.39,Wenatchee_R_SF,5026,0.38,Priest_Rapid_H,5026,0.07,Wells_H,5026,0.06,Umpqua_H,5011,0.03
Area126 (12) troll 116 169,,Spring_Cr_col,5030,0.90,Abernathy_NFH_F,5008,0.08,Big_Cr_H_Col,5030,0.01,Abernathy_Cr_Fa,5008,0.01,Elochoman_H,5030,0.00
Area126 (12) troll 116 17,,Priest_Rapid_H,5026,0.68,Hanford_Reach,5026,0.24,Umatilla_H_Fa,5026,0.06,N_Santiam_H,5029,0.01,Nez_PerceT_H,5021,0.00
Area126 (12) troll 116 170,,Priest_Rapid_H,5026,0.75,Hanford_Reach,5026,0.22,Harrison,3,0.01,Umpqua_H,5011,0.00,L_Wh_Sal_H_SF,5026,0.00
Area126 (12) troll 116 171,,Clear_Cr_H,5020,0.88,NF_Skokomish_F,5005,0.05,Soos_H,5020,0.03,Harrison,3,0.02,George_Adams_H,5005,0.00
Area126 (12) troll 116 172,,Wenatchee_R_SF,5026,0.67,Priest_Rapid_H,5026,0.32,Wells_H,5026,0.00,Hanford_Reach,5026,0.00,Nez_PerceT_H,5021,0.00
Area126 (12) troll 116 173,,Bear_Cr_SuFa,5020,0.64,Cedar_R_SuFa,5020,0.16,NF_Skokomish_F,5005,0.10,Clear_Cr_H,5020,0.06,Hamma_Hamma_R,5005,0.02
Area126 (12) troll 116 174,,Cowlitz_H_fa,5008,0.18,Abernathy_Cr_Fa,5008,0.16,Lewis_R_Su,5008,0.15,Washougal_R_Fa,5008,0.11,Coweeman_R_Fa,5008,0.10
Area126 (12) troll 116 175,,Hanford_Reach,5026,0.97,Nez_PerceT_H,5021,0.02,Priest_Rapid_H,5026,0.01,Wenatchee_R_SF,5026,0.00,Umpqua_H,5011,0.00
Area126 (12) troll 116 176,,Sol_Duc_H,5028,0.99,Queets_R,5028,0.01,Kilchis_R,5015,0.00,Abernathy_Cr_Fa,5008,0.00,Cowlitz_H_fa,5008,0.00
Area126 (12) troll 116 177,,Spring_Cr_col,5030,0.55,Abernathy_NFH_F,5008,0.32,Elochoman_H,5030,0.05,Abernathy_Cr_Fa,5008,0.04,Big_Cr_H_Col,5030,0.03
Area126 (12) troll 116 178,,McKenzie_H,5029,0.88,N_Santiam_H,5029,0.12,,,,,,,,,
Area126 (12) troll 116 179,,Hanford_Reach,5026,0.31,Nez_PerceT_H,5021,0.28,L_Wh_Sal_H_SF,5026,0.23,Priest_Rapid_H,5026,0.13,Umatilla_H_Fa,5026,0.04
Area126 (12) troll 116 18,,Salmon_R_f,5015,0.88,Kilchis_R,5015,0.07,Trask_R,5015,0.02,Wilson_R,5015,0.01,Alsea_R,5015,0.01
Area126 (12) troll 116 180,,Clear_Cr_H,5020,0.66,Cedar_R_SuFa,5020,0.16,NF_Skokomish_F,5005,0.11,Bear_Cr_SuFa,5020,0.04,Soos_H,5020,0.01
Area126 (12) troll 116 181,,Cowlitz_H_fa,5008,0.50,McKenzie_H,5029,0.27,Lewis_R_f,5008,0.14,N_Santiam_H,5029,0.04,Priest_Rapid_H,5026,0.02
Area126 (12) troll 116 182,,Millicoma_R,5011,0.97,S_Umpqua_H,5011,0.03,U_Sauk_R_SpSu,5016,0.00,Salmon_R_f,5015,0.00,Kitimat,10,0.00
Area126 (12) troll 116 183,,Clear_Cr_H,5020,0.64,Bear_Cr_SuFa,5020,0.17,Big_Qualicum,7,0.07,Cedar_R_SuFa,5020,0.04,NF_Skokomish_F,5005,0.04
Area126 (12) troll 116 184,,Clear_Cr_H,5020,0.65,NF_Skokomish_F,5005,0.23,Hamma_Hamma_R,5005,0.04,Soos_H,5020,0.04,Bear_Cr_SuFa,5020,0.02
Area126 (12) troll 116 185,,Spring_Cr_col,5030,0.83,Elochoman_H,5030,0.08,Abernathy_NFH_F,5008,0.07,Cowlitz_H_fa,5008,0.01,Big_Cr_H_Col,5030,0.00
Area126 (12) troll 116 186,,McKenzie_H,5029,0.95,N_Santiam_H,5029,0.03,Umpqua_H,5011,0.01,Nez_PerceT_H,5021,0.00,S_Umpqua_H,5011,0.00
Area126 (12) troll 116 187,,Wenatchee_R_SF,5026,0.75,Priest_Rapid_H,5026,0.11,Wells_H,5026,0.05,Methow_R,5026,0.04,Little_R,5,0.04
Area126 (12) troll 116 188,,N_Santiam_H,5029,0.61,McKenzie_H,5029,0.39,Green_R_Fa,5008,0.00,Cowlitz_H_fa,5008,0.00,,,
Area126 (12) troll 116 189,,Clear_Cr_H,5020,0.79,NF_Skokomish_F,5005,0.14,Soos_H,5020,0.02,Bear_Cr_SuFa,5020,0.02,George_Adams_H,5005,0.01
Area126 (12) troll 116 19,,McKenzie_H,5029,0.83,N_Santiam_H,5029,0.17,Kalama_H_sp,5009,0.00,L_Wh_Sal_H_SF,5026,0.00,Umatilla_H_Fa,5026,0.00
Area126 (12) troll 116 190,,Bear_Cr_SuFa,5020,0.41,Clear_Cr_H,5020,0.33,Hamma_Hamma_R,5005,0.10,Soos_H,5020,0.08,Cedar_R_SuFa,5020,0.04
Area126 (12) troll 116 20,,Queets_R,5028,0.87,U_Sauk_R_SpSu,5016,0.05,Quilayute_R,5028,0.02,Humptulips_H,5028,0.01,Millicoma_R,5011,0.01
Area126 (12) troll 116 21,,Hanford_Reach,5026,0.98,Nez_PerceT_H,5021,0.02,Lyons_Ferry_H,5021,0.00,Umatilla_H,5026,0.00,Priest_Rapid_H,5026,0.00
Area126 (12) troll 116 22,,S_Umpqua_H,5011,0.79,Umpqua_H,5011,0.18,Cole_Rivers_H,5019,0.02,Columbia_Rogue,5019,0.01,Forks_Cr_H,5028,0.00
Area126 (12) troll 116 23,,Wenatchee_R_SF,5026,0.56,Cowlitz_H_fa,5008,0.13,Hanford_Reach,5026,0.07,Priest_Rapid_H,5026,0.06,Wells_H,5026,0.05
Area126 (12) troll 116 24,,Spring_Cr_col,5030,0.43,Elochoman_H,5030,0.29,Abernathy_NFH_F,5008,0.13,Cowlitz_H_fa,5008,0.08,Abernathy_Cr_Fa,5008,0.05
Area126 (12) troll 116 25,,Little_R,5,0.98,Hanford_Reach,5026,0.01,Wells_H,5026,0.00,Priest_Rapid_H,5026,0.00,Wenatchee_R_SF,5026,0.00
Area126 (12) troll 116 26,,Lewis_R_f,5008,0.26,Abernathy_Cr_Fa,5008,0.25,Lewis_R_Su,5008,0.12,Cowlitz_H_fa,5008,0.12,Washougal_R_Fa,5008,0.08
Area126 (12) troll 116 27,,Hanford_Reach,5026,0.94,Nez_PerceT_H,5021,0.02,Wenatchee_R_SF,5026,0.01,Priest_Rapid_H,5026,0.01,Feather_H_fa,5001,0.01
Area126 (12) troll 116 28,,McKenzie_H,5029,0.34,Wenatchee_R_SF,5026,0.17,Hanford_Reach,5026,0.16,Nez_PerceT_H,5021,0.12,Wells_H,5026,0.12
Area126 (12) troll 116 29,,U_Sauk_R_SpSu,5016,0.93,Skagit_R,5016,0.03,L_Skagit_R_Fa,5016,0.03,Harrison,3,0.01,Hanford_Reach,5026,0.00
Area126 (12) troll 116 30,,Little_R,5,0.90,L_Thompson,5,0.08,South_Thom,5,0.01,Harrison,3,0.00,Wenatchee_R_SF,5026,0.00
Area126 (12) troll 116 31,,Forks_Cr_H,5028,0.74,Salmon_R_f,5015,0.24,Humptulips_H,5028,0.01,S_Umpqua_H,5011,0.01,Trask_R,5015,0.00
Area126 (12) troll 116 32,,Priest_Rapid_H,5026,0.49,Hanford_Reach,5026,0.40,Priest_Rapids_H,5026,0.06,Umatilla_H,5026,0.02,Nez_PerceT_H,5021,0.01
Area126 (12) troll 116 33,,Priest_Rapid_H,5026,0.66,Hanford_Reach,5026,0.28,Umatilla_H_Fa,5026,0.03,Wenatchee_R_SF,5026,0.02,L_Wh_Sal_H_SF,5026,0.00
Area126 (12) troll 116 34,,Queets_R,5028,0.80,Quilayute_R,5028,0.14,U_Sauk_R_SpSu,5016,0.02,Forks_Cr_H,5028,0.01,Salmon_R_f,5015,0.01
Area126 (12) troll 116 35,,Hanford_Reach,5026,0.53,Priest_Rapid_H,5026,0.26,Priest_Rapids_H,5026,0.18,Umatilla_H,5026,0.01,Umatilla_H_Fa,5026,0.01
Area126 (12) troll 116 36,,Feather_H_fa,5001,0.87,Feather_H_sp,5002,0.12,Stanislaus_R,5001,0.01,Hanford_Reach,5026,0.00,Klickitat_R_sp,5010,0.00
Area126 (12) troll 116 37,,Hanford_Reach,5026,0.43,Priest_Rapid_H,5026,0.32,Umatilla_H_Fa,5026,0.10,Wenatchee_R_SF,5026,0.10,Wells_H,5026,0.04
Area126 (12) troll 116 38,,Priest_Rapid_H,5026,0.78,Hanford_Reach,5026,0.06,Lewis_R_LSu,5008,0.05,Nez_PerceT_H,5021,0.04,Umatilla_H,5026,0.02
Area126 (12) troll 116 39,,Priest_Rapid_H,5026,0.57,Hanford_Reach,5026,0.36,Wenatchee_R_SF,5026,0.04,Nez_PerceT_H,5021,0.01,Little_R,5,0.01
Area126 (12) troll 116 40,,Harrison,3,0.94,Chilliwack_F,3,0.03,Skagit_R,5016,0.01,Chilliwac@Stav,3,0.00,Lewis_R_f,5008,0.00
Area126 (12) troll 116 41,,Salmon_R_f,5015,0.89,Nestucca_H,5015,0.05,Trask_R,5015,0.03,Wilson_R,5015,0.02,Kilchis_R,5015,0.01
Area126 (12) troll 116 42,,Wenatchee_R_SF,5026,0.58,Hanford_Reach,5026,0.12,Nez_PerceT_H,5021,0.12,Priest_Rapid_H,5026,0.11,Wells_H,5026,0.05
Area126 (12) troll 116 43,,Priest_Rapid_H,5026,0.52,Hanford_Reach,5026,0.37,Umatilla_H_Fa,5026,0.04,Wenatchee_R_SF,5026,0.03,Umatilla_H,5026,0.03
Area126 (12) troll 116 44,,Salmon_R_f,5015,0.93,Kilchis_R,5015,0.06,Nestucca_H,5015,0.00,Humptulips_H,5028,0.00,Trask_R,5015,0.00
Area126 (12) troll 116 45,,Millicoma_R,5011,0.43,Little_R,5,0.19,U_Sauk_R_SpSu,5016,0.16,NanaimoSu_BackX,7,0.06,L_Thompson,5,0.04
Area126 (12) troll 116 46,,Hanford_Reach,5026,0.75,Priest_Rapids_H,5026,0.11,Nez_PerceT_H,5021,0.05,Priest_Rapid_H,5026,0.04,Wells_H,5026,0.04
Area126 (12) troll 116 47,,Priest_Rapid_H,5026,0.25,Harrison,3,0.22,Hanford_Reach,5026,0.21,Lewis_R_Su,5008,0.12,Nez_PerceT_H,5021,0.06
Area126 (12) troll 116 48,,Cowichan,7,0.49,Big_Qualicum,7,0.44,Bear_Cr_SuFa,5020,0.04,Puntledge_F,7,0.01,Nanaimo_F,7,0.01
Area126 (12) troll 116 49,,Hanford_Reach,5026,0.72,Priest_Rapid_H,5026,0.24,Umatilla_H_Fa,5026,0.02,Nez_PerceT_H,5021,0.02,Wells_H,5026,0.00
Area126 (12) troll 116 50,,Queets_R,5028,0.76,S_Umpqua_H,5011,0.10,Salmon_R_f,5015,0.08,Abernathy_Cr_Fa,5008,0.01,McKenzie_H,5029,0.01
Area126 (12) troll 116 504,,Hanford_Reach,5026,0.64,Nez_PerceT_H,5021,0.34,Lyons_Ferry_H,5021,0.00,Harrison,3,0.00,L_Wh_Sal_H_SF,5026,0.00
Area126 (12) troll 116 505,,Umpqua_H,5011,0.73,McKenzie_H,5029,0.12,Hanford_Reach,5026,0.05,Lewis_R_f,5008,0.04,Washougal_R_Fa,5008,0.01
Area126 (12) troll 116 506,,Abernathy_Cr_Fa,5008,0.37,Cowlitz_H_fa,5008,0.26,Elochoman_H,5030,0.21,Lewis_R_Su,5008,0.06,Lewis_R_f,5008,0.05
Area126 (12) troll 116 507,,Hanford_Reach,5026,0.49,Wenatchee_R_SF,5026,0.19,Wells_H,5026,0.18,Umatilla_H_Fa,5026,0.08,Priest_Rapids_H,5026,0.04
Area126 (12) troll 116 508,,Clear_Cr_H,5020,0.73,Bear_Cr_SuFa,5020,0.10,NF_Skokomish_F,5005,0.08,Hamma_Hamma_R,5005,0.05,Soos_H,5020,0.02
Area126 (12) troll 116 509,,NF_Skokomish_F,5005,0.57,Cedar_R_SuFa,5020,0.17,Bear_Cr_SuFa,5020,0.17,Clear_Cr_H,5020,0.03,Soos_H,5020,0.01
Area126 (12) troll 116 51,,Lewis_R_f,5008,0.78,Lewis_R_Su,5008,0.09,Cowlitz_H_fa,5008,0.04,Nez_PerceT_H,5021,0.03,Hanford_Reach,5026,0.03
Area126 (12) troll 116 510,,Abernathy_Cr_Fa,5008,0.37,Lewis_R_f,5008,0.34,Cowlitz_H_fa,5008,0.23,Lewis_R_Su,5008,0.02,Washougal_R_Fa,5008,0.02
Area126 (12) troll 116 511,,Harrison,3,0.25,Chilliwack_F,3,0.16,Priest_Rapid_H,5026,0.15,Hanford_Reach,5026,0.14,Feather_H_fa,5001,0.07
Area126 (12) troll 116 512,,Clear_Cr_H,5020,0.89,Soos_H,5020,0.06,Hamma_Hamma_R,5005,0.03,Bear_Cr_SuFa,5020,0.02,Voights_H,5020,0.00
Area126 (12) troll 116 513,,Clear_Cr_H,5020,0.29,Hanford_Reach,5026,0.27,Bear_Cr_SuFa,5020,0.12,NF_Skokomish_F,5005,0.12,Big_Qualicum,7,0.06
Area126 (12) troll 116 514,,Abernathy_Cr_Fa,5008,0.34,Lewis_R_f,5008,0.28,Washougal_R_Fa,5008,0.23,Cowlitz_H_fa,5008,0.05,Lewis_R_Su,5008,0.04
Area126 (12) troll 116 515,,Spring_Cr_col,5030,0.29,Hanford_Reach,5026,0.24,Priest_Rapid_H,5026,0.15,Abernathy_Cr_Fa,5008,0.09,Abernathy_NFH_F,5008,0.09
Area126 (12) troll 116 516,,NF_Skokomish_F,5005,0.64,Clear_Cr_H,5020,0.20,Bear_Cr_SuFa,5020,0.07,Cedar_R_SuFa,5020,0.03,Hamma_Hamma_R,5005,0.03
Area126 (12) troll 116 52,,U_Sauk_R_SpSu,5016,0.57,NF_Skokomish_F,5005,0.24,Umpqua_H,5011,0.04,Queets_R,5028,0.03,Clear_Cr_H,5020,0.02
Area126 (12) troll 116 53,,Priest_Rapid_H,5026,0.53,Hanford_Reach,5026,0.37,Priest_Rapids_H,5026,0.03,Wenatchee_R_SF,5026,0.03,Umatilla_H_Fa,5026,0.03
Area126 (12) troll 116 54,,Hanford_Reach,5026,0.50,Feather_H_fa,5001,0.29,Priest_Rapid_H,5026,0.13,Nez_PerceT_H,5021,0.03,Wells_H,5026,0.02
Area126 (12) troll 116 55,,Priest_Rapid_H,5026,0.46,Hanford_Reach,5026,0.46,Priest_Rapids_H,5026,0.03,Umatilla_H_Fa,5026,0.02,Umatilla_H,5026,0.01
Area126 (12) troll 116 56,,Nez_PerceT_H,5021,0.40,Lewis_R_f,5008,0.25,Hanford_Reach,5026,0.17,Lewis_R_Su,5008,0.14,Cowlitz_H_fa,5008,0.03
Area126 (12) troll 116 57,,Bowron,1,0.76,Bridge,2,0.15,Salmon@PG,1,0.04,Holmes,1,0.04,Fontoniko,1,0.01
Area126 (12) troll 116 58,,Little_R,5,0.93,L_Thompson,5,0.06,Bessette,5,0.00,Horsefly,2,0.00,Wenatchee_R_SF,5026,0.00
Area126 (12) troll 116 59,,Harrison,3,0.99,Chilliwack_F,3,0.00,Chilliwac@Stav,3,0.00,Nez_PerceT_H,5021,0.00,Hanford_Reach,5026,0.00
Area126 (12) troll 116 60,,Abernathy_Cr_Fa,5008,0.25,Lewis_R_Su,5008,0.25,Spring_Cr_col,5030,0.17,Lewis_R_f,5008,0.08,Sol_Duc_H,5028,0.07
Area126 (12) troll 116 61,,Hanford_Reach,5026,0.53,Priest_Rapid_H,5026,0.15,Nez_PerceT_H,5021,0.10,Wells_H,5026,0.10,Wenatchee_R_SF,5026,0.08
Area126 (12) troll 116 62,,Clear_Cr_H,5020,0.52,NF_Skokomish_F,5005,0.41,Bear_Cr_SuFa,5020,0.02,Cedar_R_SuFa,5020,0.01,George_Adams_H,5005,0.01
Area126 (12) troll 116 63,,Wenatchee_R_SF,5026,0.47,Hanford_Reach,5026,0.30,Priest_Rapid_H,5026,0.20,Umatilla_H_Fa,5026,0.02,Wells_H,5026,0.01
Area126 (12) troll 116 64,,Nez_PerceT_H,5021,0.65,Wenatchee_R_SF,5026,0.31,Hanford_Reach,5026,0.02,Priest_Rapid_H,5026,0.01,Priest_Rapids_H,5026,0.01
Area126 (12) troll 116 65,,Millicoma_R,5011,0.73,Kilchis_R,5015,0.14,Salmon_R_f,5015,0.07,Wilson_R,5015,0.03,Trask_R,5015,0.01
Area126 (12) troll 116 66,,Priest_Rapids_H,5026,0.27,Umpqua_H,5011,0.27,Nez_PerceT_H,5021,0.16,L_Wh_Sal_H_SF,5026,0.08,Hanford_Reach,5026,0.07
Area126 (12) troll 116 67,,Salmon_R_f,5015,0.75,Forks_Cr_H,5028,0.17,Nestucca_H,5015,0.05,Trask_R,5015,0.03,Humptulips_H,5028,0.00
Area126 (12) troll 116 68,,Priest_Rapid_H,5026,0.82,Umatilla_H_Fa,5026,0.08,Hanford_Reach,5026,0.08,Wells_H,5026,0.01,Wenatchee_R_SF,5026,0.01
Area126 (12) troll 116 69,,Hanford_Reach,5026,0.64,Nez_PerceT_H,5021,0.15,U_Deschutes_R,5004,0.12,Priest_Rapid_H,5026,0.07,L_Wh_Sal_H_SF,5026,0.02
Area126 (12) troll 116 70,,Wenatchee_R_SF,5026,0.49,Priest_Rapid_H,5026,0.33,Wells_H,5026,0.09,Hanford_Reach,5026,0.08,Methow_R,5026,0.01
Area126 (12) troll 116 71,,Hanford_Reach,5026,0.79,Priest_Rapid_H,5026,0.20,Priest_Rapids_H,5026,0.00,Wenatchee_R_SF,5026,0.00,Wells_H,5026,0.00
Area126 (12) troll 116 72,,S_Umpqua_H,5011,0.44,Hanford_Reach,5026,0.15,Lewis_R_f,5008,0.13,Lewis_R_Su,5008,0.09,Lewis_R_LSu,5008,0.06
Area126 (12) troll 116 73,,Priest_Rapid_H,5026,0.66,Hanford_Reach,5026,0.28,Priest_Rapids_H,5026,0.02,Umatilla_H_Fa,5026,0.02,L_Wh_Sal_H_SF,5026,0.01
Area126 (12) troll 116 74,,Hanford_Reach,5026,0.60,Umatilla_H_Fa,5026,0.13,Nez_PerceT_H,5021,0.10,Priest_Rapids_H,5026,0.06,Wells_H,5026,0.04
Area126 (12) troll 116 75,,Priest_Rapid_H,5026,0.90,Umatilla_H_Fa,5026,0.08,Nez_PerceT_H,5021,0.01,Methow_R,5026,0.00,Hanford_Reach,5026,0.00
Area126 (12) troll 116 76,,Priest_Rapid_H,5026,0.97,Hanford_Reach,5026,0.03,Umatilla_H,5026,0.00,Nez_PerceT_H,5021,0.00,Umatilla_H_Fa,5026,0.00
Area126 (12) troll 116 77,,Salmon_R_f,5015,0.92,Queets_R,5028,0.05,Kilchis_R,5015,0.01,Humptulips_H,5028,0.00,Forks_Cr_H,5028,0.00
Area126 (12) troll 116 78,,Priest_Rapid_H,5026,0.85,Hanford_Reach,5026,0.13,U_Sauk_R_SpSu,5016,0.01,Umatilla_H,5026,0.00,Umatilla_H_Fa,5026,0.00
Area126 (12) troll 116 79,,Little_R,5,0.68,Hanford_Reach,5026,0.14,L_Thompson,5,0.09,Millicoma_R,5011,0.05,Priest_Rapid_H,5026,0.02
Area126 (12) troll 116 80,,Lewis_R_f,5008,0.78,Lewis_R_Su,5008,0.12,Lewis_R_LSu,5008,0.06,Cowlitz_H_fa,5008,0.03,Coweeman_R_Fa,5008,0.01
Area126 (12) troll 116 81,,Priest_Rapid_H,5026,0.55,Hanford_Reach,5026,0.27,Wenatchee_R_SF,5026,0.07,L_Wh_Sal_H_SF,5026,0.05,Wells_H,5026,0.04
Area126 (12) troll 116 82,,McKenzie_H,5029,0.90,N_Santiam_H,5029,0.10,,,,,,,,,
Area126 (12) troll 116 83,,Priest_Rapid_H,5026,0.91,L_Wh_Sal_H_SF,5026,0.04,Hanford_Reach,5026,0.03,Wells_H,5026,0.01,Wenatchee_R_SF,5026,0.00
Area126 (12) troll 116 84,,Hanford_Reach,5026,0.71,Priest_Rapid_H,5026,0.12,Wenatchee_R_SF,5026,0.07,L_Wh_Sal_H_SF,5026,0.06,Umatilla_H_Fa,5026,0.01
Area126 (12) troll 116 85,,McKenzie_H,5029,0.98,Cowlitz_H_fa,5008,0.01,N_Santiam_H,5029,0.01,Lewis_R_f,5008,0.00,,,
Area126 (12) troll 116 86,,Priest_Rapid_H,5026,0.48,Hanford_Reach,5026,0.38,L_Wh_Sal_H_SF,5026,0.07,Wenatchee_R_SF,5026,0.02,Nez_PerceT_H,5021,0.02
Area126 (12) troll 116 87,,Clear_Cr_H,5020,0.55,NF_Skokomish_F,5005,0.30,Hamma_Hamma_R,5005,0.08,Bear_Cr_SuFa,5020,0.04,Soos_H,5020,0.01
Area126 (12) troll 116 88,,Hanford_Reach,5026,0.67,Nez_PerceT_H,5021,0.11,Priest_Rapid_H,5026,0.09,Wenatchee_R_SF,5026,0.08,Wells_H,5026,0.02
Area126 (12) troll 116 89,,Hanford_Reach,5026,0.79,Priest_Rapid_H,5026,0.09,Umatilla_H,5026,0.05,Nez_PerceT_H,5021,0.03,L_Wh_Sal_H_SF,5026,0.02
Area126 (12) troll 116 90,,Harrison,3,0.99,Chilliwac@Stav,3,0.00,Cowlitz_H_fa,5008,0.00,U_Atnarko,10,0.00,L_Qualicum,7,0.00
Area126 (12) troll 116 91,,U_Sauk_R_SpSu,5016,0.84,Skagit_R,5016,0.12,Harrison,3,0.03,NanaimoSu_BackX,7,0.01,Kitsumkalum_R,23,0.00
Area126 (12) troll 116 92,,Priest_Rapid_H,5026,0.60,Nez_PerceT_H,5021,0.28,Lyons_Ferry_H,5021,0.07,Umatilla_H,5026,0.03,Hanford_Reach,5026,0.01
Area126 (12) troll 116 93,,Little_R,5,0.97,L_Thompson,5,0.02,Bessette,5,0.00,South_Thom,5,0.00,Kitsumkalum_R,23,0.00
Area126 (12) troll 116 94,,Hanford_Reach,5026,0.88,Wenatchee_R_SF,5026,0.05,Priest_Rapid_H,5026,0.03,Umatilla_H_Fa,5026,0.02,Priest_Rapids_H,5026,0.01
Area126 (12) troll 116 95,,Lewis_R_f,5008,0.27,Abernathy_NFH_F,5008,0.14,Abernathy_Cr_Fa,5008,0.14,Cowlitz_H_fa,5008,0.12,Coweeman_R_Fa,5008,0.08
Area126 (12) troll 116 96,,S_Umpqua_H,5011,0.87,Lewis_R_f,5008,0.07,Umatilla_H,5026,0.02,L_Wh_Sal_H_SF,5026,0.01,Sandy_R,5008,0.01
Area126 (12) troll 116 97,,Cowlitz_H_fa,5008,0.37,Lewis_R_f,5008,0.34,Lewis_R_Su,5008,0.27,Lewis_R_LSu,5008,0.01,Nez_PerceT_H,5021,0.01
Area126 (12) troll 116 98,,Harrison,3,0.57,Priest_Rapid_H,5026,0.19,Chilliwack_F,3,0.09,Hanford_Reach,5026,0.05,Forks_Cr_H,5028,0.04
Area126 (12) troll 116 99,,Hanford_Reach,5026,0.52,Priest_Rapid_H,5026,0.36,Nez_PerceT_H,5021,0.06,Lewis_R_f,5008,0.03,L_Wh_Sal_H_SF,5026,0.01
Area126 (12) troll 117 86,,Priest_Rapid_H,5026,0.30,Hanford_Reach,5026,0.25,Nez_PerceT_H,5021,0.20,Wells_H,5026,0.08,Wenatchee_R_SF,5026,0.08
Area126 (12) troll 118 87,,Priest_Rapid_H,5026,0.81,Wenatchee_R_SF,5026,0.07,Hanford_Reach,5026,0.06,Wells_H,5026,0.03,Umatilla_H,5026,0.02
Area126 (12) troll 119 88,,Feather_H_fa,5001,0.35,S_Umpqua_H,5011,0.33,Umpqua_H,5011,0.07,Hanford_Reach,5026,0.06,Priest_Rapid_H,5026,0.06
Area126 (12) troll 120 89,,Lewis_R_f,5008,0.25,Cowlitz_H_fa,5008,0.24,Abernathy_NFH_F,5008,0.19,Abernathy_Cr_Fa,5008,0.13,Coweeman_R_Fa,5008,0.09
Area126 (12) troll 121 90,,Priest_Rapid_H,5026,0.59,Wenatchee_R_SF,5026,0.17,Wells_H,5026,0.09,Hanford_Reach,5026,0.08,Priest_Rapids_H,5026,0.04
Area126 (12) troll 122 91,,Abernathy_Cr_Fa,5008,0.44,McKenzie_H,5029,0.19,Spring_Cr_col,5030,0.09,Umatilla_H_Fa,5026,0.04,Washougal_R_Fa,5008,0.04
Area126 (12) troll 123 92,,Spring_Cr_col,5030,1.00,,,,,,,,,,,,
Area126 (12) troll 124 93,,McKenzie_H,5029,0.58,N_Santiam_H,5029,0.42,,,,,,,,,
Area126 (12) troll 125 94,,Cowlitz_H_fa,5008,0.34,Priest_Rapid_H,5026,0.18,Abernathy_Cr_Fa,5008,0.10,Washougal_R_Fa,5008,0.09,Elochoman_H,5030,0.09
Area126 (12) troll 126 517,,Hanford_Reach,5026,0.48,Priest_Rapid_H,5026,0.46,Nez_PerceT_H,5021,0.05,Priest_Rapids_H,5026,0.00,Umatilla_H_Fa,5026,0.00
Area126 (12) troll 126 518,,Wenatchee_R_SF,5026,0.44,Priest_Rapid_H,5026,0.38,Hanford_Reach,5026,0.11,Wells_H,5026,0.06,Nez_PerceT_H,5021,0.00
Area126 (12) troll 126 519,,U_Deschutes_R,5004,0.27,Nez_PerceT_H,5021,0.27,Hanford_Reach,5026,0.22,Priest_Rapid_H,5026,0.20,L_Deschutes_R,5004,0.02
Area126 (12) troll 126 520,,Little_R,5,0.99,L_Thompson,5,0.01,M_Shuswap,5,0.00,NF_Nooksack_H,5016,0.00,,,
Area126 (12) troll 126 521,,Clear_Cr_H,5020,0.53,Bear_Cr_SuFa,5020,0.31,Cedar_R_SuFa,5020,0.06,Hamma_Hamma_R,5005,0.04,Soos_H,5020,0.03
Area126 (12) troll 126 522,,NF_Skokomish_F,5005,0.57,Clear_Cr_H,5020,0.20,Hamma_Hamma_R,5005,0.11,Bear_Cr_SuFa,5020,0.05,George_Adams_H,5005,0.01
Area126 (12) troll 126 523,,Bowron,1,0.83,Salmon@PG,1,0.07,Holmes,1,0.06,Dome,1,0.03,Kuzkwa_Cr,2,0.00
Area126 (12) troll 126 524,,Big_Qualicum,7,0.49,Cowichan,7,0.46,Puntledge_F,7,0.04,Cheakamus_F,9,0.00,Puntledge_BackX,7,0.00
Area126 (12) troll 126 525,,Hanford_Reach,5026,0.53,Little_R,5,0.38,Wenatchee_R_SF,5026,0.04,Nez_PerceT_H,5021,0.02,Priest_Rapid_H,5026,0.02
Area126 (12) troll 126 526,,Hanford_Reach,5026,0.40,Priest_Rapid_H,5026,0.31,Nez_PerceT_H,5021,0.14,L_Wh_Sal_H_SF,5026,0.10,Wenatchee_R_SF,5026,0.04
Area126 (12) troll 126 527,,Gold_R,8,0.60,Bridge,2,0.13,Millicoma_R,5011,0.09,NanaimoSu_BackX,7,0.08,Robertson,8,0.03
Area126 (12) troll 126 528,,McKenzie_H,5029,0.56,N_Santiam_H,5029,0.44,Devereux,9,0.00,U_Dean,10,0.00,,,
Area126 (12) troll 126 529,,S_Umpqua_H,5011,0.77,Coweeman_R_Fa,5008,0.05,Lewis_R_Su,5008,0.04,Lewis_R_f,5008,0.02,Nez_PerceT_H,5021,0.02
Area126 (12) troll 126 530,,McKenzie_H,5029,1.00,N_Santiam_H,5029,0.00,,,,,,,,,
Area126 (12) troll 126 531,,Priest_Rapid_H,5026,0.77,Hanford_Reach,5026,0.16,Wenatchee_R_SF,5026,0.06,Priest_Rapids_H,5026,0.00,Feather_H_fa,5001,0.00
Area126 (12) troll 126 532,,Lewis_R_f,5008,0.91,Lewis_R_Su,5008,0.04,Lewis_R_LSu,5008,0.04,Cowlitz_H_fa,5008,0.01,Washougal_R_Fa,5008,0.00
Area126 (12) troll 126 533,,Priest_Rapid_H,5026,0.70,Umatilla_H_Fa,5026,0.18,Wells_H,5026,0.06,Nez_PerceT_H,5021,0.03,Hanford_Reach,5026,0.02
Area126 (12) troll 126 534,,Harrison,3,0.67,Umpqua_H,5011,0.22,Chilliwac@Stav,3,0.06,Chilliwack_F,3,0.03,S_Umpqua_H,5011,0.00
Area126 (12) troll 126 535,,Little_R,5,0.99,L_Thompson,5,0.01,L_Qualicum,7,0.00,Lewis_R_f,5008,0.00,Umatilla_H_Fa,5026,0.00
Area126 (12) troll 126 536,,Harrison,3,0.95,Chilliwac@Stav,3,0.04,Chilliwack_F,3,0.01,Cowichan,7,0.00,Millicoma_R,5011,0.00
Area126 (12) troll 126 537,,Harrison,3,0.55,U_Sauk_R_SpSu,5016,0.21,Chilliwac@Stav,3,0.04,Skagit_R,5016,0.03,Ashlulm,10,0.03
Area126 (12) troll 126 538,,Umpqua_H,5011,0.46,Cowlitz_H_fa,5008,0.16,Priest_Rapid_H,5026,0.14,Hanford_Reach,5026,0.05,Elk_H,5011,0.03
Area126 (12) troll 126 539,,Big_Qualicum,7,0.49,Cowichan,7,0.44,Harrison,3,0.06,Puntledge_F,7,0.02,L_Qualicum,7,0.00
Area126 (12) troll 126 540,,Priest_Rapid_H,5026,0.81,Hanford_Reach,5026,0.16,Umatilla_H,5026,0.02,Nez_PerceT_H,5021,0.01,Wells_H,5026,0.00
Area126 (12) troll 126 541,,Priest_Rapid_H,5026,0.59,Hanford_Reach,5026,0.17,Nez_PerceT_H,5021,0.13,Umatilla_H_Fa,5026,0.09,Lewis_R_f,5008,0.01
Area126 (12) troll 126 542,,Spring_Cr_col,5030,0.79,Abernathy_Cr_Fa,5008,0.13,Elochoman_H,5030,0.03,Abernathy_NFH_F,5008,0.03,Cowlitz_H_fa,5008,0.01
Area126 (12) troll 126 543,,Forks_Cr_H,5028,0.99,Humptulips_H,5028,0.00,Salmon_R_f,5015,0.00,,,,,,
Area126 (12) troll 126 544,,Wenatchee_R_SF,5026,0.74,Wells_H,5026,0.13,Hanford_Reach,5026,0.08,Priest_Rapid_H,5026,0.05,Umatilla_H_Fa,5026,0.00
Area126 (12) troll 126 545,,Clear_Cr_H,5020,0.76,Bear_Cr_SuFa,5020,0.13,Soos_H,5020,0.05,Cedar_R_SuFa,5020,0.03,Grovers_Cr_H,5020,0.01
Area126 (12) troll 126 546,,Little_R,5,0.97,L_Thompson,5,0.02,South_Thom,5,0.01,Priest_Rapid_H,5026,0.00,Cowlitz_H_fa,5008,0.00
Area126 (12) troll 126 547,,Stuart,2,0.57,Bridge,2,0.15,NanaimoSu_BackX,7,0.09,Chilako,2,0.05,Horsefly,2,0.03
Area126 (12) troll 126 548,,Cowlitz_H_fa,5008,0.52,Washougal_R_Fa,5008,0.21,Abernathy_Cr_Fa,5008,0.15,Lewis_R_LSu,5008,0.04,Coweeman_R_Fa,5008,0.03
Area126 (12) troll 126 549,,Hanford_Reach,5026,0.54,Priest_Rapid_H,5026,0.23,Umatilla_H_Fa,5026,0.13,Nez_PerceT_H,5021,0.06,Priest_Rapids_H,5026,0.03
Area126 (12) troll 126 550,,Wenatchee_R_SF,5026,0.49,Priest_Rapid_H,5026,0.33,Hanford_Reach,5026,0.16,Wells_H,5026,0.00,Priest_Rapids_H,5026,0.00
Area126 (12) troll 126 628,,Gold_R,8,0.64,Robertson,8,0.26,Thornton,8,0.09,Zeballos,8,0.00,Big_Qualicum,7,0.00
Area126 (12) troll 126 629,,Big_Qualicum,7,0.47,Cowichan,7,0.47,L_Qualicum,7,0.04,Puntledge_F,7,0.02,Chemainus,7,0.00
Area126 (12) troll 126 630,,McKenzie_H,5029,1.00,N_Santiam_H,5029,0.00,,,,,,,,,
Area126 (12) troll 126 631,,S_Umpqua_H,5011,0.70,Salmon_R_f,5015,0.12,Humptulips_H,5028,0.09,Millicoma_R,5011,0.05,Umpqua_H,5011,0.01
Area126 (12) troll 126 632,,Hanford_Reach,5026,0.55,Nez_PerceT_H,5021,0.25,Wenatchee_R_SF,5026,0.10,Priest_Rapids_H,5026,0.04,Priest_Rapid_H,5026,0.03
Area126 (12) troll 126 633,,Hanford_Reach,5026,0.90,Nez_PerceT_H,5021,0.07,Priest_Rapid_H,5026,0.01,Umatilla_H,5026,0.01,Wenatchee_R_SF,5026,0.00
Area126 (12) troll 126 634,,Priest_Rapid_H,5026,0.47,Hanford_Reach,5026,0.36,Nez_PerceT_H,5021,0.05,Lewis_R_f,5008,0.04,L_Wh_Sal_H_SF,5026,0.04
Area126 (12) troll 126 635,,Harrison,3,0.91,Chilliwack_F,3,0.08,Chilliwac@Stav,3,0.01,NF_Skokomish_F,5005,0.00,U_Sauk_R_SpSu,5016,0.00
Area126 (12) troll 126 636,,Priest_Rapid_H,5026,0.34,Hanford_Reach,5026,0.26,Umatilla_H,5026,0.18,Priest_Rapids_H,5026,0.08,Wenatchee_R_SF,5026,0.07
Area126 (12) troll 126 637,,Little_R,5,0.95,Umatilla_H,5026,0.02,Priest_Rapid_H,5026,0.01,Hanford_Reach,5026,0.01,L_Wh_Sal_H_SF,5026,0.00
Area126 (12) troll 126 638,,Cowlitz_H_fa,5008,0.50,Lewis_R_f,5008,0.19,Lewis_R_Su,5008,0.10,Abernathy_Cr_Fa,5008,0.08,Lewis_R_LSu,5008,0.07
Area126 (12) troll 126 639,,Nez_PerceT_H,5021,0.50,Hanford_Reach,5026,0.20,Umatilla_H,5026,0.20,Wells_H,5026,0.04,Priest_Rapid_H,5026,0.03
Area126 (12) troll 126 640,,McKenzie_H,5029,0.90,N_Santiam_H,5029,0.10,Kalama_H_sp,5009,0.00,Umatilla_H_Fa,5026,0.00,Hanford_Reach,5026,0.00
Area126 (12) troll 126 641,,Priest_Rapid_H,5026,0.71,Hanford_Reach,5026,0.26,Umatilla_H_Fa,5026,0.02,Nez_PerceT_H,5021,0.00,L_Wh_Sal_H_SF,5026,0.00
Area126 (12) troll 126 642,,Salmon_R_f,5015,0.72,Kilchis_R,5015,0.24,Wilson_R,5015,0.02,Trask_R,5015,0.02,Forks_Cr_H,5028,0.00
Area126 (12) troll 126 643,,N_Santiam_H,5029,0.64,McKenzie_H,5029,0.36,Cowlitz_H_fa,5008,0.00,Washougal_R_Fa,5008,0.00,Abernathy_Cr_Fa,5008,0.00
Area126 (12) troll 126 644,,Nez_PerceT_H,5021,0.32,Umatilla_H_Fa,5026,0.20,Hanford_Reach,5026,0.19,Priest_Rapid_H,5026,0.13,Lyons_Ferry_H,5021,0.09
Area126 (12) troll 126 645,,McKenzie_H,5029,0.88,N_Santiam_H,5029,0.12,Lewis_H_sp,5009,0.00,,,,,,
Area126 (12) troll 126 646,Dupe with 343,Wenatchee_R_SF,5026,0.65,Wells_H,5026,0.19,Hanford_Reach,5026,0.09,Priest_Rapid_H,5026,0.06,Methow_R,5026,0.00
Area126 (12) troll 126 647,,Spring_Cr_col,5030,0.70,Abernathy_NFH_F,5008,0.29,Elochoman_H,5030,0.01,Abernathy_Cr_Fa,5008,0.00,Big_Cr_H_Col,5030,0.00
Area126 (12) troll 126 648,Dupe with 341,Wenatchee_R_SF,5026,0.65,Wells_H,5026,0.19,Hanford_Reach,5026,0.09,Priest_Rapid_H,5026,0.06,Methow_R,5026,0.00
Area126 (12) troll 126 649,,NF_Skokomish_F,5005,0.54,Hamma_Hamma_R,5005,0.14,Cowlitz_H_fa,5008,0.13,Abernathy_Cr_Fa,5008,0.03,Lewis_R_Su,5008,0.03
Area126 (12) troll 126 650,,Spring_Cr_col,5030,0.54,Abernathy_NFH_F,5008,0.35,Big_Cr_H_Col,5030,0.05,Elochoman_H,5030,0.03,Abernathy_Cr_Fa,5008,0.03
Area126 (12) troll 126 95,,McKenzie_H,5029,0.88,N_Santiam_H,5029,0.12,,,,,,,,,
Area126 (12) troll 127 551,,Cowlitz_H_fa,5008,0.71,Lewis_R_f,5008,0.16,Abernathy_Cr_Fa,5008,0.12,Elochoman_H,5030,0.00,Lewis_R_Su,5008,0.00
Area126 (12) troll 127 552,,McKenzie_H,5029,0.78,N_Santiam_H,5029,0.22,,,,,,,,,
Area126 (12) troll 127 553,,Wenatchee_R_SF,5026,0.62,Hanford_Reach,5026,0.26,Priest_Rapid_H,5026,0.09,Wells_H,5026,0.02,Priest_Rapids_H,5026,0.01
Area126 (12) troll 127 554,,Queets_R,5028,0.95,Quilayute_R,5028,0.03,L_Skagit_R_Fa,5016,0.01,Hoh_R,5028,0.00,Gold_R,8,0.00
Area126 (12) troll 127 555,,S_Umpqua_H,5011,0.56,Salmon_R_f,5015,0.30,Kilchis_R,5015,0.08,Wilson_R,5015,0.02,Nestucca_H,5015,0.02
Area126 (12) troll 127 556,,S_Umpqua_H,5011,0.50,Abernathy_Cr_Fa,5008,0.16,Cowlitz_H_fa,5008,0.08,Elochoman_H,5030,0.05,Lewis_R_f,5008,0.04
Area126 (12) troll 127 557,,Priest_Rapid_H,5026,0.84,Priest_Rapids_H,5026,0.05,Hanford_Reach,5026,0.04,Umatilla_H_Fa,5026,0.03,L_Wh_Sal_H_SF,5026,0.01
Area126 (12) troll 127 558,,Salmon_R_f,5015,0.97,S_Umpqua_H,5011,0.01,Nehalem_R,5015,0.01,Forks_Cr_H,5028,0.00,Necanicum_H,5015,0.00
Area126 (12) troll 127 559,,Priest_Rapid_H,5026,0.33,Nez_PerceT_H,5021,0.21,Umatilla_H,5026,0.11,Umatilla_H_Fa,5026,0.11,Hanford_Reach,5026,0.08
Area126 (12) troll 127 560,,Clear_Cr_H,5020,0.60,NF_Skokomish_F,5005,0.18,Hamma_Hamma_R,5005,0.13,Bear_Cr_SuFa,5020,0.06,Soos_H,5020,0.01
Area126 (12) troll 127 561,,Priest_Rapid_H,5026,0.84,Hanford_Reach,5026,0.14,Umatilla_H_Fa,5026,0.01,Nez_PerceT_H,5021,0.00,Wenatchee_R_SF,5026,0.00
Area126 (12) troll 127 562,,McKenzie_H,5029,0.74,N_Santiam_H,5029,0.26,Priest_Rapid_H,5026,0.00,,,,,,
Area126 (12) troll 127 563,,Sol_Duc_H,5028,1.00,Harrison,3,0.00,,,,,,,,,
Area126 (12) troll 127 564,,Cowlitz_H_fa,5008,0.39,Abernathy_Cr_Fa,5008,0.38,Elochoman_H,5030,0.07,Abernathy_NFH_F,5008,0.06,Lewis_R_Su,5008,0.04
Area126 (12) troll 127 565,,McKenzie_H,5029,1.00,N_Santiam_H,5029,0.00,,,,,,,,,
Area126 (12) troll 127 566,,Spring_Cr_col,5030,0.41,Cowlitz_H_fa,5008,0.24,Elochoman_H,5030,0.13,McKenzie_H,5029,0.10,Lewis_R_f,5008,0.04
Area126 (12) troll 127 567,,Priest_Rapid_H,5026,0.52,Hanford_Reach,5026,0.24,Umatilla_H,5026,0.13,Priest_Rapids_H,5026,0.05,Wells_H,5026,0.04
Area126 (12) troll 127 568,,Bear_Cr_SuFa,5020,0.76,Cedar_R_SuFa,5020,0.18,NF_Skokomish_F,5005,0.03,Soos_H,5020,0.02,Voights_H,5020,0.00
Area126 (12) troll 127 569,,Spring_Cr_col,5030,1.00,Abernathy_NFH_F,5008,0.00,Elochoman_H,5030,0.00,Abernathy_Cr_Fa,5008,0.00,,,
Area126 (12) troll 127 570,,Priest_Rapid_H,5026,0.92,Hanford_Reach,5026,0.05,Nez_PerceT_H,5021,0.02,Umatilla_H,5026,0.01,Priest_Rapids_H,5026,0.00
Area126 (12) troll 127 571,,NF_Nooksack_H,5016,1.00,Lewis_R_f,5008,0.00,Priest_Rapid_H,5026,0.00,Nez_PerceT_H,5021,0.00,Hanford_Reach,5026,0.00
Area126 (12) troll 127 572,,Priest_Rapid_H,5026,0.32,Hanford_Reach,5026,0.28,L_Wh_Sal_H_SF,5026,0.24,Nez_PerceT_H,5021,0.12,Umatilla_H_Fa,5026,0.01
Area126 (12) troll 127 573,,McKenzie_H,5029,0.53,N_Santiam_H,5029,0.47,,,,,,,,,
Area126 (12) troll 127 574,,Cowlitz_H_fa,5008,0.30,Abernathy_Cr_Fa,5008,0.26,Elochoman_H,5030,0.16,Lewis_R_f,5008,0.12,Lewis_R_Su,5008,0.07
Area126 (12) troll 127 575,,S_Umpqua_H,5011,0.34,Lewis_R_Su,5008,0.27,Washougal_R_Fa,5008,0.22,Umpqua_H,5011,0.12,Lewis_R_LSu,5008,0.02
Area126 (12) troll 127 576,,Spring_Cr_col,5030,0.97,Abernathy_NFH_F,5008,0.02,Big_Cr_H_Col,5030,0.00,Elochoman_H,5030,0.00,Abernathy_Cr_Fa,5008,0.00
Area126 (12) troll 127 577,,Wenatchee_R_SF,5026,0.37,Priest_Rapid_H,5026,0.30,Hanford_Reach,5026,0.18,Nez_PerceT_H,5021,0.07,Wells_H,5026,0.05
Area126 (12) troll 127 578,,Clear_Cr_H,5020,0.87,Bear_Cr_SuFa,5020,0.05,Soos_H,5020,0.05,NF_Skokomish_F,5005,0.01,Cedar_R_SuFa,5020,0.01
Area126 (12) troll 127 579,,Priest_Rapid_H,5026,0.69,Hanford_Reach,5026,0.20,Nez_PerceT_H,5021,0.06,Umatilla_H,5026,0.02,Priest_Rapids_H,5026,0.02
Area126 (12) troll 127 580,,Umpqua_H,5011,0.54,Forks_Cr_H,5028,0.16,S_Umpqua_H,5011,0.11,Queets_R,5028,0.10,Quilayute_R,5028,0.07
Area126 (12) troll 127 581,,Clear_Cr_H,5020,0.40,NF_Skokomish_F,5005,0.35,Bear_Cr_SuFa,5020,0.22,Hamma_Hamma_R,5005,0.01,Cedar_R_SuFa,5020,0.01
Area126 (12) troll 127 96,,Abernathy_Cr_Fa,5008,0.53,Cowlitz_H_fa,5008,0.24,Lewis_R_Su,5008,0.17,Lewis_R_f,5008,0.04,Washougal_R_Fa,5008,0.01
Area126 (12) troll 128 97,,Abernathy_NFH_F,5008,0.30,Elochoman_H,5030,0.24,Cowlitz_H_fa,5008,0.24,Abernathy_Cr_Fa,5008,0.11,Spring_Cr_col,5030,0.08
Area126 (12) troll 129 98,,McKenzie_H,5029,0.52,N_Santiam_H,5029,0.48,Hanford_Reach,5026,0.00,,,,,,
Area126 (12) troll 130 99,,Lewis_R_f,5008,0.38,Hanford_Reach,5026,0.30,Priest_Rapid_H,5026,0.12,Lewis_R_Su,5008,0.04,Umpqua_H,5011,0.04
Area126 (12) troll 131 100,,Marblemount_HSp,5016,0.48,Skagit_R,5016,0.34,U_Sauk_R_SpSu,5016,0.04,Little_R,5,0.04,Umatilla_H_Fa,5026,0.02
Area126 (12) troll 132 101,,Sol_Duc_H,5028,1.00,Hanford_Reach,5026,0.00,L_Wh_Sal_H_SF,5026,0.00,,,,,,
Area126 (12) troll 133 102,,Bear_Cr_SuFa,5020,0.69,L_Skagit_R_Fa,5016,0.06,Big_Qualicum,7,0.06,NF_Skokomish_F,5005,0.05,Sol_Duc_H,5028,0.04
Area126 (12) troll 134 103,,McKenzie_H,5029,0.92,Priest_Rapid_H,5026,0.06,Hanford_Reach,5026,0.01,N_Santiam_H,5029,0.00,Wenatchee_R_SF,5026,0.00
Area126 (12) troll 135 104,,Priest_Rapid_H,5026,0.64,Hanford_Reach,5026,0.34,Wenatchee_R_SF,5026,0.01,Priest_Rapids_H,5026,0.01,Methow_R,5026,0.00
Area126 (12) troll 135 582,,Hanford_Reach,5026,0.24,Wenatchee_R_SF,5026,0.23,Priest_Rapid_H,5026,0.22,Wells_H,5026,0.07,Nez_PerceT_H,5021,0.07
Area126 (12) troll 135 583,,Spring_Cr_col,5030,0.92,Abernathy_Cr_Fa,5008,0.04,Elochoman_H,5030,0.03,Big_Cr_H_Col,5030,0.00,Abernathy_NFH_F,5008,0.00
Area126 (12) troll 135 584,,McKenzie_H,5029,0.82,N_Santiam_H,5029,0.14,Hanford_Reach,5026,0.01,Priest_Rapid_H,5026,0.01,Wenatchee_R_SF,5026,0.01
Area126 (12) troll 135 585,,Clear_Cr_H,5020,0.60,NF_Skokomish_F,5005,0.23,Cedar_R_SuFa,5020,0.09,Bear_Cr_SuFa,5020,0.04,Soos_H,5020,0.02
Area126 (12) troll 135 586,,Priest_Rapid_H,5026,0.83,Nez_PerceT_H,5021,0.11,Hanford_Reach,5026,0.02,Cowlitz_H_fa,5008,0.01,Wells_H,5026,0.01
Area126 (12) troll 135 587,,Priest_Rapid_H,5026,0.86,Elk_H,5011,0.10,Umatilla_H_Fa,5026,0.02,Sixes_R,5011,0.01,Hanford_Reach,5026,0.00
Area126 (12) troll 135 588,,Wenatchee_R_SF,5026,0.56,Hanford_Reach,5026,0.20,Priest_Rapid_H,5026,0.13,Umatilla_H,5026,0.03,L_Wh_Sal_H_SF,5026,0.02
Area126 (12) troll 135 589,,Cowlitz_H_fa,5008,0.53,Abernathy_Cr_Fa,5008,0.22,Elochoman_H,5030,0.10,Lewis_R_f,5008,0.07,Washougal_R_Fa,5008,0.04
Area126 (12) troll 135 590,,McKenzie_H,5029,0.60,N_Santiam_H,5029,0.36,Washougal_R_Fa,5008,0.03,Abernathy_Cr_Fa,5008,0.01,Priest_Rapid_H,5026,0.00
Area126 (12) troll 135 591,,Spring_Cr_col,5030,0.86,Abernathy_NFH_F,5008,0.10,Abernathy_Cr_Fa,5008,0.02,Big_Cr_H_Col,5030,0.01,Cowlitz_H_fa,5008,0.01
Area126 (12) troll 135 592,,Millicoma_R,5011,0.98,S_Umpqua_H,5011,0.01,Coquille_R,5011,0.00,Sixes_R,5011,0.00,Salmon_R_f,5015,0.00
Area126 (12) troll 135 593,,Spring_Cr_col,5030,0.99,Abernathy_NFH_F,5008,0.00,Abernathy_Cr_Fa,5008,0.00,Cowlitz_H_fa,5008,0.00,Lewis_R_f,5008,0.00
Area126 (12) troll 135 594,,Salmon_R_f,5015,0.94,S_Umpqua_H,5011,0.05,Trask_R,5015,0.01,Wilson_R,5015,0.00,Queets_R,5028,0.00
Area126 (12) troll 135 595,,Lewis_R_f,5008,0.48,Abernathy_Cr_Fa,5008,0.29,Lewis_R_Su,5008,0.18,Cowlitz_H_fa,5008,0.03,Lewis_R_LSu,5008,0.01
Area126 (12) troll 135 596,,Priest_Rapid_H,5026,0.66,Hanford_Reach,5026,0.30,L_Wh_Sal_H_SF,5026,0.03,Umatilla_H_Fa,5026,0.01,Nez_PerceT_H,5021,0.01
Area126 (12) troll 135 597,,Harrison,3,0.55,Chilliwack_F,3,0.42,Chilliwac@Stav,3,0.02,Bear_Cr_SuFa,5020,0.00,Clear_Cr_H,5020,0.00
Area126 (12) troll 135 598,,Hanford_Reach,5026,0.59,Nez_PerceT_H,5021,0.23,Priest_Rapid_H,5026,0.16,Priest_Rapids_H,5026,0.01,N_Santiam_H,5029,0.01
Area126 (12) troll 135 599,,Salmon_R_f,5015,0.80,Forks_Cr_H,5028,0.07,Nestucca_H,5015,0.04,Queets_R,5028,0.03,Alsea_R,5015,0.02
Area126 (12) troll 135 600,,Cowichan,7,0.53,Big_Qualicum,7,0.43,L_Qualicum,7,0.03,Puntledge_F,7,0.01,Nanaimo_F,7,0.00
Area126 (12) troll 135 601,Dupe with 407,Cowichan,7,0.51,Big_Qualicum,7,0.47,Puntledge_F,7,0.01,Cheakamus_F,9,0.01,Nanaimo_F,7,0.00
Area126 (12) troll 135 602,,Little_R,5,0.94,L_Thompson,5,0.03,Priest_Rapid_H,5026,0.01,Hanford_Reach,5026,0.01,Nez_PerceT_H,5021,0.00
Area126 (12) troll 135 603,Dupe with 405,Cowichan,7,0.51,Big_Qualicum,7,0.47,Puntledge_F,7,0.01,Cheakamus_F,9,0.01,Nanaimo_F,7,0.00
Area126 (12) troll 135 604,,Little_R,5,0.90,L_Thompson,5,0.03,Bear_Cr_SuFa,5020,0.03,Abernathy_Cr_Fa,5008,0.03,South_Thom,5,0.01
Area126 (12) troll 136 105,,Priest_Rapid_H,5026,0.46,Hanford_Reach,5026,0.30,Umatilla_H_Fa,5026,0.08,L_Wh_Sal_H_SF,5026,0.05,Nez_PerceT_H,5021,0.04
Area126 (12) troll 136 605,,Abernathy_NFH_F,5008,0.76,Spring_Cr_col,5030,0.13,Big_Cr_H_Col,5030,0.07,Cowlitz_H_fa,5008,0.02,Abernathy_Cr_Fa,5008,0.02
Area126 (12) troll 136 606,,NF_Skokomish_F,5005,0.68,Clear_Cr_H,5020,0.26,Hamma_Hamma_R,5005,0.03,Bear_Cr_SuFa,5020,0.01,McKenzie_H,5029,0.01
Area126 (12) troll 136 607,,Spring_Cr_col,5030,0.97,Abernathy_Cr_Fa,5008,0.02,Elochoman_H,5030,0.01,Big_Cr_H_Col,5030,0.00,Abernathy_NFH_F,5008,0.00
Area126 (12) troll 136 608,,Clear_Cr_H,5020,0.55,Bear_Cr_SuFa,5020,0.27,Cedar_R_SuFa,5020,0.09,Soos_H,5020,0.03,U_Sauk_R_SpSu,5016,0.01
Area126 (12) troll 136 609,,NF_Skokomish_F,5005,0.61,Clear_Cr_H,5020,0.18,Cedar_R_SuFa,5020,0.10,Bear_Cr_SuFa,5020,0.07,Soos_H,5020,0.02
Area126 (12) troll 136 610,,Bear_Cr_SuFa,5020,0.52,Clear_Cr_H,5020,0.22,NF_Skokomish_F,5005,0.13,Cedar_R_SuFa,5020,0.06,Soos_H,5020,0.05
Area126 (12) troll 136 611,,NF_Skokomish_F,5005,0.79,Hamma_Hamma_R,5005,0.15,Clear_Cr_H,5020,0.05,George_Adams_H,5005,0.01,Cedar_R_SuFa,5020,0.01
Area126 (12) troll 136 612,,NF_Skokomish_F,5005,0.54,Bear_Cr_SuFa,5020,0.31,Cedar_R_SuFa,5020,0.07,Hamma_Hamma_R,5005,0.06,Soos_H,5020,0.01
Area126 (12) troll 136 613,,Priest_Rapid_H,5026,0.70,Wenatchee_R_SF,5026,0.08,Priest_Rapids_H,5026,0.06,Hanford_Reach,5026,0.05,U_Sauk_R_SpSu,5016,0.03
Area126 (12) troll 136 614,,Hanford_Reach,5026,0.70,Priest_Rapid_H,5026,0.25,Umatilla_H_Fa,5026,0.05,Wells_H,5026,0.00,Nez_PerceT_H,5021,0.00
Area126 (12) troll 136 615,,McKenzie_H,5029,0.87,N_Santiam_H,5029,0.13,,,,,,,,,
Area126 (12) troll 136 616,,Abernathy_Cr_Fa,5008,0.37,Cowlitz_H_fa,5008,0.26,Spring_Cr_col,5030,0.13,Elochoman_H,5030,0.07,Washougal_R_Fa,5008,0.03
Area126 (12) troll 136 617,,Priest_Rapid_H,5026,0.41,Harrison,3,0.18,L_Wh_Sal_H_SF,5026,0.07,Hanford_Reach,5026,0.07,U_Sauk_R_SpSu,5016,0.07
Area126 (12) troll 136 618,,Hanford_Reach,5026,0.72,Wenatchee_R_SF,5026,0.15,Priest_Rapid_H,5026,0.05,Wells_H,5026,0.03,L_Wh_Sal_H_SF,5026,0.02
Area126 (12) troll 136 619,,Spring_Cr_col,5030,0.31,Elochoman_H,5030,0.23,Abernathy_NFH_F,5008,0.17,Cowlitz_H_fa,5008,0.13,Lewis_R_f,5008,0.06
Area126 (12) troll 136 620,,NF_Skokomish_F,5005,0.40,Clear_Cr_H,5020,0.29,Hamma_Hamma_R,5005,0.12,Sol_Duc_H,5028,0.07,Little_R,5,0.03
Area126 (12) troll 136 621,,Harrison,3,0.97,Chilliwack_F,3,0.02,Chilliwac@Stav,3,0.00,Kitsumkalum_R,23,0.00,,,
Area126 (12) troll 136 622,,S_Umpqua_H,5011,0.99,Lewis_R_f,5008,0.00,Umpqua_H,5011,0.00,Salmon_R_f,5015,0.00,Elk_H,5011,0.00
Area126 (12) troll 136 623,,Salmon_R_f,5015,0.48,Kilchis_R,5015,0.27,S_Umpqua_H,5011,0.11,Wilson_R,5015,0.07,Trask_R,5015,0.04
Area126 (12) troll 136 624,,Hanford_Reach,5026,0.56,Priest_Rapid_H,5026,0.34,Wells_H,5026,0.05,Wenatchee_R_SF,5026,0.05,Umatilla_H,5026,0.00
Area126 (12) troll 136 625,,Hanford_Reach,5026,0.56,Priest_Rapid_H,5026,0.20,Wenatchee_R_SF,5026,0.12,Umatilla_H_Fa,5026,0.04,Priest_Rapids_H,5026,0.04
Area126 (12) troll 136 626,,Millicoma_R,5011,0.42,Kilchis_R,5015,0.23,Salmon_R_f,5015,0.21,Salmon@PG,1,0.03,S_Umpqua_H,5011,0.03
Area126 (12) troll 136 627,,Cowichan,7,0.53,Big_Qualicum,7,0.45,Nanaimo_F,7,0.01,Puntledge_F,7,0.00,L_Qualicum,7,0.00
Area126 (12) troll 219 484,,Salmon_R_f,5015,0.98,Forks_Cr_H,5028,0.02,Trask_R,5015,0.00,S_Umpqua_H,5011,0.00,Alsea_R,5015,0.00
Area126 (12) troll 219 485,,Priest_Rapid_H,5026,0.76,Hanford_Reach,5026,0.23,Umatilla_H,5026,0.01,Priest_Rapids_H,5026,0.00,L_Wh_Sal_H_SF,5026,0.00
Area126 (12) troll 219 486,,Priest_Rapid_H,5026,0.79,Hanford_Reach,5026,0.13,Umatilla_H,5026,0.03,Nez_PerceT_H,5021,0.02,Wells_H,5026,0.01
Area126 (12) troll 219 487,,Priest_Rapid_H,5026,0.75,Hanford_Reach,5026,0.20,Wenatchee_R_SF,5026,0.02,Umatilla_H_Fa,5026,0.02,Umatilla_H,5026,0.00
Area126 (12) troll 219 488,,Priest_Rapid_H,5026,0.58,Hanford_Reach,5026,0.19,Nez_PerceT_H,5021,0.16,Umatilla_H_Fa,5026,0.03,Priest_Rapids_H,5026,0.02
Area126 (12) troll 219 489,,Hanford_Reach,5026,0.70,Priest_Rapid_H,5026,0.08,Nez_PerceT_H,5021,0.07,L_Wh_Sal_H_SF,5026,0.06,U_Deschutes_R,5004,0.04
Area126 (12) troll 219 490,,Priest_Rapid_H,5026,0.56,Priest_Rapids_H,5026,0.21,Nez_PerceT_H,5021,0.09,Umatilla_H_Fa,5026,0.05,Hanford_Reach,5026,0.04
Area126 (12) troll 219 491,,Priest_Rapid_H,5026,0.40,Nez_PerceT_H,5021,0.22,U_Deschutes_R,5004,0.09,Hanford_Reach,5026,0.08,NF_Skokomish_F,5005,0.04
Area126 (12) troll 219 492,,Hanford_Reach,5026,0.58,Priest_Rapid_H,5026,0.19,L_Wh_Sal_H_SF,5026,0.17,Priest_Rapids_H,5026,0.03,Wenatchee_R_SF,5026,0.01
Area126 (12) troll 219 493,,Spring_Cr_col,5030,0.56,Abernathy_NFH_F,5008,0.23,Elochoman_H,5030,0.13,Abernathy_Cr_Fa,5008,0.04,Big_Cr_H_Col,5030,0.02
Area126 (12) troll 219 494,,Salmon_R_f,5015,0.96,Kilchis_R,5015,0.02,Wilson_R,5015,0.01,Trask_R,5015,0.01,Forks_Cr_H,5028,0.00
Area126 (12) troll 219 495,,Queets_R,5028,0.94,Salmon_R_f,5015,0.05,Trask_R,5015,0.00,Forks_Cr_H,5028,0.00,Alsea_R,5015,0.00
Area126 (12) troll 219 496,,Queets_R,5028,0.27,Salmon_R_f,5015,0.22,Millicoma_R,5011,0.21,Humptulips_H,5028,0.17,Forks_Cr_H,5028,0.05
Area126 (12) troll 219 497,,Little_R,5,0.96,L_Thompson,5,0.01,Hamma_Hamma_R,5005,0.01,Umpqua_H,5011,0.00,Stuart,2,0.00
Area126 (12) troll 219 498,,Queets_R,5028,0.76,Quilayute_R,5028,0.19,Hoh_R,5028,0.02,Cowlitz_H_fa,5008,0.01,Green_R_Fa,5008,0.01
Area126 (12) troll 219 499,,Little_R,5,0.99,L_Thompson,5,0.01,South_Thom,5,0.00,Hanford_Reach,5026,0.00,Priest_Rapid_H,5026,0.00
Area126 (12) troll 219 500,,Nez_PerceT_H,5021,0.56,Priest_Rapids_H,5026,0.14,L_Wh_Sal_H_SF,5026,0.13,Priest_Rapid_H,5026,0.09,Hanford_Reach,5026,0.07
Area126 (12) troll 219 501,,Priest_Rapid_H,5026,0.81,Hanford_Reach,5026,0.06,Nez_PerceT_H,5021,0.04,Wells_H,5026,0.02,Washougal_R_Fa,5008,0.02
Area126 (12) troll 219 502,,Clear_Cr_H,5020,0.83,Bear_Cr_SuFa,5020,0.07,NF_Skokomish_F,5005,0.07,Soos_H,5020,0.03,Hamma_Hamma_R,5005,0.01
Area126 (12) troll 219 503,,Hanford_Reach,5026,0.64,Nez_PerceT_H,5021,0.30,Lyons_Ferry_H,5021,0.04,Umatilla_H,5026,0.02,Priest_Rapids_H,5026,0.00
Area126 (12) troll 240 476,,Priest_Rapid_H,5026,0.47,Hanford_Reach,5026,0.24,Umatilla_H_Fa,5026,0.13,Priest_Rapids_H,5026,0.09,L_Wh_Sal_H_SF,5026,0.03
Area126 (12) troll 240 477,,Priest_Rapid_H,5026,0.39,Hanford_Reach,5026,0.36,Umatilla_H_Fa,5026,0.14,Umatilla_H,5026,0.11,Nez_PerceT_H,5021,0.00
Area126 (12) troll 240 478,,Priest_Rapid_H,5026,0.78,Wenatchee_R_SF,5026,0.12,Hanford_Reach,5026,0.07,Nez_PerceT_H,5021,0.02,Lyons_Ferry_H,5021,0.00
Area126 (12) troll 240 479,,Priest_Rapid_H,5026,0.90,Umatilla_H_Fa,5026,0.05,Hanford_Reach,5026,0.02,Wells_H,5026,0.01,Nez_PerceT_H,5021,0.01
Area126 (12) troll 240 480,,Spring_Cr_col,5030,0.94,Abernathy_NFH_F,5008,0.04,Big_Cr_H_Col,5030,0.03,Elochoman_H,5030,0.00,Abernathy_Cr_Fa,5008,0.00
Area126 (12) troll 240 481,,Hanford_Reach,5026,0.67,Wenatchee_R_SF,5026,0.17,Wells_H,5026,0.09,Priest_Rapid_H,5026,0.06,L_Wh_Sal_H_SF,5026,0.01
Area126 (12) troll 240 482,,Abernathy_Cr_Fa,5008,0.63,Cowlitz_H_fa,5008,0.28,Lewis_R_f,5008,0.07,Washougal_R_Fa,5008,0.01,Elochoman_H,5030,0.00
Area126 (12) troll 240 483,,Clear_Cr_H,5020,0.47,U_Sauk_R_SpSu,5016,0.26,Cedar_R_SuFa,5020,0.10,NF_Skokomish_F,5005,0.04,Priest_Rapid_H,5026,0.04
Area126 (12) troll 48 1,,McKenzie_H,5029,0.43,Nez_PerceT_H,5021,0.20,Hanford_Reach,5026,0.16,Priest_Rapid_H,5026,0.08,N_Santiam_H,5029,0.05
Area126 (12) troll 48 10,,Hanford_Reach,5026,0.59,Priest_Rapid_H,5026,0.25,Nez_PerceT_H,5021,0.06,Umatilla_H_Fa,5026,0.05,L_Wh_Sal_H_SF,5026,0.02
Area126 (12) troll 48 11,,Hanford_Reach,5026,0.63,Priest_Rapid_H,5026,0.31,Wells_H,5026,0.03,Priest_Rapids_H,5026,0.02,Nez_PerceT_H,5021,0.01
Area126 (12) troll 48 12,,Cowlitz_H_fa,5008,0.39,Lewis_R_f,5008,0.36,Lewis_R_Su,5008,0.16,Lewis_R_LSu,5008,0.06,Abernathy_Cr_Fa,5008,0.02
Area126 (12) troll 48 13,Dupe with 36,S_Umpqua_H,5011,0.83,Hanford_Reach,5026,0.08,Umatilla_H_Fa,5026,0.06,Lewis_R_Su,5008,0.02,Elochoman_R_Fa,5008,0.00
Area126 (12) troll 48 14,,Priest_Rapid_H,5026,0.56,Hanford_Reach,5026,0.18,Wenatchee_R_SF,5026,0.15,Nez_PerceT_H,5021,0.07,Umatilla_H_Fa,5026,0.03
Area126 (12) troll 48 15,,Wenatchee_R_SF,5026,0.62,Hanford_Reach,5026,0.31,Priest_Rapid_H,5026,0.07,Wells_H,5026,0.00,Priest_Rapids_H,5026,0.00
Area126 (12) troll 48 16,,Lewis_R_f,5008,0.91,Lewis_R_LSu,5008,0.05,Cowlitz_H_fa,5008,0.03,Sandy_R,5008,0.00,Little_R,5,0.00
Area126 (12) troll 48 17,,Harrison,3,0.94,Forks_Cr_H,5028,0.05,Chilliwac@Stav,3,0.00,Chilliwack_F,3,0.00,Salmon_R_f,5015,0.00
Area126 (12) troll 48 2,,Hanford_Reach,5026,0.94,Nez_PerceT_H,5021,0.02,Wenatchee_R_SF,5026,0.01,L_Wh_Sal_H_SF,5026,0.01,Priest_Rapid_H,5026,0.00
Area126 (12) troll 48 3,,Stuart,2,0.61,Bowron,1,0.13,Bridge,2,0.13,Chilko,2,0.05,Kuzkwa_Cr,2,0.04
Area126 (12) troll 48 4,,Chilliwack_F,3,0.55,Harrison,3,0.42,Chilliwac@Stav,3,0.03,,,,,,
Area126 (12) troll 48 5,,Priest_Rapid_H,5026,0.60,Hanford_Reach,5026,0.18,Umatilla_H_Fa,5026,0.09,L_Wh_Sal_H_SF,5026,0.05,Wenatchee_R_SF,5026,0.04
Area126 (12) troll 48 6,,Lewis_R_f,5008,0.36,Priest_Rapid_H,5026,0.36,Cowlitz_H_fa,5008,0.14,Lewis_R_Su,5008,0.09,Hanford_Reach,5026,0.02
Area126 (12) troll 48 7,,Harrison,3,0.30,Kitsumkalum_R,23,0.22,Kitimat,10,0.12,U_Sauk_R_SpSu,5016,0.06,Dean,10,0.05
Area126 (12) troll 48 8,,Priest_Rapid_H,5026,0.55,L_Wh_Sal_H_SF,5026,0.23,Umatilla_H_Fa,5026,0.19,Nez_PerceT_H,5021,0.02,Abernathy_Cr_Fa,5008,0.00
Area126 (12) troll 48 9,,Priest_Rapid_H,5026,0.64,Hanford_Reach,5026,0.33,Umatilla_H_Fa,5026,0.01,Umpqua_H,5011,0.01,Priest_Rapids_H,5026,0.01
Area126 (12) troll 49 18,,Nez_PerceT_H,5021,0.95,Lyons_Ferry_H,5021,0.03,Hanford_Reach,5026,0.01,Wenatchee_R_SF,5026,0.01,Priest_Rapid_H,5026,0.00
Area126 (12) troll 50 19,,Spring_Cr_col,5030,0.97,Abernathy_NFH_F,5008,0.02,Big_Cr_H_Col,5030,0.00,Elochoman_H,5030,0.00,Abernathy_Cr_Fa,5008,0.00
Area126 (12) troll 51 20,,Lewis_R_f,5008,0.92,Lewis_R_LSu,5008,0.06,Lewis_R_Su,5008,0.02,Cowlitz_H_fa,5008,0.00,Sandy_R,5008,0.00
Area126 (12) troll 52 21,,Hanford_Reach,5026,0.90,Wenatchee_R_SF,5026,0.06,Nez_PerceT_H,5021,0.02,Priest_Rapid_H,5026,0.01,L_Wh_Sal_H_SF,5026,0.00
Area126 (12) troll 53 22,,S_Umpqua_H,5011,0.97,Millicoma_R,5011,0.03,S_Coos_R,5011,0.00,Umpqua_H,5011,0.00,Gold_R,8,0.00
Area126 (12) troll 54 23,Dupe with 58,Wenatchee_R_SF,5026,0.61,Priest_Rapid_H,5026,0.18,Hanford_Reach,5026,0.08,Priest_Rapids_H,5026,0.07,L_Wh_Sal_H_SF,5026,0.03
Area126 (12) troll 55 24,,Priest_Rapid_H,5026,0.70,Hanford_Reach,5026,0.24,Wenatchee_R_SF,5026,0.04,Priest_Rapids_H,5026,0.01,Umatilla_H_Fa,5026,0.01
Area126 (12) troll 56 25,,Nez_PerceT_H,5021,0.95,Hanford_Reach,5026,0.03,Lyons_Ferry_H,5021,0.01,Priest_Rapid_H,5026,0.00,Wells_H,5026,0.00
Area126 (12) troll 57 26,,Priest_Rapid_H,5026,0.29,Nez_PerceT_H,5021,0.27,Hanford_Reach,5026,0.21,Lewis_R_f,5008,0.11,Abernathy_Cr_Fa,5008,0.03
Area126 (12) troll 58 27,,McKenzie_H,5029,0.83,Priest_Rapid_H,5026,0.11,N_Santiam_H,5029,0.02,Feather_H_fa,5001,0.01,Feather_H_sp,5002,0.01
Area126 (12) troll 59 28,,S_Umpqua_H,5011,0.96,Salmon_R_f,5015,0.04,Abernathy_Cr_Fa,5008,0.00,Kilchis_R,5015,0.00,McKenzie_H,5029,0.00
Area126 (12) troll 60 29,,Priest_Rapid_H,5026,0.62,Hanford_Reach,5026,0.32,Wenatchee_R_SF,5026,0.03,Umatilla_H,5026,0.02,U_Sauk_R_SpSu,5016,0.01
Area126 (12) troll 61 30,,Lewis_R_f,5008,0.59,Abernathy_Cr_Fa,5008,0.11,Lewis_R_Su,5008,0.10,S_Umpqua_H,5011,0.10,Washougal_R_Fa,5008,0.04
Area126 (12) troll 62 31,,Priest_Rapid_H,5026,0.96,Lyons_Ferry_H,5021,0.02,Hanford_Reach,5026,0.01,Priest_Rapids_H,5026,0.00,L_Deschutes_R,5004,0.00
Area126 (12) troll 63 32,,U_Sauk_R_SpSu,5016,0.36,Harrison,3,0.23,Hanford_Reach,5026,0.20,Cowlitz_H_fa,5008,0.06,Priest_Rapid_H,5026,0.05
Area126 (12) troll 64 33,,NF_Skokomish_F,5005,0.82,Clear_Cr_H,5020,0.10,Hamma_Hamma_R,5005,0.05,George_Adams_H,5005,0.02,Cedar_R_SuFa,5020,0.01
Area126 (12) troll 65 34,,Wenatchee_R_SF,5026,0.69,Hanford_Reach,5026,0.16,Wells_H,5026,0.13,Umatilla_H,5026,0.01,L_Wh_Sal_H_SF,5026,0.01
Area126 (12) troll 66 35,,U_Sauk_R_SpSu,5016,0.99,Marblemount_HSp,5016,0.00,L_Skagit_R_Fa,5016,0.00,Humptulips_H,5028,0.00,Skagit_R,5016,0.00
Area126 (12) troll 67 36,Dupe with 13,S_Umpqua_H,5011,0.83,Hanford_Reach,5026,0.08,Umatilla_H_Fa,5026,0.06,Lewis_R_Su,5008,0.02,Elochoman_R_Fa,5008,0.00
Area126 (12) troll 68 37,,Cowlitz_H_fa,5008,0.36,Abernathy_Cr_Fa,5008,0.33,Lewis_R_f,5008,0.21,Sol_Duc_H,5028,0.04,Lewis_R_Su,5008,0.03
Area126 (12) troll 69 38,,Nez_PerceT_H,5021,0.46,Hanford_Reach,5026,0.29,L_Wh_Sal_H_SF,5026,0.11,Priest_Rapid_H,5026,0.11,Umatilla_H_Fa,5026,0.02
Area126 (12) troll 70 39,,McKenzie_H,5029,0.90,N_Santiam_H,5029,0.10,,,,,,,,,
Area126 (12) troll 71 40,,Abernathy_NFH_F,5008,0.74,Elochoman_H,5030,0.24,Abernathy_Cr_Fa,5008,0.01,Spring_Cr_col,5030,0.01,Cowlitz_H_fa,5008,0.00
Area126 (12) troll 72 41,,Priest_Rapid_H,5026,0.35,Hanford_Reach,5026,0.12,Nez_PerceT_H,5021,0.10,Harrison,3,0.09,Umatilla_H_Fa,5026,0.07
Area126 (12) troll 73 42,,Hanford_Reach,5026,0.53,Priest_Rapid_H,5026,0.39,Wenatchee_R_SF,5026,0.03,Umatilla_H,5026,0.03,Nez_PerceT_H,5021,0.01
Area126 (12) troll 74 43,,Priest_Rapid_H,5026,0.84,Umatilla_H_Fa,5026,0.14,Hanford_Reach,5026,0.02,Wells_H,5026,0.00,Lewis_R_f,5008,0.00
Area126 (12) troll 75 44,,Sol_Duc_H,5028,1.00,Kilchis_R,5015,0.00,,,,,,,,,
Area126 (12) troll 76 45,,Hanford_Reach,5026,0.26,Priest_Rapid_H,5026,0.23,Nez_PerceT_H,5021,0.18,Wenatchee_R_SF,5026,0.17,L_Wh_Sal_H_SF,5026,0.06
Area126 (12) troll 77 46,,Priest_Rapid_H,5026,0.45,Wenatchee_R_SF,5026,0.25,Hanford_Reach,5026,0.21,Wells_H,5026,0.05,Umatilla_H_Fa,5026,0.02
Area126 (12) troll 78 47,,Priest_Rapid_H,5026,0.54,Nez_PerceT_H,5021,0.17,Umatilla_H,5026,0.09,Hanford_Reach,5026,0.09,Priest_Rapids_H,5026,0.07
Area126 (12) troll 79 48,,Wenatchee_R_SF,5026,0.81,Priest_Rapid_H,5026,0.10,Wells_H,5026,0.05,Hanford_Reach,5026,0.02,Priest_Rapids_H,5026,0.01
Area126 (12) troll 80 49,,U_Sauk_R_SpSu,5016,0.48,Skagit_R,5016,0.20,Clear_Cr_H,5020,0.18,NanaimoSu_BackX,7,0.06,L_Skagit_R_Fa,5016,0.03
Area126 (12) troll 81 50,,Nez_PerceT_H,5021,0.97,U_Deschutes_R,5004,0.02,Lyons_Ferry_H,5021,0.01,Hanford_Reach,5026,0.00,Priest_Rapid_H,5026,0.00
Area126 (12) troll 82 51,,Feather_H_fa,5001,0.81,Feather_H_sp,5002,0.18,Lewis_R_f,5008,0.00,Cowlitz_H_sp,5009,0.00,Lewis_R_Su,5008,0.00
Area126 (12) troll 83 52,,Nez_PerceT_H,5021,0.73,Hanford_Reach,5026,0.23,Priest_Rapid_H,5026,0.02,Umatilla_H_Fa,5026,0.01,Wenatchee_R_SF,5026,0.00
Area126 (12) troll 84 53,,Chilliwack_F,3,0.59,Harrison,3,0.37,Chilliwac@Stav,3,0.03,NanaimoSu_BackX,7,0.00,Sol_Duc_H,5028,0.00
Area126 (12) troll 85 54,,Priest_Rapid_H,5026,0.90,Umatilla_H_Fa,5026,0.04,Hanford_Reach,5026,0.02,Nez_PerceT_H,5021,0.01,Lewis_R_f,5008,0.01
Area126 (12) troll 86 55,,Harrison,3,0.96,Little_R,5,0.01,NF_Skokomish_F,5005,0.01,Skagit_R,5016,0.00,Clear_Cr_H,5020,0.00
Area126 (12) troll 87 56,,Cowichan,7,0.49,Gold_R,8,0.37,Puntledge_F,7,0.06,L_Qualicum,7,0.05,Puntledge_BackX,7,0.02
Area126 (12) troll 88 57,,Abernathy_Cr_Fa,5008,0.44,Cowlitz_H_fa,5008,0.28,S_Umpqua_H,5011,0.09,NanaimoSu_BackX,7,0.05,Lewis_R_f,5008,0.04
Area126 (12) troll 89 58,Dupe with 23,Wenatchee_R_SF,5026,0.60,Priest_Rapid_H,5026,0.18,Hanford_Reach,5026,0.08,Priest_Rapids_H,5026,0.06,L_Wh_Sal_H_SF,5026,0.03
Area126 (12) troll 90 59,,Hanford_Reach,5026,0.68,Priest_Rapid_H,5026,0.20,Wenatchee_R_SF,5026,0.06,Wells_H,5026,0.02,Umatilla_H_Fa,5026,0.01
Area126 (12) troll 91 60,,Hanford_Reach,5026,0.74,Priest_Rapid_H,5026,0.17,L_Wh_Sal_H_SF,5026,0.04,Nez_PerceT_H,5021,0.01,Umatilla_H,5026,0.01
Area126 (12) troll 92 61,,Hanford_Reach,5026,0.58,Nez_PerceT_H,5021,0.30,Wells_H,5026,0.05,Priest_Rapid_H,5026,0.02,Umatilla_H,5026,0.01
Area126 (12) troll 93 62,,Bear_Cr_SuFa,5020,0.44,Harrison,3,0.32,Clear_Cr_H,5020,0.12,Cedar_R_SuFa,5020,0.07,Chilliwac@Stav,3,0.01
Area126 (12) troll 94 63,,Little_R,5,0.80,Kitsumkalum_R,23,0.06,Millicoma_R,5011,0.05,Harrison,3,0.03,Skagit_R,5016,0.02
Area126 (12) troll 95 64,,Spring_Cr_col,5030,0.95,Big_Cr_H_Col,5030,0.03,Elochoman_H,5030,0.01,Abernathy_NFH_F,5008,0.01,Abernathy_Cr_Fa,5008,0.00
Area126 (12) troll 96 65,,Clear_Cr_H,5020,0.58,NF_Skokomish_F,5005,0.19,Bear_Cr_SuFa,5020,0.17,Soos_H,5020,0.02,Cedar_R_SuFa,5020,0.02
Area126 (12) troll 97 66,,U_Sauk_R_SpSu,5016,0.70,Clear_Cr_H,5020,0.29,Bear_Cr_SuFa,5020,0.01,Snoqualmie_R,5016,0.00,Little_R,5,0.00
Area126 (12) troll 98 67,,Harrison,3,0.73,Chilliwack_F,3,0.07,Hanford_Reach,5026,0.06,Sol_Duc_H,5028,0.03,Little_R,5,0.03
Area126 (12) troll 99 68,,McKenzie_H,5029,0.99,N_Santiam_H,5029,0.01,,,,,,,,,
,,,,,,,,,,,,,,,,
Sample: 39, Area127,2012, troll, Sep18-Sep26,,,,,,,,,,,,
Area127 (12) troll 262 719,,Harrison,3,0.96,Andrew_MedH,5024,0.02,Andrew_Cr,5024,0.02,Nusatsum,10,0.00,Otsi_Cr,19,0.00
Area127 (12) troll 262 720,,Priest_Rapid_H,5026,0.87,Umatilla_H,5026,0.12,Hanford_Reach,5026,0.00,Methow_R,5026,0.00,Umatilla_H_Fa,5026,0.00
Area127 (12) troll 262 721,,Priest_Rapid_H,5026,0.63,Umatilla_H,5026,0.19,Methow_R,5026,0.09,Washougal_R_Fa,5008,0.05,Priest_Rapids_H,5026,0.03
Area127 (12) troll 262 722,,Green_R_Fa,5008,0.35,Abernathy_Cr_Fa,5008,0.26,Cowlitz_H_fa,5008,0.24,Elochoman_R_Fa,5008,0.09,Sol_Duc_H,5028,0.06
Area127 (12) troll 262 723,,Cowlitz_H_fa,5008,0.40,Green_R_Fa,5008,0.17,Washougal_R_Fa,5008,0.13,Elochoman_R_Fa,5008,0.13,Abernathy_Cr_Fa,5008,0.11
Area127 (12) troll 262 724,,Harrison,3,1.00,U_Sauk_R_SpSu,5016,0.00,Cripple_Cr,5023,0.00,Phillips,9,0.00,L_Skagit_R_Fa,5016,0.00
Area127 (12) troll 262 725,,Wilson_R,5015,0.59,Yaquina_R,5015,0.20,Harrison,3,0.07,Sol_Duc_H,5028,0.05,Elk_H,5011,0.03
Area127 (12) troll 262 726,,Sol_Duc_H,5028,0.80,Abernathy_Cr_Fa,5008,0.09,Cowlitz_H_fa,5008,0.07,Elochoman_R_Fa,5008,0.02,Queets_R,5028,0.01
Area127 (12) troll 262 727,,Priest_Rapid_H,5026,0.77,Umatilla_H,5026,0.09,Wells_H,5026,0.06,Methow_R,5026,0.03,Wenatchee_R_SF,5026,0.02
Area127 (12) troll 262 728,,Priest_Rapid_H,5026,0.77,Umatilla_H,5026,0.14,Wells_H,5026,0.04,Priest_Rapids_H,5026,0.03,Wenatchee_R_SF,5026,0.01
Area127 (12) troll 262 729,,Umatilla_H,5026,0.90,Priest_Rapids_H,5026,0.10,Marion_Drain_Fa,5026,0.00,Harrison,3,0.00,,,
Area127 (12) troll 262 730,,Priest_Rapid_H,5026,0.99,Umatilla_H,5026,0.01,Wells_H,5026,0.00,Methow_R,5026,0.00,Umatilla_H_Fa,5026,0.00
Area127 (12) troll 262 731,,Methow_R,5026,0.11,Umatilla_H,5026,0.11,Priest_Rapid_H,5026,0.10,Washougal_R_Fa,5008,0.08,Spring_Cr_col,5030,0.06
Area127 (12) troll 262 732,,Wilson_R,5015,0.93,Queets_R,5028,0.03,Salmon_R_f,5015,0.02,Yaquina_R,5015,0.01,Hoh_R,5028,0.00
Area127 (12) troll 262 734,,Spring_Cr_col,5030,0.72,Abernathy_Cr_Fa,5008,0.23,Green_R_Fa,5008,0.04,Big_Cr_H_Col,5030,0.01,Elochoman_R_Fa,5008,0.00
Area127 (12) troll 262 735,,Hamma_Hamma_R,5005,0.85,George_Adams_H,5005,0.11,Bear_Cr_SuFa,5020,0.04,Grovers_Cr_H,5020,0.00,L_Skagit_R_Fa,5016,0.00
Area127 (12) troll 262 736,,Abernathy_Cr_Fa,5008,0.42,Cowlitz_H_fa,5008,0.20,Elochoman_R_Fa,5008,0.20,Washougal_R_Fa,5008,0.11,Green_R_Fa,5008,0.04
Area127 (12) troll 262 737,,Cowlitz_H_fa,5008,0.35,Green_R_Fa,5008,0.22,Abernathy_Cr_Fa,5008,0.22,Spring_Cr_col,5030,0.20,Umatilla_H,5026,0.01
Area127 (12) troll 262 738,,Spring_Cr_col,5030,0.57,Big_Cr_H_Col,5030,0.17,Cowlitz_H_fa,5008,0.12,Elochoman_R_Fa,5008,0.04,Green_R_Fa,5008,0.03
Area127 (12) troll 262 739,,Hamma_Hamma_R,5005,0.43,S_Prairie_Cr,5020,0.23,George_Adams_H,5005,0.20,Bear_Cr_SuFa,5020,0.03,Cedar_R_SuFa,5020,0.02
Area127 (12) troll 262 740,,Hamma_Hamma_R,5005,0.87,U_Sauk_R_SpSu,5016,0.05,Bear_Cr_SuFa,5020,0.05,S_Prairie_Cr,5020,0.02,George_Adams_H,5005,0.01
Area127 (12) troll 262 741,,Spring_Cr_col,5030,0.54,Washougal_R_Fa,5008,0.19,Cowlitz_H_fa,5008,0.12,Big_Cr_H_Col,5030,0.09,Abernathy_Cr_Fa,5008,0.04
Area127 (12) troll 262 742,,Green_R_Fa,5008,0.57,Abernathy_Cr_Fa,5008,0.17,Washougal_R_Fa,5008,0.12,Cowlitz_H_fa,5008,0.11,Spring_Cr_col,5030,0.03
Area127 (12) troll 262 743,,Hamma_Hamma_R,5005,0.53,George_Adams_H,5005,0.41,Grovers_Cr_H,5020,0.05,NF_Skokomish_F,5005,0.01,Cedar_R_SuFa,5020,0.00
Area127 (12) troll 262 744,,Hamma_Hamma_R,5005,0.78,George_Adams_H,5005,0.18,Snoqualmie_R,5016,0.02,Bear_Cr_SuFa,5020,0.01,Cedar_R_SuFa,5020,0.00
Area127 (12) troll 262 745,,Hamma_Hamma_R,5005,0.63,George_Adams_H,5005,0.28,Bear_Cr_SuFa,5020,0.08,NF_Skokomish_F,5005,0.01,Soos_H,5020,0.00
Area127 (12) troll 263 746,,Umatilla_H,5026,0.33,Wells_H,5026,0.27,Methow_R,5026,0.19,Priest_Rapid_H,5026,0.15,Wenatchee_R_SF,5026,0.05
Area127 (12) troll 263 747,,Priest_Rapid_H,5026,0.67,Umatilla_H,5026,0.23,Methow_R,5026,0.08,Wells_H,5026,0.01,Priest_Rapids_H,5026,0.00
Area127 (12) troll 263 748,,Elk_H,5011,0.90,Sixes_R,5011,0.07,Coquille_R,5011,0.03,Harrison,3,0.00,,,
Area127 (12) troll 263 749,,Harrison,3,0.99,Abernathy_Cr_Fa,5008,0.00,Elochoman_R_Fa,5008,0.00,Sandy_R,5008,0.00,,,
Area127 (12) troll 263 750,,Wilson_R,5015,0.75,Queets_R,5028,0.14,Yaquina_R,5015,0.05,Trask_R,5015,0.03,Salmon_R_f,5015,0.02
Area127 (12) troll 263 751,,Wilson_R,5015,1.00,Alsea_R,5015,0.00,Trask_R,5015,0.00,Salmon_R_f,5015,0.00,Queets_R,5028,0.00
Area127 (12) troll 263 752,,Queets_R,5028,0.69,Forks_Cr_H,5028,0.10,Trask_R,5015,0.07,Yaquina_R,5015,0.06,Salmon_R_f,5015,0.02
Area127 (12) troll 267 659,,Hamma_Hamma_R,5005,0.47,S_Prairie_Cr,5020,0.13,U_Sauk_R_SpSu,5016,0.13,George_Adams_H,5005,0.10,Bear_Cr_SuFa,5020,0.08
Area127 (12) troll 267 660,,Queets_R,5028,0.89,Wilson_R,5015,0.04,Trask_R,5015,0.04,Quilayute_R,5028,0.01,Sol_Duc_H,5028,0.01
Area127 (12) troll 267 661,,Nehalem_R,5015,0.99,Wilson_R,5015,0.01,,,,,,,,,
Area127 (12) troll 267 662,,Elk_H,5011,0.88,Sixes_R,5011,0.07,Coquille_R,5011,0.05,Yaquina_R,5015,0.00,U_Sauk_R_SpSu,5016,0.00
Area127 (12) troll 267 663,,Spring_Cr_col,5030,0.94,Big_Cr_H_Col,5030,0.05,Abernathy_Cr_Fa,5008,0.00,Cowlitz_H_fa,5008,0.00,Abernathy_NFH_F,5008,0.00
Area127 (12) troll 267 664,,U_Sauk_R_SpSu,5016,0.97,Snoqualmie_R,5016,0.01,Wilson_R,5015,0.00,Skagit_R,5016,0.00,Coquille_R,5011,0.00
Area127 (12) troll 267 665,,Wilson_R,5015,0.99,Trask_R,5015,0.01,Nehalem_R,5015,0.00,Queets_R,5028,0.00,Nestucca_H,5015,0.00
Area127 (12) troll 267 666,,Queets_R,5028,0.72,Sandy_R,5008,0.12,Washougal_R_Fa,5008,0.04,Lewis_R_Su,5008,0.03,Cowlitz_H_fa,5008,0.03
Area127 (12) troll 267 667,,Hamma_Hamma_R,5005,0.51,S_Prairie_Cr,5020,0.24,George_Adams_H,5005,0.13,Grovers_Cr_H,5020,0.05,Cedar_R_SuFa,5020,0.03
Area127 (12) troll 267 668,,Quilayute_R,5028,0.77,Hoh_R,5028,0.13,Washougal_R_Fa,5008,0.06,Green_R_Fa,5008,0.02,Skagit_R,5016,0.01
Area127 (12) troll 267 669,,Hamma_Hamma_R,5005,0.36,U_Sauk_R_SpSu,5016,0.34,Harrison,3,0.22,L_Skagit_R_Fa,5016,0.03,Skagit_R,5016,0.02
Area127 (12) troll 267 670,,Umatilla_H,5026,0.85,Priest_Rapid_H,5026,0.12,Wells_H,5026,0.02,Priest_Rapids_H,5026,0.00,Methow_R,5026,0.00
Area127 (12) troll 267 671,,Wilson_R,5015,0.31,Yaquina_R,5015,0.27,Cowlitz_H_fa,5008,0.07,Andrew_MedH,5024,0.06,Andrew_Cr,5024,0.05
Area127 (12) troll 267 672,,Queets_R,5028,0.99,Quilayute_R,5028,0.01,Harrison,3,0.00,Hoh_R,5028,0.00,,,
Area127 (12) troll 267 673,,Wilson_R,5015,0.48,Queets_R,5028,0.16,Yaquina_R,5015,0.12,Quilayute_R,5028,0.09,Trask_R,5015,0.04
Area127 (12) troll 267 674,,Umatilla_H,5026,0.19,Priest_Rapid_H,5026,0.16,Abernathy_Cr_Fa,5008,0.13,Elochoman_R_Fa,5008,0.11,Snoqualmie_R,5016,0.08
Area127 (12) troll 267 675,,Cowlitz_H_fa,5008,0.45,Abernathy_Cr_Fa,5008,0.36,Elochoman_R_Fa,5008,0.08,Spring_Cr_col,5030,0.08,Big_Cr_H_Col,5030,0.01
Area127 (12) troll 267 676,,Hamma_Hamma_R,5005,0.47,George_Adams_H,5005,0.30,S_Prairie_Cr,5020,0.09,Snoqualmie_R,5016,0.04,Grovers_Cr_H,5020,0.04
Area127 (12) troll 267 677,,Spring_Cr_col,5030,0.47,Abernathy_Cr_Fa,5008,0.45,Green_R_Fa,5008,0.04,Big_Cr_H_Col,5030,0.03,Elochoman_R_Fa,5008,0.01
Area127 (12) troll 267 678,,Hamma_Hamma_R,5005,0.86,Bear_Cr_SuFa,5020,0.10,S_Prairie_Cr,5020,0.02,Cedar_R_SuFa,5020,0.01,George_Adams_H,5005,0.00
Area127 (12) troll 267 679,,Priest_Rapid_H,5026,0.58,Methow_R,5026,0.21,Umatilla_H,5026,0.09,Priest_Rapids_H,5026,0.09,Wells_H,5026,0.01
Area127 (12) troll 267 680,,Priest_Rapid_H,5026,0.46,Umatilla_H,5026,0.38,Wells_H,5026,0.15,Harrison,3,0.00,Methow_R,5026,0.00
Area127 (12) troll 267 681,,Umatilla_H,5026,0.46,Priest_Rapid_H,5026,0.37,Methow_R,5026,0.09,Priest_Rapids_H,5026,0.07,Umatilla_H_Fa,5026,0.00
Area127 (12) troll 267 682,,Priest_Rapid_H,5026,0.98,Wells_H,5026,0.01,Umatilla_H_Fa,5026,0.01,Washougal_R_Fa,5008,0.00,Sandy_R,5008,0.00
Area127 (12) troll 267 683,,Queets_R,5028,0.99,Hoh_R,5028,0.00,Quilayute_R,5028,0.00,Cowlitz_H_fa,5008,0.00,,,
Area127 (12) troll 267 684,,Hamma_Hamma_R,5005,0.85,George_Adams_H,5005,0.08,Bear_Cr_SuFa,5020,0.05,Grovers_Cr_H,5020,0.02,Cedar_R_SuFa,5020,0.00
Area127 (12) troll 267 685,,NF_Nooksack_H,5016,0.62,Coquille_R,5011,0.31,Priest_Rapid_H,5026,0.04,Methow_R,5026,0.01,Wells_H,5026,0.01
Area127 (12) troll 267 686,,Quilayute_R,5028,0.86,Hoh_R,5028,0.14,Queets_R,5028,0.00,,,,,,
Area127 (12) troll 270 687,,Priest_Rapid_H,5026,0.97,Umatilla_H,5026,0.02,Methow_R,5026,0.01,Priest_Rapids_H,5026,0.00,Wells_H,5026,0.00
Area127 (12) troll 270 688,,Priest_Rapid_H,5026,0.90,Abernathy_Cr_Fa,5008,0.04,Spring_Cr_col,5030,0.03,Methow_R,5026,0.01,Elochoman_R_Fa,5008,0.01
Area127 (12) troll 270 689,,Spring_Cr_col,5030,0.95,Big_Cr_H_Col,5030,0.04,Abernathy_Cr_Fa,5008,0.01,Abernathy_NFH_F,5008,0.00,Elochoman_H,5030,0.00
Area127 (12) troll 270 690,,Hamma_Hamma_R,5005,0.80,George_Adams_H,5005,0.11,Grovers_Cr_H,5020,0.07,Bear_Cr_SuFa,5020,0.01,U_Sauk_R_SpSu,5016,0.01
Area127 (12) troll 270 691,,George_Adams_H,5005,0.47,Hamma_Hamma_R,5005,0.25,Bear_Cr_SuFa,5020,0.12,Snoqualmie_R,5016,0.07,Cedar_R_SuFa,5020,0.04
Area127 (12) troll 270 692,,Green_R_Fa,5008,0.48,Spring_Cr_col,5030,0.30,Washougal_R_Fa,5008,0.17,Abernathy_Cr_Fa,5008,0.03,Elochoman_H,5030,0.00
Area127 (12) troll 270 693,,Spring_Cr_col,5030,0.99,Elochoman_H,5030,0.00,Green_R_Fa,5008,0.00,Abernathy_NFH_F,5008,0.00,Big_Cr_H_Col,5030,0.00
Area127 (12) troll 270 694,,Hamma_Hamma_R,5005,0.69,George_Adams_H,5005,0.12,Grovers_Cr_H,5020,0.10,Cedar_R_SuFa,5020,0.03,Bear_Cr_SuFa,5020,0.03
Area127 (12) troll 270 695,,U_Sauk_R_SpSu,5016,0.70,Marble@NVI,8,0.30,Priest_Rapids_H,5026,0.00,Kispiox,22,0.00,Queets_R,5028,0.00
Area127 (12) troll 270 697,,Spring_Cr_col,5030,0.99,Big_Cr_H_Col,5030,0.01,Abernathy_Cr_Fa,5008,0.00,Abernathy_NFH_F,5008,0.00,,,
Area127 (12) troll 270 698,,Cowlitz_H_fa,5008,0.48,Green_R_Fa,5008,0.40,Abernathy_Cr_Fa,5008,0.04,Washougal_R_Fa,5008,0.03,Lewis_R_Su,5008,0.01
Area127 (12) troll 270 699,,George_Adams_H,5005,0.59,Hamma_Hamma_R,5005,0.35,Grovers_Cr_H,5020,0.04,NF_Skokomish_F,5005,0.01,Cedar_R_SuFa,5020,0.01
Area127 (12) troll 270 700,,George_Adams_H,5005,0.55,Hamma_Hamma_R,5005,0.42,S_Prairie_Cr,5020,0.01,Snoqualmie_R,5016,0.01,Cedar_R_SuFa,5020,0.01
Area127 (12) troll 270 701,,Sol_Duc_H,5028,0.92,Green_R_Fa,5008,0.08,Cowlitz_H_fa,5008,0.00,,,,,,
Area127 (12) troll 270 702,,George_Adams_H,5005,0.40,Hamma_Hamma_R,5005,0.22,Bear_Cr_SuFa,5020,0.15,Snoqualmie_R,5016,0.11,Grovers_Cr_H,5020,0.06
Area127 (12) troll 270 703,,Harrison,3,1.00,Chilliwac@Stav,3,0.00,Capilano,9,0.00,,,,,,
Area127 (12) troll 270 704,,U_Sauk_R_SpSu,5016,0.95,Skagit_R,5016,0.04,U_Skagit_R,5016,0.01,L_Skagit_R_Fa,5016,0.00,Hamma_Hamma_R,5005,0.00
Area127 (12) troll 270 705,,U_Sauk_R_SpSu,5016,0.94,L_Skagit_R_Fa,5016,0.03,Snoqualmie_R,5016,0.01,Bear_Cr_SuFa,5020,0.01,U_Sauk_R,5016,0.00
Area127 (12) troll 270 706,,U_Sauk_R_SpSu,5016,0.96,Harrison,3,0.03,Hamma_Hamma_R,5005,0.00,George_Adams_H,5005,0.00,Marblemount_Hsu,5016,0.00
Area127 (12) troll 270 707,,Harrison,3,1.00,Chilliwac@Stav,3,0.00,Chilliwack_F,3,0.00,,,,,,
Area127 (12) troll 270 708,,U_Sauk_R_SpSu,5016,0.97,L_Skagit_R_Fa,5016,0.01,Snoqualmie_R,5016,0.01,George_Adams_H,5005,0.00,Grovers_Cr_H,5020,0.00
Area127 (12) troll 270 709,,Priest_Rapid_H,5026,0.80,Umatilla_H,5026,0.18,Methow_R,5026,0.02,Hanford_Reach,5026,0.00,Priest_Rapids_H,5026,0.00
Area127 (12) troll 270 710,,Queets_R,5028,0.88,Hoh_R,5028,0.09,Quilayute_R,5028,0.03,Forks_Cr_H,5028,0.00,Bear_Cr_SuFa,5020,0.00
Area127 (12) troll 270 711,,Priest_Rapid_H,5026,0.75,Stanislaus_R,5001,0.06,Methow_R,5026,0.05,Umatilla_H,5026,0.04,Feather_H_fa,5001,0.02
Area127 (12) troll 270 712,,Queets_R,5028,0.31,Wilson_R,5015,0.31,Yaquina_R,5015,0.18,Trask_R,5015,0.08,Nehalem_R,5015,0.06
Area127 (12) troll 270 713,,Quilayute_R,5028,0.71,Hoh_R,5028,0.13,Harrison,3,0.05,Queets_R,5028,0.02,Cowlitz_H_fa,5008,0.02
Area127 (12) troll 270 714,,Wilson_R,5015,0.57,Queets_R,5028,0.12,Yaquina_R,5015,0.08,Coquille_R,5011,0.05,Hoh_R,5028,0.04
Area127 (12) troll 270 715,,U_Sauk_R_SpSu,5016,0.59,Hamma_Hamma_R,5005,0.17,NF_Nooksack_H,5016,0.11,Elochoman_R_Fa,5008,0.04,Skagit_R,5016,0.03
Area127 (12) troll 270 716,,Umatilla_H,5026,0.40,Priest_Rapid_H,5026,0.22,Methow_R,5026,0.15,Wells_H,5026,0.10,Priest_Rapids_H,5026,0.09
Area127 (12) troll 270 717,,Priest_Rapid_H,5026,0.93,Wells_H,5026,0.04,Methow_R,5026,0.01,Umatilla_H,5026,0.01,Wenatchee_R_SF,5026,0.00
Area127 (12) troll 270 718,,Coquille_R,5011,0.90,Sixes_R,5011,0.07,Quilayute_R,5028,0.02,Elk_H,5011,0.01,Wilson_R,5015,0.00
,,,,,,,,,,,,,,,,
Sample: 40, Area23,2012, troll, Dec02-Dec17,,,,,,,,,,,,
Area23 (12) troll 337 100,,Skagit_R,5016,0.65,Marblemount_HSp,5016,0.11,Cedar_R_SuFa,5020,0.11,U_Sauk_R_SpSu,5016,0.03,U_Skagit_R,5016,0.03
Area23 (12) troll 337 101,,George_Adams_H,5005,0.41,Grovers_Cr_H,5020,0.31,Cedar_R_SuFa,5020,0.19,Soos_H,5020,0.06,NF_Skokomish_F,5005,0.02
Area23 (12) troll 337 102,,Cedar_R_SuFa,5020,0.91,George_Adams_H,5005,0.06,Soos_H,5020,0.02,Grovers_Cr_H,5020,0.00,Samish_H,5016,0.00
Area23 (12) troll 337 103,,George_Adams_H,5005,0.82,NF_Skokomish_F,5005,0.11,Cedar_R_SuFa,5020,0.06,Hamma_Hamma_R,5005,0.01,Grovers_Cr_H,5020,0.00
Area23 (12) troll 337 104,,Cedar_R_SuFa,5020,0.86,George_Adams_H,5005,0.04,Soos_H,5020,0.03,Grovers_Cr_H,5020,0.02,NF_Skokomish_F,5005,0.02
Area23 (12) troll 337 105,,Cedar_R_SuFa,5020,0.48,George_Adams_H,5005,0.36,NF_Skokomish_F,5005,0.08,Soos_H,5020,0.05,Hamma_Hamma_R,5005,0.02
Area23 (12) troll 337 106,,Cedar_R_SuFa,5020,0.89,George_Adams_H,5005,0.09,Soos_H,5020,0.01,NF_Skokomish_F,5005,0.01,Grovers_Cr_H,5020,0.01
Area23 (12) troll 337 107,,George_Adams_H,5005,0.41,Grovers_Cr_H,5020,0.37,Samish_H,5016,0.09,Cedar_R_SuFa,5020,0.07,NF_Skokomish_F,5005,0.02
Area23 (12) troll 337 108,,Skagit_R,5016,0.98,George_Adams_H,5005,0.01,Cedar_R_SuFa,5020,0.01,NF_Skokomish_F,5005,0.00,Grovers_Cr_H,5020,0.00
Area23 (12) troll 337 109,,Skagit_R,5016,0.42,U_Sauk_R_SpSu,5016,0.17,Grovers_Cr_H,5020,0.16,Cedar_R_SuFa,5020,0.12,George_Adams_H,5005,0.07
Area23 (12) troll 337 110,,Cedar_R_SuFa,5020,0.69,Grovers_Cr_H,5020,0.25,Soos_H,5020,0.04,George_Adams_H,5005,0.02,NF_Skokomish_F,5005,0.00
Area23 (12) troll 337 111,,Umatilla_H,5026,0.53,Priest_Rapid_H,5026,0.34,Hanford_Reach,5026,0.07,Nez_PerceT_H,5021,0.05,Lyons_Ferry_H,5021,0.00
Area23 (12) troll 337 112,,Cedar_R_SuFa,5020,0.93,George_Adams_H,5005,0.04,Soos_H,5020,0.02,NF_Skokomish_F,5005,0.01,Samish_H,5016,0.00
Area23 (12) troll 337 113,,Cedar_R_SuFa,5020,0.55,Grovers_Cr_H,5020,0.23,Soos_H,5020,0.11,Skagit_R,5016,0.03,Samish_H,5016,0.02
Area23 (12) troll 337 114,,Cedar_R_SuFa,5020,0.42,George_Adams_H,5005,0.32,Grovers_Cr_H,5020,0.18,Hamma_Hamma_R,5005,0.03,NF_Skokomish_F,5005,0.03
Area23 (12) troll 337 115,,George_Adams_H,5005,0.42,Cedar_R_SuFa,5020,0.34,Samish_H,5016,0.16,Soos_H,5020,0.04,Hamma_Hamma_R,5005,0.02
Area23 (12) troll 337 116,,Spring_Cr_col,5030,0.99,Abernathy_NFH_F,5008,0.01,Elochoman_H,5030,0.00,,,,,,
Area23 (12) troll 337 117,,Cedar_R_SuFa,5020,0.92,Soos_H,5020,0.07,George_Adams_H,5005,0.01,Hamma_Hamma_R,5005,0.00,NF_Skokomish_F,5005,0.00
Area23 (12) troll 337 118,,George_Adams_H,5005,0.73,Cedar_R_SuFa,5020,0.19,NF_Skokomish_F,5005,0.06,Soos_H,5020,0.02,Grovers_Cr_H,5020,0.00
Area23 (12) troll 337 119,,Spring_Cr_col,5030,1.00,,,,,,,,,,,,
Area23 (12) troll 337 120,,Cedar_R_SuFa,5020,0.77,Soos_H,5020,0.16,George_Adams_H,5005,0.04,Grovers_Cr_H,5020,0.02,Hamma_Hamma_R,5005,0.01
Area23 (12) troll 337 121,,Cedar_R_SuFa,5020,0.82,Samish_H,5016,0.09,NF_Skokomish_F,5005,0.05,George_Adams_H,5005,0.03,Grovers_Cr_H,5020,0.01
Area23 (12) troll 337 122,,Grovers_Cr_H,5020,0.65,George_Adams_H,5005,0.18,Soos_H,5020,0.16,S_Prairie_Cr,5020,0.01,NF_Skokomish_F,5005,0.00
Area23 (12) troll 337 123,,George_Adams_H,5005,0.86,NF_Skokomish_F,5005,0.10,Cedar_R_SuFa,5020,0.02,Grovers_Cr_H,5020,0.01,Hamma_Hamma_R,5005,0.00
Area23 (12) troll 337 124,,Cedar_R_SuFa,5020,0.83,Soos_H,5020,0.13,George_Adams_H,5005,0.03,Grovers_Cr_H,5020,0.01,Clear_Cr_H,5020,0.00
Area23 (12) troll 337 125,,Cedar_R_SuFa,5020,0.84,George_Adams_H,5005,0.11,Samish_H,5016,0.03,Soos_H,5020,0.01,Hamma_Hamma_R,5005,0.01
Area23 (12) troll 337 126,,George_Adams_H,5005,0.60,Cedar_R_SuFa,5020,0.23,Skagit_R,5016,0.11,NF_Skokomish_F,5005,0.03,Soos_H,5020,0.02
Area23 (12) troll 337 127,,Grovers_Cr_H,5020,0.27,Cedar_R_SuFa,5020,0.23,George_Adams_H,5005,0.21,Skagit_R,5016,0.12,Soos_H,5020,0.07
Area23 (12) troll 337 128,,NF_Nooksack_H,5016,1.00,,,,,,,,,,,,
Area23 (12) troll 337 129,,Skagit_R,5016,0.50,Grovers_Cr_H,5020,0.27,U_Sauk_R_SpSu,5016,0.21,S_Prairie_Cr,5020,0.00,U_Sauk_R,5016,0.00
Area23 (12) troll 337 130,,Cedar_R_SuFa,5020,0.86,George_Adams_H,5005,0.08,Soos_H,5020,0.05,Skagit_R,5016,0.01,S_Prairie_Cr,5020,0.00
Area23 (12) troll 337 81,,Skagit_R,5016,0.93,U_Sauk_R_SpSu,5016,0.05,Marblemount_Hsu,5016,0.01,Umatilla_H,5026,0.01,U_Sauk_R,5016,0.00
Area23 (12) troll 337 82,,Cedar_R_SuFa,5020,0.88,Soos_H,5020,0.11,Grovers_Cr_H,5020,0.01,George_Adams_H,5005,0.01,Skagit_R,5016,0.00
Area23 (12) troll 337 83,,Cedar_R_SuFa,5020,0.69,Soos_H,5020,0.10,Skagit_R,5016,0.09,George_Adams_H,5005,0.09,Priest_Rapid_H,5026,0.01
Area23 (12) troll 337 84,,George_Adams_H,5005,0.74,Dungeness_R,5006,0.13,NF_Skokomish_F,5005,0.09,Hamma_Hamma_R,5005,0.02,Cedar_R_SuFa,5020,0.02
Area23 (12) troll 337 85,,Skagit_R,5016,0.89,U_Sauk_R_SpSu,5016,0.11,,,,,,,,,
Area23 (12) troll 337 86,,Cedar_R_SuFa,5020,0.87,Skagit_R,5016,0.07,Soos_H,5020,0.04,U_Sauk_R_SpSu,5016,0.00,L_Skagit_R_Fa,5016,0.00
Area23 (12) troll 337 87,,Grovers_Cr_H,5020,0.70,Soos_H,5020,0.14,Cedar_R_SuFa,5020,0.08,Skagit_R,5016,0.04,U_Sauk_R_SpSu,5016,0.03
Area23 (12) troll 337 88,,Skagit_R,5016,0.97,U_Sauk_R_SpSu,5016,0.03,Marblemount_HSp,5016,0.00,George_Adams_H,5005,0.00,Grovers_Cr_H,5020,0.00
Area23 (12) troll 337 89,,Chilliwack_F,3,0.98,Chilliwac@Stav,3,0.02,Harrison,3,0.00,,,,,,
Area23 (12) troll 337 90,,Skagit_R,5016,0.92,U_Sauk_R_SpSu,5016,0.03,George_Adams_H,5005,0.02,Cedar_R_SuFa,5020,0.02,Grovers_Cr_H,5020,0.00
Area23 (12) troll 337 91,,George_Adams_H,5005,0.85,NF_Skokomish_F,5005,0.08,Grovers_Cr_H,5020,0.02,Soos_H,5020,0.02,Cedar_R_SuFa,5020,0.02
Area23 (12) troll 337 92,,Skagit_R,5016,1.00,Marblemount_HSp,5016,0.00,U_Sauk_R_SpSu,5016,0.00,,,,,,
Area23 (12) troll 337 93,,Cedar_R_SuFa,5020,0.87,Samish_H,5016,0.08,Skagit_R,5016,0.03,George_Adams_H,5005,0.01,U_Sauk_R_SpSu,5016,0.00
Area23 (12) troll 337 94,,Umatilla_H,5026,0.51,Priest_Rapid_H,5026,0.25,Grovers_Cr_H,5020,0.05,Skagit_R,5016,0.04,Hanford_Reach,5026,0.04
Area23 (12) troll 337 95,,George_Adams_H,5005,0.51,Skagit_R,5016,0.34,U_Sauk_R_SpSu,5016,0.06,NF_Skokomish_F,5005,0.05,Cedar_R_SuFa,5020,0.03
Area23 (12) troll 337 96,,Cedar_R_SuFa,5020,0.55,U_Sauk_R_SpSu,5016,0.36,Skagit_R,5016,0.07,Sandy_R,5008,0.01,L_Thompson,5,0.00
Area23 (12) troll 337 97,,George_Adams_H,5005,0.53,Cedar_R_SuFa,5020,0.26,Grovers_Cr_H,5020,0.14,Samish_H,5016,0.04,NF_Skokomish_F,5005,0.03
Area23 (12) troll 337 98,,Skagit_R,5016,0.32,Cedar_R_SuFa,5020,0.22,U_Sauk_R_SpSu,5016,0.17,Grovers_Cr_H,5020,0.06,George_Adams_H,5005,0.06
Area23 (12) troll 337 99,,U_Sauk_R_SpSu,5016,0.81,Skagit_R,5016,0.18,Cedar_R_SuFa,5020,0.01,NF_Nooksack_H,5016,0.00,Marblemount_HSp,5016,0.00
Area23 (12) troll 342 131,,Marblemount_HSp,5016,0.92,Skagit_R,5016,0.08,U_Sauk_R_SpSu,5016,0.00,U_Skagit_R,5016,0.00,,,
Area23 (12) troll 342 132,,Cedar_R_SuFa,5020,0.66,George_Adams_H,5005,0.19,Soos_H,5020,0.10,NF_Skokomish_F,5005,0.02,Samish_H,5016,0.02
Area23 (12) troll 342 133,,Cedar_R_SuFa,5020,0.95,Soos_H,5020,0.03,George_Adams_H,5005,0.02,Hamma_Hamma_R,5005,0.01,Samish_H,5016,0.00
Area23 (12) troll 342 134,,Marblemount_HSp,5016,0.81,U_Sauk_R_SpSu,5016,0.13,U_Skagit_R,5016,0.04,Skagit_R,5016,0.02,U_Sauk_R,5016,0.00
Area23 (12) troll 342 135,,George_Adams_H,5005,0.69,Cedar_R_SuFa,5020,0.25,NF_Skokomish_F,5005,0.03,Soos_H,5020,0.01,Samish_H,5016,0.00
Area23 (12) troll 342 136,,Cedar_R_SuFa,5020,0.76,George_Adams_H,5005,0.18,Soos_H,5020,0.03,Samish_H,5016,0.02,NF_Skokomish_F,5005,0.01
Area23 (12) troll 342 137,,Cedar_R_SuFa,5020,0.43,George_Adams_H,5005,0.31,Soos_H,5020,0.13,NF_Skokomish_F,5005,0.06,Samish_H,5016,0.05
Area23 (12) troll 342 138,,Marblemount_HSp,5016,0.87,Skagit_R,5016,0.06,George_Adams_H,5005,0.05,Cedar_R_SuFa,5020,0.01,U_Sauk_R_SpSu,5016,0.00
Area23 (12) troll 342 139,,Cedar_R_SuFa,5020,0.81,Soos_H,5020,0.14,Skagit_R,5016,0.04,Umatilla_H,5026,0.00,George_Adams_H,5005,0.00
Area23 (12) troll 342 140,,George_Adams_H,5005,0.73,Cedar_R_SuFa,5020,0.16,Samish_H,5016,0.05,NF_Skokomish_F,5005,0.05,Grovers_Cr_H,5020,0.01
Area23 (12) troll 342 141,,Cedar_R_SuFa,5020,0.74,Samish_H,5016,0.14,George_Adams_H,5005,0.07,Hamma_Hamma_R,5005,0.02,NF_Skokomish_F,5005,0.02
Area23 (12) troll 342 142,,U_Sauk_R_SpSu,5016,0.64,Skagit_R,5016,0.34,Marblemount_HSp,5016,0.02,U_Skagit_R,5016,0.00,Kitimat,10,0.00
Area23 (12) troll 342 143,,Cedar_R_SuFa,5020,0.98,Samish_H,5016,0.01,George_Adams_H,5005,0.01,Soos_H,5020,0.00,Hamma_Hamma_R,5005,0.00
Area23 (12) troll 342 144,,Cedar_R_SuFa,5020,0.95,George_Adams_H,5005,0.03,Soos_H,5020,0.01,Samish_H,5016,0.01,Grovers_Cr_H,5020,0.00
Area23 (12) troll 342 145,,Spring_Cr_col,5030,1.00,Abernathy_NFH_F,5008,0.00,Elochoman_H,5030,0.00,Green_R_Fa,5008,0.00,Abernathy_Cr_Fa,5008,0.00
Area23 (12) troll 342 146,,Cedar_R_SuFa,5020,0.94,Soos_H,5020,0.04,George_Adams_H,5005,0.02,Grovers_Cr_H,5020,0.00,NF_Skokomish_F,5005,0.00
Area23 (12) troll 342 147,,Cedar_R_SuFa,5020,0.39,George_Adams_H,5005,0.29,Grovers_Cr_H,5020,0.25,Soos_H,5020,0.05,Samish_H,5016,0.01
Area23 (12) troll 342 148,,Cedar_R_SuFa,5020,0.95,Grovers_Cr_H,5020,0.02,Skagit_R,5016,0.01,NF_Skokomish_F,5005,0.01,Marblemount_HSp,5016,0.01
Area23 (12) troll 342 149,,Marblemount_HSp,5016,0.81,Skagit_R,5016,0.11,U_Skagit_R,5016,0.08,Cedar_R_SuFa,5020,0.00,U_Sauk_R_SpSu,5016,0.00
Area23 (12) troll 342 150,,Cedar_R_SuFa,5020,0.87,Dungeness_R,5006,0.07,Soos_H,5020,0.04,George_Adams_H,5005,0.02,Samish_H,5016,0.00
Area23 (12) troll 342 151,,Umatilla_H,5026,0.51,Priest_Rapid_H,5026,0.32,Hanford_Reach,5026,0.06,Nez_PerceT_H,5021,0.06,Lyons_Ferry_H,5021,0.01
Area23 (12) troll 342 152,,Cedar_R_SuFa,5020,0.42,Chilliwack_F,3,0.33,George_Adams_H,5005,0.09,Umatilla_H,5026,0.02,Priest_Rapid_H,5026,0.02
Area23 (12) troll 342 153,,U_Sauk_R_SpSu,5016,0.51,Skagit_R,5016,0.42,U_Skagit_R,5016,0.05,Marblemount_HSp,5016,0.02,NF_Nooksack_H,5016,0.00
Area23 (12) troll 342 154,,NF_Nooksack_H,5016,0.99,Skagit_R,5016,0.01,Cedar_R_SuFa,5020,0.00,,,,,,
Area23 (12) troll 342 155,,Cedar_R_SuFa,5020,0.97,Skagit_R,5016,0.01,George_Adams_H,5005,0.01,Soos_H,5020,0.01,S_Prairie_Cr,5020,0.00
Area23 (12) troll 342 156,,Skagit_R,5016,0.93,NF_Nooksack_H,5016,0.03,Grovers_Cr_H,5020,0.02,U_Sauk_R_SpSu,5016,0.02,Cedar_R_SuFa,5020,0.01
Area23 (12) troll 352 157,,Cedar_R_SuFa,5020,0.63,Soos_H,5020,0.13,NF_Nooksack_H,5016,0.08,Dungeness_R,5006,0.04,Skagit_R,5016,0.03
Area23 (12) troll 352 158,Number of missing Loci exceeded,,,,,,,,,,,,,,,
Area23 (12) troll 352 159,Number of missing Loci exceeded,,,,,,,,,,,,,,,
Area23 (12) troll 352 160,Number of missing Loci exceeded,,,,,,,,,,,,,,,
Area23 (12) troll 352 161,,Cedar_R_SuFa,5020,0.91,Soos_H,5020,0.05,George_Adams_H,5005,0.02,Samish_H,5016,0.01,NF_Skokomish_F,5005,0.01
Area23 (12) troll 352 162,,Cedar_R_SuFa,5020,0.76,Soos_H,5020,0.06,NF_Skokomish_F,5005,0.06,Spring_Cr_col,5030,0.04,George_Adams_H,5005,0.04
Area23 (12) troll 352 163,Number of missing Loci exceeded,,,,,,,,,,,,,,,
Area23 (12) troll 352 164,Number of missing Loci exceeded,,,,,,,,,,,,,,,
Area23 (12) troll 352 165,Number of missing Loci exceeded,,,,,,,,,,,,,,,
Area23 (12) troll 352 166,,Grovers_Cr_H,5020,0.46,George_Adams_H,5005,0.20,Cedar_R_SuFa,5020,0.19,Samish_H,5016,0.05,Soos_H,5020,0.05
Area23 (12) troll 352 167,Number of missing Loci exceeded,,,,,,,,,,,,,,,
Area23 (12) troll 352 168,,Cedar_R_SuFa,5020,0.30,George_Adams_H,5005,0.27,Grovers_Cr_H,5020,0.23,Soos_H,5020,0.09,NF_Skokomish_F,5005,0.04
Area23 (12) troll 352 169,Number of missing Loci exceeded,,,,,,,,,,,,,,,
Area23 (12) troll 352 170,Number of missing Loci exceeded,,,,,,,,,,,,,,,
Area23 (12) troll 352 174,Number of missing Loci exceeded,,,,,,,,,,,,,,,
Area23 (12) troll 352 175,Number of missing Loci exceeded,,,,,,,,,,,,,,,
Area23 (12) troll 352 176,Number of missing Loci exceeded,,,,,,,,,,,,,,,
Area23 (12) troll 352 179,,Cedar_R_SuFa,5020,0.75,Soos_H,5020,0.13,George_Adams_H,5005,0.08,Skagit_R,5016,0.02,U_Sauk_R_SpSu,5016,0.01
Area23 (12) troll 352 180,Number of missing Loci exceeded,,,,,,,,,,,,,,,
,,,,,,,,,,,,,,,,
Sample: 41, Area123,2013, troll, Oct11,,,,,,,,,,,,
Area123 (13) troll 284 572,,Butte_Cr_f,5001,0.90,Feather_H_fa,5001,0.10,Nez_PerceT_H,5021,0.00,Battle_Cr,5001,0.00,,,
Area123 (13) troll 284 573,,U_Sauk_R_SpSu,5016,1.00,ClearwaterRFa,5021,0.00,Skagit_R,5016,0.00,Umatilla_H,5026,0.00,Atnarko,10,0.00
Area123 (13) troll 284 576,,Butte_Cr_f,5001,0.46,Umatilla_H_Fa,5026,0.22,L_Deschutes_R,5004,0.19,Feather_H_fa,5001,0.11,Umatilla_H,5026,0.01
Area123 (13) troll 284 577,,Grovers_Cr_H,5020,0.55,Soos_H,5020,0.32,U_Sauk_R_SpSu,5016,0.09,Voights_H,5020,0.01,Nez_PerceT_H,5021,0.01
Area123 (13) troll 284 579,,Cowichan,7,0.84,Big_Qualicum,7,0.12,L_Qualicum,7,0.02,Cheakamus_F,9,0.01,Puntledge_F,7,0.01
Area123 (13) troll 284 580,,Nez_PerceT_H,5021,0.84,ClearwaterRFa,5021,0.10,L_Deschutes_R,5004,0.02,Marion_Drain_Fa,5026,0.02,Hanford_Reach,5026,0.01
Area123 (13) troll 284 581,,Grovers_Cr_H,5020,0.63,U_Sauk_R_SpSu,5016,0.20,Soos_H,5020,0.05,L_Skagit_R_Fa,5016,0.05,Hamma_Hamma_R,5005,0.04
Area123 (13) troll 284 582,,Butte_Cr_f,5001,0.73,Feather_H_fa,5001,0.27,,,,,,,,,
Area123 (13) troll 284 583,,U_Sauk_R_SpSu,5016,0.98,Marblemount_HSp,5016,0.02,Harrison,3,0.00,Soos_H,5020,0.00,U_Skagit_R,5016,0.00
Area123 (13) troll 284 584,,Washougal_R_Fa,5008,0.84,Lewis_R_f,5008,0.13,Sandy_R,5008,0.02,Lewis_R_Su,5008,0.00,Cowlitz_H_fa,5008,0.00
Area123 (13) troll 284 585,,Voights_H,5020,0.55,Soos_H,5020,0.33,UW_H_SuFa,5020,0.09,George_Adams_H,5005,0.01,U_Sauk_R_SpSu,5016,0.01
Area123 (13) troll 284 586,,ClearwaterRFa,5021,0.60,Hanford_Reach,5026,0.11,Priest_Rapid_H,5026,0.09,Nez_PerceT_H,5021,0.07,Wenatchee_R_SF,5026,0.05
Area123 (13) troll 284 590,,U_Sauk_R_SpSu,5016,0.49,Nez_PerceT_H,5021,0.22,L_Deschutes_R,5004,0.14,Butte_Cr_f,5001,0.10,Soos_H,5020,0.01
Area123 (13) troll 284 591,,Butte_Cr_f,5001,0.80,Feather_H_fa,5001,0.16,Nez_PerceT_H,5021,0.02,George_Adams_H,5005,0.01,Hamma_Hamma_R,5005,0.00
Area123 (13) troll 284 592,,Butte_Cr_f,5001,0.79,Feather_H_fa,5001,0.21,Feather_H_sp,5002,0.00,,,,,,
Area123 (13) troll 284 593,,Nez_PerceT_H,5021,0.53,Butte_Cr_f,5001,0.31,Hanford_Reach,5026,0.05,ClearwaterRFa,5021,0.05,L_Deschutes_R,5004,0.03
Area123 (13) troll 284 594,,Grovers_Cr_H,5020,0.78,George_Adams_H,5005,0.10,Hamma_Hamma_R,5005,0.07,Voights_H,5020,0.02,Soos_H,5020,0.01
Area123 (13) troll 284 595,,Nez_PerceT_H,5021,0.71,Umatilla_H_Fa,5026,0.08,L_Deschutes_R,5004,0.07,ClearwaterRFa,5021,0.06,Priest_Rapid_H,5026,0.03
Area123 (13) troll 284 596,,U_Sauk_R_SpSu,5016,0.77,Marblemount_HSp,5016,0.23,U_Skagit_R,5016,0.00,L_Skagit_R_Fa,5016,0.00,,,
Area123 (13) troll 284 597,,Nez_PerceT_H,5021,0.13,Cowichan,7,0.09,Washougal_R_Fa,5008,0.09,Voights_H,5020,0.09,U_Sauk_R_SpSu,5016,0.07
Area123 (13) troll 284 599,,Soos_H,5020,0.87,Bear_Cr_SuFa,5020,0.05,Voights_H,5020,0.04,George_Adams_H,5005,0.03,Hamma_Hamma_R,5005,0.01
Area123 (13) troll 284 600,,U_Sauk_R_SpSu,5016,1.00,Skykomish_R,5016,0.00,Bear_Cr_SuFa,5020,0.00,Soos_H,5020,0.00,Voights_H,5020,0.00
Area123 (13) troll 284 601,,Spring_Cr_col,5030,0.99,Abernathy_Cr_Fa,5008,0.00,Washougal_R_Fa,5008,0.00,Sandy_R,5008,0.00,Cowlitz_H_fa,5008,0.00
Area123 (13) troll 284 602,,Nez_PerceT_H,5021,0.88,Hanford_Reach,5026,0.05,ClearwaterRFa,5021,0.04,L_Deschutes_R,5004,0.02,Priest_Rapid_H,5026,0.01
Area123 (13) troll 284 603,,U_Sauk_R_SpSu,5016,0.68,Umatilla_H_Fa,5026,0.20,Hanford_Reach,5026,0.09,Nez_PerceT_H,5021,0.02,L_Skagit_R_Fa,5016,0.01
Area123 (13) troll 284 604,,Butte_Cr_f,5001,0.83,Feather_H_fa,5001,0.16,Hanford_Reach,5026,0.01,Feather_H_sp,5002,0.00,Nez_PerceT_H,5021,0.00
Area123 (13) troll 284 605,,Nez_PerceT_H,5021,0.63,Umatilla_H_Fa,5026,0.22,Hanford_Reach,5026,0.12,Priest_Rapid_H,5026,0.01,ClearwaterRFa,5021,0.01
Area123 (13) troll 284 606,,Butte_Cr_f,5001,0.52,Nez_PerceT_H,5021,0.34,Feather_H_fa,5001,0.09,L_Deschutes_R,5004,0.03,Stanislaus_R,5001,0.01
Area123 (13) troll 284 607,,Grovers_Cr_H,5020,0.66,Voights_H,5020,0.10,Soos_H,5020,0.09,Hamma_Hamma_R,5005,0.07,Bear_Cr_SuFa,5020,0.04
Area123 (13) troll 284 608,,Nez_PerceT_H,5021,0.83,L_Deschutes_R,5004,0.14,Priest_Rapid_H,5026,0.01,Hanford_Reach,5026,0.01,ClearwaterRFa,5021,0.00
Area123 (13) troll 284 609,,Nez_PerceT_H,5021,0.78,ClearwaterRFa,5021,0.14,L_Deschutes_R,5004,0.05,Hanford_Reach,5026,0.01,Umatilla_H,5026,0.01
Area123 (13) troll 284 610,,Cowichan,7,0.71,George_Adams_H,5005,0.12,Big_Qualicum,7,0.08,Grovers_Cr_H,5020,0.03,Soos_H,5020,0.03
Area123 (13) troll 284 611,,Butte_Cr_f,5001,0.81,Feather_H_fa,5001,0.19,L_Deschutes_R,5004,0.00,Battle_Cr,5001,0.00,,,
Area123 (13) troll 284 612,,Washougal_R_Fa,5008,0.97,Lewis_R_f,5008,0.02,Lewis_R_Su,5008,0.01,Green_R_Fa,5008,0.00,Sandy_R,5008,0.00
Area123 (13) troll 284 613,,Butte_Cr_f,5001,0.72,Feather_H_fa,5001,0.27,Lewis_R_f,5008,0.00,Washougal_R_Fa,5008,0.00,Stanislaus_R,5001,0.00
Area123 (13) troll 284 614,,Soos_H,5020,0.51,George_Adams_H,5005,0.39,Grovers_Cr_H,5020,0.04,Hamma_Hamma_R,5005,0.03,UW_H_SuFa,5020,0.01
Area123 (13) troll 284 615,,Chilliwack_F,3,0.88,Harrison,3,0.08,Barriere,4,0.02,Lemieux_Cr,4,0.02,Chilliwac@Stav,3,0.00
Area123 (13) troll 284 616,,Cowichan,7,0.78,Big_Qualicum,7,0.13,Puntledge_F,7,0.04,L_Qualicum,7,0.04,Cheakamus_F,9,0.01
Area123 (13) troll 284 617,,Soos_H,5020,0.71,Voights_H,5020,0.23,Bear_Cr_SuFa,5020,0.03,George_Adams_H,5005,0.01,Grovers_Cr_H,5020,0.01
Area123 (13) troll 284 618,,Grovers_Cr_H,5020,0.85,Hamma_Hamma_R,5005,0.06,George_Adams_H,5005,0.05,Soos_H,5020,0.03,Voights_H,5020,0.01
Area123 (13) troll 284 619,,Butte_Cr_f,5001,0.83,Feather_H_fa,5001,0.17,Battle_Cr,5001,0.00,Feather_H_sp,5002,0.00,,,
Area123 (13) troll 284 620,,Umatilla_H_Fa,5026,0.39,Hanford_Reach,5026,0.25,Nez_PerceT_H,5021,0.22,Priest_Rapid_H,5026,0.06,Applegate_Cr,5019,0.05
Area123 (13) troll 284 621,,Spring_Cr_col,5030,0.98,Washougal_R_Fa,5008,0.01,Elochoman_R_Fa,5008,0.00,Cowlitz_H_fa,5008,0.00,Abernathy_Cr_Fa,5008,0.00
Area123 (13) troll 284 622,,U_Sauk_R_SpSu,5016,0.80,Washougal_R_Fa,5008,0.11,Marblemount_HSp,5016,0.03,Nez_PerceT_H,5021,0.03,Skagit_R,5016,0.01
Area123 (13) troll 284 623,,Washougal_R_Fa,5008,0.81,Abernathy_Cr_Fa,5008,0.07,Cowlitz_H_fa,5008,0.07,Spring_Cr_col,5030,0.04,Green_R_Fa,5008,0.01
Area123 (13) troll 284 624,,Grovers_Cr_H,5020,0.90,Hamma_Hamma_R,5005,0.08,Voights_H,5020,0.01,Soos_H,5020,0.01,Bear_Cr_SuFa,5020,0.00
Area123 (13) troll 284 625,,Voights_H,5020,0.63,Soos_H,5020,0.11,Hamma_Hamma_R,5005,0.08,George_Adams_H,5005,0.07,UW_H_SuFa,5020,0.05
Area123 (13) troll 284 626,,N_Santiam_H,5029,0.44,Nez_PerceT_H,5021,0.25,McKenzie_H,5029,0.21,Hanford_Reach,5026,0.05,Umatilla_H_Fa,5026,0.04
Area123 (13) troll 284 627,,Soos_H,5020,0.35,George_Adams_H,5005,0.34,Voights_H,5020,0.20,Hamma_Hamma_R,5005,0.04,L_Skagit_R_Fa,5016,0.02
Area123 (13) troll 284 628,,George_Adams_H,5005,0.87,Hamma_Hamma_R,5005,0.07,NF_Skokomish_F,5005,0.02,Grovers_Cr_H,5020,0.02,Voights_H,5020,0.01
Area123 (13) troll 284 629,,Spring_Cr_col,5030,0.93,Washougal_R_Fa,5008,0.05,Abernathy_Cr_Fa,5008,0.01,Abernathy_NFH_F,5008,0.00,Green_R_Fa,5008,0.00
Area123 (13) troll 284 630,,Spring_Cr_col,5030,0.92,Washougal_R_Fa,5008,0.05,Voights_H,5020,0.01,Hamma_Hamma_R,5005,0.01,Abernathy_Cr_Fa,5008,0.01
Area123 (13) troll 284 631,,Washougal_R_Fa,5008,0.99,Spring_Cr_col,5030,0.01,Abernathy_Cr_Fa,5008,0.00,Elochoman_R_Fa,5008,0.00,George_Adams_H,5005,0.00
Area123 (13) troll 284 632,,Umatilla_H_Fa,5026,0.18,Cowlitz_H_fa,5008,0.17,Lewis_R_f,5008,0.11,Nez_PerceT_H,5021,0.09,Spring_Cr_col,5030,0.09
Area123 (13) troll 284 633,,Washougal_R_Fa,5008,0.87,Cowlitz_H_fa,5008,0.10,Abernathy_Cr_Fa,5008,0.01,Green_R_Fa,5008,0.01,Lewis_R_f,5008,0.01
Area123 (13) troll 284 634,,Washougal_R_Fa,5008,0.98,Cowlitz_H_fa,5008,0.01,Green_R_Fa,5008,0.01,Elochoman_H,5030,0.00,Abernathy_Cr_Fa,5008,0.00
Area123 (13) troll 284 635,,Washougal_R_Fa,5008,0.77,Lewis_R_f,5008,0.10,Cowlitz_H_sp,5009,0.08,Cowlitz_H_fa,5008,0.03,Green_R_Fa,5008,0.01
Area123 (13) troll 284 636,,Grovers_Cr_H,5020,0.54,Soos_H,5020,0.14,Hamma_Hamma_R,5005,0.10,L_Skagit_R_Fa,5016,0.09,George_Adams_H,5005,0.06
Area123 (13) troll 284 637,,Spring_Cr_col,5030,0.76,Washougal_R_Fa,5008,0.24,Abernathy_Cr_Fa,5008,0.00,Elochoman_H,5030,0.00,Abernathy_NFH_F,5008,0.00
Area123 (13) troll 284 638,,Washougal_R_Fa,5008,0.93,Lewis_R_f,5008,0.03,Green_R_Fa,5008,0.02,Spring_Cr_col,5030,0.02,Abernathy_Cr_Fa,5008,0.00
Area123 (13) troll 284 639,,Washougal_R_Fa,5008,0.96,Green_R_Fa,5008,0.02,Lewis_R_f,5008,0.01,Sandy_R,5008,0.00,Cowlitz_H_fa,5008,0.00
Area123 (13) troll 284 640,,Spring_Cr_col,5030,0.99,Abernathy_Cr_Fa,5008,0.00,Abernathy_NFH_F,5008,0.00,Big_Cr_H_Col,5030,0.00,,,
Area123 (13) troll 284 641,,Butte_Cr_f,5001,0.82,Feather_H_fa,5001,0.17,Stanislaus_R,5001,0.00,Nez_PerceT_H,5021,0.00,Battle_Cr,5001,0.00
Area123 (13) troll 284 642,,Soos_H,5020,0.41,Voights_H,5020,0.27,Grovers_Cr_H,5020,0.18,Hamma_Hamma_R,5005,0.08,UW_H_SuFa,5020,0.02
Area123 (13) troll 284 643,,Voights_H,5020,0.74,Soos_H,5020,0.22,NF_Nooksack_H,5016,0.02,U_Sauk_R_SpSu,5016,0.01,King_Cr,5023,0.00
Area123 (13) troll 284 644,,Voights_H,5020,0.77,UW_H_SuFa,5020,0.15,Soos_H,5020,0.06,Hamma_Hamma_R,5005,0.02,Grovers_Cr_H,5020,0.01
Area123 (13) troll 284 645,,Soos_H,5020,0.60,Voights_H,5020,0.37,Grovers_Cr_H,5020,0.01,Hamma_Hamma_R,5005,0.01,George_Adams_H,5005,0.01
Area123 (13) troll 284 646,,Soos_H,5020,0.53,Grovers_Cr_H,5020,0.22,Voights_H,5020,0.18,Cowichan,7,0.03,Bear_Cr_SuFa,5020,0.02
Area123 (13) troll 284 647,,Nez_PerceT_H,5021,0.50,Umatilla_H_Fa,5026,0.32,Hanford_Reach,5026,0.07,L_Deschutes_R,5004,0.04,Priest_Rapid_H,5026,0.02
Area123 (13) troll 284 648,,Spring_Cr_col,5030,1.00,Abernathy_Cr_Fa,5008,0.00,Big_Cr_H_Col,5030,0.00,,,,,,
Area123 (13) troll 284 649,,Washougal_R_Fa,5008,0.95,Abernathy_Cr_Fa,5008,0.02,Green_R_Fa,5008,0.01,Sandy_R,5008,0.01,Cowlitz_H_fa,5008,0.00
Area123 (13) troll 284 650,,U_Sauk_R_SpSu,5016,0.41,Soos_H,5020,0.40,L_Skagit_R_Fa,5016,0.09,George_Adams_H,5005,0.04,Bear_Cr_SuFa,5020,0.01
Area123 (13) troll 284 651,,Grovers_Cr_H,5020,0.80,Voights_H,5020,0.07,Hamma_Hamma_R,5005,0.05,UW_H_SuFa,5020,0.04,George_Adams_H,5005,0.03
Area123 (13) troll 284 652,,Washougal_R_Fa,5008,0.61,Lewis_R_f,5008,0.10,L_Skagit_R_Fa,5016,0.07,Sandy_R,5008,0.06,Abernathy_Cr_Fa,5008,0.06
Area123 (13) troll 284 653,,Spring_Cr_col,5030,1.00,Big_Cr_H_Col,5030,0.00,Abernathy_NFH_F,5008,0.00,,,,,,
Area123 (13) troll 284 654,,Washougal_R_Fa,5008,1.00,Elochoman_H,5030,0.00,Cowlitz_H_fa,5008,0.00,Green_R_Fa,5008,0.00,,,
Area123 (13) troll 284 655,,George_Adams_H,5005,0.64,Soos_H,5020,0.22,Hamma_Hamma_R,5005,0.08,Grovers_Cr_H,5020,0.02,Voights_H,5020,0.01
Area123 (13) troll 284 656,,Washougal_R_Fa,5008,0.70,Cowlitz_H_fa,5008,0.15,Lewis_R_f,5008,0.07,Abernathy_Cr_Fa,5008,0.05,Lewis_R_Su,5008,0.02
Area123 (13) troll 284 657,,ClearwaterRFa,5021,0.34,Hanford_Reach,5026,0.14,Nez_PerceT_H,5021,0.12,Umatilla_H_Fa,5026,0.11,Priest_Rapid_H,5026,0.08
Area123 (13) troll 284 658,,Nez_PerceT_H,5021,0.67,Umatilla_H_Fa,5026,0.14,Hanford_Reach,5026,0.11,Priest_Rapid_H,5026,0.04,Umatilla_H,5026,0.02
Area123 (13) troll 284 659,,Voights_H,5020,0.82,Soos_H,5020,0.09,Hamma_Hamma_R,5005,0.04,Grovers_Cr_H,5020,0.03,George_Adams_H,5005,0.01
Area123 (13) troll 284 660,,Grovers_Cr_H,5020,0.70,Soos_H,5020,0.11,George_Adams_H,5005,0.10,Hamma_Hamma_R,5005,0.07,Bear_Cr_SuFa,5020,0.01
Area123 (13) troll 284 661,,ClearwaterRFa,5021,0.49,Nez_PerceT_H,5021,0.26,Hanford_Reach,5026,0.10,L_Deschutes_R,5004,0.08,Umatilla_H_Fa,5026,0.03
Area123 (13) troll 284 662,,Umatilla_H_Fa,5026,0.49,Hanford_Reach,5026,0.26,Priest_Rapid_H,5026,0.09,Lewis_R_f,5008,0.05,Umatilla_H,5026,0.04
Area123 (13) troll 284 663,,Washougal_R_Fa,5008,0.79,Spring_Cr_col,5030,0.19,Abernathy_Cr_Fa,5008,0.01,Green_R_Fa,5008,0.01,Abernathy_NFH_F,5008,0.00
Area123 (13) troll 284 664,,Grovers_Cr_H,5020,0.88,Hamma_Hamma_R,5005,0.07,Soos_H,5020,0.05,George_Adams_H,5005,0.01,Bear_Cr_SuFa,5020,0.00
Area123 (13) troll 284 665,,Washougal_R_Fa,5008,1.00,Cowlitz_H_fa,5008,0.00,Abernathy_Cr_Fa,5008,0.00,Lewis_R_f,5008,0.00,,,
Area123 (13) troll 284 666,,Soos_H,5020,0.51,George_Adams_H,5005,0.42,Grovers_Cr_H,5020,0.05,Voights_H,5020,0.02,Hamma_Hamma_R,5005,0.01
Area123 (13) troll 284 667,,Soos_H,5020,0.47,Grovers_Cr_H,5020,0.27,Voights_H,5020,0.14,George_Adams_H,5005,0.08,Hamma_Hamma_R,5005,0.04
Area123 (13) troll 284 668,,George_Adams_H,5005,0.39,Soos_H,5020,0.30,UW_H_SuFa,5020,0.14,Voights_H,5020,0.13,Bear_Cr_SuFa,5020,0.02
Area123 (13) troll 284 669,,Soos_H,5020,0.68,Voights_H,5020,0.16,George_Adams_H,5005,0.11,Hamma_Hamma_R,5005,0.02,Grovers_Cr_H,5020,0.02
Area123 (13) troll 284 670,,Washougal_R_Fa,5008,0.86,Cowlitz_H_fa,5008,0.05,Green_R_Fa,5008,0.04,Lewis_R_f,5008,0.04,Lewis_R_Su,5008,0.01
,,,,,,,,,,,,,,,,
Sample: 42, Area124,2013, troll, May02-Aug11,,,,,,,,,,,,
Area124 (13) troll 122 801,,Hanford_Reach,5026,0.46,Priest_Rapid_H,5026,0.40,Wenatchee_R_SF,5026,0.14,Bear_Cr_SuFa,5020,0.00,L_Deschutes_R,5004,0.00
Area124 (13) troll 122 802,,Spring_Cr_col,5030,1.00,,,,,,,,,,,,
Area124 (13) troll 122 803,,George_Adams_H,5005,0.99,Hamma_Hamma_R,5005,0.01,Snoqualmie_R,5016,0.00,Clear_Cr_H,5020,0.00,NF_Skokomish_F,5005,0.00
Area124 (13) troll 122 804,,Spring_Cr_col,5030,1.00,,,,,,,,,,,,
Area124 (13) troll 122 805,,Spring_Cr_col,5030,0.67,Washougal_R_Fa,5008,0.32,Cowlitz_H_fa,5008,0.00,Abernathy_NFH_F,5008,0.00,Elochoman_R_Fa,5008,0.00
Area124 (13) troll 125 806,,U_Sauk_R_SpSu,5016,0.48,Skagit_R,5016,0.32,Snoqualmie_R,5016,0.11,Marblemount_Hsu,5016,0.04,Marblemount_HSp,5016,0.02
Area124 (13) troll 125 807,,Spring_Cr_col,5030,1.00,Washougal_R_Fa,5008,0.00,Abernathy_NFH_F,5008,0.00,,,,,,
Area124 (13) troll 125 808,,NF_Nooksack_H,5016,0.94,Skagit_R,5016,0.02,Harrison,3,0.01,Puntledge_F,7,0.01,L_Qualicum,7,0.01
Area124 (13) troll 174 100,,Wenatchee_R_SF,5026,0.60,Priest_Rapid_H,5026,0.16,Hanford_Reach,5026,0.15,Wells_H,5026,0.04,Priest_Rapids_H,5026,0.03
Area124 (13) troll 174 101,,George_Adams_H,5005,0.55,Bear_Cr_SuFa,5020,0.21,Snoqualmie_R,5016,0.18,Nitinat,8,0.02,Soos_H,5020,0.01
Area124 (13) troll 174 102,,Spring_Cr_col,5030,1.00,Abernathy_NFH_F,5008,0.00,,,,,,,,,
Area124 (13) troll 174 103,,Battle_Cr,5001,0.88,Butte_Cr_f,5001,0.11,Nez_PerceT_H,5021,0.00,Stanislaus_R,5001,0.00,L_Deschutes_R,5004,0.00
Area124 (13) troll 174 104,,George_Adams_H,5005,0.64,Bear_Cr_SuFa,5020,0.30,Grovers_Cr_H,5020,0.03,Hamma_Hamma_R,5005,0.01,Soos_H,5020,0.01
Area124 (13) troll 174 105,,George_Adams_H,5005,0.97,Bear_Cr_SuFa,5020,0.01,Grovers_Cr_H,5020,0.01,Snoqualmie_R,5016,0.01,Hamma_Hamma_R,5005,0.00
Area124 (13) troll 174 106,,Spring_Cr_col,5030,1.00,Abernathy_NFH_F,5008,0.00,,,,,,,,,
Area124 (13) troll 174 107,,George_Adams_H,5005,0.94,Bear_Cr_SuFa,5020,0.05,Hamma_Hamma_R,5005,0.00,Soos_H,5020,0.00,Clear_Cr_H,5020,0.00
Area124 (13) troll 174 108,,Bear_Cr_SuFa,5020,0.52,Grovers_Cr_H,5020,0.20,George_Adams_H,5005,0.15,Clear_Cr_H,5020,0.11,Soos_H,5020,0.01
Area124 (13) troll 174 109,,Spring_Cr_col,5030,0.98,Big_Cr_H_Col,5030,0.02,Washougal_R_Fa,5008,0.00,Abernathy_NFH_F,5008,0.00,Elochoman_H,5030,0.00
Area124 (13) troll 174 110,,Wenatchee_R_SF,5026,0.72,Priest_Rapid_H,5026,0.18,Wells_H,5026,0.03,Hanford_Reach,5026,0.03,Priest_Rapids_H,5026,0.03
Area124 (13) troll 174 111,,George_Adams_H,5005,0.33,Bear_Cr_SuFa,5020,0.32,Soos_H,5020,0.21,Snoqualmie_R,5016,0.05,Clear_Cr_H,5020,0.04
Area124 (13) troll 174 112,,Spring_Cr_col,5030,1.00,Washougal_R_Fa,5008,0.00,Cowlitz_H_fa,5008,0.00,Big_Cr_H_Col,5030,0.00,,,
Area124 (13) troll 174 113,,George_Adams_H,5005,0.98,Grovers_Cr_H,5020,0.01,Bear_Cr_SuFa,5020,0.01,Clear_Cr_H,5020,0.00,Hamma_Hamma_R,5005,0.00
Area124 (13) troll 174 54,,Priest_Rapid_H,5026,0.81,Umatilla_H_Fa,5026,0.09,Umatilla_H,5026,0.04,Wenatchee_R_SF,5026,0.03,Hanford_Reach,5026,0.01
Area124 (13) troll 174 55,,Spring_Cr_col,5030,0.92,Washougal_R_Fa,5008,0.07,Cowlitz_H_fa,5008,0.00,Big_Cr_H_Col,5030,0.00,Lewis_R_Su,5008,0.00
Area124 (13) troll 174 56,,Robertson,8,0.55,Gold_R,8,0.45,Zeballos,8,0.00,Thornton,8,0.00,,,
Area124 (13) troll 174 57,,Priest_Rapid_H,5026,0.50,L_Deschutes_R,5004,0.25,Hanford_Reach,5026,0.22,Wells_H,5026,0.01,Priest_Rapids_H,5026,0.01
Area124 (13) troll 174 58,,Hanford_Reach,5026,0.45,Wenatchee_R_SF,5026,0.31,Wells_H,5026,0.15,Priest_Rapid_H,5026,0.04,L_Deschutes_R,5004,0.03
Area124 (13) troll 174 59,,Indianpoint,1,0.70,Morkill,1,0.08,Holmes,1,0.07,Torpy,1,0.06,Goat,1,0.05
Area124 (13) troll 174 60,,Spring_Cr_col,5030,0.99,Washougal_R_Fa,5008,0.01,Elochoman_R_Fa,5008,0.00,Abernathy_NFH_F,5008,0.00,Elochoman_H,5030,0.00
Area124 (13) troll 174 61,,Harrison,3,0.43,Priest_Rapid_H,5026,0.24,Hanford_Reach,5026,0.17,L_Qualicum,7,0.08,L_Deschutes_R,5004,0.05
Area124 (13) troll 174 62,,Puntledge_F,7,0.55,L_Qualicum,7,0.25,Big_Qualicum,7,0.11,Robertson,8,0.04,Snoqualmie_R,5016,0.02
Area124 (13) troll 174 63,,Priest_Rapid_H,5026,0.81,Hanford_Reach,5026,0.14,Wenatchee_R_SF,5026,0.02,Umatilla_H_Fa,5026,0.02,Nez_PerceT_H,5021,0.01
Area124 (13) troll 174 64,,Maria_Slough,13,1.00,,,,,,,,,,,,
Area124 (13) troll 174 65,,L_Shuswap,5,1.00,M_Shuswap,5,0.00,,,,,,,,,
Area124 (13) troll 174 66,,Spring_Cr_col,5030,1.00,,,,,,,,,,,,
Area124 (13) troll 174 67,,Snoqualmie_R,5016,0.50,Hanford_Reach,5026,0.21,Priest_Rapid_H,5026,0.18,Umatilla_H_Fa,5026,0.03,Priest_Rapids_H,5026,0.03
Area124 (13) troll 174 68,,L_Shuswap,5,0.96,Bessette,5,0.04,U_Deschutes_R,5004,0.00,Little_R,5,0.00,L_Adams,5,0.00
Area124 (13) troll 174 69,,L_Shuswap,5,0.71,Bessette,5,0.11,Little_R,5,0.09,L_Adams,5,0.05,M_Shuswap,5,0.04
Area124 (13) troll 174 70,,Clearwater,4,0.81,Raft_R,4,0.17,N_Thom@Main,4,0.02,,,,,,
Area124 (13) troll 174 71,,Priest_Rapid_H,5026,0.65,Hanford_Reach,5026,0.20,Washougal_R_Fa,5008,0.06,Cowlitz_H_fa,5008,0.03,Lewis_R_Su,5008,0.02
Area124 (13) troll 174 72,,Indianpoint,1,0.71,Holmes,1,0.08,Morkill,1,0.07,Torpy,1,0.06,Goat,1,0.05
Area124 (13) troll 174 73,,Spring_Cr_col,5030,0.47,Washougal_R_Fa,5008,0.20,Cowlitz_H_fa,5008,0.18,Coweeman_R_Fa,5008,0.11,Green_R_Fa,5008,0.04
Area124 (13) troll 174 74,,Hanford_Reach,5026,0.20,Priest_Rapid_H,5026,0.20,Wenatchee_R_SF,5026,0.14,L_Deschutes_R,5004,0.12,Nez_PerceT_H,5021,0.05
Area124 (13) troll 174 75,,Priest_Rapid_H,5026,0.25,Hanford_Reach,5026,0.24,Wenatchee_R_SF,5026,0.17,L_Deschutes_R,5004,0.12,Nez_PerceT_H,5021,0.07
Area124 (13) troll 174 76,,Washougal_R_Fa,5008,0.95,Lewis_R_Su,5008,0.02,Green_R_Fa,5008,0.02,Spring_Cr_col,5030,0.01,Coweeman_R_Fa,5008,0.00
Area124 (13) troll 174 77,,Harrison,3,0.55,Snoqualmie_R,5016,0.22,George_Adams_H,5005,0.05,L_Deschutes_R,5004,0.03,Hanford_Reach,5026,0.02
Area124 (13) troll 174 78,,S_Umpqua_H,5011,1.00,,,,,,,,,,,,
Area124 (13) troll 174 79,,Nitinat,8,1.00,Toquart,8,0.00,Sooke,8,0.00,,,,,,
Area124 (13) troll 174 80,,Hanford_Reach,5026,0.52,S_Umpqua_H,5011,0.40,L_Deschutes_R,5004,0.02,Priest_Rapid_H,5026,0.01,Battle_Cr,5001,0.01
Area124 (13) troll 174 81,,Indianpoint,1,0.71,Torpy,1,0.08,Holmes,1,0.07,Morkill,1,0.07,Goat,1,0.05
Area124 (13) troll 174 82,,Bear_Cr_SuFa,5020,0.79,George_Adams_H,5005,0.18,Hamma_Hamma_R,5005,0.01,NF_Skokomish_F,5005,0.00,Soos_H,5020,0.00
Area124 (13) troll 174 83,,George_Adams_H,5005,0.73,Bear_Cr_SuFa,5020,0.21,Clear_Cr_H,5020,0.05,Soos_H,5020,0.00,Snoqualmie_R,5016,0.00
Area124 (13) troll 174 84,,George_Adams_H,5005,0.79,Bear_Cr_SuFa,5020,0.14,Soos_H,5020,0.03,Clear_Cr_H,5020,0.01,NF_Skokomish_F,5005,0.01
Area124 (13) troll 174 85,,George_Adams_H,5005,0.79,Bear_Cr_SuFa,5020,0.10,Soos_H,5020,0.08,Hamma_Hamma_R,5005,0.01,Clear_Cr_H,5020,0.01
Area124 (13) troll 174 86,,George_Adams_H,5005,0.50,Soos_H,5020,0.18,Clear_Cr_H,5020,0.17,Bear_Cr_SuFa,5020,0.11,Hamma_Hamma_R,5005,0.02
Area124 (13) troll 174 87,,Priest_Rapid_H,5026,0.59,L_Deschutes_R,5004,0.29,Wells_H,5026,0.06,ClearwaterRFa,5021,0.02,Hanford_Reach,5026,0.02
Area124 (13) troll 174 88,,George_Adams_H,5005,0.64,Bear_Cr_SuFa,5020,0.24,Soos_H,5020,0.09,Snoqualmie_R,5016,0.02,Clear_Cr_H,5020,0.00
Area124 (13) troll 174 89,,Bear_Cr_SuFa,5020,0.71,George_Adams_H,5005,0.21,Soos_H,5020,0.04,Hamma_Hamma_R,5005,0.02,Grovers_Cr_H,5020,0.01
Area124 (13) troll 174 90,,Washougal_R_Fa,5008,0.86,Cowlitz_H_fa,5008,0.07,Green_R_Fa,5008,0.05,Lewis_R_Su,5008,0.01,Lewis_R_f,5008,0.00
Area124 (13) troll 174 91,,Hanford_Reach,5026,0.58,Nez_PerceT_H,5021,0.18,Wenatchee_R_SF,5026,0.08,Lyons_Ferry_H,5021,0.07,Priest_Rapid_H,5026,0.04
Area124 (13) troll 174 92,,Bear_Cr_SuFa,5020,0.86,Snoqualmie_R,5016,0.06,Gold_R,8,0.04,Robertson,8,0.01,Harrison,3,0.01
Area124 (13) troll 174 93,,Snoqualmie_R,5016,0.56,Bear_Cr_SuFa,5020,0.28,Skagit_R,5016,0.07,Soos_H,5020,0.03,Marblemount_Hsu,5016,0.03
Area124 (13) troll 174 94,,Nitinat,8,0.92,Toquart,8,0.07,Snoqualmie_R,5016,0.00,S_Prairie_Cr,5020,0.00,Bear_Cr_SuFa,5020,0.00
Area124 (13) troll 174 95,,George_Adams_H,5005,0.95,Bear_Cr_SuFa,5020,0.03,Grovers_Cr_H,5020,0.01,Hamma_Hamma_R,5005,0.01,NF_Skokomish_F,5005,0.01
Area124 (13) troll 174 96,,Spring_Cr_col,5030,1.00,Abernathy_NFH_F,5008,0.00,Green_R_Fa,5008,0.00,,,,,,
Area124 (13) troll 174 97,,George_Adams_H,5005,0.67,Bear_Cr_SuFa,5020,0.13,Soos_H,5020,0.12,Clear_Cr_H,5020,0.06,Hamma_Hamma_R,5005,0.02
Area124 (13) troll 174 98,,Hanford_Reach,5026,0.24,L_Deschutes_R,5004,0.23,Priest_Rapid_H,5026,0.20,Lyons_Ferry_H,5021,0.08,S_Umpqua_H,5011,0.04
Area124 (13) troll 174 99,,Spring_Cr_col,5030,1.00,Big_Cr_H_Col,5030,0.00,,,,,,,,,
Area124 (13) troll 175 114,,Priest_Rapid_H,5026,0.79,Umatilla_H_Fa,5026,0.06,Priest_Rapids_H,5026,0.05,L_Deschutes_R,5004,0.04,Hanford_Reach,5026,0.04
Area124 (13) troll 175 115,,McKenzie_H,5029,0.45,N_Santiam_H,5029,0.27,L_Deschutes_R,5004,0.12,Priest_Rapids_H,5026,0.10,Kalama_H_sp,5009,0.03
Area124 (13) troll 175 116,,Spring_Cr_col,5030,0.92,George_Adams_H,5005,0.03,Bear_Cr_SuFa,5020,0.02,Big_Cr_H_Col,5030,0.01,Snoqualmie_R,5016,0.01
Area124 (13) troll 175 117,,Battle_Cr,5001,0.89,Butte_Cr_f,5001,0.10,Butte_Cr_sp,5002,0.01,Mill_Cr_sp,5002,0.01,Feather_H_fa,5001,0.00
Area124 (13) troll 175 118,,Harrison,3,0.72,Tlupana,8,0.09,Torpy,1,0.06,Kuzkwa_Cr,2,0.03,Bridge,2,0.02
Area124 (13) troll 175 119,,Priest_Rapid_H,5026,0.37,Hanford_Reach,5026,0.30,Wenatchee_R_SF,5026,0.13,L_Deschutes_R,5004,0.10,Nez_PerceT_H,5021,0.03
Area124 (13) troll 175 120,,Spring_Cr_col,5030,1.00,Cowlitz_H_fa,5008,0.00,Washougal_R_Fa,5008,0.00,Big_Cr_H_Col,5030,0.00,Abernathy_NFH_F,5008,0.00
Area124 (13) troll 175 121,Dupe with 78,L_Deschutes_R,5004,0.32,Wenatchee_R_SF,5026,0.30,Hanford_Reach,5026,0.17,Priest_Rapid_H,5026,0.10,Wells_H,5026,0.06
Area124 (13) troll 175 122,,Snoqualmie_R,5016,0.60,Bear_Cr_SuFa,5020,0.19,Grovers_Cr_H,5020,0.15,George_Adams_H,5005,0.03,Harrison,3,0.02
Area124 (13) troll 175 123,Dupe with 76,L_Deschutes_R,5004,0.33,Wenatchee_R_SF,5026,0.30,Hanford_Reach,5026,0.18,Priest_Rapid_H,5026,0.09,Wells_H,5026,0.05
Area124 (13) troll 175 124,,Robertson,8,0.94,Gold_R,8,0.05,Thornton,8,0.01,,,,,,
Area124 (13) troll 175 125,,Hanford_Reach,5026,0.52,Wenatchee_R_SF,5026,0.35,Priest_Rapids_H,5026,0.04,Priest_Rapid_H,5026,0.03,Nez_PerceT_H,5021,0.02
Area124 (13) troll 175 126,,Puntledge_F,7,0.48,George_Adams_H,5005,0.31,Bear_Cr_SuFa,5020,0.05,Hamma_Hamma_R,5005,0.03,Soos_H,5020,0.03
Area124 (13) troll 175 127,Dupe with 102,Spring_Cr_col,5030,1.00,Elochoman_H,5030,0.00,Big_Cr_H_Col,5030,0.00,,,,,,
Area124 (13) troll 175 128,,Spring_Cr_col,5030,1.00,Abernathy_NFH_F,5008,0.00,Washougal_R_Fa,5008,0.00,,,,,,
Area124 (13) troll 175 129,,Spring_Cr_col,5030,1.00,Washougal_R_Fa,5008,0.00,Abernathy_NFH_F,5008,0.00,Cowlitz_H_fa,5008,0.00,Big_Cr_H_Col,5030,0.00
Area124 (13) troll 175 130,,Spring_Cr_col,5030,1.00,,,,,,,,,,,,
Area124 (13) troll 175 131,,Hanford_Reach,5026,0.57,Lyons_Ferry_H,5021,0.15,Nez_PerceT_H,5021,0.15,Priest_Rapid_H,5026,0.04,Wells_H,5026,0.04
Area124 (13) troll 175 132,,Spring_Cr_col,5030,0.99,Abernathy_NFH_F,5008,0.01,Big_Cr_H_Col,5030,0.00,Washougal_R_Fa,5008,0.00,Elochoman_R_Fa,5008,0.00
Area124 (13) troll 175 133,,Spring_Cr_col,5030,0.99,Abernathy_NFH_F,5008,0.01,Washougal_R_Fa,5008,0.00,Elochoman_H,5030,0.00,Hanford_Reach,5026,0.00
Area124 (13) troll 175 134,,Spring_Cr_col,5030,1.00,Green_R_Fa,5008,0.00,Big_Cr_H_Col,5030,0.00,Abernathy_NFH_F,5008,0.00,Cowlitz_H_fa,5008,0.00
Area124 (13) troll 175 135,,George_Adams_H,5005,0.99,Hamma_Hamma_R,5005,0.01,Clear_Cr_H,5020,0.00,Snoqualmie_R,5016,0.00,Bear_Cr_SuFa,5020,0.00
Area124 (13) troll 175 136,,Spring_Cr_col,5030,0.68,Washougal_R_Fa,5008,0.22,Cowlitz_H_fa,5008,0.05,Abernathy_NFH_F,5008,0.02,Wells_H,5026,0.01
Area124 (13) troll 175 137,,Bear_Cr_SuFa,5020,0.88,George_Adams_H,5005,0.10,Hamma_Hamma_R,5005,0.02,Voights_H,5020,0.00,Cedar_R_SuFa,5020,0.00
Area124 (13) troll 175 138,,Priest_Rapid_H,5026,0.60,Hanford_Reach,5026,0.31,Umatilla_H_Fa,5026,0.02,Priest_Rapids_H,5026,0.02,Umatilla_H,5026,0.01
Area124 (13) troll 175 139,,Bear_Cr_SuFa,5020,0.56,George_Adams_H,5005,0.15,Soos_H,5020,0.12,Clear_Cr_H,5020,0.09,Hamma_Hamma_R,5005,0.03
Area124 (13) troll 175 140,,Spring_Cr_col,5030,1.00,Elochoman_H,5030,0.00,,,,,,,,,
Area124 (13) troll 175 141,,George_Adams_H,5005,0.33,Snoqualmie_R,5016,0.23,Bear_Cr_SuFa,5020,0.19,Soos_H,5020,0.09,L_Qualicum,7,0.08
Area124 (13) troll 175 142,,Hanford_Reach,5026,0.69,Priest_Rapid_H,5026,0.12,Nez_PerceT_H,5021,0.09,Lyons_Ferry_H,5021,0.06,ClearwaterRFa,5021,0.01
Area124 (13) troll 175 143,,George_Adams_H,5005,0.42,Bear_Cr_SuFa,5020,0.40,Soos_H,5020,0.08,Clear_Cr_H,5020,0.05,Hamma_Hamma_R,5005,0.04
Area124 (13) troll 175 144,,Bear_Cr_SuFa,5020,0.43,George_Adams_H,5005,0.25,L_Qualicum,7,0.14,Clear_Cr_H,5020,0.08,Soos_H,5020,0.03
Area124 (13) troll 175 145,,L_Shuswap,5,0.99,Maria_Slough,13,0.00,Little_R,5,0.00,L_Adams,5,0.00,M_Shuswap,5,0.00
Area124 (13) troll 175 146,,Bear_Cr_SuFa,5020,0.54,George_Adams_H,5005,0.45,Soos_H,5020,0.00,Clear_Cr_H,5020,0.00,Snoqualmie_R,5016,0.00
Area124 (13) troll 175 147,Dupe with 82,Spring_Cr_col,5030,1.00,Elochoman_H,5030,0.00,Green_R_Fa,5008,0.00,Big_Cr_H_Col,5030,0.00,,,
Area124 (13) troll 175 148,,L_Deschutes_R,5004,0.59,Priest_Rapid_H,5026,0.26,Hanford_Reach,5026,0.10,Umatilla_H_Fa,5026,0.03,ClearwaterRFa,5021,0.01
Area124 (13) troll 221 149,,George_Adams_H,5005,0.87,Bear_Cr_SuFa,5020,0.04,Hamma_Hamma_R,5005,0.02,NF_Skokomish_F,5005,0.02,Soos_H,5020,0.02
Area124 (13) troll 221 150,Dupe with 130,Gold_R,8,0.51,Robertson,8,0.49,Thornton,8,0.00,,,,,,
Area124 (13) troll 221 151,,Robertson,8,0.60,Tlupana,8,0.21,Kennedy,8,0.08,Gold_R,8,0.03,Thornton,8,0.03
Area124 (13) troll 221 152,,Hoh_R,5028,0.46,Humptulips_H,5028,0.25,Snoqualmie_R,5016,0.17,Salmon_R_f,5015,0.07,Quilayute_R,5028,0.03
Area124 (13) troll 221 153,,Snoqualmie_R,5016,0.41,Bear_Cr_SuFa,5020,0.24,Clear_Cr_H,5020,0.19,Soos_H,5020,0.14,S_Prairie_Cr,5020,0.02
Area124 (13) troll 221 154,,George_Adams_H,5005,0.68,Bear_Cr_SuFa,5020,0.24,Snoqualmie_R,5016,0.04,Soos_H,5020,0.03,Hamma_Hamma_R,5005,0.01
Area124 (13) troll 221 155,,Bear_Cr_SuFa,5020,0.94,Hamma_Hamma_R,5005,0.02,S_Prairie_Cr,5020,0.01,George_Adams_H,5005,0.01,Voights_H,5020,0.01
Area124 (13) troll 221 156,,Bear_Cr_SuFa,5020,0.63,George_Adams_H,5005,0.19,Snoqualmie_R,5016,0.06,Hamma_Hamma_R,5005,0.03,NF_Skokomish_F,5005,0.02
Area124 (13) troll 221 157,,Robertson,8,0.91,Gold_R,8,0.08,Toquart,8,0.00,Thornton,8,0.00,Nitinat,8,0.00
Area124 (13) troll 221 158,,George_Adams_H,5005,0.58,L_Qualicum,7,0.24,Puntledge_F,7,0.10,Big_Qualicum,7,0.06,Hamma_Hamma_R,5005,0.01
Area124 (13) troll 221 159,,Bear_Cr_SuFa,5020,0.37,Snoqualmie_R,5016,0.36,George_Adams_H,5005,0.15,Clear_Cr_H,5020,0.05,Skykomish_R,5016,0.02
Area124 (13) troll 221 160,,Tlupana,8,0.81,Kennedy,8,0.09,Megin_R,8,0.05,Nitinat,8,0.03,Robertson,8,0.01
Area124 (13) troll 221 161,,Nitinat,8,0.97,Toquart,8,0.02,Sooke,8,0.01,Tlupana,8,0.00,Robertson,8,0.00
Area124 (13) troll 221 162,,Hanford_Reach,5026,0.56,Priest_Rapid_H,5026,0.24,L_Deschutes_R,5004,0.06,Nez_PerceT_H,5021,0.05,Wenatchee_R_SF,5026,0.04
Area124 (13) troll 221 163,,Nitinat,8,0.92,Toquart,8,0.08,Sarita,8,0.00,,,,,,
Area124 (13) troll 221 164,,Gold_R,8,0.53,Robertson,8,0.47,Kennedy,8,0.01,Snoqualmie_R,5016,0.00,Megin_R,8,0.00
Area124 (13) troll 221 165,,Robertson,8,0.76,Gold_R,8,0.24,Thornton,8,0.00,,,,,,
Area124 (13) troll 221 166,,Spring_Cr_col,5030,1.00,Abernathy_NFH_F,5008,0.00,Washougal_R_Fa,5008,0.00,,,,,,
Area124 (13) troll 221 167,,George_Adams_H,5005,0.97,Snoqualmie_R,5016,0.01,NF_Skokomish_F,5005,0.01,U_Sauk_R_SpSu,5016,0.01,Skagit_R,5016,0.00
Area124 (13) troll 221 168,,Nitinat,8,0.99,Sooke,8,0.01,Toquart,8,0.00,,,,,,
Area124 (13) troll 221 169,,Hanford_Reach,5026,0.62,Lyons_Ferry_H,5021,0.16,Nez_PerceT_H,5021,0.11,ClearwaterRFa,5021,0.04,Priest_Rapid_H,5026,0.03
Area124 (13) troll 221 170,,Nitinat,8,0.79,Robertson,8,0.12,Gold_R,8,0.04,Sooke,8,0.02,Kennedy,8,0.01
Area124 (13) troll 221 171,,Puntledge_F,7,0.55,L_Qualicum,7,0.16,Big_Qualicum,7,0.09,Salmon_R_f,5015,0.04,Puntledge_BackX,7,0.03
Area124 (13) troll 221 172,,L_Deschutes_R,5004,0.47,Priest_Rapid_H,5026,0.40,Hanford_Reach,5026,0.08,Nez_PerceT_H,5021,0.03,Wenatchee_R_SF,5026,0.01
Area124 (13) troll 221 173,,Hanford_Reach,5026,0.29,Little_R,5,0.25,Washougal_R_Fa,5008,0.13,L_Shuswap,5,0.12,Priest_Rapid_H,5026,0.07
Area124 (13) troll 221 174,,Robertson,8,0.82,Gold_R,8,0.18,Kaouk_R,8,0.00,Nitinat,8,0.00,,,
Area124 (13) troll 221 175,Dupe with 105,Gold_R,8,0.51,Robertson,8,0.49,Nitinat,8,0.00,Megin_R,8,0.00,,,
Area124 (13) troll 221 176,,Nitinat,8,0.97,Toquart,8,0.02,Sooke,8,0.00,Sarita,8,0.00,,,
Area124 (13) troll 221 177,,Nitinat,8,1.00,Sooke,8,0.00,Toquart,8,0.00,,,,,,
Area124 (13) troll 221 178,,Snoqualmie_R,5016,0.36,George_Adams_H,5005,0.17,Bear_Cr_SuFa,5020,0.16,Soos_H,5020,0.11,Clear_Cr_H,5020,0.11
Area124 (13) troll 221 179,,Wenatchee_R_SF,5026,0.30,L_Deschutes_R,5004,0.27,Priest_Rapid_H,5026,0.16,Wells_H,5026,0.07,Hanford_Reach,5026,0.06
Area124 (13) troll 221 180,,Battle_Cr,5001,0.90,Butte_Cr_f,5001,0.10,,,,,,,,,
Area124 (13) troll 221 181,,L_Deschutes_R,5004,0.43,Nez_PerceT_H,5021,0.20,Lyons_Ferry_H,5021,0.12,Priest_Rapid_H,5026,0.10,Hanford_Reach,5026,0.07
Area124 (13) troll 221 182,,Robertson,8,0.82,Gold_R,8,0.18,Thornton,8,0.00,,,,,,
Area124 (13) troll 221 183,,Bear_Cr_SuFa,5020,0.65,George_Adams_H,5005,0.18,Soos_H,5020,0.12,Hamma_Hamma_R,5005,0.02,Clear_Cr_H,5020,0.01
Area124 (13) troll 221 184,,Nitinat,8,0.99,Toquart,8,0.01,Sooke,8,0.00,,,,,,
Area124 (13) troll 221 185,,Robertson,8,0.95,Gold_R,8,0.05,Snoqualmie_R,5016,0.00,,,,,,
Area124 (13) troll 221 186,,L_Deschutes_R,5004,0.82,Nez_PerceT_H,5021,0.08,U_Deschutes_R,5004,0.06,Lyons_Ferry_H,5021,0.03,Wenatchee_R_SF,5026,0.00
Area124 (13) troll 222 187,,Bear_Cr_SuFa,5020,0.36,George_Adams_H,5005,0.36,Soos_H,5020,0.25,S_Prairie_Cr,5020,0.02,Voights_H,5020,0.01
Area124 (13) troll 222 188,,Wenatchee_R_SF,5026,0.76,Priest_Rapid_H,5026,0.14,Wells_H,5026,0.09,Priest_Rapids_H,5026,0.00,L_Deschutes_R,5004,0.00
Area124 (13) troll 222 189,,L_Deschutes_R,5004,0.50,Wenatchee_R_SF,5026,0.30,Priest_Rapid_H,5026,0.19,Wells_H,5026,0.01,Lyons_Ferry_H,5021,0.00
Area124 (13) troll 222 190,,Spring_Cr_col,5030,1.00,Big_Cr_H_Col,5030,0.00,,,,,,,,,
Area124 (13) troll 222 191,,Hoko_H_Fa,5028,1.00,Harrison,3,0.00,Hanford_Reach,5026,0.00,,,,,,
Area124 (13) troll 222 192,,George_Adams_H,5005,0.58,Grovers_Cr_H,5020,0.27,Clear_Cr_H,5020,0.13,Bear_Cr_SuFa,5020,0.02,Snoqualmie_R,5016,0.00
Area124 (13) troll 222 193,,Priest_Rapid_H,5026,0.40,L_Deschutes_R,5004,0.30,Hanford_Reach,5026,0.09,ClearwaterRFa,5021,0.06,Umatilla_H_Fa,5026,0.04
Area124 (13) troll 222 194,,Spring_Cr_col,5030,1.00,Abernathy_NFH_F,5008,0.00,Cowlitz_H_fa,5008,0.00,,,,,,
Area124 (13) troll 222 195,,Bear_Cr_SuFa,5020,0.94,George_Adams_H,5005,0.03,Hamma_Hamma_R,5005,0.02,Soos_H,5020,0.00,Grovers_Cr_H,5020,0.00
Area124 (13) troll 222 196,,Washougal_R_Fa,5008,0.96,Green_R_Fa,5008,0.02,L_Qualicum,7,0.01,Lewis_R_Su,5008,0.00,Cowlitz_H_fa,5008,0.00
Area124 (13) troll 222 197,,L_Deschutes_R,5004,0.87,Priest_Rapid_H,5026,0.12,Hanford_Reach,5026,0.01,Priest_Rapids_H,5026,0.00,Wells_H,5026,0.00
Area124 (13) troll 222 198,,George_Adams_H,5005,0.30,Clear_Cr_H,5020,0.26,Bear_Cr_SuFa,5020,0.23,Soos_H,5020,0.07,Grovers_Cr_H,5020,0.04
Area124 (13) troll 222 199,,Bear_Cr_SuFa,5020,0.31,Soos_H,5020,0.27,Clear_Cr_H,5020,0.23,George_Adams_H,5005,0.09,Snoqualmie_R,5016,0.03
Area124 (13) troll 222 200,,Battle_Cr,5001,0.72,Snoqualmie_R,5016,0.15,Humptulips_H,5028,0.08,Butte_Cr_f,5001,0.02,Clear_Cr_H,5020,0.01
Area124 (13) troll 222 201,,Spring_Cr_col,5030,1.00,Elochoman_H,5030,0.00,,,,,,,,,
Area124 (13) troll 222 202,,Spring_Cr_col,5030,0.96,Washougal_R_Fa,5008,0.02,Abernathy_NFH_F,5008,0.01,Robertson,8,0.00,Big_Cr_H_Col,5030,0.00
Area124 (13) troll 222 203,,Spring_Cr_col,5030,1.00,Abernathy_NFH_F,5008,0.00,Green_R_Fa,5008,0.00,Washougal_R_Fa,5008,0.00,,,
Area124 (13) troll 222 204,,Hanford_Reach,5026,0.74,Priest_Rapid_H,5026,0.09,Priest_Rapids_H,5026,0.08,L_Deschutes_R,5004,0.05,Umatilla_H_Fa,5026,0.01
Area124 (13) troll 222 205,,Wenatchee_R_SF,5026,0.76,Wells_H,5026,0.17,Priest_Rapid_H,5026,0.04,Hanford_Reach,5026,0.01,Washougal_R_Fa,5008,0.01
Area124 (13) troll 222 206,,Priest_Rapid_H,5026,0.33,Wenatchee_R_SF,5026,0.29,Snoqualmie_R,5016,0.12,Wells_H,5026,0.06,Hanford_Reach,5026,0.06
Area124 (13) troll 222 207,,Spring_Cr_col,5030,1.00,Abernathy_NFH_F,5008,0.00,Elochoman_R_Fa,5008,0.00,Cowlitz_H_fa,5008,0.00,Priest_Rapid_H,5026,0.00
Area124 (13) troll 223 208,,Priest_Rapid_H,5026,0.60,Hanford_Reach,5026,0.30,Umatilla_H_Fa,5026,0.04,L_Deschutes_R,5004,0.02,Priest_Rapids_H,5026,0.02
Area124 (13) troll 223 209,,Harrison,3,0.89,Wells_H,5026,0.03,Hanford_Reach,5026,0.03,Priest_Rapid_H,5026,0.02,Umatilla_H_Fa,5026,0.01
Area124 (13) troll 223 210,,Maria_Slough,13,1.00,,,,,,,,,,,,
Area124 (13) troll 223 211,,Priest_Rapid_H,5026,0.50,Wenatchee_R_SF,5026,0.29,Nez_PerceT_H,5021,0.09,Washougal_R_Fa,5008,0.07,L_Deschutes_R,5004,0.03
Area124 (13) troll 223 212,,Snoqualmie_R,5016,0.67,Harrison,3,0.28,Priest_Rapid_H,5026,0.02,Bear_Cr_SuFa,5020,0.01,Soos_H,5020,0.00
Area124 (13) troll 223 213,,Robertson,8,0.86,Gold_R,8,0.14,Thornton,8,0.01,,,,,,
Area124 (13) troll 223 214,,L_Deschutes_R,5004,0.80,Priest_Rapid_H,5026,0.14,ClearwaterRFa,5021,0.05,Priest_Rapids_H,5026,0.00,Lyons_Ferry_H,5021,0.00
Area124 (13) troll 223 215,,L_Deschutes_R,5004,0.84,Priest_Rapid_H,5026,0.08,Wenatchee_R_SF,5026,0.03,Hanford_Reach,5026,0.02,Wells_H,5026,0.01
Area124 (13) troll 223 216,,Robertson,8,0.92,Gold_R,8,0.07,Thornton,8,0.01,Tlupana,8,0.00,Salmon_R_f,5015,0.00
Area124 (13) troll 223 217,,Robertson,8,0.95,Gold_R,8,0.05,Thornton,8,0.00,,,,,,
Area124 (13) troll 223 218,,Tlupana,8,1.00,Conuma,8,0.00,Moyeha_R,8,0.00,,,,,,
Area124 (13) troll 223 219,,Snoqualmie_R,5016,0.50,L_Qualicum,7,0.22,Puntledge_F,7,0.16,Skagit_R,5016,0.06,Big_Qualicum,7,0.03
Area124 (13) troll 223 220,,Tlupana,8,0.99,Kaouk_R,8,0.00,Megin_R,8,0.00,Conuma,8,0.00,Burman,8,0.00
Area124 (13) troll 223 221,,Salmon_R_f,5015,0.97,Wilson_R,5015,0.01,Necanicum_H,5015,0.01,Yaquina_R,5015,0.00,S_Umpqua_H,5011,0.00
Area124 (13) troll 223 222,,Battle_Cr,5001,0.90,Butte_Cr_f,5001,0.10,Feather_H_fa,5001,0.00,Hanford_Reach,5026,0.00,Butte_Cr_sp,5002,0.00
Area124 (13) troll 223 223,,Salmon_R_f,5015,0.96,Necanicum_H,5015,0.04,S_Umpqua_H,5011,0.00,,,,,,
Area124 (13) troll 223 224,,Wenatchee_R_SF,5026,0.63,Priest_Rapid_H,5026,0.37,Umatilla_H,5026,0.01,Hanford_Reach,5026,0.00,Wells_H,5026,0.00
Area124 (13) troll 223 225,,L_Deschutes_R,5004,0.66,Hanford_Reach,5026,0.27,Priest_Rapid_H,5026,0.06,Umatilla_H_Fa,5026,0.01,Wenatchee_R_SF,5026,0.00
Area124 (13) troll 223 226,,Salmon_R_f,5015,0.32,Hoh_R,5028,0.32,Necanicum_H,5015,0.19,Hoko_H_Fa,5028,0.05,S_Coos_R,5011,0.04
Area124 (13) troll 223 227,,Salmon_R_f,5015,0.65,U_Sauk_R_SpSu,5016,0.12,Snoqualmie_R,5016,0.10,Bear_Cr_SuFa,5020,0.05,Harrison,3,0.03
Area124 (13) troll 223 228,,Wenatchee_R_SF,5026,0.43,Hanford_Reach,5026,0.28,Priest_Rapid_H,5026,0.11,Priest_Rapids_H,5026,0.08,Wells_H,5026,0.07
Area124 (13) troll 223 229,,L_Shuswap,5,0.43,Snoqualmie_R,5016,0.32,Bessette,5,0.09,Bear_Cr_SuFa,5020,0.07,Little_R,5,0.07
Area124 (13) troll 223 230,,Priest_Rapid_H,5026,0.63,Hanford_Reach,5026,0.25,Umatilla_H_Fa,5026,0.06,Wenatchee_R_SF,5026,0.03,L_Deschutes_R,5004,0.03
Area124 (13) troll 223 231,,Puntledge_F,7,0.49,L_Qualicum,7,0.26,Chemainus,7,0.10,Big_Qualicum,7,0.08,Puntledge_BackX,7,0.05
Area124 (13) troll 223 232,,Priest_Rapid_H,5026,0.66,Hanford_Reach,5026,0.19,Priest_Rapids_H,5026,0.05,Umatilla_H_Fa,5026,0.04,Wenatchee_R_SF,5026,0.03
Area124 (13) troll 223 233,,L_Deschutes_R,5004,0.86,Priest_Rapids_H,5026,0.07,Priest_Rapid_H,5026,0.03,Hanford_Reach,5026,0.02,ClearwaterRFa,5021,0.00
Area124 (13) troll 223 234,,Hanford_Reach,5026,0.51,Priest_Rapid_H,5026,0.18,Wenatchee_R_SF,5026,0.10,Nez_PerceT_H,5021,0.08,Lyons_Ferry_H,5021,0.04
Area124 (13) troll 223 235,,Nitinat,8,0.98,Kennedy,8,0.01,Toquart,8,0.00,Kaouk_R,8,0.00,Sooke,8,0.00
Area124 (13) troll 223 236,,Harrison,3,0.43,Hanford_Reach,5026,0.22,Wells_H,5026,0.07,Priest_Rapid_H,5026,0.07,NF_Nooksack_H,5016,0.06
Area124 (13) troll 223 237,,Harrison,3,0.91,Chilliwac@Stav,3,0.07,Torpy,1,0.01,Snoqualmie_R,5016,0.00,Craig,18,0.00
Area124 (13) troll 223 238,,Washougal_R_Fa,5008,0.20,Hoh_R,5028,0.19,Snoqualmie_R,5016,0.15,Harrison,3,0.10,Indianpoint,1,0.07
Area125 (13) troll 113 671,Number of missing Loci exceeded,,,,,,,,,,,,,,,
,,,,,,,,,,,,,,,,
Sample: 43, Area125,2013, troll, Apr23-Sep18,,,,,,,,,,,,
Area125 (13) troll 113 672,,Feather_H_fa,5001,0.35,Battle_Cr,5001,0.10,Cedar_R_SuFa,5020,0.07,Hanford_Reach,5026,0.06,Samish_H,5016,0.06
Area125 (13) troll 113 673,,Spring_Cr_col,5030,0.31,Cowlitz_H_fa,5008,0.15,Hanford_Reach,5026,0.12,Priest_Rapid_H,5026,0.11,Wells_H,5026,0.08
Area125 (13) troll 113 674,Number of missing Loci exceeded,,,,,,,,,,,,,,,
Area125 (13) troll 113 675,,Wells_H,5026,0.49,Priest_Rapid_H,5026,0.33,Hanford_Reach,5026,0.14,Priest_Rapids_H,5026,0.03,Umatilla_H_Fa,5026,0.01
Area125 (13) troll 113 676,Number of missing Loci exceeded,,,,,,,,,,,,,,,
Area125 (13) troll 113 677,Number of missing Loci exceeded,,,,,,,,,,,,,,,
Area125 (13) troll 113 678,Number of missing Loci exceeded,,,,,,,,,,,,,,,
Area125 (13) troll 113 679,Number of missing Loci exceeded,,,,,,,,,,,,,,,
Area125 (13) troll 113 681,Number of missing Loci exceeded,,,,,,,,,,,,,,,
Area125 (13) troll 113 682,Number of missing Loci exceeded,,,,,,,,,,,,,,,
Area125 (13) troll 113 683,Number of missing Loci exceeded,,,,,,,,,,,,,,,
Area125 (13) troll 113 684,Number of missing Loci exceeded,,,,,,,,,,,,,,,
Area125 (13) troll 113 685,,Wells_H,5026,0.75,Hanford_Reach,5026,0.15,Priest_Rapids_H,5026,0.03,Methow_R,5026,0.03,Priest_Rapid_H,5026,0.02
Area125 (13) troll 113 686,,NF_Nooksack_H,5016,1.00,L_Sauk_R,5016,0.00,,,,,,,,,
Area125 (13) troll 113 687,,Lyons_Ferry_H,5021,0.89,Feather_H_fa,5001,0.06,Nez_PerceT_H,5021,0.03,Hanford_Reach,5026,0.01,Stanislaus_R,5001,0.00
Area125 (13) troll 113 688,,NF_Nooksack_H,5016,1.00,,,,,,,,,,,,
Area125 (13) troll 113 689,,Wells_H,5026,0.66,Hanford_Reach,5026,0.23,Priest_Rapids_H,5026,0.07,Priest_Rapid_H,5026,0.02,Nez_PerceT_H,5021,0.01
Area125 (13) troll 113 690,,McKenzie_H,5029,0.51,Lewis_H_sp,5009,0.46,Kalama_H_sp,5009,0.02,Big_Cr_H_Col,5030,0.00,N_Santiam_H,5029,0.00
Area125 (13) troll 113 691,,Wells_H,5026,0.98,Hanford_Reach,5026,0.01,Priest_Rapid_H,5026,0.00,Umatilla_H,5026,0.00,Washougal_R_Fa,5008,0.00
Area125 (13) troll 113 692,,Wells_H,5026,0.53,Priest_Rapid_H,5026,0.24,Hanford_Reach,5026,0.15,Nez_PerceT_H,5021,0.04,Lyons_Ferry_H,5021,0.02
Area125 (13) troll 113 693,,McKenzie_H,5029,0.50,Lewis_H_sp,5009,0.46,N_Santiam_H,5029,0.01,Big_Cr_H_Col,5030,0.00,Priest_Rapid_H,5026,0.00
Area125 (13) troll 113 694,,Lewis_R_f,5008,0.56,S_Umpqua_H,5011,0.22,Lewis_R_Su,5008,0.08,Washougal_R_Fa,5008,0.04,Cowlitz_H_fa,5008,0.03
Area125 (13) troll 224 239,,Samish_H,5016,0.62,Cedar_R_SuFa,5020,0.20,Bear_Cr_SuFa,5020,0.17,Marblemount_Hsu,5016,0.00,L_Skagit_R_Fa,5016,0.00
Area125 (13) troll 224 240,,Priest_Rapid_H,5026,0.52,Lyons_Ferry_H,5021,0.14,Wells_H,5026,0.11,Hanford_Reach,5026,0.11,Nez_PerceT_H,5021,0.08
Area125 (13) troll 224 241,,Hanford_Reach,5026,0.93,Priest_Rapids_H,5026,0.03,Wells_H,5026,0.02,Battle_Cr,5001,0.01,Feather_H_fa,5001,0.00
Area125 (13) troll 224 242,,Wells_H,5026,0.87,Hanford_Reach,5026,0.11,Methow_R,5026,0.01,Priest_Rapid_H,5026,0.00,Lyons_Ferry_H,5021,0.00
Area125 (13) troll 224 243,,Wells_H,5026,0.97,Priest_Rapid_H,5026,0.02,Hanford_Reach,5026,0.00,Priest_Rapids_H,5026,0.00,Lyons_Ferry_H,5021,0.00
Area125 (13) troll 224 244,,Little_R,5,0.90,L_Shuswap,5,0.08,Bessette,5,0.01,L_Thompson,5,0.01,M_Shuswap,5,0.00
Area125 (13) troll 224 245,,Hanford_Reach,5026,0.43,Priest_Rapid_H,5026,0.29,Nez_PerceT_H,5021,0.12,Umatilla_H_Fa,5026,0.06,L_Thompson,5,0.05
Area125 (13) troll 224 246,,Priest_Rapid_H,5026,0.54,Hanford_Reach,5026,0.34,Umatilla_H_Fa,5026,0.06,Nez_PerceT_H,5021,0.05,Priest_Rapids_H,5026,0.01
Area125 (13) troll 224 247,,Samish_H,5016,0.88,Bear_Cr_SuFa,5020,0.08,Cedar_R_SuFa,5020,0.04,L_Skagit_R_Fa,5016,0.00,Snoqualmie_R,5016,0.00
Area125 (13) troll 224 248,,Little_R,5,0.56,L_Thompson,5,0.44,Marblemount_Hsu,5016,0.00,Hanford_Reach,5026,0.00,L_Adams,5,0.00
Area125 (13) troll 224 249,,Lyons_Ferry_H,5021,0.90,Umatilla_H_Fa,5026,0.05,Priest_Rapid_H,5026,0.02,Nez_PerceT_H,5021,0.02,Hanford_Reach,5026,0.01
Area125 (13) troll 224 250,,Priest_Rapid_H,5026,0.75,Hanford_Reach,5026,0.13,Umatilla_H_Fa,5026,0.07,Priest_Rapids_H,5026,0.04,Methow_R,5026,0.01
Area125 (13) troll 224 251,,Feather_H_fa,5001,0.70,Battle_Cr,5001,0.16,Hanford_Reach,5026,0.07,Umatilla_H_Fa,5026,0.02,Stanislaus_R,5001,0.01
Area125 (13) troll 224 252,,Coos_H,5011,0.95,Coquille_R,5011,0.04,S_Coos_R,5011,0.01,Yaquina_R,5015,0.00,S_Umpqua_H,5011,0.00
Area125 (13) troll 224 253,,Lewis_R_f,5008,0.77,Lewis_R_Su,5008,0.19,Washougal_R_Fa,5008,0.02,Lewis_R_LSu,5008,0.01,Cowlitz_H_fa,5008,0.00
Area125 (13) troll 224 254,,Lewis_R_f,5008,0.79,Lewis_R_Su,5008,0.17,Sandy_R,5008,0.03,Lewis_R_LSu,5008,0.01,Cowlitz_H_fa,5008,0.00
Area125 (13) troll 224 255,,Hanford_Reach,5026,0.61,Priest_Rapid_H,5026,0.35,Priest_Rapids_H,5026,0.01,L_Wh_Sal_H_SF,5026,0.01,Umatilla_H_Fa,5026,0.00
Area125 (13) troll 224 256,,Priest_Rapids_H,5026,0.33,Hanford_Reach,5026,0.30,Priest_Rapid_H,5026,0.23,Wells_H,5026,0.10,Umatilla_H_Fa,5026,0.03
Area125 (13) troll 224 257,,Elk_H,5011,1.00,Coos_H,5011,0.00,Trask_R,5015,0.00,Cowlitz_H_fa,5008,0.00,S_Umpqua_H,5011,0.00
Area125 (13) troll 224 258,,Wells_H,5026,0.94,Hanford_Reach,5026,0.05,Umatilla_H_Fa,5026,0.01,Priest_Rapid_H,5026,0.00,Methow_R,5026,0.00
Area125 (13) troll 224 259,,Little_R,5,0.98,L_Thompson,5,0.02,L_Shuswap,5,0.01,South_Thom,5,0.00,,,
Area125 (13) troll 224 260,,Hanford_Reach,5026,0.38,King_Cr,5023,0.34,Robertson,8,0.17,Samish_H,5016,0.06,L_Skagit_R_Fa,5016,0.01
Area125 (13) troll 224 261,,Cowlitz_H_fa,5008,0.77,Lewis_R_f,5008,0.16,Lewis_R_Su,5008,0.07,Lewis_R_LSu,5008,0.00,Cowlitz_H_sp,5009,0.00
Area125 (13) troll 224 262,,Hanford_Reach,5026,0.45,Priest_Rapid_H,5026,0.44,Lyons_Ferry_H,5021,0.06,Nez_PerceT_H,5021,0.04,L_Wh_Sal_H_SF,5026,0.01
Area125 (13) troll 224 263,,Hanford_Reach,5026,0.56,Priest_Rapid_H,5026,0.37,Nez_PerceT_H,5021,0.02,Wells_H,5026,0.02,Priest_Rapids_H,5026,0.02
Area125 (13) troll 224 264,,Elk_H,5011,0.90,Coquille_R,5011,0.09,Coos_H,5011,0.01,S_Umpqua_H,5011,0.00,Trask_R,5015,0.00
Area125 (13) troll 224 265,,Wells_H,5026,0.89,Priest_Rapids_H,5026,0.07,Priest_Rapid_H,5026,0.03,Lyons_Ferry_H,5021,0.00,Wenatchee_R_SF,5026,0.00
Area125 (13) troll 224 266,,Lyons_Ferry_H,5021,0.88,Wells_H,5026,0.07,Priest_Rapid_H,5026,0.02,Hanford_Reach,5026,0.02,Priest_Rapids_H,5026,0.01
Area125 (13) troll 224 267,,Hanford_Reach,5026,0.38,Priest_Rapid_H,5026,0.33,Priest_Rapids_H,5026,0.26,Umatilla_H_Fa,5026,0.02,Wells_H,5026,0.01
Area125 (13) troll 224 268,,Priest_Rapids_H,5026,0.74,Nez_PerceT_H,5021,0.26,Umatilla_H,5026,0.00,,,,,,
Area125 (13) troll 224 269,,Hanford_Reach,5026,0.97,Wells_H,5026,0.02,Priest_Rapid_H,5026,0.01,L_Wh_Sal_H_SF,5026,0.00,Priest_Rapids_H,5026,0.00
Area125 (13) troll 224 270,,S_Umpqua_H,5011,0.62,Salmon_R_f,5015,0.19,Yaquina_R,5015,0.07,Lewis_R_Su,5008,0.05,Wilson_R,5015,0.02
Area125 (13) troll 224 271,,Salmon_R_f,5015,0.46,Wilson_R,5015,0.19,Trask_R,5015,0.16,Nestucca_H,5015,0.04,S_Umpqua_H,5011,0.04
Area125 (13) troll 224 272,,Priest_Rapids_H,5026,0.94,Hanford_Reach,5026,0.03,Methow_R,5026,0.01,Priest_Rapid_H,5026,0.01,Nez_PerceT_H,5021,0.01
Area125 (13) troll 224 273,,Lewis_R_f,5008,0.75,Lewis_R_Su,5008,0.13,Nez_PerceT_H,5021,0.04,Cowlitz_H_fa,5008,0.03,Wells_H,5026,0.02
Area125 (13) troll 224 274,,Hanford_Reach,5026,0.66,Priest_Rapid_H,5026,0.19,Lyons_Ferry_H,5021,0.06,Priest_Rapids_H,5026,0.03,Nez_PerceT_H,5021,0.03
Area125 (13) troll 224 275,,Elk_H,5011,1.00,Coquille_R,5011,0.00,,,,,,,,,
Area125 (13) troll 224 276,,Forks_Cr_H,5028,1.00,Skagit_R,5016,0.00,S_Umpqua_H,5011,0.00,Lewis_R_Su,5008,0.00,Elochoman_R_Fa,5008,0.00
Area125 (13) troll 224 277,,Forks_Cr_H,5028,0.94,Yaquina_R,5015,0.03,Trask_R,5015,0.01,Nestucca_H,5015,0.01,Coos_H,5011,0.01
Area125 (13) troll 224 278,,Wells_H,5026,0.98,Priest_Rapid_H,5026,0.01,Nez_PerceT_H,5021,0.00,Hanford_Reach,5026,0.00,Priest_Rapids_H,5026,0.00
Area125 (13) troll 224 279,,Wells_H,5026,0.32,Nez_PerceT_H,5021,0.27,Priest_Rapids_H,5026,0.14,Lyons_Ferry_H,5021,0.14,Priest_Rapid_H,5026,0.11
Area125 (13) troll 224 280,,Hanford_Reach,5026,0.86,Priest_Rapids_H,5026,0.10,Priest_Rapid_H,5026,0.03,Nez_PerceT_H,5021,0.01,Lyons_Ferry_H,5021,0.01
Area125 (13) troll 224 281,,Wells_H,5026,0.69,Little_R,5,0.10,Hanford_Reach,5026,0.10,Priest_Rapid_H,5026,0.09,Umatilla_H_Fa,5026,0.01
Area125 (13) troll 224 282,,Cowlitz_H_fa,5008,0.49,Lewis_R_Su,5008,0.19,Washougal_R_Fa,5008,0.09,Lewis_R_f,5008,0.07,Lewis_H_sp,5009,0.06
Area125 (13) troll 224 283,,Yaquina_R,5015,0.35,Forks_Cr_H,5028,0.27,Coquille_R,5011,0.13,S_Umpqua_H,5011,0.08,Coos_H,5011,0.06
Area125 (13) troll 224 284,,Cowlitz_H_fa,5008,0.67,Lewis_R_f,5008,0.12,Washougal_R_Fa,5008,0.08,Trask_R,5015,0.04,Lewis_R_Su,5008,0.04
Area125 (13) troll 224 285,,Lewis_R_f,5008,0.73,Lewis_R_Su,5008,0.26,Cowlitz_H_fa,5008,0.01,Washougal_R_Fa,5008,0.00,,,
Area125 (13) troll 224 286,,Hanford_Reach,5026,0.91,McKenzie_H,5029,0.05,Lewis_R_f,5008,0.02,N_Santiam_H,5029,0.01,Sandy_R,5008,0.00
Area125 (13) troll 224 287,,Hanford_Reach,5026,0.92,Priest_Rapid_H,5026,0.03,Lyons_Ferry_H,5021,0.02,Umatilla_H_Fa,5026,0.01,Nez_PerceT_H,5021,0.01
Area125 (13) troll 224 288,,Wells_H,5026,0.92,Priest_Rapids_H,5026,0.03,Hanford_Reach,5026,0.03,Lyons_Ferry_H,5021,0.01,Priest_Rapid_H,5026,0.01
Area125 (13) troll 224 289,,L_Thompson,5,0.78,Little_R,5,0.21,Harrison,3,0.01,Skagit_R,5016,0.00,Marblemount_Hsu,5016,0.00
Area125 (13) troll 224 290,,Hanford_Reach,5026,0.43,S_Umpqua_H,5011,0.28,Priest_Rapid_H,5026,0.12,Umatilla_H_Fa,5026,0.08,Nez_PerceT_H,5021,0.05
Area125 (13) troll 224 291,,Hanford_Reach,5026,0.50,Priest_Rapid_H,5026,0.36,Wells_H,5026,0.06,Umatilla_H_Fa,5026,0.03,Priest_Rapids_H,5026,0.02
Area125 (13) troll 224 292,,Hanford_Reach,5026,0.34,Priest_Rapids_H,5026,0.28,Priest_Rapid_H,5026,0.28,Umatilla_H_Fa,5026,0.10,Lyons_Ferry_H,5021,0.00
Area125 (13) troll 224 293,,Samish_H,5016,0.87,Bear_Cr_SuFa,5020,0.09,Cedar_R_SuFa,5020,0.03,Skagit_R,5016,0.01,Marblemount_Hsu,5016,0.00
Area125 (13) troll 224 294,,Forks_Cr_H,5028,1.00,Nestucca_H,5015,0.00,Kilchis_R,5015,0.00,Coos_H,5011,0.00,Lewis_R_f,5008,0.00
Area125 (13) troll 224 295,,Spring_Cr_col,5030,0.90,Big_Cr_H_Col,5030,0.10,Abernathy_NFH_F,5008,0.00,Elochoman_H,5030,0.00,,,
Area125 (13) troll 224 296,,Cowlitz_H_fa,5008,0.65,Washougal_R_Fa,5008,0.10,Spring_Cr_col,5030,0.10,Big_Cr_H_Col,5030,0.06,Lewis_R_f,5008,0.06
Area125 (13) troll 224 297,,Hanford_Reach,5026,0.94,Priest_Rapids_H,5026,0.04,Wells_H,5026,0.01,Priest_Rapid_H,5026,0.01,Nez_PerceT_H,5021,0.00
Area125 (13) troll 224 298,,Wells_H,5026,0.61,Hanford_Reach,5026,0.17,Priest_Rapid_H,5026,0.14,Umatilla_H_Fa,5026,0.05,Priest_Rapids_H,5026,0.02
Area125 (13) troll 224 299,,Priest_Rapids_H,5026,0.61,Wells_H,5026,0.13,Priest_Rapid_H,5026,0.13,Hanford_Reach,5026,0.08,Umatilla_H_Fa,5026,0.03
Area125 (13) troll 224 300,,Cowlitz_H_fa,5008,0.82,Washougal_R_Fa,5008,0.11,Lewis_R_f,5008,0.03,Abernathy_Cr_Fa,5008,0.02,Lewis_R_Su,5008,0.02
Area125 (13) troll 224 301,,Priest_Rapid_H,5026,0.42,Feather_H_fa,5001,0.27,Hanford_Reach,5026,0.12,Lyons_Ferry_H,5021,0.09,Lewis_R_f,5008,0.03
Area125 (13) troll 224 302,,Hanford_Reach,5026,0.17,Priest_Rapids_H,5026,0.16,Nez_PerceT_H,5021,0.16,Priest_Rapid_H,5026,0.15,Lyons_Ferry_H,5021,0.14
Area125 (13) troll 224 303,,Hanford_Reach,5026,0.36,L_Thompson,5,0.32,Lewis_R_f,5008,0.12,Lewis_R_Su,5008,0.05,Priest_Rapids_H,5026,0.03
Area125 (13) troll 224 304,,Wells_H,5026,0.52,Hanford_Reach,5026,0.36,Priest_Rapid_H,5026,0.10,Nez_PerceT_H,5021,0.01,Lyons_Ferry_H,5021,0.00
Area125 (13) troll 224 305,,Wells_H,5026,0.49,Priest_Rapid_H,5026,0.29,Lyons_Ferry_H,5021,0.19,Hanford_Reach,5026,0.02,Priest_Rapids_H,5026,0.00
Area125 (13) troll 224 306,,Hanford_Reach,5026,0.89,Priest_Rapid_H,5026,0.08,Priest_Rapids_H,5026,0.01,Skagit_R,5016,0.01,Lyons_Ferry_H,5021,0.00
Area125 (13) troll 224 307,,L_Qualicum,7,0.51,Cedar_R_SuFa,5020,0.20,Hanford_Reach,5026,0.06,Bear_Cr_SuFa,5020,0.05,Puntledge_F,7,0.05
Area125 (13) troll 224 308,,Wells_H,5026,0.66,Lyons_Ferry_H,5021,0.24,Methow_R,5026,0.06,Priest_Rapids_H,5026,0.04,Umatilla_H_Fa,5026,0.01
Area125 (13) troll 224 309,,Hanford_Reach,5026,1.00,Priest_Rapids_H,5026,0.00,Priest_Rapid_H,5026,0.00,L_Wh_Sal_H_SF,5026,0.00,,,
Area125 (13) troll 224 310,Dupe with 203,Samish_H,5016,0.92,Bear_Cr_SuFa,5020,0.08,Cedar_R_SuFa,5020,0.00,,,,,,
Area125 (13) troll 224 311,,Hanford_Reach,5026,0.66,Priest_Rapid_H,5026,0.18,Wells_H,5026,0.11,Lyons_Ferry_H,5021,0.03,Priest_Rapids_H,5026,0.01
Area125 (13) troll 224 312,,Hanford_Reach,5026,0.42,Lyons_Ferry_H,5021,0.36,Priest_Rapid_H,5026,0.18,Nez_PerceT_H,5021,0.03,Priest_Rapids_H,5026,0.00
Area125 (13) troll 224 313,,Skagit_R,5016,0.99,L_Sauk_R,5016,0.00,Marblemount_Hsu,5016,0.00,S_Umpqua_H,5011,0.00,Nahlin_R_U,5025,0.00
Area125 (13) troll 224 314,,S_Umpqua_H,5011,0.96,Hanford_Reach,5026,0.02,Yaquina_R,5015,0.01,Umatilla_H_Fa,5026,0.01,Trask_R,5015,0.00
Area125 (13) troll 224 315,,Spring_Cr_col,5030,0.88,Big_Cr_H_Col,5030,0.07,Abernathy_Cr_Fa,5008,0.04,Abernathy_NFH_F,5008,0.00,Cowlitz_H_fa,5008,0.00
Area125 (13) troll 224 316,,Spring_Cr_col,5030,0.89,Big_Cr_H_Col,5030,0.10,Abernathy_NFH_F,5008,0.01,Elochoman_H,5030,0.00,Abernathy_Cr_Fa,5008,0.00
Area125 (13) troll 224 317,,NF_Nooksack_H,5016,1.00,Skagit_R,5016,0.00,,,,,,,,,
Area125 (13) troll 224 318,,Hanford_Reach,5026,0.49,Priest_Rapid_H,5026,0.27,Wells_H,5026,0.16,Lyons_Ferry_H,5021,0.04,Skagit_R,5016,0.03
Area125 (13) troll 224 319,,Priest_Rapid_H,5026,0.71,Hanford_Reach,5026,0.17,Umatilla_H_Fa,5026,0.05,Wells_H,5026,0.03,Priest_Rapids_H,5026,0.02
Area125 (13) troll 224 320,,Hanford_Reach,5026,0.67,Priest_Rapid_H,5026,0.19,Lyons_Ferry_H,5021,0.11,Priest_Rapids_H,5026,0.02,Wells_H,5026,0.00
Area125 (13) troll 224 321,,Hanford_Reach,5026,0.33,Priest_Rapid_H,5026,0.23,Wells_H,5026,0.16,Priest_Rapids_H,5026,0.11,Lyons_Ferry_H,5021,0.04
Area125 (13) troll 224 322,,L_Qualicum,7,0.82,Cowichan,7,0.07,Puntledge_F,7,0.07,Puntledge_BackX,7,0.01,Marblemount_Hsu,5016,0.01
Area125 (13) troll 224 323,,Hanford_Reach,5026,0.65,Priest_Rapid_H,5026,0.25,Priest_Rapids_H,5026,0.05,Umatilla_H_Fa,5026,0.01,Wells_H,5026,0.01
Area125 (13) troll 224 324,,Hanford_Reach,5026,0.26,Wells_H,5026,0.19,Priest_Rapids_H,5026,0.19,Lyons_Ferry_H,5021,0.12,Nez_PerceT_H,5021,0.10
Area125 (13) troll 224 325,,Toquart,8,0.99,Sooke,8,0.01,Robertson,8,0.00,Gold_R,8,0.00,,,
Area125 (13) troll 224 326,,S_Umpqua_H,5011,1.00,Coquille_R,5011,0.00,Nehalem_R,5015,0.00,Trask_R,5015,0.00,Gold_R,8,0.00
Area125 (13) troll 224 327,Dupe with 199,Little_R,5,0.90,L_Thompson,5,0.09,Wells_H,5026,0.01,Priest_Rapid_H,5026,0.00,Priest_Rapids_H,5026,0.00
Area125 (13) troll 224 328,,Makah_H,5028,0.86,Samish_H,5016,0.03,Bear_Cr_SuFa,5020,0.02,Cedar_R_SuFa,5020,0.02,L_Qualicum,7,0.01
Area125 (13) troll 224 329,,Wells_H,5026,0.75,Hanford_Reach,5026,0.17,Priest_Rapid_H,5026,0.04,Lyons_Ferry_H,5021,0.03,Priest_Rapids_H,5026,0.00
Area125 (13) troll 224 330,,Hanford_Reach,5026,0.33,Lyons_Ferry_H,5021,0.28,Wells_H,5026,0.19,Priest_Rapid_H,5026,0.13,Priest_Rapids_H,5026,0.03
Area125 (13) troll 224 331,,L_Thompson,5,0.86,Little_R,5,0.14,Hanford_Reach,5026,0.00,S_Umpqua_H,5011,0.00,Humptulips_H,5028,0.00
Area125 (13) troll 224 332,,Chilliwack_F,3,0.81,Harrison,3,0.18,Chilliwac@Stav,3,0.00,Kispiox,22,0.00,Feather_H_fa,5001,0.00
Area125 (13) troll 224 333,,Nez_PerceT_H,5021,0.36,Lewis_R_f,5008,0.22,Priest_Rapid_H,5026,0.11,Lewis_R_Su,5008,0.11,Hanford_Reach,5026,0.06
Area125 (13) troll 224 334,,Trask_R,5015,0.44,Coweeman_R_Fa,5008,0.12,Sandy_R,5008,0.09,Kilchis_R,5015,0.08,Nestucca_H,5015,0.08
Area125 (13) troll 224 335,,Hanford_Reach,5026,0.69,Priest_Rapids_H,5026,0.20,Priest_Rapid_H,5026,0.06,Wells_H,5026,0.04,Umatilla_H_Fa,5026,0.00
Area125 (13) troll 224 336,,S_Umpqua_H,5011,0.46,Hanford_Reach,5026,0.27,Priest_Rapid_H,5026,0.09,Wells_H,5026,0.06,Cedar_R_SuFa,5020,0.05
Area125 (13) troll 224 337,,Coos_H,5011,0.55,Hanford_Reach,5026,0.16,Priest_Rapid_H,5026,0.16,Coquille_R,5011,0.04,Umatilla_H_Fa,5026,0.03
Area125 (13) troll 224 338,,Priest_Rapids_H,5026,0.77,Nez_PerceT_H,5021,0.19,Lyons_Ferry_H,5021,0.04,Hanford_Reach,5026,0.00,Priest_Rapid_H,5026,0.00
Area125 (13) troll 224 339,,Lewis_R_f,5008,0.60,Sandy_R,5008,0.18,Abernathy_Cr_Fa,5008,0.08,Cowlitz_H_fa,5008,0.08,Lewis_R_Su,5008,0.05
Area125 (13) troll 224 340,,L_Thompson,5,0.49,Little_R,5,0.37,Wells_H,5026,0.05,Hanford_Reach,5026,0.03,Lewis_R_f,5008,0.01
Area125 (13) troll 224 341,,Little_R,5,0.95,L_Thompson,5,0.05,South_Thom,5,0.00,,,,,,
Area125 (13) troll 224 342,,L_Thompson,5,0.88,Little_R,5,0.10,Hanford_Reach,5026,0.01,Priest_Rapids_H,5026,0.00,Abernathy_Cr_Fa,5008,0.00
Area125 (13) troll 224 343,,Little_R,5,0.49,Robertson,8,0.33,Gold_R,8,0.16,L_Thompson,5,0.01,South_Thom,5,0.00
Area125 (13) troll 224 344,,Little_R,5,0.99,ClearwaterRFa,5021,0.00,Hanford_Reach,5026,0.00,Nez_PerceT_H,5021,0.00,L_Thompson,5,0.00
Area125 (13) troll 224 345,,Chilliwack_F,3,0.53,Harrison,3,0.47,Chilliwac@Stav,3,0.00,,,,,,
Area125 (13) troll 224 346,,Skagit_R,5016,0.34,Samish_H,5016,0.31,Cedar_R_SuFa,5020,0.14,L_Qualicum,7,0.04,Bear_Cr_SuFa,5020,0.04
Area125 (13) troll 224 347,,Wells_H,5026,0.74,Priest_Rapid_H,5026,0.12,Hanford_Reach,5026,0.08,Methow_R,5026,0.03,Priest_Rapids_H,5026,0.01
Area125 (13) troll 224 348,,L_Thompson,5,0.69,Little_R,5,0.30,Bessette,5,0.00,South_Thom,5,0.00,L_Shuswap,5,0.00
Area125 (13) troll 224 349,,Lyons_Ferry_H,5021,0.27,Hanford_Reach,5026,0.22,Priest_Rapid_H,5026,0.21,Nez_PerceT_H,5021,0.16,Priest_Rapids_H,5026,0.11
Area125 (13) troll 224 350,,Priest_Rapid_H,5026,0.40,Priest_Rapids_H,5026,0.28,Lyons_Ferry_H,5021,0.15,Hanford_Reach,5026,0.10,Nez_PerceT_H,5021,0.04
Area125 (13) troll 224 351,,Wells_H,5026,0.71,Hanford_Reach,5026,0.14,Priest_Rapids_H,5026,0.07,Priest_Rapid_H,5026,0.06,Lyons_Ferry_H,5021,0.02
Area125 (13) troll 224 352,,Hanford_Reach,5026,0.59,Priest_Rapids_H,5026,0.13,Wells_H,5026,0.07,L_Thompson,5,0.06,Priest_Rapid_H,5026,0.06
Area125 (13) troll 224 353,,Spring_Cr_col,5030,0.77,Sandy_R,5008,0.10,Abernathy_Cr_Fa,5008,0.08,Big_Cr_H_Col,5030,0.03,Lyons_Ferry_H,5021,0.01
Area125 (13) troll 224 354,,Hanford_Reach,5026,0.89,Lyons_Ferry_H,5021,0.06,Priest_Rapid_H,5026,0.02,Wells_H,5026,0.02,Umatilla_H_Fa,5026,0.01
Area125 (13) troll 224 355,,Chilliwack_F,3,1.00,,,,,,,,,,,,
Area125 (13) troll 224 356,,Hanford_Reach,5026,0.82,Umatilla_H_Fa,5026,0.13,Priest_Rapid_H,5026,0.05,Wells_H,5026,0.00,Priest_Rapids_H,5026,0.00
Area125 (13) troll 224 357,,L_Qualicum,7,0.82,Puntledge_F,7,0.09,Cowichan,7,0.07,Puntledge_BackX,7,0.01,Big_Qualicum,7,0.00
Area125 (13) troll 224 358,,Little_R,5,0.81,L_Thompson,5,0.19,Hanford_Reach,5026,0.00,South_Thom,5,0.00,Priest_Rapids_H,5026,0.00
Area125 (13) troll 224 359,,Skagit_R,5016,0.93,Cedar_R_SuFa,5020,0.06,Kilchis_R,5015,0.00,Bear_Cr_SuFa,5020,0.00,Samish_H,5016,0.00
Area125 (13) troll 224 360,,Priest_Rapid_H,5026,0.48,Hanford_Reach,5026,0.36,Lyons_Ferry_H,5021,0.06,Wells_H,5026,0.04,Priest_Rapids_H,5026,0.02
Area125 (13) troll 224 361,,Skagit_R,5016,1.00,L_Sauk_R,5016,0.00,S_Coos_R,5011,0.00,S_Umpqua_H,5011,0.00,Coquille_R,5011,0.00
Area125 (13) troll 224 362,,L_Thompson,5,0.45,Chilliwack_F,3,0.23,Little_R,5,0.17,Harrison,3,0.11,Wells_H,5026,0.03
Area125 (13) troll 224 363,,L_Thompson,5,0.67,Little_R,5,0.33,L_Skagit_R_Fa,5016,0.00,Cowichan,7,0.00,Cedar_R_SuFa,5020,0.00
Area125 (13) troll 224 364,,L_Thompson,5,0.69,Little_R,5,0.30,South_Thom,5,0.00,Hanford_Reach,5026,0.00,Priest_Rapid_H,5026,0.00
Area125 (13) troll 224 365,,Little_R,5,0.81,L_Thompson,5,0.19,South_Thom,5,0.00,Cedar_R_SuFa,5020,0.00,Skagit_R,5016,0.00
Area125 (13) troll 224 366,,Cowlitz_H_fa,5008,0.39,Priest_Rapid_H,5026,0.33,Hanford_Reach,5026,0.09,Sandy_R,5008,0.08,Lewis_R_f,5008,0.05
Area125 (13) troll 224 367,,Little_R,5,0.68,L_Thompson,5,0.32,South_Thom,5,0.00,,,,,,
Area125 (13) troll 224 368,,Little_R,5,1.00,L_Thompson,5,0.00,L_Shuswap,5,0.00,,,,,,
Area125 (13) troll 224 369,,Spring_Cr_col,5030,0.90,Big_Cr_H_Col,5030,0.10,Abernathy_Cr_Fa,5008,0.00,Abernathy_NFH_F,5008,0.00,Lewis_R_f,5008,0.00
Area125 (13) troll 224 370,,Little_R,5,0.98,L_Thompson,5,0.02,South_Thom,5,0.00,,,,,,
Area125 (13) troll 224 371,,Skagit_R,5016,0.91,Marblemount_Hsu,5016,0.07,Hoko_H_Fa,5028,0.02,Bear_Cr_SuFa,5020,0.00,L_Skagit_R_Fa,5016,0.00
Area125 (13) troll 224 372,,S_Umpqua_H,5011,0.53,Yaquina_R,5015,0.26,Trask_R,5015,0.14,Wilson_R,5015,0.04,Coquille_R,5011,0.02
Area125 (13) troll 224 373,,Hanford_Reach,5026,0.44,Lyons_Ferry_H,5021,0.31,Nez_PerceT_H,5021,0.07,Priest_Rapid_H,5026,0.07,Wells_H,5026,0.06
Area125 (13) troll 224 374,,Chilliwack_F,3,0.97,Harrison,3,0.03,,,,,,,,,
Area125 (13) troll 224 375,,Lyons_Ferry_H,5021,0.62,Hanford_Reach,5026,0.25,Priest_Rapids_H,5026,0.07,Nez_PerceT_H,5021,0.02,Wells_H,5026,0.02
Area125 (13) troll 224 376,,Priest_Rapid_H,5026,0.81,Hanford_Reach,5026,0.14,Nez_PerceT_H,5021,0.02,Priest_Rapids_H,5026,0.02,L_Wh_Sal_H_SF,5026,0.00
Area125 (13) troll 224 377,,Nehalem_R,5015,1.00,,,,,,,,,,,,
Area125 (13) troll 224 378,,Priest_Rapids_H,5026,0.67,Hanford_Reach,5026,0.21,Priest_Rapid_H,5026,0.09,Wells_H,5026,0.03,Nez_PerceT_H,5021,0.00
Area125 (13) troll 224 379,,Hanford_Reach,5026,0.28,Sandy_R,5008,0.19,Lewis_R_f,5008,0.18,Priest_Rapid_H,5026,0.13,Lewis_R_Su,5008,0.12
Area125 (13) troll 224 380,,Little_R,5,0.96,L_Thompson,5,0.04,South_Thom,5,0.01,,,,,,
Area125 (13) troll 224 381,,Little_R,5,0.54,L_Thompson,5,0.46,South_Thom,5,0.00,Harrison,3,0.00,Toquart,8,0.00
Area125 (13) troll 224 382,,Little_R,5,0.85,L_Thompson,5,0.15,South_Thom,5,0.00,,,,,,
Area125 (13) troll 224 383,,S_Umpqua_H,5011,0.93,Coquille_R,5011,0.03,Coos_H,5011,0.03,Lewis_R_Su,5008,0.00,Cowlitz_H_fa,5008,0.00
Area125 (13) troll 224 384,,Hanford_Reach,5026,0.90,Priest_Rapid_H,5026,0.10,Wells_H,5026,0.00,L_Wh_Sal_H_SF,5026,0.00,Lyons_Ferry_H,5021,0.00
Area125 (13) troll 224 385,,Elk_H,5011,1.00,,,,,,,,,,,,
Area125 (13) troll 224 386,,Harrison,3,0.72,Chilliwack_F,3,0.28,,,,,,,,,
Area125 (13) troll 224 387,,Lyons_Ferry_H,5021,0.77,Nez_PerceT_H,5021,0.11,Priest_Rapid_H,5026,0.06,Wells_H,5026,0.06,Hanford_Reach,5026,0.00
Area125 (13) troll 224 388,,Yaquina_R,5015,0.30,Trask_R,5015,0.24,Coos_H,5011,0.14,S_Umpqua_H,5011,0.09,Kilchis_R,5015,0.07
Area125 (13) troll 224 389,,Wells_H,5026,0.55,Hanford_Reach,5026,0.28,Priest_Rapids_H,5026,0.09,Methow_R,5026,0.03,L_Thompson,5,0.02
Area125 (13) troll 224 390,,Little_R,5,0.95,L_Thompson,5,0.05,South_Thom,5,0.00,,,,,,
Area125 (13) troll 224 391,,Cedar_R_SuFa,5020,0.45,Samish_H,5016,0.34,Bear_Cr_SuFa,5020,0.18,L_Sauk_R,5016,0.01,L_Qualicum,7,0.00
Area125 (13) troll 224 392,,Little_R,5,0.93,L_Thompson,5,0.06,Bessette,5,0.00,L_Shuswap,5,0.00,Seymour@Thomp,5,0.00
Area125 (13) troll 224 393,,Nestucca_H,5015,0.84,Salmon_R_f,5015,0.12,Yaquina_R,5015,0.02,Necanicum_H,5015,0.02,Wilson_R,5015,0.01
Area125 (13) troll 224 394,,Wells_H,5026,0.89,Hanford_Reach,5026,0.07,L_Thompson,5,0.02,Priest_Rapid_H,5026,0.01,Umatilla_H_Fa,5026,0.01
Area125 (13) troll 224 395,,Wells_H,5026,0.91,Lyons_Ferry_H,5021,0.04,Priest_Rapid_H,5026,0.03,Washougal_R_Fa,5008,0.00,Sandy_R,5008,0.00
Area125 (13) troll 224 396,,Hanford_Reach,5026,0.55,Priest_Rapid_H,5026,0.17,Cowlitz_H_fa,5008,0.08,Big_Cr_H_Col,5030,0.08,S_Umpqua_H,5011,0.07
Area125 (13) troll 224 397,,Lyons_Ferry_H,5021,0.74,Nez_PerceT_H,5021,0.14,Priest_Rapid_H,5026,0.03,Priest_Rapids_H,5026,0.03,Wells_H,5026,0.03
Area125 (13) troll 224 398,,Priest_Rapids_H,5026,0.40,Hanford_Reach,5026,0.33,Nez_PerceT_H,5021,0.18,Lyons_Ferry_H,5021,0.02,Lewis_H_sp,5009,0.02
Area125 (13) troll 224 399,,Priest_Rapid_H,5026,0.31,Wells_H,5026,0.25,Priest_Rapids_H,5026,0.16,Hanford_Reach,5026,0.14,Umatilla_H_Fa,5026,0.08
Area125 (13) troll 224 400,,Priest_Rapid_H,5026,0.71,Hanford_Reach,5026,0.20,Umatilla_H_Fa,5026,0.08,Nez_PerceT_H,5021,0.02,Lyons_Ferry_H,5021,0.00
Area125 (13) troll 224 401,,Hanford_Reach,5026,0.76,Lyons_Ferry_H,5021,0.19,Wells_H,5026,0.03,Umatilla_H_Fa,5026,0.01,Priest_Rapid_H,5026,0.01
Area125 (13) troll 224 402,,Hanford_Reach,5026,0.38,Priest_Rapid_H,5026,0.33,Priest_Rapids_H,5026,0.14,Nez_PerceT_H,5021,0.04,Lyons_Ferry_H,5021,0.04
Area125 (13) troll 224 403,,Trask_R,5015,0.55,Kilchis_R,5015,0.20,Nestucca_H,5015,0.15,Wilson_R,5015,0.09,Salmon_R_f,5015,0.01
Area125 (13) troll 224 404,,Hanford_Reach,5026,0.40,Priest_Rapid_H,5026,0.37,Priest_Rapids_H,5026,0.12,Methow_R,5026,0.04,Wells_H,5026,0.03
Area125 (13) troll 224 405,,L_Thompson,5,0.68,Little_R,5,0.28,Neechanze,10,0.01,S_Umpqua_H,5011,0.01,Goat,1,0.00
Area125 (13) troll 224 406,,Little_R,5,0.92,L_Thompson,5,0.07,South_Thom,5,0.00,L_Shuswap,5,0.00,Bessette,5,0.00
Area125 (13) troll 224 407,,Chilliwack_F,3,0.35,Harrison,3,0.22,Little_R,5,0.20,L_Thompson,5,0.11,Nez_PerceT_H,5021,0.04
Area125 (13) troll 224 408,,Coos_H,5011,0.95,Coquille_R,5011,0.04,S_Coos_R,5011,0.01,Elk_H,5011,0.00,Salmon_R_f,5015,0.00
Area125 (13) troll 224 409,,Hanford_Reach,5026,0.60,Priest_Rapid_H,5026,0.32,Wells_H,5026,0.06,Lyons_Ferry_H,5021,0.01,Priest_Rapids_H,5026,0.01
Area125 (13) troll 224 410,,Chilliwack_F,3,0.66,Harrison,3,0.32,Priest_Rapid_H,5026,0.01,L_Thompson,5,0.01,Sandy_R,5008,0.00
Area125 (13) troll 224 411,,Trask_R,5015,0.41,Salmon_R_f,5015,0.21,S_Umpqua_H,5011,0.17,Lewis_R_Su,5008,0.12,Cowlitz_H_fa,5008,0.03
Area125 (13) troll 224 412,,Priest_Rapids_H,5026,0.79,Hanford_Reach,5026,0.12,L_Qualicum,7,0.06,Priest_Rapid_H,5026,0.03,,,
Area125 (13) troll 224 413,,Trask_R,5015,0.57,Kilchis_R,5015,0.18,Harrison,3,0.09,Lewis_R_Su,5008,0.04,Abernathy_Cr_Fa,5008,0.04
Area125 (13) troll 224 414,,Toquart,8,1.00,Gold_R,8,0.00,Kaouk_R,8,0.00,Robertson,8,0.00,,,
Area125 (13) troll 224 415,,Robertson,8,0.55,Gold_R,8,0.45,,,,,,,,,
Area125 (13) troll 224 416,,Hanford_Reach,5026,0.34,Wells_H,5026,0.29,Priest_Rapid_H,5026,0.21,Lyons_Ferry_H,5021,0.12,Nez_PerceT_H,5021,0.02
Area125 (13) troll 224 417,,Little_R,5,0.97,L_Thompson,5,0.02,Harrison,3,0.01,Wells_H,5026,0.00,Chilliwack_F,3,0.00
Area125 (13) troll 224 418,,Wells_H,5026,0.68,Lyons_Ferry_H,5021,0.15,Nez_PerceT_H,5021,0.08,Hanford_Reach,5026,0.04,Methow_R,5026,0.03
Area125 (13) troll 224 419,,Forks_Cr_H,5028,1.00,Sandy_R,5008,0.00,,,,,,,,,
Area125 (13) troll 224 420,,Hanford_Reach,5026,0.65,Priest_Rapid_H,5026,0.30,Lyons_Ferry_H,5021,0.03,Umatilla_H_Fa,5026,0.01,Umatilla_H,5026,0.00
Area125 (13) troll 224 421,,L_Thompson,5,0.53,Little_R,5,0.46,Bessette,5,0.01,Hanford_Reach,5026,0.00,Wells_H,5026,0.00
Area125 (13) troll 224 422,,Hanford_Reach,5026,0.48,L_Sauk_R,5016,0.34,Wells_H,5026,0.04,Umatilla_H_Fa,5026,0.03,Lewis_R_Su,5008,0.02
Area125 (13) troll 224 423,,Lyons_Ferry_H,5021,0.55,Nez_PerceT_H,5021,0.36,Priest_Rapids_H,5026,0.03,Wells_H,5026,0.02,Priest_Rapid_H,5026,0.02
Area125 (13) troll 224 424,Dupe with 102,Little_R,5,0.89,L_Thompson,5,0.10,Wells_H,5026,0.01,Priest_Rapid_H,5026,0.00,L_Shuswap,5,0.00
Area125 (13) troll 224 425,,Forks_Cr_H,5028,1.00,Salmon_R_f,5015,0.00,Trask_R,5015,0.00,Humptulips_H,5028,0.00,,,
Area125 (13) troll 224 426,,Trask_R,5015,0.56,Coos_H,5011,0.15,Wilson_R,5015,0.09,Coquille_R,5011,0.05,Yaquina_R,5015,0.05
Area125 (13) troll 224 427,,Hanford_Reach,5026,0.94,Priest_Rapid_H,5026,0.06,Umatilla_H_Fa,5026,0.00,Marion_Drain_Fa,5026,0.00,Lyons_Ferry_H,5021,0.00
Area125 (13) troll 224 428,Dupe with 85,Samish_H,5016,0.92,Bear_Cr_SuFa,5020,0.08,Cedar_R_SuFa,5020,0.00,,,,,,
Area125 (13) troll 224 429,,Trask_R,5015,0.28,Coos_H,5011,0.17,Salmon_R_f,5015,0.16,L_Thompson,5,0.12,Harrison,3,0.08
Area125 (13) troll 224 430,,Chilliwack_F,3,0.80,Harrison,3,0.20,,,,,,,,,
Area125 (13) troll 224 431,,S_Umpqua_H,5011,0.45,Elk_H,5011,0.21,Coquille_R,5011,0.20,Coos_H,5011,0.06,Alsea_R,5015,0.04
Area125 (13) troll 224 432,,Wells_H,5026,0.73,Priest_Rapids_H,5026,0.12,Lyons_Ferry_H,5021,0.06,Priest_Rapid_H,5026,0.05,Methow_R,5026,0.03
Area125 (13) troll 224 433,,Little_R,5,0.98,L_Thompson,5,0.01,South_Thom,5,0.00,,,,,,
Area125 (13) troll 224 434,,Skagit_R,5016,0.23,Little_R,5,0.23,L_Thompson,5,0.16,Cedar_R_SuFa,5020,0.07,Wells_H,5026,0.06
Area125 (13) troll 224 435,,Little_R,5,0.78,L_Thompson,5,0.22,South_Thom,5,0.00,Bessette,5,0.00,,,
Area125 (13) troll 224 436,,Skagit_R,5016,0.65,L_Sauk_R,5016,0.33,S_Umpqua_H,5011,0.01,L_Skagit_R_Fa,5016,0.01,Hanford_Reach,5026,0.00
Area125 (13) troll 224 437,,Little_R,5,0.99,L_Thompson,5,0.00,L_Shuswap,5,0.00,South_Thom,5,0.00,,,
Area125 (13) troll 224 438,,Trask_R,5015,0.43,Salmon_R_f,5015,0.28,Wilson_R,5015,0.16,Kilchis_R,5015,0.10,Yaquina_R,5015,0.01
Area125 (13) troll 224 439,,L_Thompson,5,0.60,Little_R,5,0.23,Harrison,3,0.08,Chilliwack_F,3,0.02,Raft_R,4,0.02
Area125 (13) troll 224 440,,Wells_H,5026,0.58,Hanford_Reach,5026,0.28,Priest_Rapid_H,5026,0.09,Lyons_Ferry_H,5021,0.02,Nez_PerceT_H,5021,0.02
Area125 (13) troll 224 441,,Harrison,3,0.68,Chilliwack_F,3,0.28,Hanford_Reach,5026,0.02,Priest_Rapid_H,5026,0.01,Samish_H,5016,0.01
Area125 (13) troll 224 442,,Priest_Rapid_H,5026,0.40,Hanford_Reach,5026,0.35,Wells_H,5026,0.11,Skagit_R,5016,0.10,Priest_Rapids_H,5026,0.02
Area125 (13) troll 224 443,,Trask_R,5015,0.37,Forks_Cr_H,5028,0.26,Wilson_R,5015,0.17,Alsea_R,5015,0.08,Kilchis_R,5015,0.05
Area125 (13) troll 224 444,,Little_R,5,0.84,L_Thompson,5,0.16,South_Thom,5,0.00,U_Nahlin_R,5025,0.00,,,
Area125 (13) troll 224 445,,Cowlitz_H_fa,5008,0.94,Spring_Cr_col,5030,0.03,Lewis_R_f,5008,0.01,Lewis_R_Su,5008,0.01,Elochoman_H,5030,0.00
Area125 (13) troll 224 446,,Wells_H,5026,0.97,Hanford_Reach,5026,0.01,S_Umpqua_H,5011,0.01,Nez_PerceT_H,5021,0.00,Lewis_H_sp,5009,0.00
Area125 (13) troll 224 447,,L_Thompson,5,0.56,Little_R,5,0.44,,,,,,,,,
Area125 (13) troll 224 448,,Kilchis_R,5015,0.25,Trask_R,5015,0.19,Forks_Cr_H,5028,0.16,Nestucca_H,5015,0.13,Wilson_R,5015,0.11
Area125 (13) troll 224 449,,Little_R,5,0.94,L_Thompson,5,0.06,South_Thom,5,0.00,M_Shuswap,5,0.00,,,
Area125 (13) troll 224 450,,Little_R,5,1.00,South_Thom,5,0.00,,,,,,,,,
Area125 (13) troll 224 451,,Nehalem_R,5015,1.00,Trask_R,5015,0.00,Nestucca_H,5015,0.00,Wilson_R,5015,0.00,,,
Area125 (13) troll 224 452,,Little_R,5,0.64,L_Thompson,5,0.35,Priest_Rapid_H,5026,0.00,Hanford_Reach,5026,0.00,Harrison,3,0.00
Area125 (13) troll 224 453,,Priest_Rapids_H,5026,0.63,Cowlitz_H_fa,5008,0.17,Little_R,5,0.06,Skagit_R,5016,0.03,Washougal_R_Fa,5008,0.02
Area125 (13) troll 224 454,,L_Thompson,5,0.43,Harrison,3,0.29,Little_R,5,0.15,NF_Nooksack_H,5016,0.10,Chilliwack_F,3,0.02
Area125 (13) troll 224 455,,Priest_Rapids_H,5026,0.49,Wells_H,5026,0.23,Hanford_Reach,5026,0.17,Priest_Rapid_H,5026,0.11,Umatilla_H_Fa,5026,0.01
Area125 (13) troll 224 456,,Little_R,5,0.88,L_Thompson,5,0.06,Priest_Rapids_H,5026,0.04,Priest_Rapid_H,5026,0.00,South_Thom,5,0.00
Area125 (13) troll 224 457,,Little_R,5,1.00,L_Thompson,5,0.00,South_Thom,5,0.00,,,,,,
Area125 (13) troll 224 458,,Little_R,5,0.98,Priest_Rapids_H,5026,0.01,Priest_Rapid_H,5026,0.00,Hanford_Reach,5026,0.00,Wells_H,5026,0.00
Area125 (13) troll 224 459,,Priest_Rapids_H,5026,0.29,Priest_Rapid_H,5026,0.22,Hanford_Reach,5026,0.13,Wells_H,5026,0.13,Lyons_Ferry_H,5021,0.09
Area125 (13) troll 224 460,,Trask_R,5015,0.60,Wilson_R,5015,0.16,Kilchis_R,5015,0.12,Salmon_R_f,5015,0.05,Alsea_R,5015,0.04
Area125 (13) troll 224 461,,Lyons_Ferry_H,5021,0.69,Priest_Rapid_H,5026,0.21,Nez_PerceT_H,5021,0.07,Hanford_Reach,5026,0.01,Wells_H,5026,0.01
Area125 (13) troll 224 462,,Priest_Rapid_H,5026,0.47,Hanford_Reach,5026,0.30,Priest_Rapids_H,5026,0.19,Wells_H,5026,0.02,Nez_PerceT_H,5021,0.01
Area125 (13) troll 224 463,,S_Umpqua_H,5011,0.99,Hanford_Reach,5026,0.00,Skagit_R,5016,0.00,Lyons_Ferry_H,5021,0.00,Cole_Rivers_H,5019,0.00
Area125 (13) troll 224 464,,L_Thompson,5,0.49,Hanford_Reach,5026,0.26,Wells_H,5026,0.13,Klickitat_R_sp,5010,0.03,Priest_Rapid_H,5026,0.03
Area125 (13) troll 224 465,,Trask_R,5015,0.61,Forks_Cr_H,5028,0.07,Kilchis_R,5015,0.07,L_Sauk_R,5016,0.07,Skagit_R,5016,0.04
Area125 (13) troll 224 466,,Trask_R,5015,0.73,Kilchis_R,5015,0.16,Wilson_R,5015,0.04,Yaquina_R,5015,0.04,Alsea_R,5015,0.01
Area125 (13) troll 224 467,,Wells_H,5026,0.40,Priest_Rapids_H,5026,0.38,Hanford_Reach,5026,0.12,Priest_Rapid_H,5026,0.10,Umatilla_H,5026,0.00
Area125 (13) troll 224 468,,Hanford_Reach,5026,0.36,Lewis_R_f,5008,0.36,Lewis_R_Su,5008,0.10,Priest_Rapid_H,5026,0.06,Cowlitz_H_fa,5008,0.02
Area125 (13) troll 224 469,,Elk_H,5011,0.63,Trask_R,5015,0.13,Nestucca_H,5015,0.12,Kilchis_R,5015,0.06,Wilson_R,5015,0.05
Area125 (13) troll 261 470,,Trask_R,5015,0.72,Kilchis_R,5015,0.20,Wilson_R,5015,0.06,Necanicum_H,5015,0.01,Salmon_R_f,5015,0.00
Area125 (13) troll 261 471,,Forks_Cr_H,5028,0.47,Trask_R,5015,0.14,Wilson_R,5015,0.12,Kilchis_R,5015,0.11,Salmon_R_f,5015,0.09
Area125 (13) troll 261 472,,Harrison,3,0.55,King_Cr,5023,0.33,L_Sauk_R,5016,0.05,Nahlin_R_U,5025,0.03,U_Nahlin_R,5025,0.01
Area125 (13) troll 261 473,,Lewis_R_f,5008,0.54,Cowlitz_H_fa,5008,0.35,Lewis_R_Su,5008,0.10,Sandy_R,5008,0.00,Feather_H_fa,5001,0.00
Area125 (13) troll 261 474,,Hanford_Reach,5026,0.33,L_Qualicum,7,0.23,Wells_H,5026,0.22,L_Thompson,5,0.13,Priest_Rapid_H,5026,0.05
Area125 (13) troll 261 475,,Coos_H,5011,0.94,Coquille_R,5011,0.04,S_Coos_R,5011,0.01,Elk_H,5011,0.01,Millicoma_R,5011,0.00
Area125 (13) troll 261 476,,Trask_R,5015,0.51,Kilchis_R,5015,0.14,Wilson_R,5015,0.12,Nestucca_H,5015,0.11,Salmon_R_f,5015,0.07
Area125 (13) troll 261 477,,L_Qualicum,7,0.54,Puntledge_F,7,0.22,Puntledge_BackX,7,0.16,Puntledge_Su,7,0.02,Cowichan,7,0.02
Area125 (13) troll 261 478,,Spring_Cr_col,5030,0.82,Big_Cr_H_Col,5030,0.10,Washougal_R_Fa,5008,0.03,Cowlitz_H_fa,5008,0.02,Abernathy_NFH_F,5008,0.01
,,,,,,,,,,,,,,,,
Sample: 44, Area126,2013, troll, Jan17-Sep18,,,,,,,,,,,,
Area126 (13) troll 113 695,,Wenatchee_R_SF,5026,0.79,Methow_R,5026,0.19,Wells_H,5026,0.02,Hanford_Reach,5026,0.00,Priest_Rapids_H,5026,0.00
Area126 (13) troll 113 696,,George_Adams_H,5005,0.92,Cedar_R_SuFa,5020,0.03,L_Skagit_R_Fa,5016,0.02,Grovers_Cr_H,5020,0.01,Clear_Cr_H,5020,0.01
Area126 (13) troll 113 697,,Wenatchee_R_SF,5026,0.43,Hanford_Reach,5026,0.27,Priest_Rapids_H,5026,0.22,Methow_R,5026,0.03,Wells_H,5026,0.03
Area126 (13) troll 113 698,,Wenatchee_R_SF,5026,0.95,Methow_R,5026,0.02,Umatilla_H_Fa,5026,0.02,Hanford_Reach,5026,0.01,Umatilla_H,5026,0.00
Area126 (13) troll 113 699,,Wenatchee_R_SF,5026,0.60,Umatilla_H,5026,0.22,Priest_Rapids_H,5026,0.08,Methow_R,5026,0.04,Hanford_Reach,5026,0.02
Area126 (13) troll 113 700,,Spring_Cr_col,5030,0.99,Big_Cr_H_Col,5030,0.01,Abernathy_Cr_Fa,5008,0.00,Abernathy_NFH_F,5008,0.00,Elochoman_H,5030,0.00
Area126 (13) troll 113 701,,McKenzie_H,5029,0.99,N_Santiam_H,5029,0.01,Kalama_H_sp,5009,0.00,,,,,,
Area126 (13) troll 113 702,,Alsea_R,5015,0.73,S_Coos_R,5011,0.21,Coos_H,5011,0.04,Coquille_R,5011,0.01,Queets_R,5028,0.01
Area126 (13) troll 113 703,,Cedar_R_SuFa,5020,0.74,George_Adams_H,5005,0.16,NF_Skokomish_F,5005,0.09,S_Prairie_Cr,5020,0.00,Voights_H,5020,0.00
Area126 (13) troll 113 704,,George_Adams_H,5005,0.78,Cedar_R_SuFa,5020,0.15,S_Prairie_Cr,5020,0.04,Soos_H,5020,0.02,Voights_H,5020,0.01
Area126 (13) troll 113 705,,Spring_Cr_col,5030,0.71,Elochoman_H,5030,0.20,Abernathy_NFH_F,5008,0.09,Washougal_R_Fa,5008,0.00,,,
Area126 (13) troll 113 706,,Wenatchee_R_SF,5026,0.65,Priest_Rapids_H,5026,0.10,Hanford_Reach,5026,0.09,Methow_R,5026,0.08,Umatilla_H,5026,0.06
Area126 (13) troll 113 707,,Hanford_Reach,5026,0.50,Umatilla_H_Fa,5026,0.48,Priest_Rapids_H,5026,0.02,,,,,,
Area126 (13) troll 113 708,,McKenzie_H,5029,1.00,Cowlitz_H_sp,5009,0.00,,,,,,,,,
Area126 (13) troll 113 709,,Cowlitz_H_sp,5009,1.00,Stanislaus_R,5001,0.00,Butte_Cr_f,5001,0.00,Cowlitz_H_fa,5008,0.00,,,
Area126 (13) troll 113 710,Dupe with 198,Hanford_Reach,5026,1.00,Priest_Rapids_H,5026,0.00,Wells_H,5026,0.00,,,,,,
Area126 (13) troll 113 711,,Wenatchee_R_SF,5026,0.78,Priest_Rapids_H,5026,0.10,Hanford_Reach,5026,0.07,Wells_H,5026,0.02,Nez_PerceT_H,5021,0.01
Area126 (13) troll 113 712,,White_H,5020,0.73,Hupp_Sp_H,5020,0.25,Cedar_R_SuFa,5020,0.01,George_Adams_H,5005,0.01,Clear_Cr_H,5020,0.00
Area126 (13) troll 113 713,,Skagit_R,5016,0.64,Skykomish_R,5016,0.21,Cedar_R_SuFa,5020,0.05,L_Skagit_R_Fa,5016,0.03,Harrison,3,0.03
Area126 (13) troll 113 714,Dupe with 194,Hanford_Reach,5026,1.00,Priest_Rapids_H,5026,0.00,Wells_H,5026,0.00,Umatilla_H,5026,0.00,Wenatchee_R_SF,5026,0.00
Area126 (13) troll 113 715,,White_H,5020,0.73,Hupp_Sp_H,5020,0.27,,,,,,,,,
Area126 (13) troll 113 716,,Wenatchee_R_SF,5026,0.46,Cedar_R_SuFa,5020,0.25,Hanford_Reach,5026,0.17,Umatilla_H,5026,0.03,Priest_Rapids_H,5026,0.03
Area126 (13) troll 113 717,,Alsea_R,5015,0.82,Trask_R,5015,0.15,S_Coos_R,5011,0.01,Queets_R,5028,0.01,Nestucca_H,5015,0.01
Area126 (13) troll 113 718,,Zymogotitz_R,23,1.00,,,,,,,,,,,,
Area126 (13) troll 113 719,,Wenatchee_R_SF,5026,0.56,Priest_Rapids_H,5026,0.37,Hanford_Reach,5026,0.06,Wells_H,5026,0.00,Priest_Rapid_H,5026,0.00
Area126 (13) troll 113 720,,Priest_Rapids_H,5026,0.69,Hanford_Reach,5026,0.17,Umatilla_H_Fa,5026,0.03,George_Adams_H,5005,0.03,Umatilla_H,5026,0.03
Area126 (13) troll 119 733,,Alsea_R,5015,0.75,Trask_R,5015,0.13,Cowlitz_H_fa,5008,0.04,Kilchis_R,5015,0.02,Nestucca_H,5015,0.02
Area126 (13) troll 119 734,,Priest_Rapids_H,5026,0.78,Methow_R,5026,0.12,Umatilla_H,5026,0.03,Hanford_Reach,5026,0.02,Priest_Rapid_H,5026,0.02
Area126 (13) troll 119 735,,Alsea_R,5015,0.59,Queets_R,5028,0.39,Hoh_R,5028,0.01,Quilayute_R,5028,0.00,L_Skagit_R_Fa,5016,0.00
Area126 (13) troll 119 736,,Priest_Rapids_H,5026,0.35,Nez_PerceT_H,5021,0.18,Umatilla_H,5026,0.14,Hanford_Reach,5026,0.13,Umatilla_H_Fa,5026,0.12
Area126 (13) troll 119 737,,Cedar_R_SuFa,5020,0.60,Elochoman_H,5030,0.17,Lewis_R_Su,5008,0.07,Abernathy_Cr_Fa,5008,0.04,Umpqua_H,5011,0.03
Area126 (13) troll 119 738,,Wenatchee_R_SF,5026,0.40,Hanford_Reach,5026,0.33,Umatilla_H_Fa,5026,0.10,McKenzie_H,5029,0.08,Methow_R,5026,0.06
Area126 (13) troll 119 739,,Snowbank,11,0.48,Cranberry,11,0.38,Damdochax,11,0.10,Clearwater,4,0.03,Owegee,11,0.01
Area126 (13) troll 119 740,,Abernathy_Cr_Fa,5008,0.61,Washougal_R_Fa,5008,0.11,Cowlitz_H_sp,5009,0.07,S_Coos_R,5011,0.06,Cowlitz_H_fa,5008,0.05
Area126 (13) troll 119 741,,Hanford_Reach,5026,0.89,Umatilla_H,5026,0.09,Umatilla_H_Fa,5026,0.00,Nez_PerceT_H,5021,0.00,Stanislaus_R,5001,0.00
Area126 (13) troll 119 742,,Skagit_R,5016,0.97,Marblemount_Hsu,5016,0.02,U_Skagit_R,5016,0.01,L_Skagit_R_Fa,5016,0.00,,,
Area126 (13) troll 119 743,,Elochoman_H,5030,0.25,Cowlitz_H_sp,5009,0.23,Washougal_R_Fa,5008,0.20,Sooke,8,0.11,Nitinat,8,0.07
Area126 (13) troll 119 744,,Harrison,3,1.00,Umatilla_H,5026,0.00,Priest_Rapids_H,5026,0.00,L_Skagit_R_Fa,5016,0.00,Chilliwack_F,3,0.00
Area126 (13) troll 119 745,,Umatilla_H,5026,0.96,Priest_Rapids_H,5026,0.03,Wenatchee_R_SF,5026,0.01,Methow_R,5026,0.00,Umatilla_H_Fa,5026,0.00
Area126 (13) troll 119 746,,Skagit_R,5016,0.32,S_Coos_R,5011,0.15,Coos_H,5011,0.10,Umpqua_H,5011,0.07,Elk_H,5011,0.05
Area126 (13) troll 119 747,,McKenzie_H,5029,1.00,,,,,,,,,,,,
Area126 (13) troll 119 748,,Hanford_Reach,5026,0.71,Priest_Rapids_H,5026,0.14,Nez_PerceT_H,5021,0.05,Umatilla_H_Fa,5026,0.04,Umatilla_H,5026,0.03
Area126 (13) troll 119 749,,NF_Nooksack_H,5016,1.00,Skagit_R,5016,0.00,,,,,,,,,
Area126 (13) troll 119 750,,Elochoman_H,5030,0.90,Spring_Cr_col,5030,0.04,Abernathy_Cr_Fa,5008,0.02,Cowlitz_H_fa,5008,0.01,Abernathy_NFH_F,5008,0.01
Area126 (13) troll 119 751,,Cedar_R_SuFa,5020,0.65,Skagit_R,5016,0.13,Skykomish_R,5016,0.09,George_Adams_H,5005,0.03,Washougal_R_Fa,5008,0.02
Area126 (13) troll 119 752,,Priest_Rapids_H,5026,0.79,Nez_PerceT_H,5021,0.12,Hanford_Reach,5026,0.05,Umatilla_H_Fa,5026,0.02,L_Deschutes_R,5004,0.02
Area126 (13) troll 119 753,,Umatilla_H_Fa,5026,0.34,Umatilla_H,5026,0.30,Hanford_Reach,5026,0.18,Priest_Rapids_H,5026,0.12,L_Deschutes_R,5004,0.02
Area126 (13) troll 119 754,,Alsea_R,5015,0.54,S_Coos_R,5011,0.41,Queets_R,5028,0.03,Trask_R,5015,0.01,Coos_H,5011,0.00
Area126 (13) troll 119 755,,Nanaimo_F,7,0.92,Cowichan,7,0.06,Chemainus,7,0.01,Big_Qualicum,7,0.01,Cedar_R_SuFa,5020,0.00
Area126 (13) troll 119 756,,Nestucca_H,5015,0.71,Alsea_R,5015,0.20,Trask_R,5015,0.03,Humptulips_H,5028,0.03,Kilchis_R,5015,0.01
Area126 (13) troll 119 757,,Hanford_Reach,5026,0.49,Umatilla_H,5026,0.16,Priest_Rapids_H,5026,0.09,Umatilla_H_Fa,5026,0.08,Wenatchee_R_SF,5026,0.05
Area126 (13) troll 119 758,,Elochoman_H,5030,0.82,Cedar_R_SuFa,5020,0.08,George_Adams_H,5005,0.04,Abernathy_Cr_Fa,5008,0.03,Voights_H,5020,0.02
Area126 (13) troll 119 759,,Priest_Rapids_H,5026,0.95,L_Deschutes_R,5004,0.02,Methow_R,5026,0.01,Hanford_Reach,5026,0.01,Priest_Rapid_H,5026,0.00
Area126 (13) troll 119 760,,Washougal_R_Fa,5008,0.50,Abernathy_Cr_Fa,5008,0.36,Elochoman_H,5030,0.13,Abernathy_NFH_F,5008,0.00,Sandy_R,5008,0.00
Area126 (13) troll 119 761,,Umatilla_H,5026,0.71,Priest_Rapids_H,5026,0.08,Methow_R,5026,0.08,Hanford_Reach,5026,0.04,Umatilla_H_Fa,5026,0.03
Area126 (13) troll 119 762,,Wenatchee_R_SF,5026,0.48,Hanford_Reach,5026,0.33,Nez_PerceT_H,5021,0.13,Priest_Rapids_H,5026,0.03,Umatilla_H_Fa,5026,0.01
Area126 (13) troll 119 763,,Washougal_R_Fa,5008,0.62,Elochoman_H,5030,0.28,Cowlitz_H_fa,5008,0.07,Abernathy_Cr_Fa,5008,0.02,Cowlitz_H_sp,5009,0.00
Area126 (13) troll 119 764,,Washougal_R_Fa,5008,0.72,Abernathy_Cr_Fa,5008,0.24,Cowlitz_H_fa,5008,0.02,Elochoman_H,5030,0.01,Cowlitz_H_sp,5009,0.00
Area126 (13) troll 119 765,,Priest_Rapids_H,5026,0.37,Wenatchee_R_SF,5026,0.27,Umatilla_H,5026,0.17,Hanford_Reach,5026,0.08,Methow_R,5026,0.08
Area126 (13) troll 119 766,,Cedar_R_SuFa,5020,0.42,L_Skagit_R_Fa,5016,0.17,Voights_H,5020,0.16,Skykomish_R,5016,0.09,George_Adams_H,5005,0.05
Area126 (13) troll 119 767,,Cedar_R_SuFa,5020,0.88,White_H,5020,0.05,George_Adams_H,5005,0.02,Hanford_Reach,5026,0.02,Voights_H,5020,0.02
Area126 (13) troll 119 768,,Cedar_R_SuFa,5020,0.63,George_Adams_H,5005,0.17,Voights_H,5020,0.06,S_Prairie_Cr,5020,0.04,Soos_H,5020,0.03
Area126 (13) troll 119 769,,Spring_Cr_col,5030,0.98,Elochoman_H,5030,0.01,Chilliwack_F,3,0.00,Abernathy_Cr_Fa,5008,0.00,Washougal_R_Fa,5008,0.00
Area126 (13) troll 119 770,,Elochoman_H,5030,0.93,Cowlitz_H_fa,5008,0.06,Abernathy_Cr_Fa,5008,0.01,Abernathy_NFH_F,5008,0.00,Spring_Cr_col,5030,0.00
Area126 (13) troll 119 771,,Hanford_Reach,5026,0.39,Priest_Rapids_H,5026,0.36,Wenatchee_R_SF,5026,0.19,Methow_R,5026,0.03,Priest_Rapid_H,5026,0.02
Area126 (13) troll 119 772,,George_Adams_H,5005,0.91,NF_Skokomish_F,5005,0.07,Cedar_R_SuFa,5020,0.01,Clear_Cr_H,5020,0.01,Voights_H,5020,0.00
Area126 (13) troll 119 773,,George_Adams_H,5005,0.89,Cedar_R_SuFa,5020,0.07,L_Skagit_R_Fa,5016,0.02,Hamma_Hamma_R,5005,0.01,S_Prairie_Cr,5020,0.00
Area126 (13) troll 119 774,,Hanford_Reach,5026,0.67,Umatilla_H,5026,0.28,L_Deschutes_R,5004,0.02,Priest_Rapids_H,5026,0.01,Wells_H,5026,0.01
Area126 (13) troll 119 775,,George_Adams_H,5005,0.62,Cedar_R_SuFa,5020,0.25,Voights_H,5020,0.11,S_Prairie_Cr,5020,0.01,Soos_H,5020,0.01
Area126 (13) troll 119 776,,Spring_Cr_col,5030,1.00,Abernathy_Cr_Fa,5008,0.00,Cowlitz_H_sp,5009,0.00,Elochoman_H,5030,0.00,Cowlitz_H_fa,5008,0.00
Area126 (13) troll 119 777,,Cedar_R_SuFa,5020,0.93,Voights_H,5020,0.05,Bear_Cr_SuFa,5020,0.01,Soos_H,5020,0.00,George_Adams_H,5005,0.00
Area126 (13) troll 119 778,,Cedar_R_SuFa,5020,0.64,George_Adams_H,5005,0.27,NF_Skokomish_F,5005,0.06,Voights_H,5020,0.01,L_Skagit_R_Fa,5016,0.00
Area126 (13) troll 119 779,,Elochoman_H,5030,0.85,Abernathy_Cr_Fa,5008,0.04,Cowlitz_H_sp,5009,0.03,Spring_Cr_col,5030,0.03,Washougal_R_Fa,5008,0.02
Area126 (13) troll 119 780,,Hanford_Reach,5026,0.75,Priest_Rapids_H,5026,0.10,Umatilla_H,5026,0.07,Priest_Rapid_H,5026,0.02,L_Deschutes_R,5004,0.02
Area126 (13) troll 119 781,,Priest_Rapids_H,5026,0.54,Hanford_Reach,5026,0.38,Umatilla_H_Fa,5026,0.04,Umatilla_H,5026,0.01,Nez_PerceT_H,5021,0.01
Area126 (13) troll 119 782,,Wenatchee_R_SF,5026,0.74,Priest_Rapids_H,5026,0.12,Hanford_Reach,5026,0.07,Wells_H,5026,0.04,Umatilla_H,5026,0.02
Area126 (13) troll 119 783,,Alsea_R,5015,0.54,Queets_R,5028,0.23,S_Coos_R,5011,0.08,Harrison,3,0.04,Coos_H,5011,0.04
Area126 (13) troll 119 784,,George_Adams_H,5005,0.93,NF_Skokomish_F,5005,0.04,Cedar_R_SuFa,5020,0.02,S_Prairie_Cr,5020,0.01,Soos_H,5020,0.00
Area126 (13) troll 119 785,,Priest_Rapids_H,5026,0.66,Umatilla_H_Fa,5026,0.14,Hanford_Reach,5026,0.12,Umatilla_H,5026,0.03,McKenzie_H,5029,0.02
Area126 (13) troll 119 786,,Elochoman_H,5030,0.41,Spring_Cr_col,5030,0.22,Cowlitz_H_fa,5008,0.12,Washougal_R_Fa,5008,0.07,Sandy_R,5008,0.05
Area126 (13) troll 119 787,,George_Adams_H,5005,0.88,NF_Skokomish_F,5005,0.06,Cedar_R_SuFa,5020,0.03,L_Skagit_R_Fa,5016,0.02,Voights_H,5020,0.01
Area126 (13) troll 119 788,,Spring_Cr_col,5030,0.97,Abernathy_Cr_Fa,5008,0.02,Abernathy_NFH_F,5008,0.01,Elochoman_H,5030,0.01,Washougal_R_Fa,5008,0.00
Area126 (13) troll 119 789,,Elochoman_H,5030,0.44,Washougal_R_Fa,5008,0.23,Spring_Cr_col,5030,0.22,Abernathy_Cr_Fa,5008,0.08,Cowlitz_H_fa,5008,0.01
Area126 (13) troll 119 790,,Spring_Cr_col,5030,0.85,Elochoman_H,5030,0.15,Abernathy_Cr_Fa,5008,0.00,,,,,,
Area126 (13) troll 119 791,,Nestucca_H,5015,0.75,Alsea_R,5015,0.21,Trask_R,5015,0.03,Elk_H,5011,0.01,Kilchis_R,5015,0.00
Area126 (13) troll 119 792,,L_Deschutes_R,5004,0.39,Hanford_Reach,5026,0.33,Umatilla_H_Fa,5026,0.14,Nez_PerceT_H,5021,0.05,Priest_Rapids_H,5026,0.04
Area126 (13) troll 119 793,,Priest_Rapids_H,5026,0.52,Hanford_Reach,5026,0.20,Wenatchee_R_SF,5026,0.17,Nez_PerceT_H,5021,0.04,Umatilla_H_Fa,5026,0.03
Area126 (13) troll 119 794,,Cedar_R_SuFa,5020,0.86,NF_Skokomish_F,5005,0.06,George_Adams_H,5005,0.05,L_Skagit_R_Fa,5016,0.01,Umpqua_H,5011,0.01
Area126 (13) troll 119 795,,Wenatchee_R_SF,5026,0.67,Hanford_Reach,5026,0.13,Methow_R,5026,0.12,Wells_H,5026,0.03,Umatilla_H,5026,0.03
Area126 (13) troll 119 796,,Spring_Cr_col,5030,0.44,Abernathy_Cr_Fa,5008,0.29,Elochoman_H,5030,0.15,Cowlitz_H_fa,5008,0.09,Abernathy_NFH_F,5008,0.02
Area126 (13) troll 119 797,,Washougal_R_Fa,5008,0.68,Elochoman_H,5030,0.12,L_Skagit_R_Fa,5016,0.09,Cowlitz_H_fa,5008,0.03,Abernathy_Cr_Fa,5008,0.02
Area126 (13) troll 119 798,,Wenatchee_R_SF,5026,0.48,Priest_Rapids_H,5026,0.20,Cowlitz_H_fa,5008,0.07,S_Coos_R,5011,0.06,Washougal_R_Fa,5008,0.05
Area126 (13) troll 119 799,,Washougal_R_Fa,5008,0.52,Cowlitz_H_fa,5008,0.14,Skagit_R,5016,0.11,S_Coos_R,5011,0.04,Sandy_R,5008,0.04
Area126 (13) troll 119 800,,Hanford_Reach,5026,0.44,Priest_Rapids_H,5026,0.24,Wenatchee_R_SF,5026,0.14,Umatilla_H_Fa,5026,0.11,Umatilla_H,5026,0.02
Area126 (13) troll 136 833,,Chilliwack_F,3,0.98,Harrison,3,0.02,,,,,,,,,
Area126 (13) troll 136 834,,Cedar_R_SuFa,5020,0.28,S_Prairie_Cr,5020,0.22,Harrison,3,0.15,L_Skagit_R_Fa,5016,0.10,Chilliwack_F,3,0.06
Area126 (13) troll 136 835,,Alsea_R,5015,0.98,S_Coos_R,5011,0.02,Trask_R,5015,0.00,Nestucca_H,5015,0.00,Queets_R,5028,0.00
Area126 (13) troll 136 836,,Queets_R,5028,0.60,S_Coos_R,5011,0.32,Coos_H,5011,0.04,Humptulips_H,5028,0.03,Alsea_R,5015,0.01
Area126 (13) troll 136 837,,Alsea_R,5015,0.99,Salmon_R_f,5015,0.00,Hanford_Reach,5026,0.00,Trask_R,5015,0.00,Skagit_R,5016,0.00
Area126 (13) troll 137 822,,Priest_Rapids_H,5026,0.58,Umatilla_H_Fa,5026,0.19,Hanford_Reach,5026,0.17,Priest_Rapid_H,5026,0.04,L_Deschutes_R,5004,0.01
Area126 (13) troll 137 823,,George_Adams_H,5005,0.45,Cedar_R_SuFa,5020,0.39,Voights_H,5020,0.09,NF_Skokomish_F,5005,0.03,S_Prairie_Cr,5020,0.03
Area126 (13) troll 137 824,,Hanford_Reach,5026,0.41,Umatilla_H,5026,0.27,Wenatchee_R_SF,5026,0.16,Priest_Rapids_H,5026,0.08,Umatilla_H_Fa,5026,0.04
Area126 (13) troll 137 825,,Hanford_Reach,5026,0.33,Wenatchee_R_SF,5026,0.21,Umatilla_H,5026,0.17,Priest_Rapids_H,5026,0.17,Umatilla_H_Fa,5026,0.04
Area126 (13) troll 137 826,,Clearwater,4,0.98,Skagit_R,5016,0.01,Nangeese_R,22,0.00,Unuk,15,0.00,Clear_Cr,5023,0.00
Area126 (13) troll 137 827,,Eagle_R,5,1.00,,,,,,,,,,,,
Area126 (13) troll 137 828,,Priest_Rapids_H,5026,0.78,Hanford_Reach,5026,0.17,Umatilla_H,5026,0.01,Umatilla_H_Fa,5026,0.01,Wenatchee_R_SF,5026,0.00
Area126 (13) troll 137 829,,L_Adams,5,0.80,Little_R,5,0.16,South_Thom,5,0.03,Methow_R,5026,0.00,Skagit_R,5016,0.00
Area126 (13) troll 137 830,,Hanford_Reach,5026,0.73,Priest_Rapids_H,5026,0.26,Umatilla_H,5026,0.00,Methow_R,5026,0.00,U_Deschutes_R,5004,0.00
Area126 (13) troll 137 831,,Harrison,3,0.66,Chilliwack_F,3,0.34,Coos_H,5011,0.00,Elochoman_H,5030,0.00,Queets_R,5028,0.00
Area126 (13) troll 137 832,,Hanford_Reach,5026,0.42,Wenatchee_R_SF,5026,0.35,Priest_Rapids_H,5026,0.10,Umatilla_H,5026,0.06,Umatilla_H_Fa,5026,0.03
Area126 (13) troll 17 231,,Cedar_R_SuFa,5020,0.44,George_Adams_H,5005,0.35,S_Prairie_Cr,5020,0.14,Voights_H,5020,0.06,Soos_H,5020,0.01
Area126 (13) troll 17 232,,Spring_Cr_col,5030,0.58,Abernathy_Cr_Fa,5008,0.24,Elochoman_H,5030,0.13,Washougal_R_Fa,5008,0.04,Elochoman_R_Fa,5008,0.01
Area126 (13) troll 17 233,,Cowlitz_H_sp,5009,0.28,L_Adams,5,0.22,Abernathy_Cr_Fa,5008,0.18,Harrison,3,0.07,Hanford_Reach,5026,0.06
Area126 (13) troll 17 234,,George_Adams_H,5005,0.85,Skagit_R,5016,0.13,NF_Skokomish_F,5005,0.01,Cedar_R_SuFa,5020,0.00,Wenatchee_R_SF,5026,0.00
Area126 (13) troll 17 235,,Spring_Cr_col,5030,0.77,Elochoman_H,5030,0.10,Abernathy_Cr_Fa,5008,0.08,Washougal_R_Fa,5008,0.02,Big_Cr_H_Col,5030,0.01
Area126 (13) troll 17 236,,Spring_Cr_col,5030,0.94,Elochoman_H,5030,0.03,Cowlitz_H_fa,5008,0.02,Abernathy_Cr_Fa,5008,0.00,Abernathy_NFH_F,5008,0.00
Area126 (13) troll 17 237,,Spring_Cr_col,5030,0.89,Elochoman_H,5030,0.11,Washougal_R_Fa,5008,0.00,Abernathy_NFH_F,5008,0.00,,,
Area126 (13) troll 17 238,,George_Adams_H,5005,0.63,NF_Skokomish_F,5005,0.16,Cedar_R_SuFa,5020,0.12,L_Skagit_R_Fa,5016,0.03,S_Prairie_Cr,5020,0.02
Area126 (13) troll 17 239,,Cowlitz_H_sp,5009,0.77,Cowlitz_H_fa,5008,0.21,Lewis_R_Su,5008,0.01,Washougal_R_Fa,5008,0.00,Lewis_R_f,5008,0.00
Area126 (13) troll 17 240,,George_Adams_H,5005,0.65,Cedar_R_SuFa,5020,0.26,S_Prairie_Cr,5020,0.03,Voights_H,5020,0.03,Soos_H,5020,0.01
Area126 (13) troll 17 241,,George_Adams_H,5005,0.86,Voights_H,5020,0.04,Cedar_R_SuFa,5020,0.03,Soos_H,5020,0.02,Skagit_R,5016,0.02
Area126 (13) troll 17 242,,Spring_Cr_col,5030,0.99,Elochoman_H,5030,0.01,Big_Cr_H_Col,5030,0.00,Abernathy_Cr_Fa,5008,0.00,Abernathy_NFH_F,5008,0.00
Area126 (13) troll 17 243,,Cedar_R_SuFa,5020,0.52,George_Adams_H,5005,0.30,Voights_H,5020,0.10,L_Skagit_R_Fa,5016,0.03,Skagit_R,5016,0.01
Area126 (13) troll 17 244,,George_Adams_H,5005,0.71,Cedar_R_SuFa,5020,0.26,S_Prairie_Cr,5020,0.02,NF_Skokomish_F,5005,0.01,Soos_H,5020,0.00
Area126 (13) troll 17 245,,Elochoman_H,5030,0.87,Spring_Cr_col,5030,0.07,Abernathy_Cr_Fa,5008,0.04,Big_Cr_H_Col,5030,0.01,Washougal_R_Fa,5008,0.00
Area126 (13) troll 17 246,,George_Adams_H,5005,0.69,Cedar_R_SuFa,5020,0.13,NF_Skokomish_F,5005,0.09,L_Skagit_R_Fa,5016,0.04,Skagit_R,5016,0.03
Area126 (13) troll 17 247,,George_Adams_H,5005,0.80,Voights_H,5020,0.10,Cedar_R_SuFa,5020,0.03,Grovers_Cr_H,5020,0.02,L_Skagit_R_Fa,5016,0.02
Area126 (13) troll 17 248,,George_Adams_H,5005,0.57,Cedar_R_SuFa,5020,0.21,NF_Skokomish_F,5005,0.13,S_Prairie_Cr,5020,0.05,White_H,5020,0.02
Area126 (13) troll 17 249,,Elochoman_H,5030,0.58,Spring_Cr_col,5030,0.37,Abernathy_Cr_Fa,5008,0.02,Cowlitz_H_fa,5008,0.02,Washougal_R_Fa,5008,0.00
Area126 (13) troll 17 250,,Elochoman_H,5030,0.59,Spring_Cr_col,5030,0.40,Abernathy_NFH_F,5008,0.01,Lewis_R_Su,5008,0.00,Washougal_R_Fa,5008,0.00
Area126 (13) troll 17 251,,George_Adams_H,5005,0.98,NF_Skokomish_F,5005,0.02,Cedar_R_SuFa,5020,0.00,Voights_H,5020,0.00,S_Prairie_Cr,5020,0.00
Area126 (13) troll 17 252,,George_Adams_H,5005,0.80,Cedar_R_SuFa,5020,0.12,S_Prairie_Cr,5020,0.04,Grovers_Cr_H,5020,0.02,Voights_H,5020,0.01
Area126 (13) troll 17 253,,Spring_Cr_col,5030,0.75,Elochoman_H,5030,0.18,Abernathy_Cr_Fa,5008,0.04,Abernathy_NFH_F,5008,0.02,Big_Cr_H_Col,5030,0.00
Area126 (13) troll 17 254,,S_Prairie_Cr,5020,0.36,George_Adams_H,5005,0.20,NF_Skokomish_F,5005,0.19,Cedar_R_SuFa,5020,0.15,Soos_H,5020,0.04
Area126 (13) troll 17 255,,Spring_Cr_col,5030,0.99,Abernathy_NFH_F,5008,0.00,Washougal_R_Fa,5008,0.00,Abernathy_Cr_Fa,5008,0.00,Elochoman_H,5030,0.00
Area126 (13) troll 17 256,,Spring_Cr_col,5030,0.83,Elochoman_H,5030,0.11,Abernathy_Cr_Fa,5008,0.05,Abernathy_NFH_F,5008,0.00,Cowlitz_H_fa,5008,0.00
Area126 (13) troll 17 257,,George_Adams_H,5005,0.84,NF_Skokomish_F,5005,0.14,S_Prairie_Cr,5020,0.01,Voights_H,5020,0.00,L_Skagit_R_Fa,5016,0.00
Area126 (13) troll 17 258,,Cedar_R_SuFa,5020,0.71,George_Adams_H,5005,0.19,NF_Skokomish_F,5005,0.04,S_Prairie_Cr,5020,0.03,Voights_H,5020,0.01
Area126 (13) troll 17 259,,George_Adams_H,5005,0.95,NF_Skokomish_F,5005,0.04,Hupp_Sp_H,5020,0.00,Cedar_R_SuFa,5020,0.00,White_H,5020,0.00
Area126 (13) troll 17 260,,Spring_Cr_col,5030,0.93,Elochoman_H,5030,0.05,Abernathy_Cr_Fa,5008,0.01,Abernathy_NFH_F,5008,0.01,Washougal_R_Fa,5008,0.00
Area126 (13) troll 17 261,,Hanford_Reach,5026,0.54,Umatilla_H_Fa,5026,0.28,Skagit_R,5016,0.07,L_Deschutes_R,5004,0.04,Priest_Rapid_H,5026,0.03
Area126 (13) troll 17 262,,Cedar_R_SuFa,5020,0.58,George_Adams_H,5005,0.34,Voights_H,5020,0.03,S_Prairie_Cr,5020,0.03,NF_Skokomish_F,5005,0.01
Area126 (13) troll 17 263,,Skagit_R,5016,0.40,Cedar_R_SuFa,5020,0.27,Skykomish_R,5016,0.16,L_Skagit_R_Fa,5016,0.08,S_Prairie_Cr,5020,0.02
Area126 (13) troll 17 264,,Stanislaus_R,5001,0.80,Butte_Cr_f,5001,0.10,Feather_H_sp,5002,0.06,Feather_H_fa,5001,0.03,Battle_Cr,5001,0.01
Area126 (13) troll 17 265,,White_H,5020,0.71,Hupp_Sp_H,5020,0.26,Cedar_R_SuFa,5020,0.02,Harrison,3,0.00,Skagit_R,5016,0.00
Area126 (13) troll 17 266,,George_Adams_H,5005,0.79,Cedar_R_SuFa,5020,0.09,Skykomish_R,5016,0.04,Voights_H,5020,0.03,Soos_H,5020,0.02
Area126 (13) troll 17 267,,Cedar_R_SuFa,5020,0.38,Harrison,3,0.33,George_Adams_H,5005,0.19,Voights_H,5020,0.07,S_Prairie_Cr,5020,0.01
Area126 (13) troll 17 268,,Spring_Cr_col,5030,0.96,Elochoman_H,5030,0.03,Abernathy_NFH_F,5008,0.01,Washougal_R_Fa,5008,0.00,Abernathy_Cr_Fa,5008,0.00
Area126 (13) troll 17 269,,George_Adams_H,5005,0.53,Skagit_R,5016,0.27,Voights_H,5020,0.07,Skykomish_R,5016,0.04,Cedar_R_SuFa,5020,0.02
Area126 (13) troll 17 270,,Chilliwack_F,3,0.98,Hanford_Reach,5026,0.01,Harrison,3,0.00,Umpqua_H,5011,0.00,L_Deschutes_R,5004,0.00
Area126 (13) troll 17 271,,Nanaimo_F,7,0.99,Cowichan,7,0.00,George_Adams_H,5005,0.00,L_Skagit_R_Fa,5016,0.00,Cedar_R_SuFa,5020,0.00
Area126 (13) troll 17 272,,Skagit_R,5016,0.65,NF_Nooksack_H,5016,0.30,U_Skagit_R,5016,0.02,L_Sauk_R,5016,0.02,L_Skagit_R_Fa,5016,0.00
Area126 (13) troll 17 273,,Hanford_Reach,5026,0.27,L_Deschutes_R,5004,0.24,Umatilla_H_Fa,5026,0.20,Umatilla_H,5026,0.14,Priest_Rapids_H,5026,0.08
Area126 (13) troll 17 274,,Nanaimo_F,7,0.90,Cowichan,7,0.10,Puntledge_BackX,7,0.00,Chemainus,7,0.00,Nanaimo_SU,7,0.00
Area126 (13) troll 17 275,,Wenatchee_R_SF,5026,0.62,Umatilla_H_Fa,5026,0.29,Hanford_Reach,5026,0.04,Methow_R,5026,0.02,Priest_Rapid_H,5026,0.02
Area126 (13) troll 17 276,,L_Skagit_R_Fa,5016,0.92,Skagit_R,5016,0.04,Voights_H,5020,0.02,Soos_H,5020,0.01,Cedar_R_SuFa,5020,0.00
Area126 (13) troll 17 277,,Stanislaus_R,5001,0.83,Butte_Cr_f,5001,0.09,Hanford_Reach,5026,0.02,Feather_H_fa,5001,0.02,Priest_Rapids_H,5026,0.02
Area126 (13) troll 17 278,,Harrison,3,0.41,George_Adams_H,5005,0.26,L_Skagit_R_Fa,5016,0.15,Skagit_R,5016,0.08,NF_Skokomish_F,5005,0.03
Area126 (13) troll 261 479,,Umatilla_H,5026,0.72,Priest_Rapids_H,5026,0.22,Wenatchee_R_SF,5026,0.02,Hanford_Reach,5026,0.02,Umatilla_H_Fa,5026,0.01
Area126 (13) troll 261 480,,Skagit_R,5016,0.99,Skykomish_R,5016,0.01,L_Skagit_R_Fa,5016,0.00,Marblemount_Hsu,5016,0.00,NF_Nooksack_H,5016,0.00
Area126 (13) troll 261 481,,Nestucca_H,5015,1.00,Trask_R,5015,0.00,Alsea_R,5015,0.00,,,,,,
Area126 (13) troll 261 482,,Elk_H,5011,0.90,Umpqua_H,5011,0.05,Alsea_R,5015,0.02,S_Coos_R,5011,0.01,S_Umpqua_H,5011,0.01
Area126 (13) troll 261 483,,Hanford_Reach,5026,0.51,Priest_Rapids_H,5026,0.23,Wenatchee_R_SF,5026,0.05,Soos_H,5020,0.04,Cedar_R_SuFa,5020,0.04
Area126 (13) troll 261 484,,Priest_Rapids_H,5026,0.69,Hanford_Reach,5026,0.14,Methow_R,5026,0.08,Umatilla_H,5026,0.04,Skagit_R,5016,0.02
Area126 (13) troll 261 485,,Spring_Cr_col,5030,0.95,Abernathy_Cr_Fa,5008,0.02,Abernathy_NFH_F,5008,0.02,Elochoman_H,5030,0.01,Big_Cr_H_Col,5030,0.00
Area126 (13) troll 261 486,,Umatilla_H,5026,0.44,Umatilla_H_Fa,5026,0.29,Hanford_Reach,5026,0.24,Priest_Rapid_H,5026,0.01,Wenatchee_R_SF,5026,0.01
Area126 (13) troll 261 487,,Priest_Rapids_H,5026,0.30,Umatilla_H,5026,0.28,L_Deschutes_R,5004,0.16,Hanford_Reach,5026,0.11,Umatilla_H_Fa,5026,0.04
Area126 (13) troll 261 488,,S_Coos_R,5011,0.59,Alsea_R,5015,0.25,Queets_R,5028,0.08,Coos_H,5011,0.06,Nestucca_H,5015,0.01
Area126 (13) troll 261 489,,Priest_Rapids_H,5026,0.50,Hanford_Reach,5026,0.32,Methow_R,5026,0.16,Umatilla_H_Fa,5026,0.01,Wells_H,5026,0.01
Area126 (13) troll 261 490,,Stanislaus_R,5001,0.75,Butte_Cr_f,5001,0.07,Feather_H_sp,5002,0.06,Washougal_R_Fa,5008,0.04,Feather_H_fa,5001,0.03
Area126 (13) troll 261 491,,Spring_Cr_col,5030,0.96,Elochoman_H,5030,0.02,Abernathy_Cr_Fa,5008,0.02,Big_Cr_H_Col,5030,0.00,,,
Area126 (13) troll 261 492,,Spring_Cr_col,5030,0.98,Elochoman_H,5030,0.02,Abernathy_NFH_F,5008,0.00,Washougal_R_Fa,5008,0.00,Big_Cr_H_Col,5030,0.00
Area126 (13) troll 261 493,,Alsea_R,5015,0.80,Trask_R,5015,0.10,Nestucca_H,5015,0.05,Kilchis_R,5015,0.03,Washougal_R_Fa,5008,0.01
Area126 (13) troll 261 494,,Priest_Rapids_H,5026,0.59,Umatilla_H_Fa,5026,0.20,Hanford_Reach,5026,0.09,Umatilla_H,5026,0.07,Wenatchee_R_SF,5026,0.05
Area126 (13) troll 261 495,Dupe with 324,Queets_R,5028,1.00,,,,,,,,,,,,
Area126 (13) troll 261 496,,Spring_Cr_col,5030,0.98,Abernathy_Cr_Fa,5008,0.02,Washougal_R_Fa,5008,0.00,Cowlitz_H_fa,5008,0.00,Elochoman_R_Fa,5008,0.00
Area126 (13) troll 261 497,,Umatilla_H,5026,0.47,Hanford_Reach,5026,0.34,Umatilla_H_Fa,5026,0.16,Priest_Rapid_H,5026,0.01,L_Deschutes_R,5004,0.01
Area126 (13) troll 261 498,,Hanford_Reach,5026,0.86,Umatilla_H,5026,0.04,Washougal_R_Fa,5008,0.03,Wenatchee_R_SF,5026,0.03,Priest_Rapid_H,5026,0.02
Area126 (13) troll 261 499,,Queets_R,5028,0.68,Umpqua_H,5011,0.11,S_Coos_R,5011,0.04,Humptulips_H,5028,0.04,Coos_H,5011,0.04
Area126 (13) troll 261 501,,Wenatchee_R_SF,5026,0.85,Priest_Rapids_H,5026,0.10,Wells_H,5026,0.02,Hanford_Reach,5026,0.01,Umatilla_H_Fa,5026,0.00
Area126 (13) troll 261 502,,L_Skagit_R_Fa,5016,0.60,Skagit_R,5016,0.36,Skykomish_R,5016,0.02,Marblemount_Hsu,5016,0.01,Elochoman_H,5030,0.00
Area126 (13) troll 261 503,,Umatilla_H,5026,0.25,Hanford_Reach,5026,0.17,Wenatchee_R_SF,5026,0.16,Priest_Rapids_H,5026,0.14,Stanislaus_R,5001,0.11
Area126 (13) troll 261 504,,Priest_Rapids_H,5026,0.68,Hanford_Reach,5026,0.18,L_Deschutes_R,5004,0.04,Methow_R,5026,0.03,Umatilla_H,5026,0.02
Area126 (13) troll 261 505,,Abernathy_Cr_Fa,5008,0.95,Elochoman_H,5030,0.03,Coos_H,5011,0.01,Cowlitz_H_fa,5008,0.00,S_Coos_R,5011,0.00
Area126 (13) troll 261 506,,Hanford_Reach,5026,0.70,Umatilla_H_Fa,5026,0.26,Umatilla_H,5026,0.04,Priest_Rapids_H,5026,0.00,Methow_R,5026,0.00
Area126 (13) troll 261 507,,Hanford_Reach,5026,0.43,Umatilla_H,5026,0.31,Priest_Rapids_H,5026,0.17,Spring_Cr_col,5030,0.04,Umatilla_H_Fa,5026,0.02
Area126 (13) troll 261 508,,Elk_H,5011,0.98,Alsea_R,5015,0.02,Sixes_R,5011,0.00,,,,,,
Area126 (13) troll 261 509,,Alsea_R,5015,0.73,S_Coos_R,5011,0.07,Queets_R,5028,0.06,L_Deschutes_R,5004,0.03,Trask_R,5015,0.03
Area126 (13) troll 261 510,,Elk_H,5011,0.92,Washougal_R_Fa,5008,0.04,Cowlitz_H_fa,5008,0.02,Abernathy_Cr_Fa,5008,0.01,Lewis_R_Su,5008,0.00
Area126 (13) troll 261 511,,Queets_R,5028,0.70,Alsea_R,5015,0.27,Hoh_R,5028,0.02,Quilayute_R,5028,0.01,S_Coos_R,5011,0.00
Area126 (13) troll 261 512,,Harrison,3,0.61,Chilliwack_F,3,0.19,Skagit_R,5016,0.11,S_Coos_R,5011,0.02,Alsea_R,5015,0.02
Area126 (13) troll 261 513,,Alsea_R,5015,1.00,Yaquina_R,5015,0.00,Trask_R,5015,0.00,,,,,,
Area126 (13) troll 261 514,,Elk_H,5011,0.72,Lewis_R_Su,5008,0.06,Alsea_R,5015,0.05,Skagit_R,5016,0.04,Abernathy_Cr_Fa,5008,0.03
Area126 (13) troll 261 515,Dupe with 305,Queets_R,5028,1.00,,,,,,,,,,,,
Area126 (13) troll 261 516,,Clearwater,4,0.21,Kennedy,8,0.19,Harrison,3,0.11,L_Adams,5,0.07,L_Skagit_R_Fa,5016,0.06
Area126 (13) troll 261 517,,Nestucca_H,5015,0.68,Alsea_R,5015,0.31,Trask_R,5015,0.00,S_Coos_R,5011,0.00,Wilson_R,5015,0.00
Area126 (13) troll 261 518,,Alsea_R,5015,0.73,Nestucca_H,5015,0.17,Trask_R,5015,0.08,Kilchis_R,5015,0.02,S_Coos_R,5011,0.00
Area126 (13) troll 261 519,,Harrison,3,0.86,Chilliwack_F,3,0.12,L_Skagit_R_Fa,5016,0.01,George_Adams_H,5005,0.00,Craig,18,0.00
Area126 (13) troll 36 279,,Cowlitz_H_sp,5009,0.45,Cowlitz_H_fa,5008,0.43,Lewis_R_Su,5008,0.07,Wells_H,5026,0.01,Priest_Rapid_H,5026,0.01
Area126 (13) troll 36 280,,Elochoman_H,5030,0.52,Spring_Cr_col,5030,0.44,Abernathy_Cr_Fa,5008,0.04,Abernathy_NFH_F,5008,0.00,Hanford_Reach,5026,0.00
Area126 (13) troll 36 281,,Wenatchee_R_SF,5026,0.51,Priest_Rapids_H,5026,0.13,Hanford_Reach,5026,0.10,Methow_R,5026,0.06,Wells_H,5026,0.05
Area126 (13) troll 36 282,,Cowlitz_H_fa,5008,0.26,Abernathy_Cr_Fa,5008,0.18,Washougal_R_Fa,5008,0.12,Elochoman_H,5030,0.11,Hanford_Reach,5026,0.06
Area126 (13) troll 36 283,,Harrison,3,0.94,Chilliwack_F,3,0.06,,,,,,,,,
Area126 (13) troll 36 284,,Hanford_Reach,5026,0.59,Wenatchee_R_SF,5026,0.31,L_Deschutes_R,5004,0.06,Priest_Rapid_H,5026,0.01,Clear_Cr_H,5020,0.01
Area126 (13) troll 36 285,,Wenatchee_R_SF,5026,0.61,L_Deschutes_R,5004,0.19,Priest_Rapids_H,5026,0.12,Elochoman_H,5030,0.02,Methow_R,5026,0.02
Area126 (13) troll 36 286,,Skagit_R,5016,0.99,Marblemount_Hsu,5016,0.01,L_Skagit_R_Fa,5016,0.00,Skykomish_R,5016,0.00,NF_Skokomish_F,5005,0.00
Area126 (13) troll 36 287,,L_Deschutes_R,5004,0.74,U_Deschutes_R,5004,0.24,Umatilla_H,5026,0.02,Hanford_Reach,5026,0.00,Nez_PerceT_H,5021,0.00
Area126 (13) troll 36 288,,Skagit_R,5016,0.26,George_Adams_H,5005,0.19,L_Skagit_R_Fa,5016,0.16,Coos_H,5011,0.10,NF_Skokomish_F,5005,0.08
Area126 (13) troll 36 289,,Stanislaus_R,5001,0.78,Butte_Cr_f,5001,0.08,Umatilla_H,5026,0.04,Feather_H_sp,5002,0.04,Priest_Rapids_H,5026,0.02
Area126 (13) troll 36 290,,Harrison,3,0.92,Skykomish_R,5016,0.03,Skagit_R,5016,0.03,Chilliwack_F,3,0.01,Cedar_R_SuFa,5020,0.01
Area126 (13) troll 36 291,,Harrison,3,0.85,Chilliwack_F,3,0.15,Chilliwac@Stav,3,0.00,Nez_PerceT_H,5021,0.00,Sandy_R,5008,0.00
Area126 (13) troll 36 292,,Priest_Rapids_H,5026,0.86,Umatilla_H_Fa,5026,0.04,Butte_Cr_f,5001,0.03,Wenatchee_R_SF,5026,0.03,Hanford_Reach,5026,0.02
Area126 (13) troll 36 293,,George_Adams_H,5005,0.79,Cedar_R_SuFa,5020,0.20,NF_Skokomish_F,5005,0.01,Samish_H,5016,0.00,Bear_Cr_SuFa,5020,0.00
Area126 (13) troll 36 294,,Skagit_R,5016,0.68,NF_Nooksack_H,5016,0.32,Skykomish_R,5016,0.00,L_Skagit_R_Fa,5016,0.00,,,
Area126 (13) troll 36 295,,Stanislaus_R,5001,0.80,Butte_Cr_f,5001,0.08,Feather_H_sp,5002,0.06,Feather_H_fa,5001,0.05,Battle_Cr,5001,0.01
Area126 (13) troll 36 296,,Cowlitz_H_sp,5009,0.98,Cowlitz_H_fa,5008,0.02,Lewis_R_Su,5008,0.00,Abernathy_Cr_Fa,5008,0.00,,,
Area126 (13) troll 36 297,,Priest_Rapids_H,5026,0.48,Umatilla_H_Fa,5026,0.14,Umatilla_H,5026,0.12,Wenatchee_R_SF,5026,0.11,Hanford_Reach,5026,0.10
Area126 (13) troll 36 298,,Umatilla_H,5026,0.33,Priest_Rapids_H,5026,0.30,Hanford_Reach,5026,0.19,Umatilla_H_Fa,5026,0.07,Priest_Rapid_H,5026,0.03
Area126 (13) troll 36 299,,Priest_Rapids_H,5026,0.27,Hanford_Reach,5026,0.27,Wenatchee_R_SF,5026,0.27,Umatilla_H_Fa,5026,0.07,Voights_H,5020,0.05
Area126 (13) troll 36 300,,Wenatchee_R_SF,5026,0.50,Hanford_Reach,5026,0.22,Priest_Rapids_H,5026,0.17,L_Deschutes_R,5004,0.04,Methow_R,5026,0.03
Area126 (13) troll 36 301,,George_Adams_H,5005,0.56,S_Prairie_Cr,5020,0.25,NF_Skokomish_F,5005,0.08,Voights_H,5020,0.03,Soos_H,5020,0.02
Area126 (13) troll 36 302,,Cowlitz_H_sp,5009,0.86,Spring_Cr_col,5030,0.06,Washougal_R_Fa,5008,0.03,Abernathy_Cr_Fa,5008,0.02,Abernathy_NFH_F,5008,0.01
Area126 (13) troll 36 303,,Chilliwack_F,3,0.83,Harrison,3,0.16,L_Skagit_R_Fa,5016,0.00,U_Deschutes_R,5004,0.00,L_Deschutes_R,5004,0.00
Area126 (13) troll 36 304,,Cedar_R_SuFa,5020,0.71,George_Adams_H,5005,0.24,Voights_H,5020,0.03,Soos_H,5020,0.01,Bear_Cr_SuFa,5020,0.00
Area126 (13) troll 36 305,,Washougal_R_Fa,5008,0.46,Skagit_R,5016,0.23,L_Skagit_R_Fa,5016,0.07,Umpqua_H,5011,0.05,Skykomish_R,5016,0.03
Area126 (13) troll 36 306,,Spring_Cr_col,5030,1.00,Elochoman_H,5030,0.00,Abernathy_Cr_Fa,5008,0.00,,,,,,
Area126 (13) troll 36 307,,George_Adams_H,5005,0.59,Cedar_R_SuFa,5020,0.29,S_Prairie_Cr,5020,0.05,Skagit_R,5016,0.02,L_Skagit_R_Fa,5016,0.02
Area126 (13) troll 36 308,,George_Adams_H,5005,0.62,Cedar_R_SuFa,5020,0.35,NF_Skokomish_F,5005,0.02,S_Prairie_Cr,5020,0.00,Grovers_Cr_H,5020,0.00
Area126 (13) troll 36 309,,McKenzie_H,5029,0.99,N_Santiam_H,5029,0.01,Hanford_Reach,5026,0.00,Wenatchee_R_SF,5026,0.00,Umatilla_H_Fa,5026,0.00
Area126 (13) troll 36 310,,George_Adams_H,5005,0.94,NF_Skokomish_F,5005,0.05,Cedar_R_SuFa,5020,0.00,S_Prairie_Cr,5020,0.00,Voights_H,5020,0.00
Area126 (13) troll 36 311,,Hanford_Reach,5026,0.68,Priest_Rapids_H,5026,0.26,Umatilla_H_Fa,5026,0.02,Methow_R,5026,0.02,Priest_Rapid_H,5026,0.01
Area126 (13) troll 36 312,,McKenzie_H,5029,1.00,,,,,,,,,,,,
Area126 (13) troll 36 313,,Wenatchee_R_SF,5026,0.41,Umpqua_H,5011,0.20,Coos_H,5011,0.10,Umatilla_H_Fa,5026,0.09,L_Deschutes_R,5004,0.06
Area126 (13) troll 36 314,,Skagit_R,5016,0.96,Harrison,3,0.02,Marblemount_HSp,5016,0.02,U_Skagit_R,5016,0.00,L_Skagit_R_Fa,5016,0.00
Area126 (13) troll 36 315,,Abernathy_Cr_Fa,5008,0.30,Cowlitz_H_fa,5008,0.26,Elochoman_H,5030,0.22,Washougal_R_Fa,5008,0.14,McKenzie_H,5029,0.04
Area126 (13) troll 36 316,,Cedar_R_SuFa,5020,0.74,George_Adams_H,5005,0.25,Grovers_Cr_H,5020,0.00,Voights_H,5020,0.00,Bear_Cr_SuFa,5020,0.00
Area126 (13) troll 36 317,,Hanford_Reach,5026,0.29,Umatilla_H,5026,0.21,L_Deschutes_R,5004,0.13,Priest_Rapids_H,5026,0.13,Umatilla_H_Fa,5026,0.11
Area126 (13) troll 36 318,,Wenatchee_R_SF,5026,0.50,Priest_Rapids_H,5026,0.49,Methow_R,5026,0.01,Wells_H,5026,0.01,Hanford_Reach,5026,0.00
Area126 (13) troll 36 319,,Elochoman_H,5030,0.89,Abernathy_Cr_Fa,5008,0.04,Spring_Cr_col,5030,0.03,Hanford_Reach,5026,0.02,Elochoman_R_Fa,5008,0.01
Area126 (13) troll 44 320,,Priest_Rapids_H,5026,0.60,Hanford_Reach,5026,0.38,Priest_Rapid_H,5026,0.02,Umatilla_H,5026,0.00,Umatilla_H_Fa,5026,0.00
Area126 (13) troll 44 321,,L_Deschutes_R,5004,0.56,Hanford_Reach,5026,0.12,Umatilla_H_Fa,5026,0.10,Priest_Rapids_H,5026,0.05,Nez_PerceT_H,5021,0.03
Area126 (13) troll 44 322,,Priest_Rapids_H,5026,0.93,Umatilla_H_Fa,5026,0.03,Hanford_Reach,5026,0.02,Wenatchee_R_SF,5026,0.01,Methow_R,5026,0.00
Area126 (13) troll 44 323,Dupe with 116,Wenatchee_R_SF,5026,0.99,Wells_H,5026,0.00,Umatilla_H,5026,0.00,Methow_R,5026,0.00,Priest_Rapids_H,5026,0.00
Area126 (13) troll 44 324,,Washougal_R_Fa,5008,0.86,Cowlitz_H_fa,5008,0.06,Elochoman_H,5030,0.03,George_Adams_H,5005,0.01,Skagit_R,5016,0.01
Area126 (13) troll 44 325,Number of missing Loci exceeded,,,,,,,,,,,,,,,
Area126 (13) troll 44 326,,Chilliwack_F,3,0.43,George_Adams_H,5005,0.18,Cedar_R_SuFa,5020,0.08,Little_R,5,0.07,L_Adams,5,0.07
Area126 (13) troll 44 327,,Hanford_Reach,5026,0.77,Methow_R,5026,0.07,Wenatchee_R_SF,5026,0.05,Priest_Rapids_H,5026,0.04,Umatilla_H_Fa,5026,0.02
Area126 (13) troll 44 328,,Hanford_Reach,5026,0.85,Nez_PerceT_H,5021,0.10,Priest_Rapid_H,5026,0.01,L_Deschutes_R,5004,0.01,Umatilla_H_Fa,5026,0.01
Area126 (13) troll 44 329,,Wenatchee_R_SF,5026,0.53,Umatilla_H,5026,0.18,Hanford_Reach,5026,0.18,Priest_Rapids_H,5026,0.05,Methow_R,5026,0.01
Area126 (13) troll 44 330,,Wenatchee_R_SF,5026,0.76,Priest_Rapids_H,5026,0.11,Methow_R,5026,0.03,Hanford_Reach,5026,0.03,Umatilla_H_Fa,5026,0.02
Area126 (13) troll 44 331,,Hanford_Reach,5026,0.75,Wenatchee_R_SF,5026,0.08,Umatilla_H,5026,0.07,Sandy_R,5008,0.03,Umatilla_H_Fa,5026,0.02
Area126 (13) troll 44 332,,Hanford_Reach,5026,0.86,Umatilla_H_Fa,5026,0.06,Wenatchee_R_SF,5026,0.03,Priest_Rapid_H,5026,0.03,Nez_PerceT_H,5021,0.01
Area126 (13) troll 44 333,,Wenatchee_R_SF,5026,0.46,Priest_Rapids_H,5026,0.29,Hanford_Reach,5026,0.09,Methow_R,5026,0.08,Nez_PerceT_H,5021,0.05
Area126 (13) troll 44 334,,Nanaimo_F,7,0.95,Cowichan,7,0.04,Big_Qualicum,7,0.00,Chemainus,7,0.00,Puntledge_BackX,7,0.00
Area126 (13) troll 44 335,,Priest_Rapids_H,5026,0.77,Wenatchee_R_SF,5026,0.06,Hanford_Reach,5026,0.06,Umatilla_H,5026,0.04,Umatilla_H_Fa,5026,0.04
Area126 (13) troll 44 336,,Hanford_Reach,5026,0.63,Priest_Rapids_H,5026,0.32,Nez_PerceT_H,5021,0.02,Umatilla_H,5026,0.01,Priest_Rapid_H,5026,0.01
Area126 (13) troll 44 337,,Washougal_R_Fa,5008,0.84,Elochoman_H,5030,0.07,Abernathy_Cr_Fa,5008,0.03,Sandy_R,5008,0.03,Cowlitz_H_fa,5008,0.01
Area126 (13) troll 44 338,,Cedar_R_SuFa,5020,0.23,George_Adams_H,5005,0.19,L_Skagit_R_Fa,5016,0.18,Skagit_R,5016,0.12,Nanaimo_F,7,0.07
Area126 (13) troll 44 339,,Spring_Cr_col,5030,0.51,Elochoman_H,5030,0.36,Washougal_R_Fa,5008,0.07,Abernathy_NFH_F,5008,0.03,Abernathy_Cr_Fa,5008,0.02
Area126 (13) troll 44 340,,Wenatchee_R_SF,5026,0.63,Priest_Rapids_H,5026,0.21,Methow_R,5026,0.06,Wells_H,5026,0.05,Hanford_Reach,5026,0.04
Area126 (13) troll 44 341,,Spring_Cr_col,5030,0.99,Elochoman_H,5030,0.01,Abernathy_Cr_Fa,5008,0.00,,,,,,
Area126 (13) troll 44 342,,Wenatchee_R_SF,5026,0.96,Wells_H,5026,0.02,Priest_Rapids_H,5026,0.01,Methow_R,5026,0.01,Hanford_Reach,5026,0.00
Area126 (13) troll 44 343,,Cowlitz_H_fa,5008,0.36,Washougal_R_Fa,5008,0.18,Cowlitz_H_sp,5009,0.17,Elochoman_H,5030,0.08,Queets_R,5028,0.07
Area126 (13) troll 44 344,,L_Deschutes_R,5004,0.76,Stanislaus_R,5001,0.11,Nez_PerceT_H,5021,0.09,U_Deschutes_R,5004,0.03,Feather_H_fa,5001,0.01
Area126 (13) troll 44 345,,Hanford_Reach,5026,0.29,Umatilla_H,5026,0.24,Priest_Rapids_H,5026,0.22,Wenatchee_R_SF,5026,0.12,Umatilla_H_Fa,5026,0.09
Area126 (13) troll 44 346,,Wenatchee_R_SF,5026,0.76,Priest_Rapids_H,5026,0.22,Hanford_Reach,5026,0.01,Umatilla_H,5026,0.00,Priest_Rapid_H,5026,0.00
Area126 (13) troll 44 347,Dupe with 93,Wenatchee_R_SF,5026,0.98,Umatilla_H,5026,0.00,Wells_H,5026,0.00,Methow_R,5026,0.00,Priest_Rapids_H,5026,0.00
Area126 (13) troll 44 348,,George_Adams_H,5005,0.86,Voights_H,5020,0.07,Cedar_R_SuFa,5020,0.03,NF_Skokomish_F,5005,0.03,Clear_Cr_H,5020,0.01
Area126 (13) troll 44 349,,Umatilla_H,5026,0.48,Hanford_Reach,5026,0.41,Priest_Rapids_H,5026,0.07,Umatilla_H_Fa,5026,0.02,Priest_Rapid_H,5026,0.00
Area126 (13) troll 44 350,,Skagit_R,5016,0.69,L_Adams,5,0.14,L_Skagit_R_Fa,5016,0.10,Harrison,3,0.02,South_Thom,5,0.01
Area126 (13) troll 44 351,,George_Adams_H,5005,0.90,Cedar_R_SuFa,5020,0.06,NF_Skokomish_F,5005,0.03,L_Skagit_R_Fa,5016,0.00,Nanaimo_F,7,0.00
Area126 (13) troll 44 352,,McKenzie_H,5029,0.99,N_Santiam_H,5029,0.01,,,,,,,,,
Area126 (13) troll 44 353,,McKenzie_H,5029,0.35,Stanislaus_R,5001,0.21,Hanford_Reach,5026,0.11,Umatilla_H_Fa,5026,0.07,Butte_Cr_f,5001,0.05
Area126 (13) troll 44 354,,George_Adams_H,5005,0.82,NF_Skokomish_F,5005,0.12,Cedar_R_SuFa,5020,0.04,Grovers_Cr_H,5020,0.01,Voights_H,5020,0.01
Area126 (13) troll 44 355,,Priest_Rapids_H,5026,0.36,Wenatchee_R_SF,5026,0.22,Hanford_Reach,5026,0.20,Methow_R,5026,0.12,McKenzie_H,5029,0.05
Area126 (13) troll 44 356,,George_Adams_H,5005,0.83,Cedar_R_SuFa,5020,0.15,Grovers_Cr_H,5020,0.01,L_Skagit_R_Fa,5016,0.00,Voights_H,5020,0.00
Area126 (13) troll 44 357,,Wenatchee_R_SF,5026,0.41,Priest_Rapids_H,5026,0.31,Umatilla_H,5026,0.09,Hanford_Reach,5026,0.08,Umatilla_H_Fa,5026,0.07
Area126 (13) troll 44 358,,George_Adams_H,5005,0.86,NF_Skokomish_F,5005,0.10,Grovers_Cr_H,5020,0.03,S_Prairie_Cr,5020,0.01,Cedar_R_SuFa,5020,0.00
Area126 (13) troll 72 391,,McKenzie_H,5029,0.99,Cowlitz_H_sp,5009,0.01,N_Santiam_H,5029,0.00,Kalama_H_sp,5009,0.00,Washougal_R_Fa,5008,0.00
Area126 (13) troll 72 392,,Cedar_R_SuFa,5020,0.54,George_Adams_H,5005,0.44,S_Prairie_Cr,5020,0.01,NF_Skokomish_F,5005,0.01,Clear_Cr_H,5020,0.00
Area126 (13) troll 72 393,,NF_Nooksack_H,5016,0.99,Skagit_R,5016,0.00,Cedar_R_SuFa,5020,0.00,Soos_H,5020,0.00,S_Prairie_Cr,5020,0.00
Area126 (13) troll 72 394,,McKenzie_H,5029,1.00,,,,,,,,,,,,
Area126 (13) troll 72 395,,Cedar_R_SuFa,5020,0.88,NF_Skokomish_F,5005,0.04,George_Adams_H,5005,0.03,Soos_H,5020,0.02,Voights_H,5020,0.02
Area126 (13) troll 72 396,,Umatilla_H,5026,0.39,L_Deschutes_R,5004,0.25,Hanford_Reach,5026,0.16,Methow_R,5026,0.06,Wenatchee_R_SF,5026,0.04
Area126 (13) troll 72 397,,George_Adams_H,5005,0.53,Wenatchee_R_SF,5026,0.25,Cedar_R_SuFa,5020,0.08,Hanford_Reach,5026,0.03,NF_Skokomish_F,5005,0.02
Area126 (13) troll 72 398,,Cowlitz_H_sp,5009,0.60,Washougal_R_Fa,5008,0.25,Cowlitz_H_fa,5008,0.06,Spring_Cr_col,5030,0.06,McKenzie_H,5029,0.01
Area126 (13) troll 72 399,,George_Adams_H,5005,0.56,Cedar_R_SuFa,5020,0.37,NF_Skokomish_F,5005,0.05,Voights_H,5020,0.01,Hamma_Hamma_R,5005,0.00
Area126 (13) troll 72 400,,McKenzie_H,5029,1.00,,,,,,,,,,,,
Area126 (13) troll 72 401,,Priest_Rapids_H,5026,0.29,Hanford_Reach,5026,0.21,Umatilla_H,5026,0.16,Umatilla_H_Fa,5026,0.14,Skykomish_R,5016,0.09
Area126 (13) troll 72 402,,Hanford_Reach,5026,0.31,George_Adams_H,5005,0.29,Skykomish_R,5016,0.22,Umatilla_H,5026,0.06,L_Skagit_R_Fa,5016,0.03
Area126 (13) troll 72 403,,Cedar_R_SuFa,5020,0.84,Voights_H,5020,0.05,NF_Skokomish_F,5005,0.04,L_Skagit_R_Fa,5016,0.03,Skykomish_R,5016,0.03
Area126 (13) troll 72 404,,George_Adams_H,5005,0.90,NF_Skokomish_F,5005,0.09,Skykomish_R,5016,0.00,Nanaimo_F,7,0.00,Cedar_R_SuFa,5020,0.00
Area126 (13) troll 72 405,,Spring_Cr_col,5030,0.51,Abernathy_Cr_Fa,5008,0.29,Elochoman_H,5030,0.09,Washougal_R_Fa,5008,0.06,Big_Cr_H_Col,5030,0.02
Area126 (13) troll 72 406,,George_Adams_H,5005,0.74,Cedar_R_SuFa,5020,0.16,NF_Skokomish_F,5005,0.06,S_Prairie_Cr,5020,0.01,Soos_H,5020,0.01
Area126 (13) troll 72 407,,Elochoman_H,5030,0.49,Cowlitz_H_fa,5008,0.43,Lewis_R_Su,5008,0.06,Abernathy_Cr_Fa,5008,0.02,Queets_R,5028,0.00
Area126 (13) troll 72 408,,Abernathy_Cr_Fa,5008,0.94,Elochoman_H,5030,0.03,Cowlitz_H_fa,5008,0.02,Washougal_R_Fa,5008,0.01,Lewis_R_Su,5008,0.00
Area126 (13) troll 72 409,,Wenatchee_R_SF,5026,0.52,Priest_Rapids_H,5026,0.44,Methow_R,5026,0.02,Nez_PerceT_H,5021,0.01,Hanford_Reach,5026,0.00
Area126 (13) troll 72 410,,Skagit_R,5016,0.62,George_Adams_H,5005,0.32,Nusatsum,10,0.03,NF_Skokomish_F,5005,0.01,L_Skagit_R_Fa,5016,0.00
Area126 (13) troll 72 411,,McKenzie_H,5029,1.00,,,,,,,,,,,,
Area126 (13) troll 72 412,,McKenzie_H,5029,1.00,N_Santiam_H,5029,0.00,,,,,,,,,
Area126 (13) troll 72 413,,Nitinat,8,0.77,Sooke,8,0.23,Conuma,8,0.00,Moyeha_R,8,0.00,Methow_R,5026,0.00
Area126 (13) troll 72 414,,Methow_R,5026,0.20,Umatilla_H,5026,0.19,Hanford_Reach,5026,0.16,Priest_Rapids_H,5026,0.14,Umatilla_H_Fa,5026,0.09
Area126 (13) troll 72 415,,Chilliwack_F,3,0.61,Harrison,3,0.38,Skykomish_R,5016,0.00,Skagit_R,5016,0.00,L_Skagit_R_Fa,5016,0.00
Area126 (13) troll 72 416,,Skagit_R,5016,0.46,L_Skagit_R_Fa,5016,0.44,NF_Nooksack_H,5016,0.03,NF_Skokomish_F,5005,0.01,L_Deschutes_R,5004,0.01
Area126 (13) troll 72 417,,Priest_Rapids_H,5026,0.61,Wenatchee_R_SF,5026,0.18,Nez_PerceT_H,5021,0.10,Hanford_Reach,5026,0.07,Umatilla_H_Fa,5026,0.01
Area126 (13) troll 72 418,,Hanford_Reach,5026,0.64,Umatilla_H_Fa,5026,0.12,Priest_Rapids_H,5026,0.10,Umatilla_H,5026,0.04,Nez_PerceT_H,5021,0.03
Area126 (13) troll 72 419,,Elk_H,5011,0.97,Alsea_R,5015,0.02,L_Skagit_R_Fa,5016,0.01,Trask_R,5015,0.00,Sixes_R,5011,0.00
Area126 (13) troll 72 420,,L_Skagit_R_Fa,5016,0.37,Skykomish_R,5016,0.21,Skagit_R,5016,0.18,Marblemount_Hsu,5016,0.14,George_Adams_H,5005,0.05
Area126 (13) troll 72 421,,George_Adams_H,5005,0.85,Voights_H,5020,0.11,NF_Skokomish_F,5005,0.02,S_Prairie_Cr,5020,0.02,Cedar_R_SuFa,5020,0.00
Area126 (13) troll 72 422,,George_Adams_H,5005,0.64,Cedar_R_SuFa,5020,0.15,Voights_H,5020,0.12,NF_Skokomish_F,5005,0.02,Cowichan,7,0.02
Area126 (13) troll 72 423,,McKenzie_H,5029,1.00,N_Santiam_H,5029,0.00,,,,,,,,,
Area126 (13) troll 72 424,,L_Skagit_R_Fa,5016,0.87,Skagit_R,5016,0.07,Skykomish_R,5016,0.03,Cedar_R_SuFa,5020,0.02,Voights_H,5020,0.00
Area126 (13) troll 72 425,,Cedar_R_SuFa,5020,0.76,Voights_H,5020,0.12,George_Adams_H,5005,0.09,Soos_H,5020,0.01,S_Prairie_Cr,5020,0.01
Area126 (13) troll 72 426,,Wenatchee_R_SF,5026,0.82,Priest_Rapids_H,5026,0.11,Hanford_Reach,5026,0.02,Methow_R,5026,0.01,Umatilla_H_Fa,5026,0.01
Area126 (13) troll 72 427,,Clearwater,4,1.00,,,,,,,,,,,,
Area126 (13) troll 72 428,,Skagit_R,5016,0.52,George_Adams_H,5005,0.21,NF_Nooksack_H,5016,0.11,Skykomish_R,5016,0.11,NF_Skokomish_F,5005,0.02
Area126 (13) troll 72 429,,Alsea_R,5015,0.96,Trask_R,5015,0.02,Nestucca_H,5015,0.01,Queets_R,5028,0.00,S_Coos_R,5011,0.00
Area126 (13) troll 72 430,,Priest_Rapids_H,5026,0.57,Wenatchee_R_SF,5026,0.20,Methow_R,5026,0.08,Umatilla_H,5026,0.05,Wells_H,5026,0.03
Area126 (13) troll 72 431,,L_Adams,5,0.77,Little_R,5,0.12,Priest_Rapids_H,5026,0.07,South_Thom,5,0.03,Hanford_Reach,5026,0.00
Area126 (13) troll 72 432,,Nitinat,8,0.77,Sooke,8,0.23,,,,,,,,,
Area126 (13) troll 72 433,,Umatilla_H,5026,0.70,Hanford_Reach,5026,0.13,Umpqua_H,5011,0.07,McKenzie_H,5029,0.05,Skagit_R,5016,0.02
Area126 (13) troll 72 434,,George_Adams_H,5005,0.50,Cedar_R_SuFa,5020,0.32,NF_Skokomish_F,5005,0.14,S_Prairie_Cr,5020,0.03,Voights_H,5020,0.01
Area126 (13) troll 72 435,,Conuma,8,0.92,Tahsis,8,0.07,Moyeha_R,8,0.01,,,,,,
Area126 (13) troll 72 436,,George_Adams_H,5005,0.26,L_Skagit_R_Fa,5016,0.17,Cedar_R_SuFa,5020,0.17,Chilliwack_F,3,0.10,Voights_H,5020,0.09
Area126 (13) troll 72 437,,Wenatchee_R_SF,5026,0.87,Umatilla_H,5026,0.06,Hanford_Reach,5026,0.03,Priest_Rapids_H,5026,0.02,Wells_H,5026,0.01
Area126 (13) troll 72 439,,Hanford_Reach,5026,0.81,Priest_Rapids_H,5026,0.07,Priest_Rapid_H,5026,0.04,Umatilla_H_Fa,5026,0.04,Methow_R,5026,0.02
Area126 (13) troll 72 440,,Stanislaus_R,5001,0.59,Hanford_Reach,5026,0.15,Feather_H_fa,5001,0.07,Umatilla_H,5026,0.05,Feather_H_sp,5002,0.05
Area126 (13) troll 72 441,,Priest_Rapids_H,5026,0.87,Umatilla_H_Fa,5026,0.08,Hanford_Reach,5026,0.05,Nez_PerceT_H,5021,0.00,,,
Area126 (13) troll 72 442,,Skagit_R,5016,0.99,Marblemount_HSp,5016,0.01,L_Skagit_R_Fa,5016,0.00,Priest_Rapids_H,5026,0.00,,,
,,,,,,,,,,,,,,,,
Sample: 45, Area127,2013, troll, Apr29-Sep18,,,,,,,,,,,,
Area127 (13) troll 119 721,,Hanford_Reach,5026,0.75,Methow_R,5026,0.09,Priest_Rapid_H,5026,0.08,Stanislaus_R,5001,0.04,Feather_H_fa,5001,0.03
Area127 (13) troll 119 722,,Necanicum_H,5015,0.43,Trask_R,5015,0.22,Forks_Cr_H,5028,0.10,S_Coos_R,5011,0.05,Coos_H,5011,0.04
Area127 (13) troll 119 723,,Priest_Rapid_H,5026,0.54,Methow_R,5026,0.23,Hanford_Reach,5026,0.22,Umatilla_H_Fa,5026,0.01,L_Wh_Sal_H_SF,5026,0.00
Area127 (13) troll 119 724,,NF_Nooksack_H,5016,0.17,Little_R,5,0.16,Priest_Rapid_H,5026,0.16,Eagle_R,5,0.13,Hanford_Reach,5026,0.10
Area127 (13) troll 119 725,,Hanford_Reach,5026,0.80,Priest_Rapid_H,5026,0.16,Umatilla_H_Fa,5026,0.04,Methow_R,5026,0.00,Marion_Drain_Fa,5026,0.00
Area127 (13) troll 119 726,,Forks_Cr_H,5028,0.92,Cole_Rivers_H,5019,0.05,S_Umpqua_H,5011,0.02,Queets_R,5028,0.01,Priest_Rapid_H,5026,0.00
Area127 (13) troll 119 727,,Priest_Rapid_H,5026,0.59,Methow_R,5026,0.30,Hanford_Reach,5026,0.11,Lyons_Ferry_H,5021,0.00,,,
Area127 (13) troll 119 728,,Priest_Rapid_H,5026,0.61,Hanford_Reach,5026,0.36,Umatilla_H_Fa,5026,0.01,Methow_R,5026,0.01,Stanislaus_R,5001,0.01
Area127 (13) troll 119 729,,Hanford_Reach,5026,0.50,Priest_Rapid_H,5026,0.47,Umatilla_H_Fa,5026,0.01,Methow_R,5026,0.01,Umatilla_H,5026,0.00
Area127 (13) troll 119 730,,Hanford_Reach,5026,0.83,Priest_Rapid_H,5026,0.10,Umatilla_H_Fa,5026,0.06,Wilson_R,5015,0.00,Trask_R,5015,0.00
Area127 (13) troll 119 731,,Priest_Rapid_H,5026,0.49,Hanford_Reach,5026,0.44,Umatilla_H_Fa,5026,0.05,L_Wh_Sal_H_SF,5026,0.02,Methow_R,5026,0.00
Area127 (13) troll 119 732,,Tahsis,8,0.36,Burman,8,0.35,Moyeha_R,8,0.12,Conuma,8,0.09,Kaouk_R,8,0.02
Area127 (13) troll 135 809,,Priest_Rapid_H,5026,0.64,Hanford_Reach,5026,0.21,Umatilla_H_Fa,5026,0.09,Methow_R,5026,0.03,Butte_Cr_f,5001,0.01
Area127 (13) troll 135 810,,Forks_Cr_H,5028,0.58,Salmon_R_f,5015,0.19,Sixes_R,5011,0.15,S_Umpqua_H,5011,0.08,Quilayute_R,5028,0.01
Area127 (13) troll 135 811,,Spring_Cr_col,5030,1.00,,,,,,,,,,,,
Area127 (13) troll 135 812,,George_Adams_H,5005,0.84,NF_Skokomish_F,5005,0.14,Clear_Cr_H,5020,0.01,L_Skagit_R_Fa,5016,0.01,UW_H_SuFa,5020,0.00
Area127 (13) troll 135 813,,Morice_R,21,0.93,Kateen,10,0.02,Babine,20,0.01,Unuk,15,0.01,Keta_R,5023,0.01
Area127 (13) troll 135 814,,Priest_Rapid_H,5026,0.62,Hanford_Reach,5026,0.37,Umatilla_H_Fa,5026,0.01,Umatilla_H,5026,0.00,Priest_Rapids_H,5026,0.00
Area127 (13) troll 135 815,,Priest_Rapid_H,5026,0.69,Hanford_Reach,5026,0.23,Umatilla_H_Fa,5026,0.03,Methow_R,5026,0.02,L_Wh_Sal_H_SF,5026,0.02
Area127 (13) troll 135 816,,Forks_Cr_H,5028,1.00,Necanicum_H,5015,0.00,Humptulips_H,5028,0.00,,,,,,
Area127 (13) troll 135 817,,Nusatsum,10,0.63,Wilson_R,5015,0.15,Skykomish_R,5016,0.05,Trask_R,5015,0.04,Salmon_R_f,5015,0.03
Area127 (13) troll 135 818,,Wilson_R,5015,0.54,Trask_R,5015,0.22,Salmon_R_f,5015,0.18,Alsea_R,5015,0.04,Nestucca_H,5015,0.01
Area127 (13) troll 135 819,,George_Adams_H,5005,0.39,NF_Skokomish_F,5005,0.35,Voights_H,5020,0.08,Clear_Cr_H,5020,0.05,Hanford_Reach,5026,0.04
Area127 (13) troll 135 820,,Priest_Rapid_H,5026,0.56,Hanford_Reach,5026,0.37,Umatilla_H_Fa,5026,0.06,L_Wh_Sal_H_SF,5026,0.01,U_Sauk_R,5016,0.00
Area127 (13) troll 135 821,,Chilliwack_F,3,0.36,Quesnel,2,0.34,Morice_R,21,0.09,L_Cariboo,2,0.05,Stuart,2,0.05
Area127 (13) troll 261 520,,Necanicum_H,5015,0.50,Forks_Cr_H,5028,0.20,Salmon_R_f,5015,0.17,Wilson_R,5015,0.07,Trask_R,5015,0.06
Area127 (13) troll 261 521,Dupe with 58,Skykomish_R,5016,0.50,U_Sauk_R,5016,0.50,,,,,,,,,
Area127 (13) troll 261 522,,Skykomish_R,5016,0.53,L_Skagit_R_Fa,5016,0.41,NF_Skokomish_F,5005,0.03,George_Adams_H,5005,0.01,Wenatchee_R_sp,5010,0.00
Area127 (13) troll 261 523,,Cowichan,7,0.42,L_Qualicum,7,0.28,L_Skagit_R_Fa,5016,0.13,Skykomish_R,5016,0.10,Phillips,9,0.02
Area127 (13) troll 261 524,,Hanford_Reach,5026,0.70,Priest_Rapid_H,5026,0.16,Umatilla_H_Fa,5026,0.14,Nez_PerceT_H,5021,0.00,Stanislaus_R,5001,0.00
Area127 (13) troll 261 525,,L_Skagit_R_Fa,5016,0.43,Skykomish_R,5016,0.35,U_Sauk_R,5016,0.08,Marblemount_HSp,5016,0.04,U_Skagit_R,5016,0.04
Area127 (13) troll 261 526,,Cowichan,7,0.73,L_Qualicum,7,0.26,Cheakamus_F,9,0.00,Puntledge_F,7,0.00,Big_Qualicum,7,0.00
Area127 (13) troll 261 527,,Priest_Rapid_H,5026,0.69,L_Skagit_R_Fa,5016,0.17,Cowichan,7,0.06,Hanford_Reach,5026,0.02,Forks_Cr_H,5028,0.01
Area127 (13) troll 261 528,,Skykomish_R,5016,0.49,U_Sauk_R,5016,0.46,George_Adams_H,5005,0.02,L_Skagit_R_Fa,5016,0.01,U_Sauk_R_SpSu,5016,0.01
Area127 (13) troll 261 529,,George_Adams_H,5005,0.67,NF_Skokomish_F,5005,0.20,Voights_H,5020,0.07,Clear_Cr_H,5020,0.04,Bear_Cr_SuFa,5020,0.01
Area127 (13) troll 261 530,,Marblemount_HSp,5016,0.89,L_Skagit_R_Fa,5016,0.11,Umatilla_H_Fa,5026,0.00,Clear_Cr_H,5020,0.00,Soos_H,5020,0.00
Area127 (13) troll 261 531,,Priest_Rapid_H,5026,0.66,Hanford_Reach,5026,0.22,Umatilla_H_Fa,5026,0.11,L_Wh_Sal_H_SF,5026,0.00,Chilliwack_F,3,0.00
Area127 (13) troll 261 532,,NF_Nooksack_H,5016,1.00,,,,,,,,,,,,
Area127 (13) troll 261 533,,George_Adams_H,5005,0.70,NF_Skokomish_F,5005,0.20,L_Skagit_R_Fa,5016,0.03,Hamma_Hamma_R,5005,0.02,Bear_Cr_SuFa,5020,0.01
Area127 (13) troll 261 534,,Forks_Cr_H,5028,1.00,Salmon_R_f,5015,0.00,Alsea_R,5015,0.00,,,,,,
Area127 (13) troll 261 535,,Priest_Rapid_H,5026,0.52,Methow_R,5026,0.22,Hanford_Reach,5026,0.22,L_Wh_Sal_H_SF,5026,0.02,Skykomish_R,5016,0.01
Area127 (13) troll 261 536,,NF_Skokomish_F,5005,0.38,George_Adams_H,5005,0.32,Voights_H,5020,0.19,Clear_Cr_H,5020,0.04,Grovers_Cr_H,5020,0.02
Area127 (13) troll 261 538,,Spring_Cr_col,5030,1.00,Abernathy_NFH_F,5008,0.00,,,,,,,,,
Area127 (13) troll 261 539,,George_Adams_H,5005,0.49,L_Skagit_R_Fa,5016,0.27,Voights_H,5020,0.09,NF_Skokomish_F,5005,0.06,Grovers_Cr_H,5020,0.03
Area127 (13) troll 261 540,,George_Adams_H,5005,0.66,NF_Skokomish_F,5005,0.24,L_Skagit_R_Fa,5016,0.04,Voights_H,5020,0.03,Clear_Cr_H,5020,0.01
Area127 (13) troll 261 541,,Skykomish_R,5016,0.45,U_Sauk_R,5016,0.40,L_Skagit_R_Fa,5016,0.11,U_Sauk_R_SpSu,5016,0.02,U_Skagit_R,5016,0.01
Area127 (13) troll 261 542,,NF_Nooksack_H,5016,1.00,,,,,,,,,,,,
Area127 (13) troll 261 543,,Spring_Cr_col,5030,1.00,Big_Cr_H_Col,5030,0.00,,,,,,,,,
Area127 (13) troll 261 544,,Cowichan,7,0.56,L_Qualicum,7,0.15,George_Adams_H,5005,0.12,L_Skagit_R_Fa,5016,0.11,Voights_H,5020,0.03
Area127 (13) troll 261 545,,Wilson_R,5015,0.34,Necanicum_H,5015,0.22,Trask_R,5015,0.20,Salmon_R_f,5015,0.15,Forks_Cr_H,5028,0.04
Area127 (13) troll 261 546,,Chilliwack_F,3,1.00,,,,,,,,,,,,
Area127 (13) troll 261 547,,Skykomish_R,5016,0.43,L_Skagit_R_Fa,5016,0.36,NF_Skokomish_F,5005,0.09,George_Adams_H,5005,0.04,U_Sauk_R_SpSu,5016,0.04
Area127 (13) troll 261 548,,Butte_Cr_f,5001,0.62,Stanislaus_R,5001,0.28,Feather_H_fa,5001,0.09,Battle_Cr,5001,0.01,,,
Area127 (13) troll 261 549,,Skykomish_R,5016,0.54,L_Skagit_R_Fa,5016,0.31,U_Sauk_R,5016,0.10,U_Sauk_R_SpSu,5016,0.01,NF_Nooksack_H,5016,0.01
Area127 (13) troll 261 550,,Chilliwack_F,3,0.95,L_Thompson,5,0.02,Chilliwac@Stav,3,0.01,Quesnel,2,0.00,Little_R,5,0.00
Area127 (13) troll 261 551,,Forks_Cr_H,5028,0.71,Skykomish_R,5016,0.14,Wilson_R,5015,0.05,Quilayute_R,5028,0.04,Salmon_R_f,5015,0.03
Area127 (13) troll 261 552,,L_Skagit_R_Fa,5016,0.44,L_Qualicum,7,0.26,George_Adams_H,5005,0.15,Nimpkish,7,0.10,U_Sauk_R,5016,0.02
Area127 (13) troll 261 553,Dupe with 27,Skykomish_R,5016,0.50,U_Sauk_R,5016,0.50,L_Skagit_R_Fa,5016,0.00,,,,,,
Area127 (13) troll 261 554,,Cowichan,7,0.71,George_Adams_H,5005,0.26,L_Qualicum,7,0.02,NF_Skokomish_F,5005,0.01,L_Skagit_R_Fa,5016,0.00
Area127 (13) troll 261 555,,Wilson_R,5015,0.58,Trask_R,5015,0.23,Salmon_R_f,5015,0.16,Forks_Cr_H,5028,0.01,Necanicum_H,5015,0.01
Area127 (13) troll 261 556,,Hanford_Reach,5026,0.37,Priest_Rapid_H,5026,0.32,Methow_R,5026,0.30,Umatilla_H_Fa,5026,0.01,Wells_H,5026,0.00
Area127 (13) troll 261 557,,George_Adams_H,5005,0.52,Voights_H,5020,0.23,NF_Skokomish_F,5005,0.17,Clear_Cr_H,5020,0.03,L_Skagit_R_Fa,5016,0.02
Area127 (13) troll 261 558,,Spring_Cr_col,5030,0.99,Hanford_Reach,5026,0.00,L_Skagit_R_Fa,5016,0.00,Voights_H,5020,0.00,Priest_Rapid_H,5026,0.00
Area127 (13) troll 261 559,,NF_Nooksack_H,5016,1.00,Skykomish_R,5016,0.00,U_Sauk_R,5016,0.00,,,,,,
Area127 (13) troll 261 560,,L_Skagit_R_Fa,5016,0.32,Voights_H,5020,0.21,George_Adams_H,5005,0.16,L_Qualicum,7,0.13,NF_Skokomish_F,5005,0.10
Area127 (13) troll 261 561,,George_Adams_H,5005,0.70,NF_Skokomish_F,5005,0.22,Clear_Cr_H,5020,0.06,Voights_H,5020,0.01,L_Skagit_R_Fa,5016,0.00
Area127 (13) troll 261 562,,George_Adams_H,5005,0.58,NF_Skokomish_F,5005,0.26,Voights_H,5020,0.09,Clear_Cr_H,5020,0.05,Grovers_Cr_H,5020,0.01
Area127 (13) troll 261 563,,George_Adams_H,5005,0.44,NF_Skokomish_F,5005,0.37,Voights_H,5020,0.11,Hamma_Hamma_R,5005,0.05,Clear_Cr_H,5020,0.03
Area127 (13) troll 261 564,,Spring_Cr_col,5030,1.00,Big_Cr_H_Col,5030,0.00,,,,,,,,,
Area127 (13) troll 261 565,,Priest_Rapid_H,5026,0.55,Umatilla_H_Fa,5026,0.27,Hanford_Reach,5026,0.16,L_Wh_Sal_H_SF,5026,0.01,S_Coos_R,5011,0.00
Area127 (13) troll 261 566,,Hanford_Reach,5026,0.86,Priest_Rapid_H,5026,0.08,Methow_R,5026,0.05,Umatilla_H_Fa,5026,0.00,Marion_Drain_Fa,5026,0.00
Area127 (13) troll 261 567,,George_Adams_H,5005,0.61,L_Skagit_R_Fa,5016,0.16,NF_Skokomish_F,5005,0.11,Skykomish_R,5016,0.11,Clear_Cr_H,5020,0.00
Area127 (13) troll 261 568,,NF_Nooksack_H,5016,1.00,U_Sauk_R,5016,0.00,U_Skagit_R,5016,0.00,,,,,,
Area127 (13) troll 261 569,,George_Adams_H,5005,0.79,NF_Skokomish_F,5005,0.20,Clear_Cr_H,5020,0.01,L_Skagit_R_Fa,5016,0.00,Hamma_Hamma_R,5005,0.00
Area23 (13) troll 28 181,Number of missing Loci exceeded,,,,,,,,,,,,,,,
Area23 (13) troll 28 224,Number of missing Loci exceeded,,,,,,,,,,,,,,,
,,,,,,,,,,,,,,,,
Sample: 46, Area23,2013, troll, Jan28-Mar11,,,,,,,,,,,,
Area23 (13) troll 70 359,,U_Sauk_R_SpSu,5016,0.98,Dungeness_R,5006,0.01,Feather_H_fa,5001,0.01,L_Skagit_R_Fa,5016,0.00,Cheakamus_Su,9,0.00
Area23 (13) troll 70 360,,Feather_H_fa,5001,1.00,Feather_H_sp,5002,0.00,,,,,,,,,
Area23 (13) troll 70 361,,NF_Nooksack_H,5016,0.99,U_Sauk_R_SpSu,5016,0.01,,,,,,,,,
Area23 (13) troll 70 362,,N_Santiam_H,5029,0.91,McKenzie_H,5029,0.05,Kalama_H_sp,5009,0.02,Umpqua_H,5011,0.01,Cowlitz_H_sp,5009,0.01
Area23 (13) troll 70 363,,White_H,5020,0.72,Hupp_Sp_H,5020,0.28,,,,,,,,,
Area23 (13) troll 70 364,,Spring_Cr_col,5030,1.00,Abernathy_NFH_F,5008,0.00,,,,,,,,,
Area23 (13) troll 70 365,,U_Sauk_R_SpSu,5016,0.85,George_Adams_H,5005,0.11,Clear_Cr_H,5020,0.02,L_Skagit_R_Fa,5016,0.02,Bear_Cr_SuFa,5020,0.01
Area23 (13) troll 70 366,,NF_Nooksack_H,5016,1.00,,,,,,,,,,,,
Area23 (13) troll 70 367,,NF_Nooksack_H,5016,0.53,L_Skagit_R_Fa,5016,0.45,Umatilla_H_Fa,5026,0.01,Bear_Cr_SuFa,5020,0.01,U_Sauk_R_SpSu,5016,0.00
Area23 (13) troll 70 368,,George_Adams_H,5005,0.89,S_Prairie_Cr,5020,0.06,Clear_Cr_H,5020,0.03,L_Skagit_R_Fa,5016,0.01,Bear_Cr_SuFa,5020,0.01
Area23 (13) troll 70 369,,George_Adams_H,5005,0.95,U_Sauk_R_SpSu,5016,0.02,S_Prairie_Cr,5020,0.01,Hupp_Sp_H,5020,0.01,NF_Skokomish_F,5005,0.00
Area23 (13) troll 70 370,,George_Adams_H,5005,0.75,L_Skagit_R_Fa,5016,0.15,Clear_Cr_H,5020,0.06,Bear_Cr_SuFa,5020,0.03,U_Sauk_R_SpSu,5016,0.01
Area23 (13) troll 70 371,,George_Adams_H,5005,0.99,Clear_Cr_H,5020,0.00,Cheakamus_F,9,0.00,,,,,,
Area23 (13) troll 70 372,,Feather_H_fa,5001,1.00,,,,,,,,,,,,
Area23 (13) troll 70 373,,Sol_Duc_H,5028,0.92,Cowlitz_H_sp,5009,0.08,,,,,,,,,
Area23 (13) troll 70 374,,Spring_Cr_col,5030,0.95,Abernathy_NFH_F,5008,0.05,Abernathy_Cr_Fa,5008,0.00,,,,,,
Area23 (13) troll 70 375,,George_Adams_H,5005,0.78,S_Prairie_Cr,5020,0.07,L_Skagit_R_Fa,5016,0.04,Clear_Cr_H,5020,0.04,Bear_Cr_SuFa,5020,0.03
Area23 (13) troll 70 376,,Cowlitz_H_sp,5009,1.00,,,,,,,,,,,,
Area23 (13) troll 70 377,,Spring_Cr_col,5030,1.00,Abernathy_NFH_F,5008,0.00,,,,,,,,,
Area23 (13) troll 70 378,,Spring_Cr_col,5030,1.00,,,,,,,,,,,,
Area23 (13) troll 70 379,,NF_Nooksack_H,5016,1.00,,,,,,,,,,,,
Area23 (13) troll 70 380,,L_Skagit_R_Fa,5016,0.78,George_Adams_H,5005,0.18,U_Sauk_R_SpSu,5016,0.04,,,,,,
Area23 (13) troll 70 381,,Spring_Cr_col,5030,1.00,,,,,,,,,,,,
Area23 (13) troll 70 382,,George_Adams_H,5005,0.67,Clear_Cr_H,5020,0.10,S_Prairie_Cr,5020,0.09,L_Skagit_R_Fa,5016,0.06,Bear_Cr_SuFa,5020,0.04
Area23 (13) troll 70 383,,NF_Nooksack_H,5016,1.00,,,,,,,,,,,,
Area23 (13) troll 70 384,,U_Sauk_R_SpSu,5016,1.00,,,,,,,,,,,,
Area23 (13) troll 70 385,,Spring_Cr_col,5030,0.88,Abernathy_NFH_F,5008,0.12,George_Adams_H,5005,0.01,S_Prairie_Cr,5020,0.00,Abernathy_Cr_Fa,5008,0.00
Area23 (13) troll 70 386,Dupe with 31,NF_Nooksack_H,5016,1.00,,,,,,,,,,,,
Area23 (13) troll 70 387,,George_Adams_H,5005,0.58,L_Skagit_R_Fa,5016,0.16,S_Prairie_Cr,5020,0.11,Bear_Cr_SuFa,5020,0.05,Snoqualmie_R,5016,0.04
Area23 (13) troll 70 388,,Spring_Cr_col,5030,0.89,Abernathy_NFH_F,5008,0.08,Abernathy_Cr_Fa,5008,0.02,Elochoman_H,5030,0.01,,,
Area23 (13) troll 70 389,Dupe with 28,NF_Nooksack_H,5016,1.00,,,,,,,,,,,,
Area23 (13) troll 70 390,,Spring_Cr_col,5030,0.95,Abernathy_NFH_F,5008,0.05,Big_Cr_H_Col,5030,0.00,Abernathy_Cr_Fa,5008,0.00,,,
,,,,,,,,,,,,,,,,
Sample: 47, Area24,2013, troll, May13-Jun22,,,,,,,,,,,,
Area24 (13) troll 133 839,,George_Adams_H,5005,0.82,NF_Skokomish_F,5005,0.12,Soos_H,5020,0.04,L_Skagit_R_Fa,5016,0.01,Snoqualmie_R,5016,0.01
Area24 (13) troll 173 1,,Spring_Cr_col,5030,1.00,Big_Cr_H_Col,5030,0.00,,,,,,,,,
Area24 (13) troll 173 10,,George_Adams_H,5005,0.67,Soos_H,5020,0.28,NF_Skokomish_F,5005,0.04,Bear_Cr_SuFa,5020,0.01,Cedar_R_SuFa,5020,0.00
Area24 (13) troll 173 11,,George_Adams_H,5005,0.87,NF_Skokomish_F,5005,0.11,Soos_H,5020,0.01,Snoqualmie_R,5016,0.00,L_Skagit_R_Fa,5016,0.00
Area24 (13) troll 173 12,,Spring_Cr_col,5030,1.00,Elochoman_R_Fa,5008,0.00,Big_Cr_H_Col,5030,0.00,Elochoman_H,5030,0.00,,,
Area24 (13) troll 173 13,,George_Adams_H,5005,0.87,NF_Skokomish_F,5005,0.11,Soos_H,5020,0.01,Snoqualmie_R,5016,0.00,Hamma_Hamma_R,5005,0.00
Area24 (13) troll 173 14,,George_Adams_H,5005,0.71,Soos_H,5020,0.15,NF_Skokomish_F,5005,0.10,Clear_Cr_H,5020,0.04,Voights_H,5020,0.00
Area24 (13) troll 173 15,,George_Adams_H,5005,0.81,NF_Skokomish_F,5005,0.13,Soos_H,5020,0.04,Voights_H,5020,0.01,Bear_Cr_SuFa,5020,0.00
Area24 (13) troll 173 16,,Priest_Rapid_H,5026,0.49,Lyons_Ferry_H,5021,0.26,Hanford_Reach,5026,0.19,Umatilla_H,5026,0.05,L_Wh_Sal_H_SF,5026,0.00
Area24 (13) troll 173 17,,Spring_Cr_col,5030,0.97,Big_Cr_H_Col,5030,0.03,Abernathy_Cr_Fa,5008,0.00,Elochoman_H,5030,0.00,Washougal_R_Fa,5008,0.00
Area24 (13) troll 173 18,,Spring_Cr_col,5030,0.96,Big_Cr_H_Col,5030,0.04,Elochoman_H,5030,0.00,,,,,,
Area24 (13) troll 173 19,,Soos_H,5020,0.69,George_Adams_H,5005,0.30,Clear_Cr_H,5020,0.01,Voights_H,5020,0.00,NF_Skokomish_F,5005,0.00
Area24 (13) troll 173 2,,Lyons_Ferry_H,5021,0.22,Spring_Cr_col,5030,0.16,Coos_H,5011,0.15,Big_Cr_H_Col,5030,0.12,Hanford_Reach,5026,0.11
Area24 (13) troll 173 20,,George_Adams_H,5005,0.60,Soos_H,5020,0.38,NF_Skokomish_F,5005,0.01,L_Skagit_R_Fa,5016,0.00,Bear_Cr_SuFa,5020,0.00
Area24 (13) troll 173 21,,Priest_Rapid_H,5026,0.55,Hanford_Reach,5026,0.26,Lyons_Ferry_H,5021,0.11,Methow_R,5026,0.06,Umatilla_H_Fa,5026,0.02
Area24 (13) troll 173 22,,Priest_Rapid_H,5026,0.74,Hanford_Reach,5026,0.19,Wells_H,5026,0.03,Umatilla_H,5026,0.03,Lyons_Ferry_H,5021,0.01
Area24 (13) troll 173 23,,Priest_Rapid_H,5026,0.70,Hanford_Reach,5026,0.23,Lyons_Ferry_H,5021,0.03,Umatilla_H,5026,0.02,Umatilla_H_Fa,5026,0.01
Area24 (13) troll 173 24,,Priest_Rapid_H,5026,0.60,Hanford_Reach,5026,0.22,Lyons_Ferry_H,5021,0.16,ClearwaterRFa,5021,0.01,Nez_PerceT_H,5021,0.00
Area24 (13) troll 173 25,,George_Adams_H,5005,0.47,Soos_H,5020,0.43,NF_Skokomish_F,5005,0.07,Puntledge_F,7,0.01,Clear_Cr_H,5020,0.01
Area24 (13) troll 173 26,,Spring_Cr_col,5030,0.89,Big_Cr_H_Col,5030,0.11,,,,,,,,,
Area24 (13) troll 173 27,,Soos_H,5020,0.79,George_Adams_H,5005,0.14,Clear_Cr_H,5020,0.04,Bear_Cr_SuFa,5020,0.01,NF_Skokomish_F,5005,0.01
Area24 (13) troll 173 28,,Spring_Cr_col,5030,0.83,Big_Cr_H_Col,5030,0.16,Abernathy_Cr_Fa,5008,0.01,Kalama_H_sp,5009,0.00,Lewis_R_f,5008,0.00
Area24 (13) troll 173 29,,Spring_Cr_col,5030,1.00,,,,,,,,,,,,
Area24 (13) troll 173 3,,Soos_H,5020,0.51,George_Adams_H,5005,0.42,NF_Skokomish_F,5005,0.03,Clear_Cr_H,5020,0.02,Bear_Cr_SuFa,5020,0.02
Area24 (13) troll 173 30,,George_Adams_H,5005,0.87,NF_Skokomish_F,5005,0.11,Soos_H,5020,0.01,Snoqualmie_R,5016,0.00,Voights_H,5020,0.00
Area24 (13) troll 173 31,,Priest_Rapid_H,5026,0.61,Hanford_Reach,5026,0.25,Big_Cr_H_Col,5030,0.04,Umatilla_H,5026,0.03,Nez_PerceT_H,5021,0.03
Area24 (13) troll 173 32,,Spring_Cr_col,5030,0.96,Big_Cr_H_Col,5030,0.04,,,,,,,,,
Area24 (13) troll 173 33,,Priest_Rapid_H,5026,0.46,Lyons_Ferry_H,5021,0.27,Hanford_Reach,5026,0.19,Nez_PerceT_H,5021,0.02,Wells_H,5026,0.02
Area24 (13) troll 173 34,,Soos_H,5020,0.84,Clear_Cr_H,5020,0.07,Grovers_Cr_H,5020,0.04,Priest_Rapid_H,5026,0.03,Hanford_Reach,5026,0.01
Area24 (13) troll 173 35,,Little_R,5,0.67,South_Thom,5,0.17,L_Adams,5,0.05,L_Shuswap,5,0.05,Horsefly,2,0.04
Area24 (13) troll 173 36,,Soos_H,5020,0.64,George_Adams_H,5005,0.34,NF_Skokomish_F,5005,0.01,Voights_H,5020,0.01,Hamma_Hamma_R,5005,0.00
Area24 (13) troll 173 37,,Spring_Cr_col,5030,1.00,,,,,,,,,,,,
Area24 (13) troll 173 38,,Spring_Cr_col,5030,0.70,Big_Cr_H_Col,5030,0.30,,,,,,,,,
Area24 (13) troll 173 39,,Priest_Rapid_H,5026,0.76,Hanford_Reach,5026,0.18,Wells_H,5026,0.02,Umatilla_H,5026,0.02,Wenatchee_R_SF,5026,0.00
Area24 (13) troll 173 4,,Spring_Cr_col,5030,0.99,Big_Cr_H_Col,5030,0.01,,,,,,,,,
Area24 (13) troll 173 40,,Sarita,8,0.45,N_Santiam_H,5029,0.09,Lyons_Ferry_H,5021,0.08,San_Juan,8,0.06,George_Adams_H,5005,0.06
Area24 (13) troll 173 41,,Coos_H,5011,0.96,S_Coos_R,5011,0.04,,,,,,,,,
Area24 (13) troll 173 42,,George_Adams_H,5005,0.40,Soos_H,5020,0.22,L_Qualicum,7,0.13,NF_Skokomish_F,5005,0.10,Puntledge_F,7,0.09
Area24 (13) troll 173 43,,Elochoman_R_Fa,5008,0.30,Umpqua_H,5011,0.21,S_Coos_R,5011,0.15,Columbia_Rogue,5019,0.12,Coos_H,5011,0.10
Area24 (13) troll 173 44,,Priest_Rapid_H,5026,0.72,Hanford_Reach,5026,0.21,Umatilla_H,5026,0.04,Lyons_Ferry_H,5021,0.02,Marion_Drain_Fa,5026,0.00
Area24 (13) troll 173 45,,Priest_Rapid_H,5026,0.77,Hanford_Reach,5026,0.20,Lyons_Ferry_H,5021,0.01,Methow_R,5026,0.00,Wenatchee_R_SF,5026,0.00
Area24 (13) troll 173 46,,Coos_H,5011,0.95,S_Coos_R,5011,0.04,Kilchis_R,5015,0.00,Trask_R,5015,0.00,Harrison,3,0.00
Area24 (13) troll 173 47,,Harrison,3,0.79,Chilliwac@Stav,3,0.15,Chilliwack_F,3,0.05,Kitimat,10,0.00,,,
Area24 (13) troll 173 48,,Priest_Rapid_H,5026,0.76,Hanford_Reach,5026,0.22,U_Sauk_R,5016,0.01,Lyons_Ferry_H,5021,0.01,Feather_H_fa,5001,0.00
Area24 (13) troll 173 49,,Tahsis,8,0.26,Conuma,8,0.24,Burman,8,0.23,Kaouk_R,8,0.09,Sarita,8,0.07
Area24 (13) troll 173 5,,Spring_Cr_col,5030,0.99,Big_Cr_H_Col,5030,0.01,,,,,,,,,
Area24 (13) troll 173 50,,Spring_Cr_col,5030,1.00,Elochoman_H,5030,0.00,Elochoman_R_Fa,5008,0.00,,,,,,
Area24 (13) troll 173 51,,N_Santiam_H,5029,0.90,Hanford_Reach,5026,0.09,Priest_Rapid_H,5026,0.01,Wells_H,5026,0.00,Elochoman_R_Fa,5008,0.00
Area24 (13) troll 173 52,,Chilko,2,0.40,Little_R,5,0.24,Horsefly,2,0.09,Kudwat_Cr,24,0.08,Baezaeko,2,0.06
Area24 (13) troll 173 53,,Spring_Cr_col,5030,0.99,Big_Cr_H_Col,5030,0.01,,,,,,,,,
Area24 (13) troll 173 6,,Spring_Cr_col,5030,0.88,Big_Cr_H_Col,5030,0.12,Abernathy_NFH_F,5008,0.00,Green_R_Fa,5008,0.00,Elochoman_R_Fa,5008,0.00
Area24 (13) troll 173 7,,Spring_Cr_col,5030,0.99,Elochoman_R_Fa,5008,0.00,Washougal_R_Fa,5008,0.00,Big_Cr_H_Col,5030,0.00,Elochoman_H,5030,0.00
Area24 (13) troll 173 8,,Lewis_R_Su,5008,0.31,Spring_Cr_col,5030,0.29,Elochoman_R_Fa,5008,0.27,Hanford_Reach,5026,0.03,Wells_H,5026,0.03
Area24 (13) troll 173 9,,Priest_Rapid_H,5026,0.62,Hanford_Reach,5026,0.21,Lyons_Ferry_H,5021,0.10,Umatilla_H,5026,0.05,ClearwaterRFa,5021,0.01
,,,,,,,,,,,,,,,,
Sample: 48, Area_23,2014, troll, Mar03-Mar17,,,,,,,,,,,,
Area_23 (14) troll 62 701,,Samish_H,5016,0.47,Grovers_Cr_H,5020,0.25,Snoqualmie_R,5016,0.10,NF_Skokomish_F,5005,0.06,Soos_H,5020,0.06
Area_23 (14) troll 62 702,,Samish_H,5016,0.95,George_Adams_H,5005,0.02,Soos_H,5020,0.01,Hamma_Hamma_R,5005,0.01,NF_Skokomish_F,5005,0.00
Area_23 (14) troll 62 703,,Snoqualmie_R,5016,0.93,Samish_H,5016,0.06,Hamma_Hamma_R,5005,0.00,S_Prairie_Cr,5020,0.00,L_Skagit_R_Fa,5016,0.00
Area_23 (14) troll 62 704,,NF_Nooksack_H,5016,1.00,Skagit_R,5016,0.00,,,,,,,,,
Area_23 (14) troll 62 705,,Puntledge_F,7,0.41,Marblemount_HSp,5016,0.39,L_Skagit_R_Fa,5016,0.07,Skagit_R,5016,0.05,George_Adams_H,5005,0.05
Area_23 (14) troll 62 706,,NF_Skokomish_F,5005,0.74,George_Adams_H,5005,0.24,Samish_H,5016,0.01,S_Prairie_Cr,5020,0.00,Snoqualmie_R,5016,0.00
Area_23 (14) troll 62 707,,Washougal_R_Fa,5008,0.61,Spring_Cr_col,5030,0.38,Big_Cr_H_Col,5030,0.01,Elochoman_R_Fa,5008,0.00,Abernathy_NFH_F,5008,0.00
Area_23 (14) troll 62 708,,George_Adams_H,5005,0.86,NF_Skokomish_F,5005,0.04,Samish_H,5016,0.04,Soos_H,5020,0.02,Cedar_R_SuFa,5020,0.02
Area_23 (14) troll 62 709,,NF_Skokomish_F,5005,0.42,George_Adams_H,5005,0.29,Samish_H,5016,0.27,Hamma_Hamma_R,5005,0.01,Cedar_R_SuFa,5020,0.00
Area_23 (14) troll 62 710,,George_Adams_H,5005,0.52,NF_Skokomish_F,5005,0.20,Samish_H,5016,0.18,Hamma_Hamma_R,5005,0.04,Soos_H,5020,0.04
Area_23 (14) troll 62 713,,Skagit_R,5016,1.00,U_Sauk_R,5016,0.00,Marblemount_HSp,5016,0.00,Snoqualmie_R,5016,0.00,U_Sauk_R_SpSu,5016,0.00
Area_23 (14) troll 62 714,,NF_Skokomish_F,5005,0.67,George_Adams_H,5005,0.13,Hamma_Hamma_R,5005,0.06,Cedar_R_SuFa,5020,0.04,Snoqualmie_R,5016,0.03
Area_23 (14) troll 62 715,,NF_Skokomish_F,5005,0.30,George_Adams_H,5005,0.24,Hamma_Hamma_R,5005,0.17,Soos_H,5020,0.17,Cedar_R_SuFa,5020,0.09
Area_23 (14) troll 62 716,,Spring_Cr_col,5030,0.85,Big_Cr_H_Col,5030,0.14,Washougal_R_Fa,5008,0.01,Abernathy_NFH_F,5008,0.00,Elochoman_H,5030,0.00
Area_23 (14) troll 62 717,,Samish_H,5016,0.43,NF_Skokomish_F,5005,0.34,Cedar_R_SuFa,5020,0.08,Hamma_Hamma_R,5005,0.07,Soos_H,5020,0.05
Area_23 (14) troll 62 718,,George_Adams_H,5005,0.41,Samish_H,5016,0.28,NF_Skokomish_F,5005,0.22,Cedar_R_SuFa,5020,0.04,Hamma_Hamma_R,5005,0.03
Area_23 (14) troll 62 719,,Spring_Cr_col,5030,0.99,Big_Cr_H_Col,5030,0.01,Abernathy_NFH_F,5008,0.00,,,,,,
Area_23 (14) troll 62 720,,Skagit_R,5016,0.65,Snoqualmie_R,5016,0.20,Soos_H,5020,0.07,L_Skagit_R_Fa,5016,0.02,Cedar_R_SuFa,5020,0.01
Area_23 (14) troll 62 721,,N_Santiam_H,5029,0.53,Kalama_H_sp,5009,0.35,McKenzie_H,5029,0.11,Cowlitz_H_sp,5009,0.01,Wells_H,5026,0.00
Area_23 (14) troll 62 722,,Priest_Rapid_H,5026,0.38,Umatilla_H_Fa,5026,0.20,Umatilla_H,5026,0.20,Methow_R,5026,0.15,Hanford_Reach,5026,0.07
Area_23 (14) troll 62 723,,Samish_H,5016,0.95,Snoqualmie_R,5016,0.02,NF_Skokomish_F,5005,0.01,George_Adams_H,5005,0.01,Soos_H,5020,0.01
Area_23 (14) troll 62 724,,George_Adams_H,5005,0.78,NF_Skokomish_F,5005,0.08,Samish_H,5016,0.07,Cedar_R_SuFa,5020,0.03,Grovers_Cr_H,5020,0.02
Area_23 (14) troll 62 726,,George_Adams_H,5005,0.47,Hamma_Hamma_R,5005,0.13,Soos_H,5020,0.10,Grovers_Cr_H,5020,0.10,NF_Skokomish_F,5005,0.09
Area_23 (14) troll 62 727,Dupe with 45,Grovers_Cr_H,5020,0.33,NF_Skokomish_F,5005,0.24,George_Adams_H,5005,0.22,Samish_H,5016,0.18,Hamma_Hamma_R,5005,0.02
Area_23 (14) troll 62 728,,Spring_Cr_col,5030,1.00,Big_Cr_H_Col,5030,0.00,Abernathy_NFH_F,5008,0.00,,,,,,
Area_23 (14) troll 62 731,,Samish_H,5016,0.28,George_Adams_H,5005,0.22,Hamma_Hamma_R,5005,0.17,Cedar_R_SuFa,5020,0.08,Snoqualmie_R,5016,0.05
Area_23 (14) troll 62 732,,Spring_Cr_col,5030,0.73,Big_Cr_H_Col,5030,0.27,Washougal_R_Fa,5008,0.00,,,,,,
Area_23 (14) troll 62 733,,Skagit_R,5016,1.00,Snoqualmie_R,5016,0.00,Marblemount_HSp,5016,0.00,U_Sauk_R_SpSu,5016,0.00,Samish_H,5016,0.00
Area_23 (14) troll 62 734,,George_Adams_H,5005,0.48,NF_Skokomish_F,5005,0.16,Samish_H,5016,0.14,Soos_H,5020,0.08,Cedar_R_SuFa,5020,0.05
Area_23 (14) troll 62 736,,George_Adams_H,5005,0.66,NF_Skokomish_F,5005,0.10,Voights_H,5020,0.10,Cedar_R_SuFa,5020,0.09,Snoqualmie_R,5016,0.01
Area_23 (14) troll 62 737,,Snoqualmie_R,5016,0.59,Cedar_R_SuFa,5020,0.23,Soos_H,5020,0.13,Voights_H,5020,0.03,S_Prairie_Cr,5020,0.01
Area_23 (14) troll 62 741,,Puntledge_F,7,0.94,Soos_H,5020,0.02,Cedar_R_SuFa,5020,0.02,NF_Skokomish_F,5005,0.01,George_Adams_H,5005,0.01
Area_23 (14) troll 62 742,,NF_Skokomish_F,5005,0.85,George_Adams_H,5005,0.05,Hamma_Hamma_R,5005,0.04,Grovers_Cr_H,5020,0.02,Cedar_R_SuFa,5020,0.01
Area_23 (14) troll 62 743,,Skagit_R,5016,0.24,Grovers_Cr_H,5020,0.20,Voights_H,5020,0.19,Cedar_R_SuFa,5020,0.10,Snoqualmie_R,5016,0.09
Area_23 (14) troll 62 744,,NF_Skokomish_F,5005,0.63,Hamma_Hamma_R,5005,0.28,George_Adams_H,5005,0.05,Samish_H,5016,0.02,Voights_H,5020,0.01
Area_23 (14) troll 62 745,,Cowlitz_H_sp,5009,0.85,Kalama_H_sp,5009,0.08,Washougal_R_Fa,5008,0.06,Green_R_Fa,5008,0.01,Sandy_R,5008,0.00
Area_23 (14) troll 62 746,,Samish_H,5016,0.86,Hamma_Hamma_R,5005,0.04,Cedar_R_SuFa,5020,0.04,Soos_H,5020,0.02,Grovers_Cr_H,5020,0.01
Area_23 (14) troll 62 751,,NF_Skokomish_F,5005,0.30,Voights_H,5020,0.27,Cedar_R_SuFa,5020,0.19,Hamma_Hamma_R,5005,0.08,Soos_H,5020,0.07
Area_23 (14) troll 62 752,,Hamma_Hamma_R,5005,0.40,Soos_H,5020,0.23,Samish_H,5016,0.22,Snoqualmie_R,5016,0.10,Cedar_R_SuFa,5020,0.02
Area_23 (14) troll 62 753,,George_Adams_H,5005,0.76,Snoqualmie_R,5016,0.09,NF_Skokomish_F,5005,0.09,Hamma_Hamma_R,5005,0.02,Cedar_R_SuFa,5020,0.02
Area_23 (14) troll 62 754,,Hamma_Hamma_R,5005,0.31,NF_Skokomish_F,5005,0.26,George_Adams_H,5005,0.18,Voights_H,5020,0.06,Grovers_Cr_H,5020,0.06
Area_23 (14) troll 62 755,,Priest_Rapid_H,5026,0.45,Wells_H,5026,0.28,Methow_R,5026,0.15,Hanford_Reach,5026,0.07,Umatilla_H,5026,0.02
Area_23 (14) troll 62 756,,Washougal_R_Fa,5008,0.76,Spring_Cr_col,5030,0.14,Big_Cr_H_Col,5030,0.03,Sandy_R,5008,0.02,Elochoman_H,5030,0.01
Area_23 (14) troll 62 757,,Puntledge_F,7,1.00,Big_Qualicum,7,0.00,Cowichan,7,0.00,,,,,,
Area_23 (14) troll 62 758,Dupe with 24,Grovers_Cr_H,5020,0.33,NF_Skokomish_F,5005,0.24,George_Adams_H,5005,0.22,Samish_H,5016,0.18,Hamma_Hamma_R,5005,0.02
Area_23 (14) troll 62 759,,Priest_Rapid_H,5026,0.43,Umatilla_H,5026,0.21,Methow_R,5026,0.19,Wells_H,5026,0.12,Hanford_Reach,5026,0.02
Area_23 (14) troll 62 761,,Skagit_R,5016,0.90,Snoqualmie_R,5016,0.04,Marblemount_HSp,5016,0.03,U_Sauk_R,5016,0.03,L_Skagit_R_Fa,5016,0.00
Area_23 (14) troll 62 762,,Puntledge_F,7,0.95,Big_Qualicum,7,0.04,Cowichan,7,0.00,Cedar_R_SuFa,5020,0.00,L_Qualicum,7,0.00
Area_23 (14) troll 62 763,,Grovers_Cr_H,5020,0.97,Soos_H,5020,0.02,Snoqualmie_R,5016,0.00,George_Adams_H,5005,0.00,Voights_H,5020,0.00
Area_23 (14) troll 62 764,,George_Adams_H,5005,0.57,NF_Skokomish_F,5005,0.15,Cedar_R_SuFa,5020,0.13,Voights_H,5020,0.09,Soos_H,5020,0.03
Area_23 (14) troll 62 765,,Snoqualmie_R,5016,0.67,George_Adams_H,5005,0.13,Soos_H,5020,0.06,Hamma_Hamma_R,5005,0.03,Samish_H,5016,0.03
Area_23 (14) troll 62 766,,George_Adams_H,5005,0.42,Snoqualmie_R,5016,0.17,Samish_H,5016,0.17,NF_Skokomish_F,5005,0.10,Hamma_Hamma_R,5005,0.06
Area_23 (14) troll 62 767,,Puntledge_F,7,0.25,Snoqualmie_R,5016,0.20,NF_Skokomish_F,5005,0.18,Soos_H,5020,0.07,Cedar_R_SuFa,5020,0.07
Area_23 (14) troll 62 768,,Washougal_R_Fa,5008,0.83,Cowlitz_H_fa,5008,0.05,Big_Cr_H_Col,5030,0.04,Elochoman_R_Fa,5008,0.04,Elochoman_H,5030,0.01
Area_23 (14) troll 62 771,,Samish_H,5016,0.44,George_Adams_H,5005,0.33,Voights_H,5020,0.14,NF_Skokomish_F,5005,0.03,Snoqualmie_R,5016,0.03
Area_23 (14) troll 62 772,,Chilliwac@Stav,3,0.98,Chilliwack_F,3,0.01,Harrison,3,0.00,Voights_H,5020,0.00,,,
Area_23 (14) troll 62 773,,Skagit_R,5016,0.47,Puntledge_F,7,0.17,Samish_H,5016,0.17,Marblemount_HSp,5016,0.09,Snoqualmie_R,5016,0.04
Area_23 (14) troll 62 774,,Samish_H,5016,0.50,Cedar_R_SuFa,5020,0.19,Puntledge_F,7,0.16,Soos_H,5020,0.10,S_Prairie_Cr,5020,0.02
Area_23 (14) troll 62 775,,Spring_Cr_col,5030,0.88,Big_Cr_H_Col,5030,0.10,Elochoman_H,5030,0.01,Abernathy_NFH_F,5008,0.00,Washougal_R_Fa,5008,0.00
Area_23 (14) troll 69 602,,George_Adams_H,5005,0.88,Hamma_Hamma_R,5005,0.07,NF_Skokomish_F,5005,0.03,Samish_H,5016,0.01,Cedar_R_SuFa,5020,0.00
Area_23 (14) troll 69 604,,Spring_Cr_col,5030,1.00,Abernathy_NFH_F,5008,0.00,Big_Cr_H_Col,5030,0.00,,,,,,
Area_23 (14) troll 69 605,,Spring_Cr_col,5030,0.99,Washougal_R_Fa,5008,0.01,Big_Cr_H_Col,5030,0.00,Elochoman_H,5030,0.00,Abernathy_NFH_F,5008,0.00
Area_23 (14) troll 69 606,,Samish_H,5016,0.62,NF_Skokomish_F,5005,0.21,Cedar_R_SuFa,5020,0.09,George_Adams_H,5005,0.03,Grovers_Cr_H,5020,0.02
Area_23 (14) troll 69 607,,NF_Nooksack_H,5016,1.00,,,,,,,,,,,,
Area_23 (14) troll 69 608,,Spring_Cr_col,5030,0.67,N_Santiam_H,5029,0.32,Big_Cr_H_Col,5030,0.01,Abernathy_NFH_F,5008,0.00,Abernathy_Cr_Fa,5008,0.00
Area_23 (14) troll 69 609,,Hamma_Hamma_R,5005,0.43,NF_Skokomish_F,5005,0.24,Soos_H,5020,0.19,Voights_H,5020,0.05,Grovers_Cr_H,5020,0.02
Area_23 (14) troll 69 610,,Skagit_R,5016,0.49,Samish_H,5016,0.19,NF_Skokomish_F,5005,0.15,L_Skagit_R_Fa,5016,0.06,Snoqualmie_R,5016,0.05
Area_23 (14) troll 69 611,,Samish_H,5016,0.37,NF_Skokomish_F,5005,0.16,Cedar_R_SuFa,5020,0.14,Soos_H,5020,0.12,George_Adams_H,5005,0.07
Area_23 (14) troll 69 612,,Snoqualmie_R,5016,0.36,Soos_H,5020,0.20,Voights_H,5020,0.17,Samish_H,5016,0.12,Cedar_R_SuFa,5020,0.07
Area_23 (14) troll 69 613,,Soos_H,5020,0.36,NF_Skokomish_F,5005,0.23,Grovers_Cr_H,5020,0.22,Samish_H,5016,0.07,George_Adams_H,5005,0.03
Area_23 (14) troll 69 614,,Hamma_Hamma_R,5005,0.44,George_Adams_H,5005,0.32,NF_Skokomish_F,5005,0.15,Samish_H,5016,0.03,Snoqualmie_R,5016,0.02
Area_23 (14) troll 69 615,,Spring_Cr_col,5030,1.00,Elochoman_R_Fa,5008,0.00,Washougal_R_Fa,5008,0.00,Big_Cr_H_Col,5030,0.00,,,
Area_23 (14) troll 69 616,Number of missing Loci exceeded,,,,,,,,,,,,,,,
Area_23 (14) troll 69 617,,George_Adams_H,5005,0.50,Soos_H,5020,0.27,Voights_H,5020,0.08,Cedar_R_SuFa,5020,0.07,Marblemount_HSp,5016,0.03
Area_23 (14) troll 69 618,,George_Adams_H,5005,0.43,Samish_H,5016,0.27,Hamma_Hamma_R,5005,0.06,Cedar_R_SuFa,5020,0.05,Snoqualmie_R,5016,0.05
Area_23 (14) troll 69 619,,NF_Nooksack_H,5016,0.73,Samish_H,5016,0.14,George_Adams_H,5005,0.06,Cedar_R_SuFa,5020,0.02,Grovers_Cr_H,5020,0.02
Area_23 (14) troll 69 620,,Samish_H,5016,0.92,NF_Skokomish_F,5005,0.07,George_Adams_H,5005,0.00,Cedar_R_SuFa,5020,0.00,Soos_H,5020,0.00
Area_23 (14) troll 69 621,,Marblemount_HSp,5016,1.00,U_Sauk_R_SpSu,5016,0.00,,,,,,,,,
Area_23 (14) troll 69 622,,NF_Skokomish_F,5005,0.60,George_Adams_H,5005,0.38,Samish_H,5016,0.01,Hamma_Hamma_R,5005,0.01,Voights_H,5020,0.00
Area_23 (14) troll 69 623,,NF_Nooksack_H,5016,1.00,Skagit_R,5016,0.00,,,,,,,,,
Area_23 (14) troll 69 624,,Soos_H,5020,0.44,Cedar_R_SuFa,5020,0.34,Samish_H,5016,0.07,Hamma_Hamma_R,5005,0.07,Grovers_Cr_H,5020,0.05
Area_23 (14) troll 69 625,,NF_Nooksack_H,5016,1.00,Skagit_R,5016,0.00,Cedar_R_SuFa,5020,0.00,,,,,,
Area_23 (14) troll 69 626,,Chilliwac@Stav,3,0.33,Wells_H,5026,0.26,Priest_Rapid_H,5026,0.26,Skagit_R,5016,0.07,Hanford_Reach,5026,0.05
Area_23 (14) troll 69 627,,Cedar_R_SuFa,5020,0.29,George_Adams_H,5005,0.20,Soos_H,5020,0.20,Samish_H,5016,0.18,NF_Skokomish_F,5005,0.10
Area_23 (14) troll 69 628,,George_Adams_H,5005,0.35,Soos_H,5020,0.23,Samish_H,5016,0.10,Cedar_R_SuFa,5020,0.09,Hamma_Hamma_R,5005,0.08
Area_23 (14) troll 69 629,,Hamma_Hamma_R,5005,0.40,Grovers_Cr_H,5020,0.28,Samish_H,5016,0.19,George_Adams_H,5005,0.07,Soos_H,5020,0.02
Area_23 (14) troll 69 630,,NF_Skokomish_F,5005,0.88,George_Adams_H,5005,0.10,Grovers_Cr_H,5020,0.01,Clear_Cr_H,5020,0.01,Puntledge_F,7,0.00
Area_23 (14) troll 69 632,,Skagit_R,5016,0.98,L_Skagit_R_Fa,5016,0.01,U_Sauk_R_SpSu,5016,0.01,Marblemount_HSp,5016,0.00,Cedar_R_SuFa,5020,0.00
Area_23 (14) troll 69 633,,George_Adams_H,5005,0.39,NF_Skokomish_F,5005,0.35,Snoqualmie_R,5016,0.12,Voights_H,5020,0.03,Grovers_Cr_H,5020,0.03
Area_23 (14) troll 69 634,,NF_Nooksack_H,5016,1.00,,,,,,,,,,,,
Area_23 (14) troll 69 636,,N_Santiam_H,5029,0.53,Kalama_H_sp,5009,0.30,McKenzie_H,5029,0.15,Lewis_H_sp,5009,0.01,Priest_Rapid_H,5026,0.00
Area_23 (14) troll 69 637,,Samish_H,5016,0.30,Soos_H,5020,0.26,George_Adams_H,5005,0.21,NF_Skokomish_F,5005,0.15,Hamma_Hamma_R,5005,0.02
Area_23 (14) troll 69 638,,Feather_H_fa,5001,0.35,Butte_Cr_f,5001,0.26,Umatilla_H,5026,0.18,Priest_Rapid_H,5026,0.08,Hanford_Reach,5026,0.06
Area_23 (14) troll 69 639,,George_Adams_H,5005,0.45,NF_Skokomish_F,5005,0.16,Samish_H,5016,0.13,Voights_H,5020,0.11,Hamma_Hamma_R,5005,0.04
Area_23 (14) troll 69 641,,Snoqualmie_R,5016,0.38,Skagit_R,5016,0.20,L_Skagit_R_Fa,5016,0.14,Samish_H,5016,0.08,Dungeness_R,5006,0.06
Area_23 (14) troll 69 642,,George_Adams_H,5005,0.31,Samish_H,5016,0.27,NF_Skokomish_F,5005,0.19,Soos_H,5020,0.11,Snoqualmie_R,5016,0.05
Area_23 (14) troll 69 643,,Skagit_R,5016,0.98,Spring_Cr_col,5030,0.01,Marblemount_HSp,5016,0.00,NF_Skokomish_F,5005,0.00,Abernathy_NFH_F,5008,0.00
Area_23 (14) troll 69 644,,Grovers_Cr_H,5020,0.91,Soos_H,5020,0.06,Hamma_Hamma_R,5005,0.01,George_Adams_H,5005,0.01,Snoqualmie_R,5016,0.00
Area_23 (14) troll 69 645,,Grovers_Cr_H,5020,0.57,NF_Skokomish_F,5005,0.27,George_Adams_H,5005,0.04,L_Skagit_R_Fa,5016,0.03,Hamma_Hamma_R,5005,0.03
Area_23 (14) troll 69 646,,Samish_H,5016,0.34,Soos_H,5020,0.18,Hamma_Hamma_R,5005,0.16,Cedar_R_SuFa,5020,0.10,Snoqualmie_R,5016,0.09
Area_23 (14) troll 69 647,,Soos_H,5020,0.32,Snoqualmie_R,5016,0.18,George_Adams_H,5005,0.15,Voights_H,5020,0.09,Chilliwac@Stav,3,0.08
Area_23 (14) troll 69 648,,Skagit_R,5016,0.99,Snoqualmie_R,5016,0.00,L_Skagit_R_Fa,5016,0.00,Hanford_Reach,5026,0.00,Soos_H,5020,0.00
Area_23 (14) troll 69 649,,George_Adams_H,5005,0.41,Hamma_Hamma_R,5005,0.21,NF_Skokomish_F,5005,0.20,Skagit_R,5016,0.08,Samish_H,5016,0.05
Area_23 (14) troll 69 650,,Snoqualmie_R,5016,0.21,Soos_H,5020,0.19,Grovers_Cr_H,5020,0.15,NF_Skokomish_F,5005,0.10,George_Adams_H,5005,0.10
Area_23 (14) troll 69 651,,Snoqualmie_R,5016,0.29,Puntledge_F,7,0.27,Skagit_R,5016,0.20,Cedar_R_SuFa,5020,0.12,L_Skagit_R_Fa,5016,0.05
Area_23 (14) troll 69 652,,George_Adams_H,5005,0.41,Snoqualmie_R,5016,0.27,Soos_H,5020,0.09,NF_Skokomish_F,5005,0.09,Samish_H,5016,0.07
Area_23 (14) troll 69 653,,Soos_H,5020,0.50,NF_Skokomish_F,5005,0.23,George_Adams_H,5005,0.16,Voights_H,5020,0.04,Puntledge_F,7,0.04
Area_23 (14) troll 69 654,,Snoqualmie_R,5016,0.59,Hamma_Hamma_R,5005,0.13,Cedar_R_SuFa,5020,0.08,NF_Skokomish_F,5005,0.06,Puntledge_F,7,0.04
Area_23 (14) troll 69 655,,Snoqualmie_R,5016,0.49,Cedar_R_SuFa,5020,0.29,Skagit_R,5016,0.10,Hamma_Hamma_R,5005,0.05,Puntledge_F,7,0.03
Area_23 (14) troll 69 656,,NF_Skokomish_F,5005,0.72,Hamma_Hamma_R,5005,0.17,Voights_H,5020,0.03,Samish_H,5016,0.03,George_Adams_H,5005,0.02
Area_23 (14) troll 69 657,,Skagit_R,5016,0.30,Samish_H,5016,0.28,Cedar_R_SuFa,5020,0.26,Soos_H,5020,0.05,Grovers_Cr_H,5020,0.05
Area_23 (14) troll 69 658,,George_Adams_H,5005,0.29,Samish_H,5016,0.20,Grovers_Cr_H,5020,0.17,Soos_H,5020,0.16,Cedar_R_SuFa,5020,0.12
Area_23 (14) troll 69 659,,NF_Skokomish_F,5005,0.93,George_Adams_H,5005,0.04,Samish_H,5016,0.03,Snoqualmie_R,5016,0.00,Hamma_Hamma_R,5005,0.00
Area_23 (14) troll 69 661,,Puntledge_F,7,0.50,Snoqualmie_R,5016,0.20,Soos_H,5020,0.11,Grovers_Cr_H,5020,0.06,Samish_H,5016,0.04
Area_23 (14) troll 69 662,,Soos_H,5020,0.34,George_Adams_H,5005,0.29,Samish_H,5016,0.12,Cedar_R_SuFa,5020,0.12,Voights_H,5020,0.10
Area_23 (14) troll 69 663,,NF_Skokomish_F,5005,0.71,Voights_H,5020,0.09,George_Adams_H,5005,0.08,Hamma_Hamma_R,5005,0.07,Grovers_Cr_H,5020,0.03
Area_23 (14) troll 69 664,,George_Adams_H,5005,0.76,Hamma_Hamma_R,5005,0.21,NF_Skokomish_F,5005,0.02,Grovers_Cr_H,5020,0.01,Samish_H,5016,0.00
Area_23 (14) troll 69 665,,Priest_Rapid_H,5026,0.31,Methow_R,5026,0.22,Umatilla_H,5026,0.17,Wells_H,5026,0.16,Hanford_Reach,5026,0.11
Area_23 (14) troll 69 666,,Snoqualmie_R,5016,0.50,George_Adams_H,5005,0.20,NF_Skokomish_F,5005,0.12,Soos_H,5020,0.11,Cedar_R_SuFa,5020,0.05
Area_23 (14) troll 69 667,,NF_Nooksack_H,5016,1.00,,,,,,,,,,,,
Area_23 (14) troll 69 668,,NF_Nooksack_H,5016,1.00,,,,,,,,,,,,
Area_23 (14) troll 69 671,,Skagit_R,5016,0.96,U_Sauk_R,5016,0.03,Marblemount_HSp,5016,0.00,U_Sauk_R_SpSu,5016,0.00,Snoqualmie_R,5016,0.00
Area_23 (14) troll 69 672,,Samish_H,5016,0.71,Soos_H,5020,0.20,Cedar_R_SuFa,5020,0.07,Snoqualmie_R,5016,0.01,Grovers_Cr_H,5020,0.00
Area_23 (14) troll 69 673,,Hamma_Hamma_R,5005,0.49,Skagit_R,5016,0.31,Snoqualmie_R,5016,0.15,L_Skagit_R_Fa,5016,0.03,Soos_H,5020,0.01
Area_23 (14) troll 69 674,,Skagit_R,5016,0.96,Snoqualmie_R,5016,0.02,L_Skagit_R_Fa,5016,0.01,Samish_H,5016,0.01,Grovers_Cr_H,5020,0.00
Area_23 (14) troll 69 675,,Puntledge_F,7,1.00,Big_Qualicum,7,0.00,Cowichan,7,0.00,Voights_H,5020,0.00,Puntledge_BackX,7,0.00
Area_23 (14) troll 69 676,,Skagit_R,5016,0.86,George_Adams_H,5005,0.07,L_Skagit_R_Fa,5016,0.02,Cedar_R_SuFa,5020,0.01,NF_Skokomish_F,5005,0.01
Area_23 (14) troll 69 681,,Skagit_R,5016,0.78,NF_Nooksack_H,5016,0.17,Puntledge_F,7,0.03,L_Skagit_R_Fa,5016,0.01,Hanford_Reach,5026,0.00
Area_23 (14) troll 69 682,,Puntledge_F,7,0.99,Big_Qualicum,7,0.00,Cowichan,7,0.00,L_Qualicum,7,0.00,Puntledge_BackX,7,0.00
Area_23 (14) troll 69 683,,Skagit_R,5016,0.86,Snoqualmie_R,5016,0.11,Grovers_Cr_H,5020,0.02,Samish_H,5016,0.01,Chilliwac@Stav,3,0.00
Area_23 (14) troll 69 684,,NF_Nooksack_H,5016,1.00,Snoqualmie_R,5016,0.00,Skagit_R,5016,0.00,,,,,,
Area_23 (14) troll 69 686,,Snoqualmie_R,5016,0.42,Skagit_R,5016,0.39,Soos_H,5020,0.04,Cedar_R_SuFa,5020,0.04,Umatilla_H,5026,0.04
Area_23 (14) troll 69 687,,Grovers_Cr_H,5020,0.93,Soos_H,5020,0.03,George_Adams_H,5005,0.03,Samish_H,5016,0.00,Cedar_R_SuFa,5020,0.00
Area_23 (14) troll 69 688,,Snoqualmie_R,5016,0.95,Skagit_R,5016,0.02,Soos_H,5020,0.02,George_Adams_H,5005,0.00,L_Skagit_R_Fa,5016,0.00
Area_23 (14) troll 69 689,,Puntledge_F,7,0.31,Skagit_R,5016,0.19,L_Skagit_R_Fa,5016,0.17,Snoqualmie_R,5016,0.11,Priest_Rapid_H,5026,0.03
Area_23 (14) troll 69 690,,Cedar_R_SuFa,5020,0.20,Skagit_R,5016,0.17,George_Adams_H,5005,0.17,Samish_H,5016,0.13,NF_Skokomish_F,5005,0.12
Area_23 (14) troll 69 691,,Skagit_R,5016,0.85,Marblemount_HSp,5016,0.07,U_Sauk_R,5016,0.04,Snoqualmie_R,5016,0.03,L_Skagit_R_Fa,5016,0.00
Area_23 (14) troll 69 692,,NF_Nooksack_H,5016,1.00,Skagit_R,5016,0.00,,,,,,,,,
Area_23 (14) troll 69 693,,Snoqualmie_R,5016,0.53,Skagit_R,5016,0.16,Hanford_Reach,5026,0.11,Dungeness_R,5006,0.09,U_Sauk_R,5016,0.04
Area_23 (14) troll 69 694,,NF_Nooksack_H,5016,1.00,,,,,,,,,,,,
Area_23 (14) troll 69 695,,Skagit_R,5016,1.00,U_Sauk_R,5016,0.00,,,,,,,,,
Area_23 (14) troll 69 696,,Priest_Rapid_H,5026,0.39,Umatilla_H,5026,0.19,Hanford_Reach,5026,0.14,Methow_R,5026,0.14,Umatilla_H_Fa,5026,0.09
Area_23 (14) troll 69 697,,Puntledge_F,7,0.99,Big_Qualicum,7,0.01,Cedar_R_SuFa,5020,0.00,L_Qualicum,7,0.00,Cowichan,7,0.00
Area_23 (14) troll 69 698,,N_Santiam_H,5029,0.31,Priest_Rapid_H,5026,0.22,Umatilla_H_Fa,5026,0.16,Hanford_Reach,5026,0.09,Umatilla_H,5026,0.08
Area_23 (14) troll 69 699,,Skagit_R,5016,0.48,Snoqualmie_R,5016,0.16,Grovers_Cr_H,5020,0.14,Soos_H,5020,0.13,Samish_H,5016,0.05
Area_23 (14) troll 76 452,,N_Santiam_H,5029,0.87,McKenzie_H,5029,0.13,,,,,,,,,
Area_23 (14) troll 76 453,,Skagit_R,5016,1.00,U_Sauk_R,5016,0.00,L_Skagit_R_Fa,5016,0.00,Chilliwac@Stav,3,0.00,,,
Area_23 (14) troll 76 454,,Skagit_R,5016,1.00,Marblemount_HSp,5016,0.00,,,,,,,,,
Area_23 (14) troll 76 455,,Skagit_R,5016,0.94,U_Sauk_R,5016,0.02,Andrew_CryH,5024,0.01,L_Skagit_R_Fa,5016,0.01,Snoqualmie_R,5016,0.00
Area_23 (14) troll 76 456,,Marblemount_HSp,5016,0.79,Snoqualmie_R,5016,0.16,Puntledge_F,7,0.03,Skagit_R,5016,0.01,L_Skagit_R_Fa,5016,0.01
Area_23 (14) troll 76 457,,NF_Skokomish_F,5005,0.57,George_Adams_H,5005,0.29,Hamma_Hamma_R,5005,0.07,Cedar_R_SuFa,5020,0.04,Snoqualmie_R,5016,0.01
Area_23 (14) troll 76 458,,NF_Nooksack_H,5016,1.00,,,,,,,,,,,,
Area_23 (14) troll 76 460,,Spring_Cr_col,5030,0.99,Big_Cr_H_Col,5030,0.01,Abernathy_NFH_F,5008,0.00,,,,,,
Area_23 (14) troll 76 461,,Spring_Cr_col,5030,0.82,Big_Cr_H_Col,5030,0.18,Elochoman_H,5030,0.00,Abernathy_NFH_F,5008,0.00,,,
Area_23 (14) troll 76 463,,Puntledge_F,7,0.93,Voights_H,5020,0.03,Big_Qualicum,7,0.01,Snoqualmie_R,5016,0.01,Samish_H,5016,0.01
Area_23 (14) troll 76 464,Number of missing Loci exceeded,,,,,,,,,,,,,,,
Area_23 (14) troll 76 465,,Snoqualmie_R,5016,0.65,Hamma_Hamma_R,5005,0.15,NF_Skokomish_F,5005,0.06,Soos_H,5020,0.04,Voights_H,5020,0.03
Area_23 (14) troll 76 466,,Skagit_R,5016,0.82,Nazko,2,0.03,Baezaeko,2,0.02,U_Sauk_R,5016,0.02,Chilliwac@Stav,3,0.02
Area_23 (14) troll 76 467,,Chilliwac@Stav,3,0.98,Chilliwack_F,3,0.01,Indianpoint,1,0.00,Washougal_R_Fa,5008,0.00,Snoqualmie_R,5016,0.00
Area_23 (14) troll 76 471,,Hanford_Reach,5026,0.40,Priest_Rapid_H,5026,0.32,Umatilla_H,5026,0.14,Umatilla_H_Fa,5026,0.08,Methow_R,5026,0.02
Area_23 (14) troll 76 472,,NF_Nooksack_H,5016,1.00,,,,,,,,,,,,
Area_23 (14) troll 76 473,,Puntledge_F,7,1.00,Big_Qualicum,7,0.00,NF_Skokomish_F,5005,0.00,L_Skagit_R_Fa,5016,0.00,Cowichan,7,0.00
Area_23 (14) troll 76 474,,Priest_Rapid_H,5026,0.38,Wells_H,5026,0.22,Washougal_R_Fa,5008,0.20,Hanford_Reach,5026,0.08,Methow_R,5026,0.06
Area_23 (14) troll 76 475,,Spring_Cr_col,5030,0.67,Big_Cr_H_Col,5030,0.32,Abernathy_NFH_F,5008,0.00,,,,,,
Area_23 (14) troll 76 476,,NF_Nooksack_H,5016,1.00,Marblemount_HSp,5016,0.00,,,,,,,,,
Area_23 (14) troll 76 477,,Skagit_R,5016,0.77,Snoqualmie_R,5016,0.16,L_Skagit_R_Fa,5016,0.03,Hamma_Hamma_R,5005,0.02,U_Sauk_R_SpSu,5016,0.01
Area_23 (14) troll 76 478,,Skagit_R,5016,0.36,NF_Skokomish_F,5005,0.17,Snoqualmie_R,5016,0.12,Kalama_H_sp,5009,0.09,George_Adams_H,5005,0.06
Area_23 (14) troll 76 479,,Marblemount_HSp,5016,0.50,NF_Nooksack_H,5016,0.47,Skagit_R,5016,0.03,Washougal_R_Fa,5008,0.00,Snoqualmie_R,5016,0.00
Area_23 (14) troll 76 481,,Spring_Cr_col,5030,0.76,Washougal_R_Fa,5008,0.15,Big_Cr_H_Col,5030,0.09,Abernathy_NFH_F,5008,0.01,Elochoman_H,5030,0.00
Area_23 (14) troll 76 482,,Washougal_R_Fa,5008,0.98,Green_R_Fa,5008,0.01,Abernathy_Cr_Fa,5008,0.00,Lewis_R_LSu,5008,0.00,Lewis_R_Su,5008,0.00
Area_23 (14) troll 76 483,,Kalama_H_sp,5009,0.56,Cowlitz_H_sp,5009,0.38,Washougal_R_Fa,5008,0.03,Cowlitz_H_fa,5008,0.01,Green_R_Fa,5008,0.01
Area_23 (14) troll 76 484,,NF_Nooksack_H,5016,1.00,Skagit_R,5016,0.00,,,,,,,,,
Area_23 (14) troll 76 485,Number of missing Loci exceeded,,,,,,,,,,,,,,,
Area_23 (14) troll 76 486,,Hanford_Reach,5026,0.66,Umatilla_H_Fa,5026,0.18,Umatilla_H,5026,0.13,Wells_H,5026,0.02,Lyons_Ferry_H,5021,0.01
Area_23 (14) troll 76 487,,Hanford_Reach,5026,0.34,Priest_Rapid_H,5026,0.32,Umatilla_H_Fa,5026,0.17,Umatilla_H,5026,0.17,Wells_H,5026,0.01
Area_23 (14) troll 76 488,,George_Adams_H,5005,0.55,NF_Skokomish_F,5005,0.36,Hamma_Hamma_R,5005,0.06,Grovers_Cr_H,5020,0.01,Soos_H,5020,0.01
Area_23 (14) troll 76 489,,N_Santiam_H,5029,0.86,McKenzie_H,5029,0.12,Kalama_H_sp,5009,0.02,Umatilla_H_Fa,5026,0.00,Hanford_Reach,5026,0.00
Area_23 (14) troll 76 491,Number of missing Loci exceeded,,,,,,,,,,,,,,,
Area_23 (14) troll 76 493,,Washougal_R_Fa,5008,0.97,Elochoman_H,5030,0.02,Big_Cr_H_Col,5030,0.00,Sandy_R,5008,0.00,Cowlitz_H_sp,5009,0.00
Area_23 (14) troll 76 494,,Washougal_R_Fa,5008,0.95,Sandy_R,5008,0.05,Elochoman_H,5030,0.00,Cowlitz_H_fa,5008,0.00,Spring_Cr_col,5030,0.00
Area_23 (14) troll 76 495,,Samish_H,5016,0.49,Snoqualmie_R,5016,0.34,NF_Skokomish_F,5005,0.11,Soos_H,5020,0.02,George_Adams_H,5005,0.01
Area_23 (14) troll 76 496,,Puntledge_F,7,0.96,Cowichan,7,0.04,Puntledge_BackX,7,0.00,Big_Qualicum,7,0.00,Cheakamus_F,9,0.00
Area_23 (14) troll 76 497,,Voights_H,5020,0.24,Grovers_Cr_H,5020,0.19,Soos_H,5020,0.17,NF_Skokomish_F,5005,0.12,Cedar_R_SuFa,5020,0.11
Area_23 (14) troll 76 498,,Grovers_Cr_H,5020,0.37,Soos_H,5020,0.33,George_Adams_H,5005,0.18,NF_Skokomish_F,5005,0.09,Voights_H,5020,0.01
Area_23 (14) troll 76 499,,Spring_Cr_col,5030,1.00,Elochoman_H,5030,0.00,,,,,,,,,
Area_23 (14) troll 76 500,,NF_Nooksack_H,5016,0.98,Snoqualmie_R,5016,0.01,Cedar_R_SuFa,5020,0.01,Soos_H,5020,0.00,Samish_H,5016,0.00
Area_23 (14) troll 76 501,,Puntledge_F,7,0.89,L_Skagit_R_Fa,5016,0.07,Cowichan,7,0.02,Big_Qualicum,7,0.02,Samish_H,5016,0.00
Area_23 (14) troll 76 502,,NF_Nooksack_H,5016,1.00,,,,,,,,,,,,
Area_23 (14) troll 76 503,,NF_Skokomish_F,5005,0.47,Hamma_Hamma_R,5005,0.29,George_Adams_H,5005,0.20,Snoqualmie_R,5016,0.02,Soos_H,5020,0.01
Area_23 (14) troll 76 504,,NF_Nooksack_H,5016,1.00,,,,,,,,,,,,
Area_23 (14) troll 76 505,,Marblemount_HSp,5016,0.99,Skagit_R,5016,0.01,NF_Nooksack_H,5016,0.00,U_Sauk_R_SpSu,5016,0.00,,,
Area_23 (14) troll 76 506,,NF_Nooksack_H,5016,1.00,,,,,,,,,,,,
Area_23 (14) troll 76 507,,NF_Nooksack_H,5016,0.78,Snoqualmie_R,5016,0.05,Cedar_R_SuFa,5020,0.05,Skagit_R,5016,0.05,Voights_H,5020,0.05
Area_23 (14) troll 76 508,,Spring_Cr_col,5030,0.90,Big_Cr_H_Col,5030,0.09,Washougal_R_Fa,5008,0.00,Elochoman_H,5030,0.00,Abernathy_NFH_F,5008,0.00
Area_23 (14) troll 76 509,,George_Adams_H,5005,0.55,NF_Skokomish_F,5005,0.19,Puntledge_F,7,0.18,Cedar_R_SuFa,5020,0.06,Hamma_Hamma_R,5005,0.01
Area_23 (14) troll 76 510,,NF_Nooksack_H,5016,1.00,Skagit_R,5016,0.00,,,,,,,,,
Area_23 (14) troll 76 511,,Washougal_R_Fa,5008,0.75,Spring_Cr_col,5030,0.11,Priest_Rapid_H,5026,0.06,Abernathy_NFH_F,5008,0.03,Umatilla_H,5026,0.02
Area_23 (14) troll 76 512,,NF_Nooksack_H,5016,1.00,,,,,,,,,,,,
Area_23 (14) troll 76 513,,Grovers_Cr_H,5020,0.35,NF_Skokomish_F,5005,0.18,Voights_H,5020,0.16,Soos_H,5020,0.10,Samish_H,5016,0.09
Area_23 (14) troll 76 514,,N_Santiam_H,5029,0.42,Washougal_R_Fa,5008,0.28,Kalama_H_sp,5009,0.27,McKenzie_H,5029,0.03,Green_R_Fa,5008,0.00
Area_23 (14) troll 76 515,,Spring_Cr_col,5030,1.00,Big_Cr_H_Col,5030,0.00,Washougal_R_Fa,5008,0.00,Cowlitz_H_fa,5008,0.00,Cowlitz_H_sp,5009,0.00
Area_23 (14) troll 76 516,,NF_Nooksack_H,5016,1.00,,,,,,,,,,,,
Area_23 (14) troll 76 517,,Samish_H,5016,0.78,Grovers_Cr_H,5020,0.09,NF_Skokomish_F,5005,0.05,Soos_H,5020,0.03,George_Adams_H,5005,0.03
Area_23 (14) troll 76 518,,NF_Nooksack_H,5016,1.00,,,,,,,,,,,,
Area_23 (14) troll 76 519,,Samish_H,5016,0.99,Voights_H,5020,0.00,Grovers_Cr_H,5020,0.00,NF_Skokomish_F,5005,0.00,Snoqualmie_R,5016,0.00
Area_23 (14) troll 76 520,,Spring_Cr_col,5030,0.97,Big_Cr_H_Col,5030,0.03,Abernathy_NFH_F,5008,0.00,Cowlitz_H_sp,5009,0.00,Washougal_R_Fa,5008,0.00
Area_23 (14) troll 76 521,,NF_Skokomish_F,5005,0.44,Samish_H,5016,0.33,Voights_H,5020,0.10,George_Adams_H,5005,0.04,Puntledge_F,7,0.03
Area_23 (14) troll 76 522,,Spring_Cr_col,5030,1.00,Big_Cr_H_Col,5030,0.00,Umatilla_H_Fa,5026,0.00,,,,,,
Area_23 (14) troll 76 524,,George_Adams_H,5005,0.59,Soos_H,5020,0.17,NF_Skokomish_F,5005,0.15,Voights_H,5020,0.06,S_Prairie_Cr,5020,0.03
Area_23 (14) troll 76 525,,Spring_Cr_col,5030,1.00,Abernathy_NFH_F,5008,0.00,Snoqualmie_R,5016,0.00,Big_Cr_H_Col,5030,0.00,,,
Area_23 (14) troll 76 526,,NF_Nooksack_H,5016,1.00,,,,,,,,,,,,
Area_23 (14) troll 76 527,,Samish_H,5016,0.61,Hamma_Hamma_R,5005,0.14,George_Adams_H,5005,0.12,Soos_H,5020,0.05,Voights_H,5020,0.03
Area_23 (14) troll 76 530,,NF_Skokomish_F,5005,0.88,George_Adams_H,5005,0.10,Snoqualmie_R,5016,0.01,Grovers_Cr_H,5020,0.01,Hamma_Hamma_R,5005,0.00
Area_23 (14) troll 76 531,,Marblemount_HSp,5016,0.97,Soos_H,5020,0.02,George_Adams_H,5005,0.01,Skagit_R,5016,0.00,Hamma_Hamma_R,5005,0.00
Area_23 (14) troll 76 535,,Spring_Cr_col,5030,0.99,Big_Cr_H_Col,5030,0.01,Abernathy_NFH_F,5008,0.00,,,,,,
Area_23 (14) troll 76 536,,Skagit_R,5016,1.00,,,,,,,,,,,,
Area_23 (14) troll 76 537,,NF_Nooksack_H,5016,1.00,,,,,,,,,,,,
Area_23 (14) troll 76 538,,Priest_Rapid_H,5026,0.50,Umatilla_H,5026,0.15,Methow_R,5026,0.15,Wells_H,5026,0.10,Hanford_Reach,5026,0.07
Area_23 (14) troll 76 539,,NF_Skokomish_F,5005,0.79,Soos_H,5020,0.11,Hamma_Hamma_R,5005,0.07,Voights_H,5020,0.01,George_Adams_H,5005,0.01
Area_23 (14) troll 76 541,,George_Adams_H,5005,0.41,NF_Skokomish_F,5005,0.31,Cedar_R_SuFa,5020,0.06,Hamma_Hamma_R,5005,0.05,Soos_H,5020,0.05
Area_23 (14) troll 76 542,,Hamma_Hamma_R,5005,0.33,George_Adams_H,5005,0.25,NF_Skokomish_F,5005,0.16,Snoqualmie_R,5016,0.14,Grovers_Cr_H,5020,0.06
Area_23 (14) troll 76 543,,Spring_Cr_col,5030,0.95,Big_Cr_H_Col,5030,0.02,Kalama_H_sp,5009,0.02,Washougal_R_Fa,5008,0.01,Abernathy_NFH_F,5008,0.00
Area_23 (14) troll 76 544,,NF_Nooksack_H,5016,1.00,Skagit_R,5016,0.00,,,,,,,,,
Area_23 (14) troll 76 545,,George_Adams_H,5005,0.49,Soos_H,5020,0.29,Hamma_Hamma_R,5005,0.11,NF_Skokomish_F,5005,0.06,Grovers_Cr_H,5020,0.03
Area_23 (14) troll 76 546,,NF_Nooksack_H,5016,1.00,,,,,,,,,,,,
Area_23 (14) troll 76 549,Number of missing Loci exceeded,,,,,,,,,,,,,,,
Area_23 (14) troll 76 551,,George_Adams_H,5005,0.47,NF_Skokomish_F,5005,0.25,Grovers_Cr_H,5020,0.12,Soos_H,5020,0.04,Snoqualmie_R,5016,0.04
Area_23 (14) troll 76 552,,Skagit_R,5016,0.65,NF_Nooksack_H,5016,0.28,Snoqualmie_R,5016,0.03,Kitwanga,22,0.01,Fiddler_Cr,23,0.01
Area_23 (14) troll 76 553,,Grovers_Cr_H,5020,0.34,Cedar_R_SuFa,5020,0.28,Soos_H,5020,0.17,NF_Skokomish_F,5005,0.10,George_Adams_H,5005,0.05
Area_23 (14) troll 76 554,Number of missing Loci exceeded,,,,,,,,,,,,,,,
Area_23 (14) troll 76 555,,Spring_Cr_col,5030,0.99,Abernathy_NFH_F,5008,0.00,Washougal_R_Fa,5008,0.00,Big_Cr_H_Col,5030,0.00,Samish_H,5016,0.00
Area_23 (14) troll 76 556,,George_Adams_H,5005,0.46,Samish_H,5016,0.26,Cedar_R_SuFa,5020,0.05,Grovers_Cr_H,5020,0.05,Snoqualmie_R,5016,0.05
Area_23 (14) troll 76 557,,Spring_Cr_col,5030,1.00,Abernathy_NFH_F,5008,0.00,,,,,,,,,
Area_23 (14) troll 76 558,Number of missing Loci exceeded,,,,,,,,,,,,,,,
Area_23 (14) troll 76 559,Number of missing Loci exceeded,,,,,,,,,,,,,,,
Area_23 (14) troll 76 560,,Snoqualmie_R,5016,0.67,George_Adams_H,5005,0.16,Skagit_R,5016,0.09,Grovers_Cr_H,5020,0.04,Hamma_Hamma_R,5005,0.01
Area_23 (14) troll 76 561,,NF_Nooksack_H,5016,1.00,,,,,,,,,,,,
Area_23 (14) troll 76 562,,Soos_H,5020,0.47,Cedar_R_SuFa,5020,0.32,Hamma_Hamma_R,5005,0.13,Samish_H,5016,0.03,George_Adams_H,5005,0.03
Area_23 (14) troll 76 563,Number of missing Loci exceeded,,,,,,,,,,,,,,,
Area_23 (14) troll 76 565,Number of missing Loci exceeded,,,,,,,,,,,,,,,
Area_23 (14) troll 76 566,,NF_Nooksack_H,5016,1.00,Skagit_R,5016,0.00,,,,,,,,,
Area_23 (14) troll 76 567,,George_Adams_H,5005,0.43,Samish_H,5016,0.35,Voights_H,5020,0.07,Snoqualmie_R,5016,0.05,Hamma_Hamma_R,5005,0.04
Area_23 (14) troll 76 568,,NF_Nooksack_H,5016,1.00,Skagit_R,5016,0.00,,,,,,,,,
Area_23 (14) troll 76 569,,Washougal_R_Fa,5008,0.26,Priest_Rapid_H,5026,0.22,Hanford_Reach,5026,0.18,Wells_H,5026,0.15,Methow_R,5026,0.14
Area_23 (14) troll 76 570,,NF_Skokomish_F,5005,0.76,George_Adams_H,5005,0.21,Hamma_Hamma_R,5005,0.01,Samish_H,5016,0.01,Grovers_Cr_H,5020,0.00
Area_23 (14) troll 76 573,,Snoqualmie_R,5016,0.70,George_Adams_H,5005,0.14,NF_Skokomish_F,5005,0.06,Skagit_R,5016,0.03,Cedar_R_SuFa,5020,0.02
Area_23 (14) troll 76 574,,Spring_Cr_col,5030,0.82,Big_Cr_H_Col,5030,0.15,Washougal_R_Fa,5008,0.03,Elochoman_H,5030,0.00,Elochoman_R_Fa,5008,0.00
Area_23 (14) troll 76 575,,NF_Skokomish_F,5005,0.86,Hamma_Hamma_R,5005,0.09,Samish_H,5016,0.02,George_Adams_H,5005,0.02,Cedar_R_SuFa,5020,0.00
Area_23 (14) troll 76 576,,NF_Skokomish_F,5005,0.50,George_Adams_H,5005,0.28,Soos_H,5020,0.10,Hamma_Hamma_R,5005,0.07,Voights_H,5020,0.02
Area_23 (14) troll 76 577,,Spring_Cr_col,5030,0.94,Big_Cr_H_Col,5030,0.05,Washougal_R_Fa,5008,0.00,Cowlitz_H_sp,5009,0.00,Elochoman_H,5030,0.00
Area_23 (14) troll 76 578,,Snoqualmie_R,5016,0.96,NF_Skokomish_F,5005,0.02,Skagit_R,5016,0.01,Puntledge_F,7,0.00,Priest_Rapid_H,5026,0.00
Area_23 (14) troll 76 579,,Spring_Cr_col,5030,0.94,Big_Cr_H_Col,5030,0.04,Abernathy_NFH_F,5008,0.01,Elochoman_H,5030,0.00,Abernathy_Cr_Fa,5008,0.00
Area_23 (14) troll 76 580,,NF_Skokomish_F,5005,0.58,Grovers_Cr_H,5020,0.27,George_Adams_H,5005,0.14,Samish_H,5016,0.01,Puntledge_F,7,0.00
Area_23 (14) troll 76 581,,NF_Nooksack_H,5016,0.98,Snoqualmie_R,5016,0.01,Skagit_R,5016,0.00,Hamma_Hamma_R,5005,0.00,Grovers_Cr_H,5020,0.00
Area_23 (14) troll 76 582,,Skagit_R,5016,0.92,Priest_Rapid_H,5026,0.05,Hanford_Reach,5026,0.03,Methow_R,5026,0.00,Umatilla_H_Fa,5026,0.00
Area_23 (14) troll 76 583,,NF_Nooksack_H,5016,1.00,,,,,,,,,,,,
Area_23 (14) troll 76 584,,Chilliwac@Stav,3,0.99,Chilliwack_F,3,0.01,Hamma_Hamma_R,5005,0.00,Snoqualmie_R,5016,0.00,NF_Skokomish_F,5005,0.00
Area_23 (14) troll 76 585,,Spring_Cr_col,5030,1.00,Washougal_R_Fa,5008,0.00,Cowlitz_H_sp,5009,0.00,Abernathy_NFH_F,5008,0.00,Big_Cr_H_Col,5030,0.00
Area_23 (14) troll 76 586,,Skagit_R,5016,0.30,Snoqualmie_R,5016,0.17,Cedar_R_SuFa,5020,0.11,Samish_H,5016,0.10,Soos_H,5020,0.08
Area_23 (14) troll 76 587,,George_Adams_H,5005,0.50,Hamma_Hamma_R,5005,0.39,Soos_H,5020,0.04,NF_Skokomish_F,5005,0.03,Samish_H,5016,0.02
Area_23 (14) troll 76 588,,Marblemount_HSp,5016,1.00,,,,,,,,,,,,
,,,,,,,,,,,,,,,,
Sample: 49, Area123,2014, troll, May09-Sep29,,,,,,,,,,,,
Area123 (14) troll 129 2452,,Cedar_R_SuFa,5020,0.40,Soos_H,5020,0.16,NF_Nooksack_H,5016,0.10,Feather_H_fa,5001,0.10,Feather_H_sp,5002,0.05
Area123 (14) troll 129 2467,,L_Skagit_R_Fa,5016,0.95,Skagit_R,5016,0.03,Soos_H,5020,0.01,Abernathy_NFH_F,5008,0.01,NF_Nooksack_H,5016,0.00
Area123 (14) troll 129 2469,,Spring_Cr_col,5030,0.72,Abernathy_NFH_F,5008,0.27,Green_R_Fa,5008,0.01,Cowlitz_H_sp,5009,0.00,,,
Area123 (14) troll 129 2472,,Cedar_R_SuFa,5020,0.34,Skagit_R,5016,0.28,Hanford_Reach,5026,0.15,L_Skagit_R_Fa,5016,0.13,Skykomish_R,5016,0.06
Area123 (14) troll 131 1901,,Cedar_R_SuFa,5020,0.74,Grovers_Cr_H,5020,0.22,Soos_H,5020,0.02,Clear_Cr_H,5020,0.01,NF_Skokomish_F,5005,0.01
Area123 (14) troll 131 1902,,Soos_H,5020,0.30,Cedar_R_SuFa,5020,0.18,L_Skagit_R_Fa,5016,0.17,NF_Skokomish_F,5005,0.16,George_Adams_H,5005,0.15
Area123 (14) troll 131 1911,,L_Skagit_R_Fa,5016,0.33,Hanford_Reach,5026,0.21,Klamath_R_fa,5007,0.20,Applegate_Cr,5019,0.13,Cedar_R_SuFa,5020,0.04
Area123 (14) troll 131 1912,,Hanford_Reach,5026,0.99,NF_Skokomish_F,5005,0.00,Methow_R,5026,0.00,Lyons_Ferry_H,5021,0.00,George_Adams_H,5005,0.00
Area123 (14) troll 131 1921,,Cedar_R_SuFa,5020,0.45,Harrison,3,0.15,L_Skagit_R_Fa,5016,0.15,Grovers_Cr_H,5020,0.11,Chilliwack_F,3,0.05
Area123 (14) troll 131 1924,,Cedar_R_SuFa,5020,0.34,L_Skagit_R_Fa,5016,0.29,Skagit_R,5016,0.27,Grovers_Cr_H,5020,0.05,Soos_H,5020,0.01
Area123 (14) troll 131 1928,,Hanford_Reach,5026,0.93,Umpqua_H,5011,0.02,Applegate_Cr,5019,0.01,Umatilla_H_Fa,5026,0.01,Feather_H_fa,5001,0.01
Area123 (14) troll 131 1951,,Cowlitz_H_sp,5009,0.89,McKenzie_H,5029,0.04,Green_R_Fa,5008,0.04,Washougal_R_Fa,5008,0.01,Kalama_H_sp,5009,0.01
Area123 (14) troll 131 1952,,L_Skagit_R_Fa,5016,0.43,Soos_H,5020,0.20,Skagit_R,5016,0.17,Cedar_R_SuFa,5020,0.09,Clear_Cr_H,5020,0.04
Area123 (14) troll 131 1958,,Cedar_R_SuFa,5020,0.38,Grovers_Cr_H,5020,0.23,NF_Skokomish_F,5005,0.19,Soos_H,5020,0.09,George_Adams_H,5005,0.04
Area123 (14) troll 131 1961,,NF_Skokomish_F,5005,0.85,George_Adams_H,5005,0.13,Cedar_R_SuFa,5020,0.01,Clear_Cr_H,5020,0.00,Hamma_Hamma_R,5005,0.00
Area123 (14) troll 131 1966,Number of missing Loci exceeded,,,,,,,,,,,,,,,
Area123 (14) troll 131 1967,,Spring_Cr_col,5030,0.98,Abernathy_NFH_F,5008,0.02,Washougal_R_Fa,5008,0.00,,,,,,
Area123 (14) troll 131 1975,,Spring_Cr_col,5030,0.98,Abernathy_NFH_F,5008,0.02,Green_R_Fa,5008,0.00,,,,,,
Area123 (14) troll 131 1983,,NF_Skokomish_F,5005,0.53,Cedar_R_SuFa,5020,0.21,L_Skagit_R_Fa,5016,0.08,George_Adams_H,5005,0.07,Hamma_Hamma_R,5005,0.04
Area123 (14) troll 131 1985,,Skagit_R,5016,0.50,L_Skagit_R_Fa,5016,0.42,Skykomish_R,5016,0.05,Torpy,1,0.02,Harrison,3,0.00
Area123 (14) troll 131 1987,,Spring_Cr_col,5030,1.00,,,,,,,,,,,,
Area123 (14) troll 132 2252,,M_Shuswap,5,0.96,L_Shuswap,5,0.04,,,,,,,,,
Area123 (14) troll 132 2253,,Feather_H_fa,5001,0.72,Feather_H_sp,5002,0.27,Butte_Cr_f,5001,0.01,Battle_Cr,5001,0.00,,,
Area123 (14) troll 132 2260,,Feather_H_fa,5001,0.59,Feather_H_sp,5002,0.17,Umpqua_H,5011,0.08,Butte_Cr_f,5001,0.06,Grovers_Cr_H,5020,0.03
Area123 (14) troll 136 1206,,Spring_Cr_col,5030,0.94,Green_R_Fa,5008,0.02,Abernathy_NFH_F,5008,0.02,Harrison,3,0.02,Chilliwack_F,3,0.00
Area123 (14) troll 136 1208,,Spring_Cr_col,5030,0.78,Green_R_Fa,5008,0.19,Abernathy_NFH_F,5008,0.03,Cowlitz_H_fa,5008,0.00,Washougal_R_Fa,5008,0.00
Area123 (14) troll 136 1215,,Cowlitz_H_sp,5009,0.70,Spring_Cr_col,5030,0.28,Cowlitz_H_fa,5008,0.02,Abernathy_NFH_F,5008,0.01,Green_R_Fa,5008,0.00
Area123 (14) troll 136 1219,,Spring_Cr_col,5030,0.98,Abernathy_NFH_F,5008,0.01,Washougal_R_Fa,5008,0.01,Cowlitz_H_sp,5009,0.00,Green_R_Fa,5008,0.00
Area123 (14) troll 136 1221,,Spring_Cr_col,5030,0.94,Abernathy_NFH_F,5008,0.03,Columbia_Rogue,5019,0.01,Umpqua_H,5011,0.01,Cowlitz_H_fa,5008,0.01
Area123 (14) troll 136 1224,,L_Skagit_R_Fa,5016,0.66,Skagit_R,5016,0.18,Cripple_Cr,5023,0.03,Little_Tahltan,18,0.02,Skykomish_R,5016,0.02
Area123 (14) troll 136 1233,,NF_Nooksack_H,5016,1.00,,,,,,,,,,,,
Area123 (14) troll 136 1240,,Spring_Cr_col,5030,0.96,Abernathy_NFH_F,5008,0.04,,,,,,,,,
Area123 (14) troll 136 1242,,Grovers_Cr_H,5020,0.82,Cedar_R_SuFa,5020,0.10,Soos_H,5020,0.06,George_Adams_H,5005,0.01,NF_Skokomish_F,5005,0.01
Area123 (14) troll 136 1244,,Cowlitz_H_sp,5009,0.94,Washougal_R_Fa,5008,0.05,Cowlitz_H_fa,5008,0.00,Abernathy_NFH_F,5008,0.00,Green_R_Fa,5008,0.00
Area123 (14) troll 136 1256,,Hanford_Reach,5026,0.85,Lyons_Ferry_H,5021,0.14,Nez_PerceT_H,5021,0.01,Umatilla_H_Fa,5026,0.00,L_Deschutes_R,5004,0.00
Area123 (14) troll 136 1259,,Spring_Cr_col,5030,0.92,Abernathy_NFH_F,5008,0.08,Cowlitz_H_sp,5009,0.00,Green_R_Fa,5008,0.00,Cowlitz_H_fa,5008,0.00
Area123 (14) troll 136 1260,,Spring_Cr_col,5030,0.87,Green_R_Fa,5008,0.08,Abernathy_NFH_F,5008,0.05,Washougal_R_Fa,5008,0.00,Abernathy_Cr_Fa,5008,0.00
Area123 (14) troll 136 1273,,Grovers_Cr_H,5020,0.42,Cedar_R_SuFa,5020,0.24,NF_Nooksack_H,5016,0.17,NF_Skokomish_F,5005,0.09,Soos_H,5020,0.07
Area123 (14) troll 136 1274,,NF_Skokomish_F,5005,0.86,George_Adams_H,5005,0.06,Cedar_R_SuFa,5020,0.04,L_Skagit_R_Fa,5016,0.02,Soos_H,5020,0.02
Area123 (14) troll 136 1275,,Spring_Cr_col,5030,0.97,Abernathy_NFH_F,5008,0.03,Green_R_Fa,5008,0.00,,,,,,
Area123 (14) troll 136 1295,,Spring_Cr_col,5030,0.97,Abernathy_NFH_F,5008,0.02,Green_R_Fa,5008,0.00,Washougal_R_Fa,5008,0.00,Big_Cr_H_Col,5030,0.00
Area123 (14) troll 136 1297,,Cedar_R_SuFa,5020,0.70,Grovers_Cr_H,5020,0.14,NF_Skokomish_F,5005,0.04,Clear_Cr_H,5020,0.04,George_Adams_H,5005,0.04
Area123 (14) troll 136 1298,,Spring_Cr_col,5030,0.98,Abernathy_NFH_F,5008,0.01,Washougal_R_Fa,5008,0.00,Green_R_Fa,5008,0.00,,,
Area123 (14) troll 148 2056,,Washougal_R_Fa,5008,0.78,Green_R_Fa,5008,0.21,Abernathy_NFH_F,5008,0.00,Abernathy_Cr_Fa,5008,0.00,Coweeman_R_Fa,5008,0.00
Area123 (14) troll 148 2057,,NF_Skokomish_F,5005,0.52,George_Adams_H,5005,0.22,Soos_H,5020,0.13,Grovers_Cr_H,5020,0.10,Cedar_R_SuFa,5020,0.01
Area123 (14) troll 148 2058,,Spring_Cr_col,5030,1.00,Abernathy_NFH_F,5008,0.00,Abernathy_Cr_Fa,5008,0.00,,,,,,
Area123 (14) troll 148 2064,,Spring_Cr_col,5030,0.97,Abernathy_NFH_F,5008,0.03,Big_Cr_H_Col,5030,0.00,,,,,,
Area123 (14) troll 148 2076,,Spring_Cr_col,5030,0.88,Abernathy_NFH_F,5008,0.12,Cowlitz_H_sp,5009,0.00,,,,,,
Area123 (14) troll 148 2085,,Cedar_R_SuFa,5020,0.63,Soos_H,5020,0.27,NF_Skokomish_F,5005,0.05,George_Adams_H,5005,0.03,L_Skagit_R_Fa,5016,0.01
Area123 (14) troll 148 2095,,Lyons_Ferry_H,5021,0.77,Hanford_Reach,5026,0.18,Nez_PerceT_H,5021,0.03,Umatilla_H_Fa,5026,0.01,Priest_Rapid_H,5026,0.00
Area123 (14) troll 148 2096,,Spring_Cr_col,5030,0.85,Abernathy_NFH_F,5008,0.15,Chilliwack_F,3,0.00,Big_Cr_H_Col,5030,0.00,Washougal_R_Fa,5008,0.00
Area123 (14) troll 148 2101,,Grovers_Cr_H,5020,0.46,NF_Skokomish_F,5005,0.20,Cedar_R_SuFa,5020,0.15,George_Adams_H,5005,0.13,Clear_Cr_H,5020,0.02
Area123 (14) troll 148 2106,,Cowlitz_H_sp,5009,0.62,Abernathy_NFH_F,5008,0.24,Spring_Cr_col,5030,0.07,Cowlitz_H_fa,5008,0.05,Washougal_R_Fa,5008,0.00
Area123 (14) troll 148 2114,,Spring_Cr_col,5030,0.62,Abernathy_NFH_F,5008,0.38,,,,,,,,,
Area123 (14) troll 148 2120,,Soos_H,5020,0.80,Cedar_R_SuFa,5020,0.10,NF_Nooksack_H,5016,0.07,NF_Skokomish_F,5005,0.01,George_Adams_H,5005,0.01
Area123 (14) troll 148 2127,,NF_Skokomish_F,5005,0.34,Grovers_Cr_H,5020,0.23,L_Skagit_R_Fa,5016,0.15,Cedar_R_SuFa,5020,0.13,Chilliwack_F,3,0.04
Area123 (14) troll 148 2129,,Spring_Cr_col,5030,0.87,Abernathy_NFH_F,5008,0.13,Washougal_R_Fa,5008,0.00,,,,,,
Area123 (14) troll 148 2136,,Spring_Cr_col,5030,0.95,Green_R_Fa,5008,0.03,Abernathy_NFH_F,5008,0.01,Washougal_R_Fa,5008,0.00,Cowlitz_H_fa,5008,0.00
Area123 (14) troll 148 2138,,Spring_Cr_col,5030,0.51,Washougal_R_Fa,5008,0.30,Abernathy_NFH_F,5008,0.09,Cowlitz_H_sp,5009,0.06,Cowlitz_H_fa,5008,0.03
Area123 (14) troll 148 2143,,Spring_Cr_col,5030,0.95,Abernathy_NFH_F,5008,0.05,Washougal_R_Fa,5008,0.00,,,,,,
Area123 (14) troll 148 2145,,Spring_Cr_col,5030,0.98,Abernathy_NFH_F,5008,0.02,,,,,,,,,
Area123 (14) troll 148 2146,,Cedar_R_SuFa,5020,0.70,L_Skagit_R_Fa,5016,0.18,Soos_H,5020,0.09,NF_Skokomish_F,5005,0.02,S_Prairie_Cr,5020,0.01
Area123 (14) troll 148 2151,,Spring_Cr_col,5030,0.97,Abernathy_NFH_F,5008,0.03,Big_Cr_H_Col,5030,0.00,Green_R_Fa,5008,0.00,Abernathy_Cr_Fa,5008,0.00
Area123 (14) troll 148 2160,,Spring_Cr_col,5030,1.00,Abernathy_NFH_F,5008,0.00,,,,,,,,,
Area123 (14) troll 148 2163,,Lyons_Ferry_H,5021,0.94,Nez_PerceT_H,5021,0.06,Hanford_Reach,5026,0.00,Priest_Rapids_H,5026,0.00,,,
Area123 (14) troll 148 2165,,Hanford_Reach,5026,0.29,Lyons_Ferry_H,5021,0.12,Umpqua_H,5011,0.12,Feather_H_fa,5001,0.09,Feather_H_sp,5002,0.06
Area123 (14) troll 148 2166,,NF_Skokomish_F,5005,0.69,Soos_H,5020,0.18,Grovers_Cr_H,5020,0.10,S_Prairie_Cr,5020,0.02,Hamma_Hamma_R,5005,0.01
Area123 (14) troll 148 2167,,Spring_Cr_col,5030,0.74,Abernathy_NFH_F,5008,0.16,Harrison,3,0.05,Chilliwack_F,3,0.01,Umpqua_H,5011,0.01
Area123 (14) troll 148 2168,,Soos_H,5020,0.70,Cedar_R_SuFa,5020,0.21,George_Adams_H,5005,0.03,Clear_Cr_H,5020,0.02,NF_Skokomish_F,5005,0.01
Area123 (14) troll 148 2170,,Spring_Cr_col,5030,0.89,Abernathy_NFH_F,5008,0.10,Washougal_R_Fa,5008,0.00,Green_R_Fa,5008,0.00,Elochoman_R_Fa,5008,0.00
Area123 (14) troll 148 2174,,NF_Skokomish_F,5005,0.81,L_Skagit_R_Fa,5016,0.07,George_Adams_H,5005,0.07,Cedar_R_SuFa,5020,0.03,Hamma_Hamma_R,5005,0.01
Area123 (14) troll 148 2176,,Washougal_R_Fa,5008,0.50,Green_R_Fa,5008,0.37,Abernathy_NFH_F,5008,0.11,Feather_H_fa,5001,0.01,Feather_H_sp,5002,0.00
Area123 (14) troll 148 2179,,Abernathy_NFH_F,5008,0.98,Spring_Cr_col,5030,0.02,,,,,,,,,
Area123 (14) troll 148 2182,,Grovers_Cr_H,5020,0.52,NF_Skokomish_F,5005,0.35,George_Adams_H,5005,0.06,L_Skagit_R_Fa,5016,0.03,Soos_H,5020,0.03
Area123 (14) troll 148 2183,,NF_Skokomish_F,5005,0.88,Cedar_R_SuFa,5020,0.05,George_Adams_H,5005,0.03,Soos_H,5020,0.03,Hamma_Hamma_R,5005,0.00
Area123 (14) troll 148 2186,,Lyons_Ferry_H,5021,0.87,Nez_PerceT_H,5021,0.07,Hanford_Reach,5026,0.06,Umatilla_H_Fa,5026,0.00,U_Deschutes_R,5004,0.00
Area123 (14) troll 148 2190,,L_Skagit_R_Fa,5016,0.37,Cedar_R_SuFa,5020,0.19,NF_Skokomish_F,5005,0.18,Skagit_R,5016,0.11,Soos_H,5020,0.08
Area123 (14) troll 148 2192,,Cedar_R_SuFa,5020,0.38,Grovers_Cr_H,5020,0.35,Soos_H,5020,0.15,NF_Skokomish_F,5005,0.06,Clear_Cr_H,5020,0.03
Area123 (14) troll 148 2208,,Umpqua_H,5011,0.38,L_Skagit_R_Fa,5016,0.15,Cedar_R_SuFa,5020,0.14,Skagit_R,5016,0.13,Skykomish_R,5016,0.06
Area123 (14) troll 148 2211,,Hanford_Reach,5026,0.55,Lyons_Ferry_H,5021,0.35,Harrison,3,0.04,Nez_PerceT_H,5021,0.03,Umatilla_H_Fa,5026,0.01
Area123 (14) troll 148 2212,,Hanford_Reach,5026,0.46,Umpqua_H,5011,0.41,Harrison,3,0.04,Chilliwack_F,3,0.02,Umatilla_H_Fa,5026,0.01
Area123 (14) troll 148 2214,,Grovers_Cr_H,5020,0.32,L_Skagit_R_Fa,5016,0.24,George_Adams_H,5005,0.15,NF_Skokomish_F,5005,0.15,Skagit_R,5016,0.08
Area123 (14) troll 148 2216,,McKenzie_H,5029,0.94,N_Santiam_H,5029,0.06,Butte_Cr_f,5001,0.00,,,,,,
Area123 (14) troll 148 2227,,Hanford_Reach,5026,0.91,Lyons_Ferry_H,5021,0.09,Skagit_R,5016,0.00,L_Skagit_R_Fa,5016,0.00,Nez_PerceT_H,5021,0.00
Area123 (14) troll 148 2228,,Grovers_Cr_H,5020,0.65,NF_Skokomish_F,5005,0.24,Cedar_R_SuFa,5020,0.06,Soos_H,5020,0.04,George_Adams_H,5005,0.01
Area123 (14) troll 148 2229,,Spring_Cr_col,5030,0.97,Abernathy_NFH_F,5008,0.03,Abernathy_Cr_Fa,5008,0.00,,,,,,
Area123 (14) troll 148 2240,,NF_Skokomish_F,5005,0.79,Cedar_R_SuFa,5020,0.10,Soos_H,5020,0.08,George_Adams_H,5005,0.02,Hamma_Hamma_R,5005,0.01
Area123 (14) troll 148 2242,,Hanford_Reach,5026,0.84,Lyons_Ferry_H,5021,0.12,Umatilla_H_Fa,5026,0.01,Wenatchee_R_SF,5026,0.01,Nez_PerceT_H,5021,0.01
Area123 (14) troll 148 2244,,NF_Skokomish_F,5005,0.73,Cedar_R_SuFa,5020,0.21,Soos_H,5020,0.03,Grovers_Cr_H,5020,0.01,S_Prairie_Cr,5020,0.01
Area123 (14) troll 258 28801,,Harrison,3,0.64,Chilliwack_F,3,0.35,L_Skagit_R_Fa,5016,0.01,,,,,,
Area123 (14) troll 258 28802,,Feather_H_fa,5001,0.23,Lyons_Ferry_H,5021,0.23,Grovers_Cr_H,5020,0.17,Cedar_R_SuFa,5020,0.13,L_Skagit_R_Fa,5016,0.08
Area123 (14) troll 258 28803,,Harrison,3,0.67,Chilliwack_F,3,0.33,Chilliwac@Stav,3,0.00,,,,,,
Area123 (14) troll 258 28810,,Harrison,3,0.64,Chilliwack_F,3,0.36,Grovers_Cr_H,5020,0.00,L_Skagit_R_Fa,5016,0.00,,,
Area123 (14) troll 258 28811,,Cowlitz_H_sp,5009,0.78,Cowlitz_H_fa,5008,0.10,Spring_Cr_col,5030,0.10,Washougal_R_Fa,5008,0.01,Lewis_R_LSu,5008,0.00
Area123 (14) troll 258 28812,,Harrison,3,0.55,Chilliwack_F,3,0.41,L_Thompson,5,0.01,M_Shuswap,5,0.01,L_Skagit_R_Fa,5016,0.01
Area123 (14) troll 258 28822,,NF_Skokomish_F,5005,0.59,Cedar_R_SuFa,5020,0.38,L_Skagit_R_Fa,5016,0.01,Clear_Cr_H,5020,0.01,S_Prairie_Cr,5020,0.00
Area123 (14) troll 258 28825,,Harrison,3,0.40,Skagit_R,5016,0.24,L_Skagit_R_Fa,5016,0.16,Washougal_R_Fa,5008,0.04,Grovers_Cr_H,5020,0.02
Area123 (14) troll 258 28831,,Spring_Cr_col,5030,0.98,Abernathy_NFH_F,5008,0.02,,,,,,,,,
Area123 (14) troll 258 28835,,Feather_H_fa,5001,0.50,L_Skagit_R_Fa,5016,0.27,NF_Skokomish_F,5005,0.07,Cedar_R_SuFa,5020,0.05,Feather_H_sp,5002,0.04
Area123 (14) troll 258 28840,,Spring_Cr_col,5030,0.99,Abernathy_NFH_F,5008,0.01,Washougal_R_Fa,5008,0.00,Big_Cr_H_Col,5030,0.00,,,
Area123 (14) troll 258 28841,,Abernathy_NFH_F,5008,0.68,Spring_Cr_col,5030,0.31,Washougal_R_Fa,5008,0.00,Green_R_Fa,5008,0.00,,,
Area123 (14) troll 258 28843,,Spring_Cr_col,5030,0.97,Abernathy_NFH_F,5008,0.02,Cowlitz_H_sp,5009,0.01,Washougal_R_Fa,5008,0.00,Big_Cr_H_Col,5030,0.00
Area123 (14) troll 258 28845,,Grovers_Cr_H,5020,0.93,NF_Skokomish_F,5005,0.06,Soos_H,5020,0.00,Hamma_Hamma_R,5005,0.00,L_Skagit_R_Fa,5016,0.00
Area123 (14) troll 258 28849,,L_Skagit_R_Fa,5016,0.53,Soos_H,5020,0.18,George_Adams_H,5005,0.17,Cedar_R_SuFa,5020,0.05,Clear_Cr_H,5020,0.03
Area123 (14) troll 258 28850,,Cedar_R_SuFa,5020,0.76,Lyons_Ferry_H,5021,0.22,Hanford_Reach,5026,0.01,Harrison,3,0.01,L_Skagit_R_Fa,5016,0.00
Area123 (14) troll 258 28852,,Cedar_R_SuFa,5020,0.83,Soos_H,5020,0.11,NF_Skokomish_F,5005,0.03,Clear_Cr_H,5020,0.01,S_Prairie_Cr,5020,0.01
Area123 (14) troll 258 28855,,Spring_Cr_col,5030,0.99,Abernathy_NFH_F,5008,0.01,Washougal_R_Fa,5008,0.00,,,,,,
Area123 (14) troll 258 28856,,NF_Skokomish_F,5005,0.58,Harrison,3,0.15,Grovers_Cr_H,5020,0.09,L_Skagit_R_Fa,5016,0.05,Soos_H,5020,0.04
Area123 (14) troll 258 28857,,Feather_H_fa,5001,0.70,Feather_H_sp,5002,0.22,Butte_Cr_f,5001,0.07,Washougal_R_Fa,5008,0.00,Abernathy_NFH_F,5008,0.00
Area123 (14) troll 258 28858,,NF_Skokomish_F,5005,0.92,Cedar_R_SuFa,5020,0.07,Grovers_Cr_H,5020,0.00,L_Skagit_R_Fa,5016,0.00,Clear_Cr_H,5020,0.00
Area123 (14) troll 258 28859,,Soos_H,5020,0.69,L_Skagit_R_Fa,5016,0.22,Cedar_R_SuFa,5020,0.09,Clear_Cr_H,5020,0.00,Grovers_Cr_H,5020,0.00
Area123 (14) troll 272 23704,,Kilchis_R,5015,0.52,Elk_H,5011,0.34,Millicoma_R,5011,0.07,Sixes_R,5011,0.03,Quilayute_R,5028,0.02
Area123 (14) troll 272 23715,,Washougal_R_Fa,5008,0.80,Cowlitz_H_fa,5008,0.13,Green_R_Fa,5008,0.07,Lewis_R_LSu,5008,0.00,Abernathy_Cr_Fa,5008,0.00
Area123 (14) troll 272 23716,,Grovers_Cr_H,5020,0.53,Hupp_Sp_H,5020,0.18,White_H,5020,0.15,NF_Skokomish_F,5005,0.08,George_Adams_H,5005,0.04
Area123 (14) troll 272 23723,Dupe with 119,L_Skagit_R_Fa,5016,0.64,Grovers_Cr_H,5020,0.17,Soos_H,5020,0.15,Cedar_R_SuFa,5020,0.01,Skagit_R,5016,0.01
Area123 (14) troll 272 23724,,Skagit_R,5016,0.50,Cedar_R_SuFa,5020,0.43,Hanford_Reach,5026,0.01,L_Skagit_R_Fa,5016,0.01,Harrison,3,0.01
Area123 (14) troll 272 23727,Dupe with 117,Feather_H_fa,5001,0.71,Feather_H_sp,5002,0.24,Butte_Cr_f,5001,0.05,Battle_Cr,5001,0.00,,,
Area123 (14) troll 272 23728,Dupe with 116,Feather_H_fa,5001,0.71,Feather_H_sp,5002,0.24,Butte_Cr_f,5001,0.05,Battle_Cr,5001,0.00,,,
Area123 (14) troll 272 23729,,Feather_H_fa,5001,0.69,Feather_H_sp,5002,0.20,Butte_Cr_f,5001,0.06,Umpqua_H,5011,0.01,Cole_Rivers_H,5019,0.01
Area123 (14) troll 272 23732,Dupe with 114,L_Skagit_R_Fa,5016,0.65,Grovers_Cr_H,5020,0.16,Soos_H,5020,0.14,Cedar_R_SuFa,5020,0.01,Skagit_R,5016,0.01
Area123 (14) troll 272 23738,,Grovers_Cr_H,5020,0.78,Cedar_R_SuFa,5020,0.14,NF_Skokomish_F,5005,0.06,Soos_H,5020,0.02,Hamma_Hamma_R,5005,0.00
Area123 (14) troll 272 23739,,Green_R_Fa,5008,0.85,Washougal_R_Fa,5008,0.12,Spring_Cr_col,5030,0.03,Cowlitz_H_fa,5008,0.00,Abernathy_NFH_F,5008,0.00
Area123 (14) troll 272 23742,,NF_Skokomish_F,5005,0.25,Cedar_R_SuFa,5020,0.20,Soos_H,5020,0.18,George_Adams_H,5005,0.17,L_Skagit_R_Fa,5016,0.16
Area123 (14) troll 272 23746,,Spring_Cr_col,5030,1.00,Abernathy_NFH_F,5008,0.00,Cowlitz_H_sp,5009,0.00,,,,,,
Area123 (14) troll 272 23748,,Harrison,3,0.56,Chilliwack_F,3,0.34,Skykomish_R,5016,0.06,L_Skagit_R_Fa,5016,0.02,Skagit_R,5016,0.01
Area123 (14) troll 272 23802,,Cedar_R_SuFa,5020,0.90,Soos_H,5020,0.07,George_Adams_H,5005,0.02,Skagit_R,5016,0.01,Clear_Cr_H,5020,0.00
Area123 (14) troll 272 23804,,NF_Nooksack_H,5016,0.98,Soos_H,5020,0.01,Skagit_R,5016,0.01,Cedar_R_SuFa,5020,0.00,Hanford_Reach,5026,0.00
Area123 (14) troll 272 23805,,Grovers_Cr_H,5020,0.93,NF_Skokomish_F,5005,0.04,Soos_H,5020,0.02,George_Adams_H,5005,0.01,Cedar_R_SuFa,5020,0.01
Area123 (14) troll 272 23807,,L_Skagit_R_Fa,5016,0.42,Skagit_R,5016,0.35,Soos_H,5020,0.08,Cedar_R_SuFa,5020,0.06,NF_Skokomish_F,5005,0.04
Area123 (14) troll 272 23814,,Spring_Cr_col,5030,1.00,Cowlitz_H_fa,5008,0.00,Washougal_R_Fa,5008,0.00,Green_R_Fa,5008,0.00,Cowlitz_H_sp,5009,0.00
Area123 (14) troll 272 23821,,NF_Nooksack_H,5016,0.75,Skagit_R,5016,0.11,L_Skagit_R_Fa,5016,0.10,U_Skagit_R,5016,0.02,Soos_H,5020,0.01
Area123 (14) troll 272 23822,,Washougal_R_Fa,5008,0.78,Green_R_Fa,5008,0.21,Cowlitz_H_fa,5008,0.01,Spring_Cr_col,5030,0.00,Abernathy_NFH_F,5008,0.00
Area123 (14) troll 272 23823,,Washougal_R_Fa,5008,0.74,Lyons_Ferry_H,5021,0.23,Cowlitz_H_fa,5008,0.00,Green_R_Fa,5008,0.00,Abernathy_NFH_F,5008,0.00
Area123 (14) troll 272 23827,,Green_R_Fa,5008,0.67,Washougal_R_Fa,5008,0.15,Cowlitz_H_sp,5009,0.09,Cowlitz_H_fa,5008,0.05,Spring_Cr_col,5030,0.04
Area123 (14) troll 272 23830,,Grovers_Cr_H,5020,0.44,NF_Skokomish_F,5005,0.29,Soos_H,5020,0.17,Cedar_R_SuFa,5020,0.04,George_Adams_H,5005,0.03
Area123 (14) troll 272 23833,,Spring_Cr_col,5030,0.58,Washougal_R_Fa,5008,0.38,Green_R_Fa,5008,0.03,Cowlitz_H_fa,5008,0.01,Abernathy_NFH_F,5008,0.00
Area123 (14) troll 272 23834,,Spring_Cr_col,5030,0.93,Abernathy_NFH_F,5008,0.07,Green_R_Fa,5008,0.00,Cowlitz_H_sp,5009,0.00,Washougal_R_Fa,5008,0.00
Area123 (14) troll 272 23836,,Cedar_R_SuFa,5020,0.68,NF_Skokomish_F,5005,0.20,Soos_H,5020,0.06,Grovers_Cr_H,5020,0.03,L_Skagit_R_Fa,5016,0.01
Area123 (14) troll 272 23840,,Cedar_R_SuFa,5020,0.49,NF_Skokomish_F,5005,0.39,Grovers_Cr_H,5020,0.06,Soos_H,5020,0.03,L_Skagit_R_Fa,5016,0.02
Area123 (14) troll 272 23841,,Soos_H,5020,0.77,Cedar_R_SuFa,5020,0.12,George_Adams_H,5005,0.04,Grovers_Cr_H,5020,0.03,L_Skagit_R_Fa,5016,0.01
Area123 (14) troll 272 23842,,Soos_H,5020,0.55,Cedar_R_SuFa,5020,0.39,L_Skagit_R_Fa,5016,0.02,Grovers_Cr_H,5020,0.01,NF_Skokomish_F,5005,0.01
Area123 (14) troll 272 23847,,Soos_H,5020,0.48,Grovers_Cr_H,5020,0.46,Cedar_R_SuFa,5020,0.02,L_Skagit_R_Fa,5016,0.02,NF_Skokomish_F,5005,0.01
Area123 (14) troll 272 23851,,Grovers_Cr_H,5020,0.98,Soos_H,5020,0.02,Cedar_R_SuFa,5020,0.00,NF_Skokomish_F,5005,0.00,,,
Area123 (14) troll 272 23852,,Spring_Cr_col,5030,0.99,Abernathy_NFH_F,5008,0.01,Big_Cr_H_Col,5030,0.00,,,,,,
Area123 (14) troll 272 23855,,Grovers_Cr_H,5020,0.89,Skykomish_R,5016,0.04,George_Adams_H,5005,0.02,Soos_H,5020,0.01,L_Skagit_R_Fa,5016,0.01
Area123 (14) troll 272 23858,,Spring_Cr_col,5030,1.00,Washougal_R_Fa,5008,0.00,Abernathy_Cr_Fa,5008,0.00,Elochoman_H,5030,0.00,,,
Area123 (14) troll 272 23859,,Umpqua_H,5011,0.85,Hanford_Reach,5026,0.04,Chilliwack_F,3,0.03,Washougal_R_Fa,5008,0.02,Cole_Rivers_H,5019,0.02
Area123 (14) troll 272 23860,,NF_Skokomish_F,5005,0.77,George_Adams_H,5005,0.14,Soos_H,5020,0.03,Grovers_Cr_H,5020,0.02,Cedar_R_SuFa,5020,0.02
Area123 (14) troll 272 23863,,Cowlitz_H_sp,5009,0.99,Hanford_Reach,5026,0.01,Green_R_Fa,5008,0.00,Skykomish_R,5016,0.00,Feather_H_fa,5001,0.00
Area123 (14) troll 272 23864,,Green_R_Fa,5008,0.85,Washougal_R_Fa,5008,0.06,L_Skagit_R_Fa,5016,0.05,Spring_Cr_col,5030,0.03,Abernathy_NFH_F,5008,0.00
Area123 (14) troll 272 23865,,NF_Skokomish_F,5005,0.87,George_Adams_H,5005,0.08,Cedar_R_SuFa,5020,0.02,Grovers_Cr_H,5020,0.02,L_Skagit_R_Fa,5016,0.01
Area123 (14) troll 272 23867,,Green_R_Fa,5008,0.74,Washougal_R_Fa,5008,0.17,Abernathy_NFH_F,5008,0.08,Spring_Cr_col,5030,0.00,Cowlitz_H_fa,5008,0.00
Area123 (14) troll 272 23868,,Spring_Cr_col,5030,1.00,Abernathy_NFH_F,5008,0.00,Chilliwack_F,3,0.00,Green_R_Fa,5008,0.00,,,
Area123 (14) troll 272 23869,,Cowlitz_H_sp,5009,0.92,Cowlitz_H_fa,5008,0.08,Washougal_R_Fa,5008,0.00,Spring_Cr_col,5030,0.00,Green_R_Fa,5008,0.00
Area123 (14) troll 272 23870,,Cedar_R_SuFa,5020,0.32,Grovers_Cr_H,5020,0.24,Soos_H,5020,0.22,L_Skagit_R_Fa,5016,0.11,Skagit_R,5016,0.05
Area123 (14) troll 272 23873,,Lyons_Ferry_H,5021,0.91,Nez_PerceT_H,5021,0.06,Hanford_Reach,5026,0.03,Marion_Drain_Fa,5026,0.00,,,
Area123 (14) troll 272 23876,,Spring_Cr_col,5030,0.70,Abernathy_NFH_F,5008,0.28,Washougal_R_Fa,5008,0.01,Green_R_Fa,5008,0.00,Big_Cr_H_Col,5030,0.00
Area123 (14) troll 272 23879,,NF_Nooksack_H,5016,0.96,Cowlitz_H_sp,5009,0.02,Skagit_R,5016,0.01,L_Skagit_R_Fa,5016,0.00,Cedar_R_SuFa,5020,0.00
Area123 (14) troll 272 23883,,NF_Skokomish_F,5005,0.91,Cedar_R_SuFa,5020,0.04,L_Skagit_R_Fa,5016,0.02,Hamma_Hamma_R,5005,0.02,Soos_H,5020,0.02
Area123 (14) troll 272 23885,,NF_Skokomish_F,5005,0.70,George_Adams_H,5005,0.12,Soos_H,5020,0.11,L_Skagit_R_Fa,5016,0.04,Hamma_Hamma_R,5005,0.01
Area123 (14) troll 272 23886,,Spring_Cr_col,5030,1.00,Abernathy_NFH_F,5008,0.00,,,,,,,,,
Area123 (14) troll 272 23887,,NF_Skokomish_F,5005,0.32,Lyons_Ferry_H,5021,0.17,Soos_H,5020,0.11,L_Skagit_R_Fa,5016,0.11,Cedar_R_SuFa,5020,0.10
Area123 (14) troll 272 23888,,Cedar_R_SuFa,5020,0.64,Soos_H,5020,0.35,George_Adams_H,5005,0.01,Clear_Cr_H,5020,0.00,NF_Skokomish_F,5005,0.00
Area123 (14) troll 272 23891,,Spring_Cr_col,5030,0.91,Abernathy_NFH_F,5008,0.09,Cowlitz_H_sp,5009,0.00,Cedar_R_SuFa,5020,0.00,,,
Area123 (14) troll 272 23893,,Grovers_Cr_H,5020,0.96,NF_Skokomish_F,5005,0.03,George_Adams_H,5005,0.01,L_Skagit_R_Fa,5016,0.01,Soos_H,5020,0.00
,,,,,,,,,,,,,,,,
Sample: 50, Area124,2014, troll, May16-Jul08,,,,,,,,,,,,
Area124 (14) troll 136 2606,,Spring_Cr_col,5030,0.88,Big_Cr_H_Col,5030,0.11,Abernathy_NFH_F,5008,0.00,,,,,,
Area124 (14) troll 136 2609,,Abernathy_NFH_F,5008,0.54,Lewis_R_Su,5008,0.26,Green_R_Fa,5008,0.08,Cowlitz_H_sp,5009,0.04,Lewis_R_f,5008,0.03
Area124 (14) troll 136 2610,,Big_Cr_H_Col,5030,0.59,Spring_Cr_col,5030,0.29,Abernathy_NFH_F,5008,0.08,Cowlitz_H_sp,5009,0.03,Lewis_R_Su,5008,0.01
Area124 (14) troll 136 2616,,Spring_Cr_col,5030,0.48,Big_Cr_H_Col,5030,0.39,Abernathy_NFH_F,5008,0.11,Lewis_R_LSu,5008,0.02,Lewis_R_f,5008,0.00
Area124 (14) troll 136 2619,,Lewis_R_Su,5008,0.69,Lewis_R_f,5008,0.12,Lewis_R_LSu,5008,0.09,Marion_Drain_Fa,5026,0.03,Millicoma_R,5011,0.01
Area124 (14) troll 136 2621,,Skagit_R,5016,0.76,U_Skagit_R,5016,0.10,Marblemount_Hsu,5016,0.09,U_Sauk_R,5016,0.04,L_Sauk_R,5016,0.01
Area124 (14) troll 136 2623,,Spring_Cr_col,5030,0.54,Abernathy_NFH_F,5008,0.39,Big_Cr_H_Col,5030,0.06,Lewis_R_Su,5008,0.01,Cowlitz_H_sp,5009,0.00
Area124 (14) troll 136 2626,,Skagit_R,5016,0.29,Priest_Rapid_H,5026,0.13,Wells_H,5026,0.11,NanaimoSu_BackX,7,0.08,Clear_Cr_H,5020,0.07
Area124 (14) troll 136 2628,,Spring_Cr_col,5030,0.44,Big_Cr_H_Col,5030,0.39,Abernathy_NFH_F,5008,0.18,Elochoman_H,5030,0.00,Cowlitz_H_fa,5008,0.00
Area124 (14) troll 136 2633,,Wells_H,5026,0.31,L_Deschutes_R,5004,0.27,Priest_Rapid_H,5026,0.18,Umatilla_H_Fa,5026,0.15,Nez_PerceT_H,5021,0.04
Area124 (14) troll 136 2706,,Big_Cr_H_Col,5030,0.68,Spring_Cr_col,5030,0.31,Abernathy_NFH_F,5008,0.00,,,,,,
Area124 (14) troll 169 2255,,NanaimoSu_BackX,7,0.49,S_Coos_R,5011,0.31,S_Umpqua_H,5011,0.09,Westroad,2,0.05,Millicoma_R,5011,0.03
Area124 (14) troll 169 2259,,L_Deschutes_R,5004,0.92,Priest_Rapid_H,5026,0.03,Wells_H,5026,0.03,Lyons_Ferry_H,5021,0.02,Nez_PerceT_H,5021,0.01
Area124 (14) troll 169 2261,,Chilliwack_F,3,0.33,Harrison,3,0.20,Priest_Rapid_H,5026,0.12,Umatilla_H_Fa,5026,0.07,L_Deschutes_R,5004,0.07
Area124 (14) troll 169 2262,,Wells_H,5026,0.46,Umatilla_H_Fa,5026,0.23,Priest_Rapid_H,5026,0.15,Wenatchee_R_SF,5026,0.09,Lyons_Ferry_H,5021,0.02
Area124 (14) troll 169 2271,,Puntledge_F,7,0.97,L_Qualicum,7,0.02,Big_Qualicum,7,0.01,Cheakamus_F,9,0.00,Samish_H,5016,0.00
Area124 (14) troll 169 2272,,Cottonwood,2,0.60,Morkill,1,0.12,Kenneth_Cr,1,0.09,Westroad,2,0.09,Slim_C,1,0.02
Area124 (14) troll 169 2273,,NanaimoSu_BackX,7,0.36,Stuart,2,0.18,Westroad,2,0.17,Chilako,2,0.15,S_Coos_R,5011,0.04
Area124 (14) troll 169 2274,,Stuart,2,0.53,NanaimoSu_BackX,7,0.25,Chilko,2,0.17,Westroad,2,0.04,Nechako,2,0.00
Area124 (14) troll 169 2275,,Salmon_R_f,5015,0.82,S_Coos_R,5011,0.09,S_Umpqua_H,5011,0.08,Nehalem_R,5015,0.00,Elochoman_R_Fa,5008,0.00
Area124 (14) troll 169 2277,,George_Adams_H,5005,0.39,Hamma_Hamma_R,5005,0.17,Cedar_R_SuFa,5020,0.15,S_Prairie_Cr,5020,0.13,Clear_Cr_H,5020,0.08
Area124 (14) troll 169 2278,,Priest_Rapid_H,5026,0.63,Wells_H,5026,0.30,Methow_R,5026,0.03,Umatilla_H_Fa,5026,0.02,Hanford_Reach,5026,0.01
Area124 (14) troll 169 2281,,Lewis_R_Su,5008,0.40,Abernathy_NFH_F,5008,0.37,Lewis_R_f,5008,0.20,Lewis_R_LSu,5008,0.01,Washougal_R_Fa,5008,0.01
Area124 (14) troll 169 2282,,Chilko,2,0.58,Stuart,2,0.31,Cottonwood,2,0.06,Westroad,2,0.03,Chilako,2,0.01
Area124 (14) troll 169 2283,,Nehalem_R,5015,1.00,Salmon_R_f,5015,0.00,,,,,,,,,
Area124 (14) troll 169 2285,,Priest_Rapid_H,5026,0.51,Umatilla_H_Fa,5026,0.43,Hanford_Reach,5026,0.04,L_Wh_Sal_H_SF,5026,0.01,Wenatchee_R_SF,5026,0.00
Area124 (14) troll 169 2286,,L_Deschutes_R,5004,0.73,Umatilla_H_Fa,5026,0.09,Priest_Rapid_H,5026,0.07,Lyons_Ferry_H,5021,0.05,Nez_PerceT_H,5021,0.03
Area124 (14) troll 169 2287,,Wells_H,5026,0.31,Umatilla_H_Fa,5026,0.28,Priest_Rapid_H,5026,0.15,Nez_PerceT_H,5021,0.10,Lyons_Ferry_H,5021,0.08
Area124 (14) troll 169 2290,,Nehalem_R,5015,1.00,S_Umpqua_H,5011,0.00,Salmon_R_f,5015,0.00,,,,,,
Area124 (14) troll 169 2293,,Tlupana,8,0.70,Conuma,8,0.16,Zeballos,8,0.09,Moyeha_R,8,0.04,Burman,8,0.01
Area124 (14) troll 169 2296,,Chilliwack_F,3,0.84,Harrison,3,0.16,ClearwaterRFa,5021,0.00,,,,,,
Area124 (14) troll 169 2298,,L_Deschutes_R,5004,0.38,Clear_Cr_H,5020,0.21,Umatilla_H_Fa,5026,0.09,S_Prairie_Cr,5020,0.07,Hamma_Hamma_R,5005,0.05
Area124 (14) troll 169 2299,,Deadman,6,0.60,Bonaparte,6,0.18,NanaimoSu_BackX,7,0.11,Nicola,6,0.08,Stuart,2,0.01
Area124 (14) troll 169 2601,,L_Deschutes_R,5004,0.59,Skagit_R,5016,0.25,Umatilla_H_Fa,5026,0.07,Hanford_Reach,5026,0.04,Lyons_Ferry_H,5021,0.04
Area124 (14) troll 169 2607,,Priest_Rapid_H,5026,0.77,Umatilla_H_Fa,5026,0.08,Hanford_Reach,5026,0.04,ClearwaterRFa,5021,0.03,Wells_H,5026,0.02
Area124 (14) troll 169 2608,,Priest_Rapid_H,5026,0.76,L_Deschutes_R,5004,0.13,Lyons_Ferry_H,5021,0.09,Priest_Rapids_H,5026,0.01,Marion_Drain_Fa,5026,0.00
Area124 (14) troll 169 2610,,L_Deschutes_R,5004,0.98,U_Deschutes_R,5004,0.01,Lyons_Ferry_H,5021,0.00,Nez_PerceT_H,5021,0.00,Umatilla_H_Fa,5026,0.00
Area124 (14) troll 169 2613,,L_Sauk_R,5016,0.65,Lewis_R_Su,5008,0.13,Cowlitz_H_sp,5009,0.10,Green_R_Fa,5008,0.03,Skagit_R,5016,0.02
Area124 (14) troll 169 2620,,Spring_Cr_col,5030,0.19,Lewis_H_sp,5009,0.17,Lewis_R_Su,5008,0.16,Wells_H,5026,0.11,Abernathy_NFH_F,5008,0.08
Area124 (14) troll 169 2624,,L_Deschutes_R,5004,1.00,Priest_Rapid_H,5026,0.00,ClearwaterRFa,5021,0.00,Hanford_Reach,5026,0.00,Priest_Rapids_H,5026,0.00
Area124 (14) troll 169 2631,,Priest_Rapid_H,5026,0.53,Umatilla_H_Fa,5026,0.22,Lyons_Ferry_H,5021,0.20,Hanford_Reach,5026,0.01,ClearwaterRFa,5021,0.01
Area124 (14) troll 169 2633,,Chilliwack_F,3,0.53,Harrison,3,0.45,Clear_Cr_H,5020,0.01,Cedar_R_SuFa,5020,0.01,Bear_Cr_SuFa,5020,0.00
Area124 (14) troll 169 2634,,Salmon_R_f,5015,0.97,Trask_R,5015,0.01,S_Coos_R,5011,0.01,Alsea_R,5015,0.00,Nestucca_H,5015,0.00
Area124 (14) troll 169 2640,,Umatilla_H_Fa,5026,0.50,Priest_Rapid_H,5026,0.41,ClearwaterRFa,5021,0.03,Marion_Drain_Fa,5026,0.03,Hanford_Reach,5026,0.01
Area124 (14) troll 169 2642,,Priest_Rapid_H,5026,0.43,Umatilla_H_Fa,5026,0.30,Wells_H,5026,0.12,Lyons_Ferry_H,5021,0.09,Methow_R,5026,0.02
Area124 (14) troll 169 2643,,Harrison,3,0.59,Chilliwack_F,3,0.29,Priest_Rapid_H,5026,0.05,Skagit_R,5016,0.03,Umatilla_H_Fa,5026,0.02
Area124 (14) troll 169 2651,,Clear_Cr_H,5020,0.96,George_Adams_H,5005,0.02,NF_Skokomish_F,5005,0.00,Little_R,5,0.00,NanaimoSu_BackX,7,0.00
Area124 (14) troll 169 2652,,Chilliwack_F,3,0.79,Harrison,3,0.21,,,,,,,,,
Area124 (14) troll 169 2654,,Salmon_R_f,5015,0.52,NanaimoSu_BackX,7,0.36,S_Coos_R,5011,0.05,Nehalem_R,5015,0.02,Trask_R,5015,0.02
Area124 (14) troll 169 2656,,Priest_Rapid_H,5026,0.77,Wells_H,5026,0.09,L_Deschutes_R,5004,0.07,Wenatchee_R_SF,5026,0.03,Hanford_Reach,5026,0.02
Area124 (14) troll 169 2657,,George_Adams_H,5005,0.57,Cedar_R_SuFa,5020,0.19,Hamma_Hamma_R,5005,0.15,Samish_H,5016,0.04,Bear_Cr_SuFa,5020,0.02
Area124 (14) troll 169 2659,,Wells_H,5026,0.61,L_Deschutes_R,5004,0.20,Priest_Rapid_H,5026,0.11,Wenatchee_R_SF,5026,0.04,Umatilla_H_Fa,5026,0.01
Area124 (14) troll 169 2661,,Wells_H,5026,0.49,Umatilla_H_Fa,5026,0.31,Priest_Rapid_H,5026,0.11,Hanford_Reach,5026,0.06,L_Deschutes_R,5004,0.02
Area124 (14) troll 169 2662,,L_Sauk_R,5016,0.21,Skagit_R,5016,0.15,Cowlitz_H_sp,5009,0.14,Westroad,2,0.08,Harrison,3,0.07
Area124 (14) troll 169 2665,,Puntledge_F,7,0.62,S_Prairie_Cr,5020,0.26,Hamma_Hamma_R,5005,0.08,Bear_Cr_SuFa,5020,0.01,Soos_H,5020,0.01
Area124 (14) troll 169 2666,,Cowlitz_H_sp,5009,0.89,Big_Cr_H_Col,5030,0.09,Spring_Cr_col,5030,0.02,Abernathy_NFH_F,5008,0.00,Lewis_R_f,5008,0.00
Area124 (14) troll 169 2674,,Priest_Rapid_H,5026,0.72,Wells_H,5026,0.19,Lyons_Ferry_H,5021,0.04,Hanford_Reach,5026,0.02,Nez_PerceT_H,5021,0.01
Area124 (14) troll 169 2675,,Spring_Cr_col,5030,0.87,Abernathy_NFH_F,5008,0.13,Big_Cr_H_Col,5030,0.00,,,,,,
Area124 (14) troll 169 2693,,Spring_Cr_col,5030,0.77,Big_Cr_H_Col,5030,0.15,Abernathy_NFH_F,5008,0.09,Elochoman_H,5030,0.00,Abernathy_Cr_Fa,5008,0.00
Area124 (14) troll 169 2695,Number of missing Loci exceeded,,,,,,,,,,,,,,,
Area124 (14) troll 169 3906,,Big_Cr_H_Col,5030,0.74,Spring_Cr_col,5030,0.23,Abernathy_NFH_F,5008,0.02,Lewis_R_f,5008,0.00,,,
Area124 (14) troll 169 3907,,Umatilla_H_Fa,5026,0.47,Priest_Rapid_H,5026,0.26,NanaimoSu_BackX,7,0.05,L_Deschutes_R,5004,0.04,Umatilla_H,5026,0.04
Area124 (14) troll 169 3909,,Priest_Rapid_H,5026,0.37,Wells_H,5026,0.33,L_Deschutes_R,5004,0.17,Hanford_Reach,5026,0.09,Umatilla_H_Fa,5026,0.04
Area124 (14) troll 169 3912,,Spring_Cr_col,5030,0.87,Abernathy_NFH_F,5008,0.11,Big_Cr_H_Col,5030,0.02,Umatilla_H_Fa,5026,0.00,Abernathy_Cr_Fa,5008,0.00
Area124 (14) troll 169 3914,,Wells_H,5026,0.46,Umatilla_H_Fa,5026,0.35,Priest_Rapid_H,5026,0.05,Lyons_Ferry_H,5021,0.04,L_Deschutes_R,5004,0.04
Area124 (14) troll 169 3925,,Lewis_R_Su,5008,0.48,Abernathy_NFH_F,5008,0.14,Lewis_R_f,5008,0.12,Spring_Cr_col,5030,0.09,Big_Cr_H_Col,5030,0.08
Area124 (14) troll 169 3926,,S_Prairie_Cr,5020,0.41,Clear_Cr_H,5020,0.16,Cedar_R_SuFa,5020,0.12,Hamma_Hamma_R,5005,0.12,George_Adams_H,5005,0.06
Area124 (14) troll 169 3927,,Abernathy_NFH_F,5008,0.85,Big_Cr_H_Col,5030,0.08,Spring_Cr_col,5030,0.05,Washougal_R_Fa,5008,0.01,Green_R_Fa,5008,0.01
Area124 (14) troll 176 9103,,L_Deschutes_R,5004,0.25,Priest_Rapid_H,5026,0.23,Umatilla_H_Fa,5026,0.16,Wells_H,5026,0.13,Spring_Cr_col,5030,0.11
Area124 (14) troll 176 9109,,Priest_Rapid_H,5026,0.63,Umatilla_H_Fa,5026,0.28,Hanford_Reach,5026,0.03,L_Deschutes_R,5004,0.02,Lyons_Ferry_H,5021,0.02
Area124 (14) troll 176 9115,,George_Adams_H,5005,0.57,Cedar_R_SuFa,5020,0.19,Hamma_Hamma_R,5005,0.16,Samish_H,5016,0.05,Bear_Cr_SuFa,5020,0.02
Area124 (14) troll 180 9401,,Lyons_Ferry_H,5021,0.28,Priest_Rapid_H,5026,0.27,Umatilla_H_Fa,5026,0.15,Nez_PerceT_H,5021,0.10,Lewis_R_Su,5008,0.07
Area124 (14) troll 180 9402,,L_Shuswap,5,0.58,Bessette,5,0.41,Duteau_Cr,5,0.00,Little_R,5,0.00,Eagle_R,5,0.00
Area124 (14) troll 180 9404,,Keta_R,5023,0.30,Salmon_R_f,5015,0.10,S_Coos_R,5011,0.08,Clear_Cr,5023,0.07,Craig,18,0.06
Area124 (14) troll 180 9408,,Priest_Rapid_H,5026,0.33,L_Deschutes_R,5004,0.19,Umatilla_H_Fa,5026,0.06,Skagit_R,5016,0.05,Methow_R,5026,0.03
Area124 (14) troll 180 9419,,L_Shuswap,5,0.60,Bessette,5,0.39,M_Shuswap,5,0.01,South_Thom,5,0.00,Duteau_Cr,5,0.00
Area124 (14) troll 180 9420,,Clear_Cr_H,5020,0.32,S_Prairie_Cr,5020,0.27,Puntledge_F,7,0.17,George_Adams_H,5005,0.09,Cedar_R_SuFa,5020,0.05
Area124 (14) troll 180 9422,,Tlupana,8,0.78,Conuma,8,0.10,Zeballos,8,0.07,Moyeha_R,8,0.03,Gold_R,8,0.01
Area124 (14) troll 180 9424,,Spring_Cr_col,5030,0.45,Big_Cr_H_Col,5030,0.34,Abernathy_NFH_F,5008,0.22,L_Deschutes_R,5004,0.00,Abernathy_Cr_Fa,5008,0.00
Area124 (14) troll 180 9426,,Nitinat,8,1.00,Skagit_R,5016,0.00,Toquart,8,0.00,S_Prairie_Cr,5020,0.00,L_Sauk_R,5016,0.00
Area124 (14) troll 180 9428,,Nitinat,8,1.00,Sooke,8,0.00,Toquart,8,0.00,,,,,,
Area124 (14) troll 180 9439,,Tlupana,8,0.81,Conuma,8,0.12,Zeballos,8,0.03,Tahsis,8,0.03,Moyeha_R,8,0.02
Area124 (14) troll 180 9443,,Nitinat,8,1.00,Sooke,8,0.00,Toquart,8,0.00,,,,,,
Area124 (14) troll 180 9444,,Tlupana,8,0.75,Conuma,8,0.14,Zeballos,8,0.08,Moyeha_R,8,0.03,Kaouk_R,8,0.00
Area124 (14) troll 180 9447,,Priest_Rapid_H,5026,0.78,Umatilla_H_Fa,5026,0.15,Hanford_Reach,5026,0.05,Priest_Rapids_H,5026,0.01,L_Wh_Sal_H_SF,5026,0.01
Area124 (14) troll 180 9453,,Umatilla_H_Fa,5026,0.63,Priest_Rapid_H,5026,0.27,Lyons_Ferry_H,5021,0.06,Hanford_Reach,5026,0.02,L_Wh_Sal_H_SF,5026,0.01
Area124 (14) troll 180 9455,,S_Prairie_Cr,5020,0.32,Clear_Cr_H,5020,0.28,Cedar_R_SuFa,5020,0.15,George_Adams_H,5005,0.07,Samish_H,5016,0.07
Area124 (14) troll 180 9459,,Umatilla_H_Fa,5026,0.32,L_Deschutes_R,5004,0.27,Priest_Rapid_H,5026,0.22,Lyons_Ferry_H,5021,0.10,Wells_H,5026,0.03
Area124 (14) troll 180 9463,,S_Prairie_Cr,5020,0.44,Cedar_R_SuFa,5020,0.16,Clear_Cr_H,5020,0.12,Samish_H,5016,0.11,George_Adams_H,5005,0.05
Area124 (14) troll 180 9464,,Spring_Cr_col,5030,0.91,Big_Cr_H_Col,5030,0.04,Abernathy_NFH_F,5008,0.03,Cowlitz_H_sp,5009,0.01,Elochoman_H,5030,0.00
Area124 (14) troll 180 9469,,Spring_Cr_col,5030,0.99,Big_Cr_H_Col,5030,0.00,Abernathy_NFH_F,5008,0.00,Green_R_Fa,5008,0.00,,,
Area124 (14) troll 180 9473,,Priest_Rapid_H,5026,0.56,Lyons_Ferry_H,5021,0.13,Nez_PerceT_H,5021,0.10,Umatilla_H_Fa,5026,0.10,Hanford_Reach,5026,0.02
Area124 (14) troll 180 9499,,Spring_Cr_col,5030,0.71,Abernathy_NFH_F,5008,0.27,Big_Cr_H_Col,5030,0.02,,,,,,
Area124 (14) troll 180 9505,,Puntledge_F,7,0.95,L_Qualicum,7,0.02,Big_Qualicum,7,0.01,Cowichan,7,0.01,Clear_Cr_H,5020,0.00
Area124 (14) troll 180 9506,,Samish_H,5016,0.37,S_Prairie_Cr,5020,0.35,George_Adams_H,5005,0.10,Hamma_Hamma_R,5005,0.09,Clear_Cr_H,5020,0.06
Area124 (14) troll 180 9507,,George_Adams_H,5005,0.50,Puntledge_F,7,0.15,Hamma_Hamma_R,5005,0.11,Cedar_R_SuFa,5020,0.08,S_Prairie_Cr,5020,0.07
Area124 (14) troll 180 9508,,Spring_Cr_col,5030,0.65,Big_Cr_H_Col,5030,0.18,Abernathy_NFH_F,5008,0.16,Green_R_Fa,5008,0.00,Elochoman_R_Fa,5008,0.00
Area124 (14) troll 180 9511,,Priest_Rapid_H,5026,0.68,L_Wh_Sal_H_SF,5026,0.11,L_Deschutes_R,5004,0.09,Umatilla_H_Fa,5026,0.08,Hanford_Reach,5026,0.02
Area124 (14) troll 180 9514,,Clear_Cr_H,5020,0.80,S_Prairie_Cr,5020,0.11,Cedar_R_SuFa,5020,0.04,George_Adams_H,5005,0.02,Skagit_R,5016,0.01
Area124 (14) troll 180 9515,,Samish_H,5016,0.34,S_Prairie_Cr,5020,0.20,Clear_Cr_H,5020,0.18,George_Adams_H,5005,0.17,Hamma_Hamma_R,5005,0.07
Area124 (14) troll 180 9518,,Cowlitz_H_sp,5009,0.97,Green_R_Fa,5008,0.03,Big_Cr_H_Col,5030,0.00,Washougal_R_Fa,5008,0.00,Lewis_H_sp,5009,0.00
Area124 (14) troll 180 9522,,Abernathy_NFH_F,5008,0.37,Big_Cr_H_Col,5030,0.24,Lewis_R_Su,5008,0.21,Lewis_R_f,5008,0.10,Cowlitz_H_sp,5009,0.02
Area124 (14) troll 180 9525,,L_Shuswap,5,0.59,Bessette,5,0.41,M_Shuswap,5,0.00,Little_R,5,0.00,,,
Area124 (14) troll 180 9528,,Spring_Cr_col,5030,0.91,Abernathy_NFH_F,5008,0.05,Big_Cr_H_Col,5030,0.04,Elochoman_H,5030,0.00,Chilliwack_F,3,0.00
Area124 (14) troll 181 9808,,Priest_Rapid_H,5026,0.50,Umatilla_H_Fa,5026,0.18,Skagit_R,5016,0.12,Puntledge_F,7,0.11,L_Qualicum,7,0.03
Area124 (14) troll 181 9811,,Lewis_R_Su,5008,0.62,Lewis_R_f,5008,0.08,Big_Cr_H_Col,5030,0.07,Wells_H,5026,0.03,Priest_Rapid_H,5026,0.03
Area124 (14) troll 181 9817,,Spring_Cr_col,5030,0.99,Abernathy_NFH_F,5008,0.01,,,,,,,,,
Area124 (14) troll 181 9821,,Tlupana,8,0.79,Conuma,8,0.13,Zeballos,8,0.04,Moyeha_R,8,0.02,Tahsis,8,0.01
Area124 (14) troll 181 9823,,Spring_Cr_col,5030,0.93,Abernathy_NFH_F,5008,0.06,Big_Cr_H_Col,5030,0.00,,,,,,
Area124 (14) troll 181 9827,,L_Shuswap,5,0.58,Bessette,5,0.40,Duteau_Cr,5,0.01,M_Shuswap,5,0.00,,,
Area124 (14) troll 181 9829,,Priest_Rapid_H,5026,0.83,Wells_H,5026,0.13,Hanford_Reach,5026,0.03,ClearwaterRFa,5021,0.01,Lyons_Ferry_H,5021,0.00
Area124 (14) troll 187 10101,,S_Prairie_Cr,5020,0.33,Clear_Cr_H,5020,0.29,Cedar_R_SuFa,5020,0.15,Hamma_Hamma_R,5005,0.09,George_Adams_H,5005,0.07
Area124 (14) troll 187 10102,,NF_Nooksack_H,5016,1.00,,,,,,,,,,,,
Area124 (14) troll 187 10103,,Spring_Cr_col,5030,0.97,Abernathy_NFH_F,5008,0.03,Big_Cr_H_Col,5030,0.00,Green_R_Fa,5008,0.00,Abernathy_Cr_Fa,5008,0.00
Area124 (14) troll 187 10104,,Spring_Cr_col,5030,0.51,Abernathy_NFH_F,5008,0.40,Big_Cr_H_Col,5030,0.10,Cowlitz_H_sp,5009,0.00,Abernathy_Cr_Fa,5008,0.00
Area124 (14) troll 187 10105,,Spring_Cr_col,5030,0.36,Lewis_R_Su,5008,0.26,Abernathy_NFH_F,5008,0.12,Lewis_R_f,5008,0.12,Green_R_Fa,5008,0.10
Area124 (14) troll 187 10106,,Priest_Rapid_H,5026,0.90,Umatilla_H_Fa,5026,0.05,Hanford_Reach,5026,0.01,Priest_Rapids_H,5026,0.01,Umatilla_H,5026,0.01
Area124 (14) troll 187 10107,,Gold_R,8,0.68,Robertson,8,0.25,Thornton,8,0.05,NanaimoSu_BackX,7,0.02,Moyeha_R,8,0.01
Area124 (14) troll 187 10108,,Clear_Cr_H,5020,0.87,Hamma_Hamma_R,5005,0.04,George_Adams_H,5005,0.03,Cedar_R_SuFa,5020,0.03,Bear_Cr_SuFa,5020,0.01
Area124 (14) troll 187 10109,,Priest_Rapid_H,5026,0.81,Wells_H,5026,0.06,Hanford_Reach,5026,0.06,Umatilla_H_Fa,5026,0.03,Lyons_Ferry_H,5021,0.02
Area124 (14) troll 187 10110,,Clear_Cr_H,5020,0.57,George_Adams_H,5005,0.19,S_Prairie_Cr,5020,0.11,Hamma_Hamma_R,5005,0.03,Cedar_R_SuFa,5020,0.03
Area124 (14) troll 187 10111,,George_Adams_H,5005,0.58,Hamma_Hamma_R,5005,0.18,Puntledge_F,7,0.08,Clear_Cr_H,5020,0.05,Cedar_R_SuFa,5020,0.04
Area124 (14) troll 187 10112,,Big_Cr_H_Col,5030,0.89,Spring_Cr_col,5030,0.07,Abernathy_NFH_F,5008,0.04,Elochoman_H,5030,0.00,,,
Area124 (14) troll 187 10113,,Big_Cr_H_Col,5030,0.75,Spring_Cr_col,5030,0.16,Abernathy_NFH_F,5008,0.09,Cowlitz_H_sp,5009,0.00,Green_R_Fa,5008,0.00
Area124 (14) troll 187 10114,,George_Adams_H,5005,0.31,L_Deschutes_R,5004,0.30,Clear_Cr_H,5020,0.13,Priest_Rapid_H,5026,0.09,Skagit_R,5016,0.04
Area124 (14) troll 187 10115,,Big_Cr_H_Col,5030,0.65,Abernathy_NFH_F,5008,0.32,Spring_Cr_col,5030,0.03,Lewis_R_Su,5008,0.01,Cowlitz_H_sp,5009,0.00
Area124 (14) troll 187 10116,,Priest_Rapid_H,5026,0.79,Lyons_Ferry_H,5021,0.06,Nez_PerceT_H,5021,0.04,Hanford_Reach,5026,0.03,L_Deschutes_R,5004,0.03
Area124 (14) troll 187 10117,,Spring_Cr_col,5030,0.98,Big_Cr_H_Col,5030,0.02,Abernathy_NFH_F,5008,0.00,Elochoman_R_Fa,5008,0.00,,,
Area124 (14) troll 187 10118,,Gold_R,8,0.67,Robertson,8,0.27,Moyeha_R,8,0.04,NanaimoSu_BackX,7,0.01,Tlupana,8,0.00
Area124 (14) troll 187 10119,,George_Adams_H,5005,0.39,Samish_H,5016,0.19,S_Prairie_Cr,5020,0.11,Hamma_Hamma_R,5005,0.11,Cedar_R_SuFa,5020,0.10
Area124 (14) troll 187 10120,,Big_Cr_H_Col,5030,0.74,Spring_Cr_col,5030,0.20,Abernathy_NFH_F,5008,0.06,Green_R_Fa,5008,0.00,Elochoman_H,5030,0.00
Area124 (14) troll 187 10121,,George_Adams_H,5005,0.39,Cedar_R_SuFa,5020,0.17,Hamma_Hamma_R,5005,0.14,Clear_Cr_H,5020,0.13,Bear_Cr_SuFa,5020,0.06
Area124 (14) troll 187 10122,,Skagit_R,5016,0.53,L_Sauk_R,5016,0.44,Umatilla_H_Fa,5026,0.01,U_Sauk_R_SpSu,5016,0.01,Umpqua_H,5011,0.00
Area124 (14) troll 187 10123,,Abernathy_NFH_F,5008,0.98,Big_Cr_H_Col,5030,0.01,Spring_Cr_col,5030,0.01,Lewis_R_Su,5008,0.00,Elochoman_H,5030,0.00
Area124 (14) troll 187 10124,,Cowlitz_H_sp,5009,1.00,Cowlitz_H_fa,5008,0.00,Lewis_R_Su,5008,0.00,,,,,,
Area124 (14) troll 187 10125,,Harrison,3,0.54,Chilliwack_F,3,0.37,NF_Nooksack_H,5016,0.03,South_Thom,5,0.03,NanaimoSu_BackX,7,0.02
Area124 (14) troll 187 10126,,Spring_Cr_col,5030,0.87,Big_Cr_H_Col,5030,0.09,Abernathy_NFH_F,5008,0.03,Cowlitz_H_sp,5009,0.00,,,
Area124 (14) troll 187 10127,,Abernathy_NFH_F,5008,0.89,Green_R_Fa,5008,0.08,Spring_Cr_col,5030,0.02,Big_Cr_H_Col,5030,0.01,Washougal_R_Fa,5008,0.00
Area124 (14) troll 187 10128,,Chilliwack_F,3,0.77,Harrison,3,0.23,Stuart,2,0.00,NanaimoSu_BackX,7,0.00,Kuzkwa_Cr,2,0.00
Area124 (14) troll 187 10129,,Clear_Cr_H,5020,0.91,Cedar_R_SuFa,5020,0.05,Bear_Cr_SuFa,5020,0.02,S_Prairie_Cr,5020,0.01,George_Adams_H,5005,0.01
Area124 (14) troll 187 10130,,S_Prairie_Cr,5020,0.42,Clear_Cr_H,5020,0.26,Cedar_R_SuFa,5020,0.12,George_Adams_H,5005,0.08,Hamma_Hamma_R,5005,0.06
Area124 (14) troll 187 10131,,Clear_Cr_H,5020,0.70,Samish_H,5016,0.21,S_Prairie_Cr,5020,0.06,Cedar_R_SuFa,5020,0.02,Hamma_Hamma_R,5005,0.00
Area124 (14) troll 187 10132,,S_Prairie_Cr,5020,0.47,Cedar_R_SuFa,5020,0.18,Hamma_Hamma_R,5005,0.16,George_Adams_H,5005,0.10,Bear_Cr_SuFa,5020,0.04
Area124 (14) troll 187 10133,,George_Adams_H,5005,0.44,Puntledge_F,7,0.20,Skagit_R,5016,0.09,Cedar_R_SuFa,5020,0.08,L_Qualicum,7,0.03
Area124 (14) troll 187 10134,,George_Adams_H,5005,0.59,Cedar_R_SuFa,5020,0.18,Hamma_Hamma_R,5005,0.17,Bear_Cr_SuFa,5020,0.03,Samish_H,5016,0.02
Area124 (14) troll 187 10135,,Tlupana,8,0.62,Gold_R,8,0.10,Robertson,8,0.09,Conuma,8,0.08,Zeballos,8,0.07
Area124 (14) troll 187 10136,,Big_Cr_H_Col,5030,0.56,Spring_Cr_col,5030,0.41,Abernathy_NFH_F,5008,0.02,Lewis_R_Su,5008,0.00,Cowlitz_H_sp,5009,0.00
Area124 (14) troll 187 10137,,Spring_Cr_col,5030,0.73,Big_Cr_H_Col,5030,0.27,Abernathy_NFH_F,5008,0.00,Elochoman_H,5030,0.00,,,
Area124 (14) troll 187 10138,,Dungeness_R,5006,0.53,Skagit_R,5016,0.26,Salmon_R_f,5015,0.09,U_Skagit_R,5016,0.05,Puntledge_F,7,0.02
Area124 (14) troll 187 10139,,George_Adams_H,5005,0.53,Cedar_R_SuFa,5020,0.18,Hamma_Hamma_R,5005,0.15,Samish_H,5016,0.05,S_Prairie_Cr,5020,0.04
Area124 (14) troll 187 10140,,Lewis_R_Su,5008,0.69,Lewis_R_f,5008,0.14,Green_R_Fa,5008,0.09,Abernathy_NFH_F,5008,0.05,Washougal_R_Fa,5008,0.01
Area124 (14) troll 187 10141,,Wells_H,5026,0.35,Priest_Rapid_H,5026,0.25,Umatilla_H_Fa,5026,0.23,Wenatchee_R_SF,5026,0.06,L_Deschutes_R,5004,0.05
Area124 (14) troll 187 10142,,Spring_Cr_col,5030,0.87,Abernathy_NFH_F,5008,0.12,Big_Cr_H_Col,5030,0.01,Cowlitz_H_sp,5009,0.00,Lewis_R_Su,5008,0.00
Area124 (14) troll 187 10143,,Skagit_R,5016,0.80,L_Sauk_R,5016,0.08,Marblemount_HSp,5016,0.06,NF_Nooksack_H,5016,0.04,Marblemount_Hsu,5016,0.01
Area124 (14) troll 187 10144,,Abernathy_NFH_F,5008,0.67,Spring_Cr_col,5030,0.33,Big_Cr_H_Col,5030,0.01,Lewis_R_Su,5008,0.00,,,
Area124 (14) troll 187 10145,Dupe with 158,Abernathy_NFH_F,5008,0.65,Spring_Cr_col,5030,0.34,Big_Cr_H_Col,5030,0.01,,,,,,
Area124 (14) troll 187 10146,,Clear_Cr_H,5020,0.85,Samish_H,5016,0.06,George_Adams_H,5005,0.02,Cedar_R_SuFa,5020,0.02,Bear_Cr_SuFa,5020,0.01
Area124 (14) troll 187 10147,,Spring_Cr_col,5030,0.80,Big_Cr_H_Col,5030,0.13,Abernathy_NFH_F,5008,0.06,Elochoman_H,5030,0.00,Umatilla_H_Fa,5026,0.00
Area124 (14) troll 187 10148,Dupe with 155,Abernathy_NFH_F,5008,0.66,Spring_Cr_col,5030,0.33,Big_Cr_H_Col,5030,0.01,Lewis_R_Su,5008,0.00,,,
Area124 (14) troll 187 10149,,NF_Nooksack_H,5016,1.00,U_Skagit_R,5016,0.00,Priest_Rapid_H,5026,0.00,Clear_Cr_H,5020,0.00,S_Prairie_Cr,5020,0.00
Area124 (14) troll 187 10150,,S_Prairie_Cr,5020,0.48,Samish_H,5016,0.37,Hamma_Hamma_R,5005,0.10,Puntledge_F,7,0.02,Clear_Cr_H,5020,0.01
Area124 (14) troll 187 10151,,Clear_Cr_H,5020,0.70,Cedar_R_SuFa,5020,0.19,Bear_Cr_SuFa,5020,0.04,Hamma_Hamma_R,5005,0.03,Samish_H,5016,0.03
Area124 (14) troll 187 10152,,Little_R,5,0.31,NF_Nooksack_H,5016,0.20,South_Thom,5,0.19,L_Adams,5,0.11,Harrison,3,0.09
Area124 (14) troll 187 10153,,Big_Cr_H_Col,5030,0.98,Abernathy_NFH_F,5008,0.01,Spring_Cr_col,5030,0.01,,,,,,
Area124 (14) troll 187 10154,,Spring_Cr_col,5030,0.48,Big_Cr_H_Col,5030,0.30,Abernathy_NFH_F,5008,0.22,Green_R_Fa,5008,0.00,Elochoman_H,5030,0.00
Area124 (14) troll 187 10155,,Clear_Cr_H,5020,0.67,George_Adams_H,5005,0.29,S_Prairie_Cr,5020,0.02,Cedar_R_SuFa,5020,0.01,Bear_Cr_SuFa,5020,0.01
Area124 (14) troll 187 10156,,Puntledge_F,7,0.84,Chemainus,7,0.13,L_Qualicum,7,0.02,Cowichan,7,0.01,Big_Qualicum,7,0.00
Area124 (14) troll 187 10157,,Puntledge_F,7,0.94,L_Qualicum,7,0.03,Chemainus,7,0.01,S_Umpqua_H,5011,0.01,Cheakamus_F,9,0.00
Area124 (14) troll 187 10158,,George_Adams_H,5005,0.42,Clear_Cr_H,5020,0.16,Hamma_Hamma_R,5005,0.14,S_Prairie_Cr,5020,0.10,Cedar_R_SuFa,5020,0.06
Area124 (14) troll 187 10159,,Tlupana,8,0.78,Conuma,8,0.10,Zeballos,8,0.05,Moyeha_R,8,0.04,Tahsis,8,0.03
Area124 (14) troll 187 10160,,Clear_Cr_H,5020,0.56,S_Prairie_Cr,5020,0.23,Bear_Cr_SuFa,5020,0.07,Samish_H,5016,0.05,Hamma_Hamma_R,5005,0.03
Area124 (14) troll 187 10161,,Skagit_R,5016,0.63,Marblemount_HSp,5016,0.18,L_Sauk_R,5016,0.08,U_Skagit_R,5016,0.07,U_Sauk_R,5016,0.03
Area124 (14) troll 187 10162,,L_Sauk_R,5016,0.84,Priest_Rapid_H,5026,0.05,Skagit_R,5016,0.05,Umatilla_H_Fa,5026,0.04,Skykomish_R,5016,0.02
Area124 (14) troll 187 10163,,Priest_Rapid_H,5026,0.60,Umatilla_H_Fa,5026,0.30,Hanford_Reach,5026,0.06,L_Wh_Sal_H_SF,5026,0.02,Priest_Rapids_H,5026,0.02
Area124 (14) troll 187 10164,,George_Adams_H,5005,0.38,Clear_Cr_H,5020,0.31,Hamma_Hamma_R,5005,0.11,S_Prairie_Cr,5020,0.10,Bear_Cr_SuFa,5020,0.03
Area124 (14) troll 187 10165,,Clear_Cr_H,5020,0.60,Cedar_R_SuFa,5020,0.15,George_Adams_H,5005,0.10,Hamma_Hamma_R,5005,0.09,Bear_Cr_SuFa,5020,0.03
Area124 (14) troll 187 10166,,L_Sauk_R,5016,0.60,Skagit_R,5016,0.39,Clear_Cr_H,5020,0.00,NF_Nooksack_H,5016,0.00,S_Prairie_Cr,5020,0.00
Area124 (14) troll 187 10167,,Spring_Cr_col,5030,0.96,Abernathy_NFH_F,5008,0.02,Big_Cr_H_Col,5030,0.02,Lewis_R_Su,5008,0.00,Green_R_Fa,5008,0.00
Area124 (14) troll 187 10168,,Puntledge_F,7,0.94,Skagit_R,5016,0.03,L_Qualicum,7,0.02,Cowichan,7,0.00,Marblemount_Hsu,5016,0.00
Area124 (14) troll 187 10169,,Big_Cr_H_Col,5030,0.94,Spring_Cr_col,5030,0.04,Abernathy_NFH_F,5008,0.03,,,,,,
Area124 (14) troll 187 10170,Number of missing Loci exceeded,,,,,,,,,,,,,,,
Area124 (14) troll 187 10171,,Umatilla_H_Fa,5026,0.75,Lyons_Ferry_H,5021,0.15,Priest_Rapid_H,5026,0.05,Nez_PerceT_H,5021,0.02,Marion_Drain_Fa,5026,0.01
Area124 (14) troll 187 10172,,Clear_Cr_H,5020,0.32,George_Adams_H,5005,0.32,Hamma_Hamma_R,5005,0.15,S_Prairie_Cr,5020,0.12,Cedar_R_SuFa,5020,0.06
Area124 (14) troll 187 10173,,Tlupana,8,0.76,Conuma,8,0.10,Zeballos,8,0.08,Moyeha_R,8,0.05,Gold_R,8,0.00
Area124 (14) troll 189 10001,,Clear_Cr_H,5020,0.92,Cedar_R_SuFa,5020,0.07,Hamma_Hamma_R,5005,0.01,S_Prairie_Cr,5020,0.00,Bear_Cr_SuFa,5020,0.00
Area124 (14) troll 189 10003,,Clear_Cr_H,5020,0.76,Samish_H,5016,0.10,George_Adams_H,5005,0.09,Cedar_R_SuFa,5020,0.03,Soos_H,5020,0.01
Area124 (14) troll 189 10004,,S_Prairie_Cr,5020,0.34,Clear_Cr_H,5020,0.33,Samish_H,5016,0.26,Bear_Cr_SuFa,5020,0.02,George_Adams_H,5005,0.02
Area124 (14) troll 189 10005,,S_Prairie_Cr,5020,0.28,George_Adams_H,5005,0.22,Cedar_R_SuFa,5020,0.12,Clear_Cr_H,5020,0.11,Samish_H,5016,0.10
Area124 (14) troll 189 10006,Number of missing Loci exceeded,,,,,,,,,,,,,,,
Area124 (14) troll 189 10007,,Spring_Cr_col,5030,0.64,Abernathy_NFH_F,5008,0.19,Big_Cr_H_Col,5030,0.18,Green_R_Fa,5008,0.00,Elochoman_H,5030,0.00
Area124 (14) troll 189 10008,,Clear_Cr_H,5020,0.61,S_Prairie_Cr,5020,0.20,Cedar_R_SuFa,5020,0.06,George_Adams_H,5005,0.03,Voights_H,5020,0.02
Area124 (14) troll 189 10009,,Clear_Cr_H,5020,0.72,George_Adams_H,5005,0.22,Cedar_R_SuFa,5020,0.02,Hamma_Hamma_R,5005,0.02,Bear_Cr_SuFa,5020,0.01
Area124 (14) troll 189 10010,,L_Sauk_R,5016,0.37,Samish_H,5016,0.25,Skagit_R,5016,0.11,S_Prairie_Cr,5020,0.09,Clear_Cr_H,5020,0.06
Area124 (14) troll 189 10011,,Spring_Cr_col,5030,0.98,Abernathy_NFH_F,5008,0.02,Big_Cr_H_Col,5030,0.01,Cowlitz_H_sp,5009,0.00,Lewis_R_Su,5008,0.00
Area124 (14) troll 189 10012,,L_Shuswap,5,0.44,Clear_Cr_H,5020,0.16,Bessette,5,0.11,Little_R,5,0.08,Stuart,2,0.06
Area124 (14) troll 189 10013,,Priest_Rapid_H,5026,0.75,Umatilla_H_Fa,5026,0.12,Hanford_Reach,5026,0.07,Nez_PerceT_H,5021,0.03,L_Wh_Sal_H_SF,5026,0.01
Area124 (14) troll 189 10014,Number of missing Loci exceeded,,,,,,,,,,,,,,,
Area124 (14) troll 189 10015,Dupe with 195,NanaimoSu_BackX,7,0.50,Skagit_R,5016,0.21,S_Coos_R,5011,0.17,U_Sauk_R,5016,0.06,Marblemount_Hsu,5016,0.05
Area124 (14) troll 189 10016,Dupe with 194,NanaimoSu_BackX,7,0.50,Skagit_R,5016,0.21,S_Coos_R,5011,0.17,U_Sauk_R,5016,0.06,Marblemount_Hsu,5016,0.05
Area124 (14) troll 189 10017,,Stuart,2,0.52,Elkin_R,2,0.22,Kenneth_Cr,1,0.07,NanaimoSu_BackX,7,0.06,Westroad,2,0.06
Area124 (14) troll 189 10018,,Priest_Rapid_H,5026,0.46,Umatilla_H_Fa,5026,0.21,L_Deschutes_R,5004,0.07,Wells_H,5026,0.06,Nez_PerceT_H,5021,0.04
Area124 (14) troll 189 10019,,Priest_Rapid_H,5026,0.62,Umatilla_H_Fa,5026,0.27,L_Deschutes_R,5004,0.05,Hanford_Reach,5026,0.03,Umatilla_H,5026,0.01
Area124 (14) troll 189 10020,,Abernathy_NFH_F,5008,0.98,Big_Cr_H_Col,5030,0.01,Spring_Cr_col,5030,0.01,Elochoman_H,5030,0.00,,,
Area124 (14) troll 189 10021,Number of missing Loci exceeded,,,,,,,,,,,,,,,
Area124 (14) troll 189 10022,,Priest_Rapid_H,5026,0.68,Umatilla_H_Fa,5026,0.28,L_Deschutes_R,5004,0.02,Nez_PerceT_H,5021,0.01,L_Wh_Sal_H_SF,5026,0.00
Area124 (14) troll 189 10023,,Lewis_R_Su,5008,0.72,S_Umpqua_H,5011,0.11,Green_R_Fa,5008,0.06,Lewis_R_f,5008,0.03,Lewis_R_LSu,5008,0.02
Area124 (14) troll 189 10024,,Priest_Rapid_H,5026,0.45,Umatilla_H_Fa,5026,0.40,Nez_PerceT_H,5021,0.04,Hanford_Reach,5026,0.04,Wells_H,5026,0.03
Area124 (14) troll 189 10025,,Little_R,5,0.35,Stuart,2,0.23,South_Thom,5,0.22,Harrison,3,0.06,Westroad,2,0.05
Area124 (14) troll 189 10026,,S_Prairie_Cr,5020,0.49,Samish_H,5016,0.41,Hamma_Hamma_R,5005,0.09,George_Adams_H,5005,0.01,Clear_Cr_H,5020,0.00
Area124 (14) troll 189 10027,,Big_Cr_H_Col,5030,0.51,Spring_Cr_col,5030,0.48,Abernathy_NFH_F,5008,0.00,,,,,,
,,,,,,,,,,,,,,,,
Sample: 51, Area125,2014, troll, May03-Jul28,,,,,,,,,,,,
Area125 (14) troll 123 1305,,Umpqua_H,5011,0.56,Hanford_Reach,5026,0.40,L_Wh_Sal_H_SF,5026,0.03,Millicoma_R,5011,0.00,Lyons_Ferry_H,5021,0.00
Area125 (14) troll 123 1311,,Umpqua_H,5011,0.94,Millicoma_R,5011,0.03,Cole_Rivers_H,5019,0.01,Hanford_Reach,5026,0.01,S_Coos_R,5011,0.01
Area125 (14) troll 123 1315,,Hanford_Reach,5026,0.86,Wenatchee_R_SF,5026,0.05,Methow_R,5026,0.04,Priest_Rapid_H,5026,0.02,Umatilla_H_Fa,5026,0.02
Area125 (14) troll 123 1321,,Umpqua_H,5011,0.92,Cole_Rivers_H,5019,0.05,S_Umpqua_H,5011,0.01,Chetco_R,5012,0.01,Trask_R,5015,0.01
Area125 (14) troll 123 1322,,Hanford_Reach,5026,0.95,Umpqua_H,5011,0.03,Wenatchee_R_SF,5026,0.01,Methow_R,5026,0.00,Umatilla_H_Fa,5026,0.00
Area125 (14) troll 147 3009,,Skagit_R,5016,0.49,U_Skagit_R,5016,0.34,N_Thom@Main,4,0.12,U_Sauk_R_SpSu,5016,0.04,South_Thom,5,0.01
Area125 (14) troll 147 3015,,Hanford_Reach,5026,0.95,Umatilla_H_Fa,5026,0.02,Methow_R,5026,0.01,Wenatchee_R_SF,5026,0.01,L_Wh_Sal_H_SF,5026,0.00
Area125 (14) troll 147 3033,,Tlupana,8,0.42,Zeballos,8,0.41,Megin_R,8,0.09,Conuma,8,0.05,Moyeha_R,8,0.04
Area125 (14) troll 147 3035,,Hanford_Reach,5026,0.97,Methow_R,5026,0.01,Priest_Rapid_H,5026,0.01,Wells_H,5026,0.00,Priest_Rapids_H,5026,0.00
Area125 (14) troll 147 3102,,Hanford_Reach,5026,0.75,Umpqua_H,5011,0.23,Millicoma_R,5011,0.01,Umatilla_H_Fa,5026,0.00,L_Wh_Sal_H_SF,5026,0.00
Area125 (14) troll 147 3104,,Lewis_R_f,5008,0.96,Lewis_R_Su,5008,0.04,Hanford_Reach,5026,0.00,,,,,,
Area125 (14) troll 147 3112,,Stuart,2,0.73,Harrison,3,0.09,N_Thom@Main,4,0.07,Skagit_R,5016,0.03,Torpy,1,0.02
Area125 (14) troll 147 3115,,San_Juan,8,0.77,Mill_Cr_sp,5002,0.08,Queets_R,5028,0.08,U_Skagit_R,5016,0.07,Lewis_R_Su,5008,0.00
Area125 (14) troll 147 3118,,Nicola,6,0.83,Deadman,6,0.14,Coldwater,6,0.03,U_Spius_SP,6,0.00,Bonaparte,6,0.00
Area125 (14) troll 147 3130,,Grovers_Cr_H,5020,0.63,Cedar_R_SuFa,5020,0.30,Voights_H,5020,0.03,Soos_H,5020,0.02,S_Prairie_Cr,5020,0.01
Area125 (14) troll 147 3131,,Nicola,6,0.83,Deadman,6,0.14,Coldwater,6,0.03,Spius,6,0.00,,,
Area125 (14) troll 147 3133,,Seymour@Thomp,5,0.73,Eagle_R,5,0.27,,,,,,,,,
Area125 (14) troll 147 3140,,Hanford_Reach,5026,0.99,Methow_R,5026,0.01,Wenatchee_R_SF,5026,0.00,Umatilla_H_Fa,5026,0.00,Nez_PerceT_H,5021,0.00
Area125 (14) troll 147 3147,,Robertson,8,0.86,Gold_R,8,0.10,Thornton,8,0.03,,,,,,
Area125 (14) troll 209 22007,,Hanford_Reach,5026,0.94,Methow_R,5026,0.02,Wenatchee_R_SF,5026,0.01,Umatilla_H_Fa,5026,0.01,Mill_Cr_sp,5002,0.01
Area125 (14) troll 209 22010,,Quilayute_R,5028,0.37,Hanford_Reach,5026,0.24,Queets_R,5028,0.21,Hoh_R,5028,0.17,Abernathy_Cr_Fa,5008,0.00
Area125 (14) troll 209 22011,,Hanford_Reach,5026,0.93,Umatilla_H_Fa,5026,0.03,Wenatchee_R_SF,5026,0.02,Priest_Rapid_H,5026,0.02,Methow_R,5026,0.00
Area125 (14) troll 209 22014,,Stuart,2,0.90,Harrison,3,0.06,Torpy,1,0.01,Capilano,9,0.01,Nechako,2,0.00
Area125 (14) troll 209 22017,,Millicoma_R,5011,0.49,S_Coos_R,5011,0.34,Coos_H,5011,0.17,Necanicum_H,5015,0.01,Wilson_R,5015,0.00
Area125 (14) troll 209 22019,,Hanford_Reach,5026,0.55,Lewis_R_f,5008,0.31,Umpqua_H,5011,0.06,Lewis_R_Su,5008,0.04,Forks_Cr_H,5028,0.01
Area125 (14) troll 209 22021,,Hanford_Reach,5026,0.55,Grovers_Cr_H,5020,0.33,Cedar_R_SuFa,5020,0.11,Bear_Cr_SuFa,5020,0.00,Wenatchee_R_SF,5026,0.00
Area125 (14) troll 209 22027,,Hanford_Reach,5026,0.91,Wenatchee_R_SF,5026,0.06,Priest_Rapid_H,5026,0.02,Methow_R,5026,0.01,Grovers_Cr_H,5020,0.00
Area125 (14) troll 209 22028,,Zeballos,8,0.42,Tlupana,8,0.39,Megin_R,8,0.09,Conuma,8,0.05,Moyeha_R,8,0.04
Area125 (14) troll 209 22030,,Lewis_R_f,5008,0.96,Lewis_R_Su,5008,0.04,Hanford_Reach,5026,0.00,Forks_Cr_H,5028,0.00,,,
Area125 (14) troll 209 22032,Dupe with 32,South_Thom,5,0.99,Hanford_Reach,5026,0.01,Little_R,5,0.00,,,,,,
Area125 (14) troll 209 22033,,Grovers_Cr_H,5020,0.63,Cedar_R_SuFa,5020,0.29,Voights_H,5020,0.04,S_Prairie_Cr,5020,0.02,Soos_H,5020,0.02
Area125 (14) troll 209 22036,Dupe with 30,South_Thom,5,0.99,Little_R,5,0.00,Hanford_Reach,5026,0.00,,,,,,
Area125 (14) troll 209 22039,,Millicoma_R,5011,0.68,S_Coos_R,5011,0.31,Quilayute_R,5028,0.00,Coos_H,5011,0.00,Grovers_Cr_H,5020,0.00
Area125 (14) troll 209 22101,,Millicoma_R,5011,0.59,S_Coos_R,5011,0.33,Coos_H,5011,0.07,Queets_R,5028,0.00,Abernathy_Cr_Fa,5008,0.00
Area125 (14) troll 209 22107,,Forks_Cr_H,5028,0.39,S_Coos_R,5011,0.24,Skagit_R,5016,0.11,Cripple_Cr,5023,0.08,Grovers_Cr_H,5020,0.07
Area125 (14) troll 209 22110,,Cowichan,7,0.26,Big_Qualicum,7,0.24,Puntledge_F,7,0.11,South_Thom,5,0.11,Nanaimo_F,7,0.08
Area125 (14) troll 209 22112,,Chilliwack_F,3,0.92,Harrison,3,0.06,Chilliwac@Stav,3,0.01,Stuart,2,0.00,,,
Area125 (14) troll 209 22114,,Chilliwack_F,3,0.93,Harrison,3,0.06,Chilliwac@Stav,3,0.01,,,,,,
Area125 (14) troll 209 22115,,Hanford_Reach,5026,0.97,Methow_R,5026,0.01,Umatilla_H_Fa,5026,0.01,Priest_Rapid_H,5026,0.00,L_Wh_Sal_H_SF,5026,0.00
Area125 (14) troll 209 22119,,Hanford_Reach,5026,0.93,Umatilla_H_Fa,5026,0.05,Priest_Rapid_H,5026,0.01,Marion_Drain_Fa,5026,0.00,L_Deschutes_R,5004,0.00
Area125 (14) troll 209 22130,,Stuart,2,0.52,Seymour@Thomp,5,0.10,Skagit_R,5016,0.09,N_Thom@Main,4,0.07,Voights_H,5020,0.04
Area125 (14) troll 209 22133,,Hanford_Reach,5026,0.28,Grovers_Cr_H,5020,0.22,Cedar_R_SuFa,5020,0.12,Cowichan,7,0.07,Big_Qualicum,7,0.05
Area125 (14) troll 209 22134,,Hanford_Reach,5026,0.98,Umatilla_H_Fa,5026,0.01,Nez_PerceT_H,5021,0.00,Lyons_Ferry_H,5021,0.00,Priest_Rapid_H,5026,0.00
Area125 (14) troll 209 22139,,Big_Cr_H_Col,5030,0.70,Abernathy_Cr_Fa,5008,0.25,Elochoman_H,5030,0.03,Lewis_R_Su,5008,0.01,Spring_Cr_col,5030,0.01
,,,,,,,,,,,,,,,,
Sample: 52, Area126,2014, troll, Mar05-Aug06,,,,,,,,,,,,
Area126 (14) troll 114 1609,,Umpqua_H,5011,0.43,Millicoma_R,5011,0.29,Umatilla_H_Fa,5026,0.08,Elochoman_R_Fa,5008,0.06,Hanford_Reach,5026,0.02
Area126 (14) troll 114 1611,,Hanford_Reach,5026,0.74,Umatilla_H_Fa,5026,0.09,Priest_Rapid_H,5026,0.05,Nez_PerceT_H,5021,0.04,Methow_R,5026,0.03
Area126 (14) troll 114 1612,,Harrison,3,0.19,Hamma_Hamma_R,5005,0.15,L_Thompson,5,0.15,Grovers_Cr_H,5020,0.10,Samish_H,5016,0.08
Area126 (14) troll 114 1613,,Washougal_R_Fa,5008,0.83,Lewis_R_Su,5008,0.07,Lewis_R_LSu,5008,0.03,Cowlitz_H_fa,5008,0.03,Green_R_Fa,5008,0.01
Area126 (14) troll 114 1614,,Hanford_Reach,5026,0.72,George_Adams_H,5005,0.10,Priest_Rapid_H,5026,0.06,Wells_H,5026,0.04,Methow_R,5026,0.03
Area126 (14) troll 114 1615,,Hanford_Reach,5026,0.43,Priest_Rapid_H,5026,0.30,Wenatchee_R_SF,5026,0.11,Methow_R,5026,0.11,Lyons_Ferry_H,5021,0.03
Area126 (14) troll 114 1616,,Hanford_Reach,5026,0.60,S_Umpqua_H,5011,0.32,L_Wh_Sal_H_SF,5026,0.04,Umatilla_H_Fa,5026,0.02,U_Deschutes_R,5004,0.01
Area126 (14) troll 114 1617,,Spring_Cr_col,5030,0.50,N_Santiam_H,5029,0.44,McKenzie_H,5029,0.05,Abernathy_NFH_F,5008,0.01,Kalama_H_sp,5009,0.00
Area126 (14) troll 114 1618,,Wenatchee_R_SF,5026,0.60,Methow_R,5026,0.19,Priest_Rapid_H,5026,0.10,Hanford_Reach,5026,0.07,Wells_H,5026,0.03
Area126 (14) troll 114 1620,,Hanford_Reach,5026,0.55,Methow_R,5026,0.27,Priest_Rapid_H,5026,0.12,Wells_H,5026,0.03,Wenatchee_R_SF,5026,0.02
Area126 (14) troll 114 1622,,Stanislaus_R,5001,0.21,Feather_H_fa,5001,0.17,Nez_PerceT_H,5021,0.13,NanaimoSu_BackX,7,0.10,Methow_R,5026,0.06
Area126 (14) troll 114 1623,,Neechanze,10,0.52,L_Wh_Sal_H_SF,5026,0.20,Kalama_H_sp,5009,0.07,Seaskinnish,11,0.03,Lewis_H_sp,5009,0.03
Area126 (14) troll 114 1626,,Priest_Rapid_H,5026,0.34,Feather_H_fa,5001,0.26,Umatilla_H_Fa,5026,0.23,Stanislaus_R,5001,0.11,Umatilla_H,5026,0.05
Area126 (14) troll 114 1627,,Priest_Rapid_H,5026,0.53,Umatilla_H_Fa,5026,0.18,L_Wh_Sal_H_SF,5026,0.14,Nez_PerceT_H,5021,0.05,Hanford_Reach,5026,0.05
Area126 (14) troll 114 1628,,Umatilla_H_Fa,5026,0.38,Priest_Rapid_H,5026,0.25,Hanford_Reach,5026,0.17,Wenatchee_R_SF,5026,0.09,Wells_H,5026,0.03
Area126 (14) troll 114 1629,,Priest_Rapid_H,5026,0.38,Wells_H,5026,0.27,Methow_R,5026,0.21,Wenatchee_R_SF,5026,0.05,Hanford_Reach,5026,0.03
Area126 (14) troll 114 1631,,Hanford_Reach,5026,0.82,Priest_Rapid_H,5026,0.16,Umatilla_H_Fa,5026,0.00,Wells_H,5026,0.00,Methow_R,5026,0.00
Area126 (14) troll 114 1634,,Hanford_Reach,5026,0.51,U_Deschutes_R,5004,0.18,Priest_Rapid_H,5026,0.11,Marion_Drain_Fa,5026,0.08,Lyons_Ferry_H,5021,0.06
Area126 (14) troll 114 1635,,L_Adams,5,0.75,L_Shuswap,5,0.10,Little_R,5,0.09,L_Thompson,5,0.04,South_Thom,5,0.01
Area126 (14) troll 114 1637,,Priest_Rapid_H,5026,0.63,Umatilla_H,5026,0.09,Hanford_Reach,5026,0.08,Methow_R,5026,0.06,Wells_H,5026,0.06
Area126 (14) troll 114 1639,,Coos_H,5011,0.52,Millicoma_R,5011,0.31,Alsea_R,5015,0.11,S_Umpqua_H,5011,0.02,Trask_R,5015,0.01
Area126 (14) troll 114 1640,,Hanford_Reach,5026,0.44,Umatilla_H_Fa,5026,0.28,Priest_Rapid_H,5026,0.21,Wells_H,5026,0.03,Wenatchee_R_SF,5026,0.03
Area126 (14) troll 114 1801,,George_Adams_H,5005,0.47,Samish_H,5016,0.20,NF_Skokomish_F,5005,0.20,Voights_H,5020,0.06,L_Skagit_R_Fa,5016,0.02
Area126 (14) troll 114 1802,,Spring_Cr_col,5030,1.00,Green_R_Fa,5008,0.00,Cowlitz_H_fa,5008,0.00,Abernathy_Cr_Fa,5008,0.00,,,
Area126 (14) troll 114 1803,,Trask_R,5015,0.48,Millicoma_R,5011,0.30,Umpqua_H,5011,0.08,Lewis_R_Su,5008,0.05,Washougal_R_Fa,5008,0.03
Area126 (14) troll 114 1804,,Wenatchee_R_SF,5026,0.57,Wells_H,5026,0.18,Priest_Rapid_H,5026,0.13,Hanford_Reach,5026,0.05,Priest_Rapids_H,5026,0.03
Area126 (14) troll 114 1806,,L_Wh_Sal_H_SF,5026,0.53,Priest_Rapid_H,5026,0.21,Hanford_Reach,5026,0.15,Wells_H,5026,0.09,Wenatchee_R_SF,5026,0.01
Area126 (14) troll 114 1807,,Priest_Rapid_H,5026,0.33,Methow_R,5026,0.24,Wells_H,5026,0.18,Hanford_Reach,5026,0.14,Umatilla_H_Fa,5026,0.08
Area126 (14) troll 114 1808,,Priest_Rapid_H,5026,0.50,Hanford_Reach,5026,0.24,Umatilla_H_Fa,5026,0.13,Umatilla_H,5026,0.10,Marion_Drain_Fa,5026,0.01
Area126 (14) troll 114 1809,,Hanford_Reach,5026,0.85,Priest_Rapid_H,5026,0.08,Umatilla_H_Fa,5026,0.04,L_Wh_Sal_H_SF,5026,0.01,Lyons_Ferry_H,5021,0.01
Area126 (14) troll 114 1811,,S_Umpqua_H,5011,0.87,Forks_Cr_H,5028,0.10,Millicoma_R,5011,0.01,Trask_R,5015,0.00,Umpqua_H,5011,0.00
Area126 (14) troll 114 1813,Dupe with 491,NF_Nooksack_H,5016,1.00,,,,,,,,,,,,
Area126 (14) troll 114 1814,,Methow_R,5026,0.50,Priest_Rapid_H,5026,0.19,Wells_H,5026,0.12,Umatilla_H_Fa,5026,0.10,Hanford_Reach,5026,0.05
Area126 (14) troll 114 1815,,McKenzie_H,5029,0.71,N_Santiam_H,5029,0.29,,,,,,,,,
Area126 (14) troll 114 1817,,Applegate_Cr,5019,0.32,Trinity_H_sp,5007,0.31,Klamath_R_fa,5007,0.14,Methow_R,5026,0.10,Priest_Rapid_H,5026,0.04
Area126 (14) troll 114 1818,,Trask_R,5015,0.67,Nehalem_R,5015,0.14,Kilchis_R,5015,0.12,Salmon_R_f,5015,0.04,S_Umpqua_H,5011,0.01
Area126 (14) troll 114 1819,,Wenatchee_R_SF,5026,0.24,Hanford_Reach,5026,0.23,Wells_H,5026,0.19,Methow_R,5026,0.13,Priest_Rapid_H,5026,0.11
Area126 (14) troll 114 1820,,McKenzie_H,5029,0.97,N_Santiam_H,5029,0.03,Wenatchee_R_SF,5026,0.00,,,,,,
Area126 (14) troll 114 1821,,Wenatchee_R_SF,5026,0.57,Priest_Rapid_H,5026,0.28,Methow_R,5026,0.04,S_Umpqua_H,5011,0.03,L_Wh_Sal_H_SF,5026,0.02
Area126 (14) troll 114 1822,,Priest_Rapid_H,5026,0.50,Hanford_Reach,5026,0.26,L_Wh_Sal_H_SF,5026,0.20,Umatilla_H,5026,0.03,Umatilla_H_Fa,5026,0.01
Area126 (14) troll 114 1823,,Washougal_R_Fa,5008,0.85,Cowlitz_H_fa,5008,0.11,Spring_Cr_col,5030,0.03,Abernathy_Cr_Fa,5008,0.01,Big_Cr_H_Col,5030,0.00
Area126 (14) troll 114 1824,,Hanford_Reach,5026,0.72,Wells_H,5026,0.20,Umatilla_H_Fa,5026,0.08,Priest_Rapid_H,5026,0.00,Lewis_R_Su,5008,0.00
Area126 (14) troll 114 1825,,George_Adams_H,5005,0.73,NF_Skokomish_F,5005,0.12,Grovers_Cr_H,5020,0.05,U_Sauk_R_SpSu,5016,0.04,Cedar_R_SuFa,5020,0.03
Area126 (14) troll 114 1826,,Priest_Rapid_H,5026,0.45,Hanford_Reach,5026,0.29,Umatilla_H_Fa,5026,0.07,Methow_R,5026,0.04,Umatilla_H,5026,0.04
Area126 (14) troll 114 1827,,Nez_PerceT_H,5021,0.83,Lyons_Ferry_H,5021,0.13,L_Wh_Sal_H_SF,5026,0.02,Hanford_Reach,5026,0.01,Methow_R,5026,0.00
Area126 (14) troll 114 1828,,Priest_Rapid_H,5026,0.82,Hanford_Reach,5026,0.10,Methow_R,5026,0.03,Umatilla_H,5026,0.03,Umatilla_H_Fa,5026,0.01
Area126 (14) troll 114 1829,,Chilliwack_F,3,0.61,Harrison,3,0.39,Nechako,2,0.00,S_Umpqua_H,5011,0.00,Raft_R,4,0.00
Area126 (14) troll 114 1830,,Priest_Rapid_H,5026,0.32,Wells_H,5026,0.32,L_Wh_Sal_H_SF,5026,0.20,Hanford_Reach,5026,0.07,Umatilla_H,5026,0.05
Area126 (14) troll 114 1831,,McKenzie_H,5029,0.78,N_Santiam_H,5029,0.22,Priest_Rapid_H,5026,0.00,Hanford_Reach,5026,0.00,Kalama_H_sp,5009,0.00
Area126 (14) troll 114 1834,,Stanislaus_R,5001,0.91,Battle_Cr,5001,0.05,Feather_H_fa,5001,0.04,Neechanze,10,0.00,Feather_H_sp,5002,0.00
Area126 (14) troll 114 1835,,Wenatchee_R_SF,5026,0.69,Methow_R,5026,0.24,Wells_H,5026,0.03,Priest_Rapid_H,5026,0.02,Hanford_Reach,5026,0.01
Area126 (14) troll 114 1838,,Coos_H,5011,0.41,Trask_R,5015,0.28,S_Umpqua_H,5011,0.12,Alsea_R,5015,0.09,Kilchis_R,5015,0.07
Area126 (14) troll 114 1839,,Lewis_R_Su,5008,0.81,Lewis_R_LSu,5008,0.11,Cowlitz_H_fa,5008,0.07,Sandy_R,5008,0.00,Elochoman_R_Fa,5008,0.00
Area126 (14) troll 114 1840,,Lyons_Ferry_H,5021,0.76,Nez_PerceT_H,5021,0.14,Priest_Rapid_H,5026,0.05,Hanford_Reach,5026,0.03,L_Wh_Sal_H_SF,5026,0.01
Area126 (14) troll 114 1841,,Priest_Rapid_H,5026,0.67,Umatilla_H_Fa,5026,0.14,Hanford_Reach,5026,0.12,Nez_PerceT_H,5021,0.03,Lyons_Ferry_H,5021,0.02
Area126 (14) troll 114 1842,,Wenatchee_R_SF,5026,0.69,Hanford_Reach,5026,0.14,Methow_R,5026,0.09,Umatilla_H_Fa,5026,0.05,Wells_H,5026,0.01
Area126 (14) troll 114 1843,,Umatilla_H_Fa,5026,0.87,Hanford_Reach,5026,0.07,Nez_PerceT_H,5021,0.04,Priest_Rapid_H,5026,0.01,L_Wh_Sal_H_SF,5026,0.00
Area126 (14) troll 114 1844,,Priest_Rapid_H,5026,0.51,Hanford_Reach,5026,0.19,Umatilla_H,5026,0.16,Methow_R,5026,0.09,Wells_H,5026,0.01
Area126 (14) troll 114 1845,,Priest_Rapid_H,5026,0.47,Wells_H,5026,0.45,Umatilla_H,5026,0.07,Nez_PerceT_H,5021,0.01,Lyons_Ferry_H,5021,0.00
Area126 (14) troll 114 1846,,Priest_Rapid_H,5026,0.63,Methow_R,5026,0.12,Hanford_Reach,5026,0.08,Lyons_Ferry_H,5021,0.03,Wenatchee_R_SF,5026,0.03
Area126 (14) troll 114 1847,,Priest_Rapid_H,5026,0.80,Hanford_Reach,5026,0.11,Methow_R,5026,0.07,Umatilla_H,5026,0.01,L_Wh_Sal_H_SF,5026,0.00
Area126 (14) troll 114 1848,,Slim_C,1,0.83,Willow_R,1,0.05,McGregor,1,0.03,Nechako,2,0.02,Bowron,1,0.01
Area126 (14) troll 114 1849,,Nez_PerceT_H,5021,0.46,Priest_Rapid_H,5026,0.28,Hanford_Reach,5026,0.08,Lyons_Ferry_H,5021,0.07,Wells_H,5026,0.05
Area126 (14) troll 114 1851,,Methow_R,5026,0.72,Wenatchee_R_SF,5026,0.17,Hanford_Reach,5026,0.08,Priest_Rapid_H,5026,0.01,Wells_H,5026,0.01
Area126 (14) troll 114 1852,,Wells_H,5026,0.45,Hanford_Reach,5026,0.19,Umatilla_H,5026,0.11,Methow_R,5026,0.09,Umatilla_H_Fa,5026,0.07
Area126 (14) troll 114 1853,,Conuma,8,0.90,Tlupana,8,0.10,Kaouk_R,8,0.00,Zeballos,8,0.00,Burman,8,0.00
Area126 (14) troll 114 1854,,L_Thompson,5,0.90,South_Thom,5,0.05,Little_R,5,0.04,Barriere,4,0.00,NanaimoSu_BackX,7,0.00
Area126 (14) troll 114 1855,,Methow_R,5026,0.47,Wells_H,5026,0.26,Priest_Rapid_H,5026,0.22,Wenatchee_R_SF,5026,0.04,Hanford_Reach,5026,0.01
Area126 (14) troll 114 1857,,Trinity_H_sp,5007,0.45,Applegate_Cr,5019,0.34,Klamath_R_fa,5007,0.15,S_Umpqua_H,5011,0.05,Cole_Rivers_H,5019,0.00
Area126 (14) troll 114 1858,,Coquille_R,5011,0.92,Coos_H,5011,0.06,Yaquina_R,5015,0.01,S_Coos_R,5011,0.01,Alsea_R,5015,0.00
Area126 (14) troll 114 1860,,Hanford_Reach,5026,0.56,Priest_Rapid_H,5026,0.14,S_Umpqua_H,5011,0.11,Umatilla_H,5026,0.05,Wells_H,5026,0.04
Area126 (14) troll 114 1861,,Coquille_R,5011,0.65,S_Umpqua_H,5011,0.27,Trask_R,5015,0.07,Umatilla_H_Fa,5026,0.00,L_Wh_Sal_H_SF,5026,0.00
Area126 (14) troll 114 1862,,Hanford_Reach,5026,0.57,Priest_Rapid_H,5026,0.11,Methow_R,5026,0.09,Lyons_Ferry_H,5021,0.08,Nez_PerceT_H,5021,0.07
Area126 (14) troll 114 1863,,Coquille_R,5011,0.27,Umatilla_H_Fa,5026,0.13,S_Umpqua_H,5011,0.11,Hanford_Reach,5026,0.11,Coos_H,5011,0.09
Area126 (14) troll 114 1864,,Trask_R,5015,0.65,Nestucca_H,5015,0.17,Kilchis_R,5015,0.15,Alsea_R,5015,0.03,S_Umpqua_H,5011,0.00
Area126 (14) troll 114 1865,,N_Santiam_H,5029,0.40,Lewis_R_Su,5008,0.36,Washougal_R_Fa,5008,0.12,McKenzie_H,5029,0.05,Green_R_Fa,5008,0.01
Area126 (14) troll 114 1866,,Hanford_Reach,5026,0.34,Umatilla_H,5026,0.15,Priest_Rapid_H,5026,0.14,Umatilla_H_Fa,5026,0.12,Wenatchee_R_SF,5026,0.07
Area126 (14) troll 114 1867,,Alsea_R,5015,0.92,Trask_R,5015,0.04,Salmon_R_f,5015,0.02,Yaquina_R,5015,0.01,S_Coos_R,5011,0.00
Area126 (14) troll 114 1868,,Hanford_Reach,5026,0.41,Methow_R,5026,0.31,Priest_Rapid_H,5026,0.19,Umatilla_H_Fa,5026,0.04,Wells_H,5026,0.04
Area126 (14) troll 114 1869,,Priest_Rapid_H,5026,0.66,Wells_H,5026,0.18,Methow_R,5026,0.09,Wenatchee_R_SF,5026,0.03,Hanford_Reach,5026,0.02
Area126 (14) troll 114 1870,,Trask_R,5015,0.30,Sixes_R,5011,0.27,Coquille_R,5011,0.26,Kilchis_R,5015,0.06,Coos_H,5011,0.03
Area126 (14) troll 114 1871,,N_Santiam_H,5029,0.76,McKenzie_H,5029,0.24,Trask_R,5015,0.00,Umpqua_H,5011,0.00,,,
Area126 (14) troll 114 1872,,Priest_Rapid_H,5026,0.75,Hanford_Reach,5026,0.09,Nez_PerceT_H,5021,0.08,Lyons_Ferry_H,5021,0.03,Umatilla_H_Fa,5026,0.02
Area126 (14) troll 114 1873,,Chilliwack_F,3,0.65,Harrison,3,0.34,Nechako,2,0.00,Forks_Cr_H,5028,0.00,NF_Skokomish_F,5005,0.00
Area126 (14) troll 114 1874,,L_Wh_Sal_H_SF,5026,0.47,Priest_Rapid_H,5026,0.32,Hanford_Reach,5026,0.16,Umatilla_H,5026,0.02,Methow_R,5026,0.01
Area126 (14) troll 114 1876,,Hanford_Reach,5026,0.24,Methow_R,5026,0.17,Priest_Rapid_H,5026,0.16,L_Wh_Sal_H_SF,5026,0.12,Wells_H,5026,0.07
Area126 (14) troll 114 1878,,Umatilla_H_Fa,5026,0.86,Hanford_Reach,5026,0.09,Priest_Rapids_H,5026,0.03,Priest_Rapid_H,5026,0.02,Nez_PerceT_H,5021,0.00
Area126 (14) troll 114 2001,,Hanford_Reach,5026,0.41,Nez_PerceT_H,5021,0.28,Priest_Rapid_H,5026,0.15,L_Wh_Sal_H_SF,5026,0.12,Umatilla_H,5026,0.02
Area126 (14) troll 114 2002,,Hanford_Reach,5026,0.39,Priest_Rapid_H,5026,0.17,Lyons_Ferry_H,5021,0.10,Wells_H,5026,0.09,Wenatchee_R_SF,5026,0.09
Area126 (14) troll 114 2003,,S_Umpqua_H,5011,0.33,Coos_H,5011,0.23,Millicoma_R,5011,0.14,Coquille_R,5011,0.09,Trask_R,5015,0.08
Area126 (14) troll 114 2004,,Trask_R,5015,0.88,Millicoma_R,5011,0.11,Kilchis_R,5015,0.01,Nestucca_H,5015,0.00,S_Umpqua_H,5011,0.00
Area126 (14) troll 114 2006,,Nez_PerceT_H,5021,0.27,Green_R_Fa,5008,0.22,Hanford_Reach,5026,0.20,Wells_H,5026,0.10,Abernathy_NFH_F,5008,0.05
Area126 (14) troll 114 2007,,Quilayute_R,5028,0.29,Millicoma_R,5011,0.28,Neechanze,10,0.18,Hoh_R,5028,0.18,S_Coos_R,5011,0.03
Area126 (14) troll 114 2009,,Wenatchee_R_SF,5026,0.31,Hanford_Reach,5026,0.28,Wells_H,5026,0.13,Methow_R,5026,0.11,L_Thompson,5,0.09
Area126 (14) troll 114 2010,,Priest_Rapid_H,5026,0.53,Hanford_Reach,5026,0.32,Methow_R,5026,0.07,Wells_H,5026,0.03,Nez_PerceT_H,5021,0.02
Area126 (14) troll 114 2012,,Green_R_Fa,5008,0.38,Cowlitz_H_sp,5009,0.25,Washougal_R_Fa,5008,0.18,Spring_Cr_col,5030,0.09,Cowlitz_H_fa,5008,0.05
Area126 (14) troll 114 2013,,Wenatchee_R_SF,5026,0.40,Priest_Rapid_H,5026,0.34,Wells_H,5026,0.16,Hanford_Reach,5026,0.07,Methow_R,5026,0.02
Area126 (14) troll 114 2015,,Priest_Rapid_H,5026,0.32,Washougal_R_Fa,5008,0.28,Hanford_Reach,5026,0.13,Wells_H,5026,0.09,Elochoman_R_Fa,5008,0.03
Area126 (14) troll 114 2017,,Washougal_R_Fa,5008,0.40,Umpqua_H,5011,0.17,Millicoma_R,5011,0.16,Alsea_R,5015,0.08,Trask_R,5015,0.06
Area126 (14) troll 114 2018,,McKenzie_H,5029,0.57,N_Santiam_H,5029,0.43,Lyons_Ferry_H,5021,0.00,Nez_PerceT_H,5021,0.00,Umatilla_H,5026,0.00
Area126 (14) troll 114 2019,Dupe with 504,Raft_R,4,0.51,N_Thom@Main,4,0.29,Clearwater,4,0.20,Slamgeesh,19,0.00,Coldwater,6,0.00
Area126 (14) troll 114 2022,,Trask_R,5015,0.61,Millicoma_R,5011,0.29,McKenzie_H,5029,0.03,Kalama_H_sp,5009,0.01,N_Santiam_H,5029,0.01
Area126 (14) troll 114 2025,,Elk_H,5011,0.65,Sixes_R,5011,0.35,,,,,,,,,
Area126 (14) troll 114 2027,,Priest_Rapid_H,5026,0.94,Umatilla_H_Fa,5026,0.05,Methow_R,5026,0.01,Umatilla_H,5026,0.00,Hanford_Reach,5026,0.00
Area126 (14) troll 114 2028,,Forks_Cr_H,5028,0.75,Millicoma_R,5011,0.14,Coos_H,5011,0.06,Trask_R,5015,0.02,Quilayute_R,5028,0.01
Area126 (14) troll 114 2029,,Hanford_Reach,5026,0.56,Priest_Rapid_H,5026,0.29,L_Wh_Sal_H_SF,5026,0.04,Nez_PerceT_H,5021,0.02,Umatilla_H,5026,0.02
Area126 (14) troll 114 2030,,Nehalem_R,5015,1.00,S_Umpqua_H,5011,0.00,,,,,,,,,
Area126 (14) troll 114 2031,,Spring_Cr_col,5030,0.83,Abernathy_NFH_F,5008,0.15,Washougal_R_Fa,5008,0.01,Elochoman_R_Fa,5008,0.00,Coos_H,5011,0.00
Area126 (14) troll 114 2032,,George_Adams_H,5005,0.64,NF_Skokomish_F,5005,0.19,Voights_H,5020,0.07,Hamma_Hamma_R,5005,0.04,Cedar_R_SuFa,5020,0.04
Area126 (14) troll 114 2033,,Hanford_Reach,5026,0.72,Priest_Rapid_H,5026,0.26,Methow_R,5026,0.01,Nez_PerceT_H,5021,0.00,Umatilla_H_Fa,5026,0.00
Area126 (14) troll 114 2034,,Snowbank,11,0.51,Slamgeesh,19,0.21,NanaimoSu_BackX,7,0.10,U_Sauk_R_SpSu,5016,0.08,Stanislaus_R,5001,0.03
Area126 (14) troll 114 2035,,Cowlitz_H_sp,5009,0.75,Washougal_R_Fa,5008,0.13,Sandy_R,5008,0.08,Cowlitz_H_fa,5008,0.02,Abernathy_Cr_Fa,5008,0.01
Area126 (14) troll 114 2037,,Hanford_Reach,5026,0.63,Priest_Rapid_H,5026,0.28,L_Wh_Sal_H_SF,5026,0.06,Umatilla_H_Fa,5026,0.02,Methow_R,5026,0.01
Area126 (14) troll 114 2038,,Priest_Rapid_H,5026,0.32,Hanford_Reach,5026,0.25,Nez_PerceT_H,5021,0.24,L_Wh_Sal_H_SF,5026,0.15,Umatilla_H_Fa,5026,0.02
Area126 (14) troll 114 2039,,N_Santiam_H,5029,0.85,McKenzie_H,5029,0.15,Priest_Rapid_H,5026,0.00,Hanford_Reach,5026,0.00,,,
Area126 (14) troll 114 2040,Dupe with 407,NF_Nooksack_H,5016,1.00,,,,,,,,,,,,
Area126 (14) troll 114 2042,,Priest_Rapid_H,5026,0.44,Cedar_R_SuFa,5020,0.27,Hanford_Reach,5026,0.16,Samish_H,5016,0.08,Bear_Cr_SuFa,5020,0.02
Area126 (14) troll 114 2043,,Hanford_Reach,5026,0.42,Priest_Rapid_H,5026,0.29,Umatilla_H_Fa,5026,0.19,Umatilla_H,5026,0.06,L_Wh_Sal_H_SF,5026,0.02
Area126 (14) troll 114 2044,,S_Umpqua_H,5011,0.46,Stanislaus_R,5001,0.14,Sixes_R,5011,0.11,Coos_H,5011,0.07,Feather_H_fa,5001,0.04
Area126 (14) troll 114 2045,,Lewis_R_Su,5008,0.35,Lewis_R_LSu,5008,0.20,Washougal_R_Fa,5008,0.18,Green_R_Fa,5008,0.09,Cowlitz_H_fa,5008,0.06
Area126 (14) troll 114 2046,,Sixes_R,5011,0.99,Elk_H,5011,0.01,Trask_R,5015,0.00,,,,,,
Area126 (14) troll 114 2047,,Hanford_Reach,5026,0.44,Wenatchee_R_SF,5026,0.20,Wells_H,5026,0.20,Nez_PerceT_H,5021,0.10,Cowlitz_H_fa,5008,0.01
Area126 (14) troll 114 2048,,Spring_Cr_col,5030,0.58,Abernathy_NFH_F,5008,0.35,Abernathy_Cr_Fa,5008,0.06,Cowlitz_H_fa,5008,0.00,Cowlitz_H_sp,5009,0.00
Area126 (14) troll 114 2049,,S_Umpqua_H,5011,0.86,L_Wh_Sal_H_SF,5026,0.05,Nez_PerceT_H,5021,0.02,Umatilla_H_Fa,5026,0.02,Priest_Rapid_H,5026,0.01
Area126 (14) troll 114 2051,,NF_Skokomish_F,5005,0.64,Hamma_Hamma_R,5005,0.15,George_Adams_H,5005,0.09,Cedar_R_SuFa,5020,0.07,Grovers_Cr_H,5020,0.03
Area126 (14) troll 114 2052,,S_Umpqua_H,5011,1.00,Umpqua_H,5011,0.00,Coos_H,5011,0.00,,,,,,
Area126 (14) troll 114 2054,,Conuma,8,0.95,Tlupana,8,0.03,Kaouk_R,8,0.02,Tahsis,8,0.00,Zeballos,8,0.00
Area126 (14) troll 114 2056,,S_Umpqua_H,5011,0.67,Hanford_Reach,5026,0.10,Lyons_Ferry_H,5021,0.05,Coos_H,5011,0.05,Trask_R,5015,0.05
Area126 (14) troll 114 2057,Dupe with 476,Raft_R,4,0.51,N_Thom@Main,4,0.29,Clearwater,4,0.20,Finn,4,0.00,Coldwater,6,0.00
Area126 (14) troll 114 2058,,Hanford_Reach,5026,0.39,Priest_Rapid_H,5026,0.29,Nez_PerceT_H,5021,0.10,Lyons_Ferry_H,5021,0.07,Wells_H,5026,0.06
Area126 (14) troll 114 2059,,Wells_H,5026,0.39,Wenatchee_R_SF,5026,0.36,Methow_R,5026,0.10,L_Wh_Sal_H_SF,5026,0.06,Hanford_Reach,5026,0.06
Area126 (14) troll 114 2060,,Sol_Duc_H,5028,0.76,Harrison,3,0.17,Umpqua_H,5011,0.01,Umatilla_H_Fa,5026,0.01,Spring_Cr_col,5030,0.01
Area126 (14) troll 114 2061,,Abernathy_NFH_F,5008,0.63,Abernathy_Cr_Fa,5008,0.12,Washougal_R_Fa,5008,0.08,Spring_Cr_col,5030,0.08,Cowlitz_H_fa,5008,0.04
Area126 (14) troll 114 2062,,Harrison,3,1.00,Chilliwack_F,3,0.00,,,,,,,,,
Area126 (14) troll 114 2063,,Lewis_R_Su,5008,0.98,Cowlitz_H_fa,5008,0.02,Lewis_R_LSu,5008,0.00,Priest_Rapid_H,5026,0.00,L_Wh_Sal_H_SF,5026,0.00
Area126 (14) troll 114 2064,,Hanford_Reach,5026,0.71,Priest_Rapid_H,5026,0.15,L_Wh_Sal_H_SF,5026,0.09,Wells_H,5026,0.01,Methow_R,5026,0.01
Area126 (14) troll 114 2065,,NF_Skokomish_F,5005,0.37,George_Adams_H,5005,0.35,Grovers_Cr_H,5020,0.18,Hamma_Hamma_R,5005,0.09,Samish_H,5016,0.00
Area126 (14) troll 114 2067,,Hanford_Reach,5026,0.63,Wells_H,5026,0.14,Wenatchee_R_SF,5026,0.03,Priest_Rapid_H,5026,0.03,Abernathy_Cr_Fa,5008,0.02
Area126 (14) troll 114 2068,,Lewis_R_LSu,5008,0.28,Quilayute_R,5028,0.25,Washougal_R_Fa,5008,0.12,Trask_R,5015,0.08,Lewis_R_Su,5008,0.08
Area126 (14) troll 114 2069,,Wenatchee_R_SF,5026,0.66,Wells_H,5026,0.12,Hanford_Reach,5026,0.09,Priest_Rapid_H,5026,0.07,Methow_R,5026,0.03
Area126 (14) troll 114 2070,,L_Shuswap,5,0.98,Bessette,5,0.01,Little_R,5,0.01,Eagle_R,5,0.00,South_Thom,5,0.00
Area126 (14) troll 114 2072,,Wells_H,5026,0.58,Umatilla_H_Fa,5026,0.18,Umatilla_H,5026,0.12,Hanford_Reach,5026,0.11,Lewis_R_Su,5008,0.01
Area126 (14) troll 114 2073,,Methow_R,5026,0.24,Priest_Rapid_H,5026,0.20,Umatilla_H_Fa,5026,0.15,Hanford_Reach,5026,0.11,Nez_PerceT_H,5021,0.10
Area126 (14) troll 114 2074,,Coquille_R,5011,0.52,S_Coos_R,5011,0.32,Coos_H,5011,0.06,Forks_Cr_H,5028,0.04,Yaquina_R,5015,0.02
Area126 (14) troll 114 2076,,Hanford_Reach,5026,0.41,Priest_Rapid_H,5026,0.25,Millicoma_R,5011,0.19,Umatilla_H_Fa,5026,0.13,Umatilla_H,5026,0.02
Area126 (14) troll 114 2078,,Wenatchee_R_SF,5026,0.49,Hanford_Reach,5026,0.28,Wells_H,5026,0.16,Methow_R,5026,0.04,Priest_Rapid_H,5026,0.02
Area126 (14) troll 114 2079,Dupe with 530,NanaimoSu_BackX,7,0.70,L_Thompson,5,0.29,Hamma_Hamma_R,5005,0.01,Harrison,3,0.00,U_Sauk_R_SpSu,5016,0.00
Area126 (14) troll 114 2082,,Chilliwack_F,3,0.89,Harrison,3,0.11,,,,,,,,,
Area126 (14) troll 114 2083,,Harrison,3,0.62,Chilliwack_F,3,0.34,Quilayute_R,5028,0.02,Millicoma_R,5011,0.01,Trask_R,5015,0.00
Area126 (14) troll 114 2084,,Forks_Cr_H,5028,0.36,Alsea_R,5015,0.26,Kilchis_R,5015,0.16,Trask_R,5015,0.07,Millicoma_R,5011,0.03
Area126 (14) troll 114 2086,,Cowlitz_H_fa,5008,0.68,Washougal_R_Fa,5008,0.25,Lewis_R_Su,5008,0.03,Lewis_R_LSu,5008,0.02,Sandy_R,5008,0.01
Area126 (14) troll 114 2087,,Grovers_Cr_H,5020,0.89,George_Adams_H,5005,0.04,Cedar_R_SuFa,5020,0.03,Voights_H,5020,0.01,Hamma_Hamma_R,5005,0.01
Area126 (14) troll 114 2088,,Wenatchee_R_SF,5026,0.72,Wells_H,5026,0.23,Methow_R,5026,0.03,Priest_Rapid_H,5026,0.02,Hanford_Reach,5026,0.00
Area126 (14) troll 114 2089,,Priest_Rapid_H,5026,0.43,Hanford_Reach,5026,0.33,Wells_H,5026,0.23,Priest_Rapids_H,5026,0.00,Umatilla_H_Fa,5026,0.00
Area126 (14) troll 114 2090,Dupe with 522,NanaimoSu_BackX,7,0.70,L_Thompson,5,0.29,Hamma_Hamma_R,5005,0.01,Harrison,3,0.00,U_Sauk_R_SpSu,5016,0.00
Area126 (14) troll 114 2091,,Hanford_Reach,5026,0.72,Umatilla_H_Fa,5026,0.20,Priest_Rapid_H,5026,0.03,Wells_H,5026,0.03,Lyons_Ferry_H,5021,0.01
Area126 (14) troll 114 2093,,S_Umpqua_H,5011,0.75,Coos_H,5011,0.06,Umatilla_H_Fa,5026,0.05,Coquille_R,5011,0.04,Applegate_Cr,5019,0.03
Area126 (14) troll 114 2094,,Forks_Cr_H,5028,0.86,Millicoma_R,5011,0.14,S_Coos_R,5011,0.00,Trask_R,5015,0.00,Elochoman_R_Fa,5008,0.00
Area126 (14) troll 114 2096,,Wenatchee_R_SF,5026,0.67,Hanford_Reach,5026,0.11,Umatilla_H_Fa,5026,0.10,Priest_Rapid_H,5026,0.05,Methow_R,5026,0.04
Area126 (14) troll 114 2098,,Priest_Rapid_H,5026,0.79,Lyons_Ferry_H,5021,0.07,Hanford_Reach,5026,0.07,Umatilla_H_Fa,5026,0.05,Methow_R,5026,0.00
Area126 (14) troll 114 2099,,Lewis_R_Su,5008,0.50,Washougal_R_Fa,5008,0.32,Lewis_R_LSu,5008,0.13,Cowlitz_H_fa,5008,0.04,Lewis_R_f,5008,0.00
Area126 (14) troll 114 2100,,Nez_PerceT_H,5021,0.52,Hanford_Reach,5026,0.44,Priest_Rapid_H,5026,0.01,Lyons_Ferry_H,5021,0.01,Methow_R,5026,0.00
Area126 (14) troll 114 2551,,Priest_Rapid_H,5026,0.47,Hanford_Reach,5026,0.47,Umatilla_H_Fa,5026,0.02,L_Wh_Sal_H_SF,5026,0.02,Wells_H,5026,0.01
Area126 (14) troll 114 2552,,Lewis_R_Su,5008,0.68,Green_R_Fa,5008,0.15,Spring_Cr_col,5030,0.11,Abernathy_NFH_F,5008,0.03,Washougal_R_Fa,5008,0.02
Area126 (14) troll 114 2553,,L_Adams,5,0.70,Little_R,5,0.27,South_Thom,5,0.02,L_Thompson,5,0.01,L_Shuswap,5,0.00
Area126 (14) troll 114 2554,,Wells_H,5026,0.55,Priest_Rapid_H,5026,0.19,Hanford_Reach,5026,0.11,Umatilla_H_Fa,5026,0.10,Methow_R,5026,0.03
Area126 (14) troll 114 2555,,Priest_Rapid_H,5026,0.43,Hanford_Reach,5026,0.19,Methow_R,5026,0.10,Nez_PerceT_H,5021,0.09,Lyons_Ferry_H,5021,0.08
Area126 (14) troll 114 2556,,S_Umpqua_H,5011,0.91,L_Thompson,5,0.04,L_Wh_Sal_H_SF,5026,0.02,Stuart,2,0.01,Hanford_Reach,5026,0.00
Area126 (14) troll 114 2557,,Harrison,3,0.49,NanaimoSu_BackX,7,0.49,L_Thompson,5,0.01,Chilliwack_F,3,0.01,George_Adams_H,5005,0.01
Area126 (14) troll 114 2559,,Priest_Rapid_H,5026,0.83,Hanford_Reach,5026,0.06,Wenatchee_R_SF,5026,0.04,Umatilla_H_Fa,5026,0.04,Stanislaus_R,5001,0.01
Area126 (14) troll 114 2560,,Hanford_Reach,5026,0.22,Nez_PerceT_H,5021,0.20,Umatilla_H_Fa,5026,0.14,L_Wh_Sal_H_SF,5026,0.10,Lyons_Ferry_H,5021,0.09
Area126 (14) troll 114 2562,,Priest_Rapid_H,5026,0.89,Umatilla_H_Fa,5026,0.03,Methow_R,5026,0.03,Umatilla_H,5026,0.02,Hanford_Reach,5026,0.01
Area126 (14) troll 114 2564,,Nez_PerceT_H,5021,0.23,Lyons_Ferry_H,5021,0.19,Priest_Rapid_H,5026,0.18,Hanford_Reach,5026,0.13,U_Deschutes_R,5004,0.08
Area126 (14) troll 114 2565,,Coquille_R,5011,0.70,Coos_H,5011,0.16,Millicoma_R,5011,0.05,S_Coos_R,5011,0.05,Alsea_R,5015,0.02
Area126 (14) troll 114 2567,,Hanford_Reach,5026,0.28,Priest_Rapid_H,5026,0.21,Wenatchee_R_SF,5026,0.19,Wells_H,5026,0.16,Methow_R,5026,0.10
Area126 (14) troll 114 2568,,Hanford_Reach,5026,0.34,Priest_Rapid_H,5026,0.19,Umatilla_H_Fa,5026,0.11,Lyons_Ferry_H,5021,0.10,Wells_H,5026,0.08
Area126 (14) troll 114 2569,,Neechanze,10,0.52,Stuart,2,0.31,Nechako,2,0.12,Chilko,2,0.03,Takia,10,0.02
Area126 (14) troll 114 2571,,Chilliwack_F,3,0.91,Harrison,3,0.08,NF_Nooksack_H,5016,0.00,Nechako,2,0.00,U_Sauk_R_SpSu,5016,0.00
Area126 (14) troll 114 2573,,Methow_R,5026,0.50,Wells_H,5026,0.26,Priest_Rapid_H,5026,0.10,Wenatchee_R_SF,5026,0.05,L_Wh_Sal_H_SF,5026,0.04
Area126 (14) troll 114 2574,,Priest_Rapid_H,5026,0.40,Methow_R,5026,0.29,Umatilla_H_Fa,5026,0.24,Wells_H,5026,0.07,Hanford_Reach,5026,0.01
Area126 (14) troll 114 2580,,Hanford_Reach,5026,0.88,Priest_Rapid_H,5026,0.07,Lyons_Ferry_H,5021,0.02,Nez_PerceT_H,5021,0.01,Wells_H,5026,0.01
Area126 (14) troll 114 2581,,Clearwater,4,0.98,N_Thom@Main,4,0.02,Raft_R,4,0.00,,,,,,
Area126 (14) troll 114 2584,,Washougal_R_Fa,5008,0.47,Green_R_Fa,5008,0.29,Lewis_R_Su,5008,0.10,S_Umpqua_H,5011,0.05,Elochoman_R_Fa,5008,0.04
Area126 (14) troll 114 2585,,Lyons_Ferry_H,5021,0.60,Hanford_Reach,5026,0.28,Wells_H,5026,0.06,Nez_PerceT_H,5021,0.03,Priest_Rapid_H,5026,0.02
Area126 (14) troll 114 2586,,Methow_R,5026,0.41,Priest_Rapid_H,5026,0.26,Hanford_Reach,5026,0.13,Umatilla_H_Fa,5026,0.12,Wells_H,5026,0.05
Area126 (14) troll 114 2588,,Stanislaus_R,5001,0.58,Feather_H_fa,5001,0.35,Battle_Cr,5001,0.04,Feather_H_sp,5002,0.02,L_Wh_Sal_H_SF,5026,0.01
Area126 (14) troll 114 2589,,Alsea_R,5015,0.41,Yaquina_R,5015,0.22,Trask_R,5015,0.22,S_Umpqua_H,5011,0.02,Coquille_R,5011,0.02
Area126 (14) troll 114 2590,,Umatilla_H_Fa,5026,0.52,Hanford_Reach,5026,0.12,Priest_Rapid_H,5026,0.08,Umatilla_H,5026,0.05,Umpqua_H,5011,0.05
Area126 (14) troll 114 2592,,Hanford_Reach,5026,0.80,Wenatchee_R_SF,5026,0.15,Umatilla_H,5026,0.02,Umatilla_H_Fa,5026,0.01,Priest_Rapid_H,5026,0.01
Area126 (14) troll 114 2593,,Priest_Rapid_H,5026,0.58,Nitinat,8,0.14,Umatilla_H_Fa,5026,0.09,Hanford_Reach,5026,0.07,Wells_H,5026,0.06
Area126 (14) troll 114 2594,,S_Umpqua_H,5011,0.89,Hanford_Reach,5026,0.07,Marion_Drain_Fa,5026,0.01,Umatilla_H_Fa,5026,0.01,Wells_H,5026,0.01
Area126 (14) troll 114 2595,,Methow_R,5026,0.79,Priest_Rapid_H,5026,0.15,Wells_H,5026,0.04,Wenatchee_R_SF,5026,0.01,Hanford_Reach,5026,0.01
Area126 (14) troll 114 2596,,Priest_Rapid_H,5026,0.56,Umatilla_H_Fa,5026,0.12,Hanford_Reach,5026,0.12,Wells_H,5026,0.10,Methow_R,5026,0.04
Area126 (14) troll 114 2597,,Methow_R,5026,0.68,Wenatchee_R_SF,5026,0.15,Wells_H,5026,0.09,Hanford_Reach,5026,0.04,Harrison,3,0.01
Area126 (14) troll 114 2598,,L_Wh_Sal_H_SF,5026,0.40,Nez_PerceT_H,5021,0.27,Lyons_Ferry_H,5021,0.10,Hanford_Reach,5026,0.10,Umatilla_H_Fa,5026,0.06
Area126 (14) troll 114 2600,,L_Shuswap,5,0.95,L_Adams,5,0.04,Little_R,5,0.01,Bessette,5,0.00,South_Thom,5,0.00
Area126 (14) troll 119 1002,,Trask_R,5015,0.78,Yaquina_R,5015,0.12,Millicoma_R,5011,0.06,Alsea_R,5015,0.04,Salmon_R_f,5015,0.00
Area126 (14) troll 119 1003,,Hanford_Reach,5026,0.37,Priest_Rapid_H,5026,0.28,Lyons_Ferry_H,5021,0.17,Nez_PerceT_H,5021,0.13,Wells_H,5026,0.03
Area126 (14) troll 119 1004,,L_Wh_Sal_H_SF,5026,0.71,Hanford_Reach,5026,0.19,Lyons_Ferry_H,5021,0.06,Priest_Rapid_H,5026,0.03,Nez_PerceT_H,5021,0.01
Area126 (14) troll 119 1005,,L_Shuswap,5,0.90,Eagle_R,5,0.06,Bessette,5,0.01,South_Thom,5,0.01,Little_R,5,0.01
Area126 (14) troll 119 1006,,Hanford_Reach,5026,0.55,Methow_R,5026,0.40,Wells_H,5026,0.03,Priest_Rapid_H,5026,0.02,Umatilla_H_Fa,5026,0.00
Area126 (14) troll 119 1007,,Hanford_Reach,5026,0.25,Wells_H,5026,0.23,Wenatchee_R_SF,5026,0.15,Methow_R,5026,0.12,Priest_Rapid_H,5026,0.11
Area126 (14) troll 119 1008,,L_Shuswap,5,0.97,Bessette,5,0.02,L_Thompson,5,0.01,Little_R,5,0.00,L_Adams,5,0.00
Area126 (14) troll 119 1010,,Trask_R,5015,0.58,Millicoma_R,5011,0.30,Umpqua_H,5011,0.07,Washougal_R_Fa,5008,0.03,Lewis_R_Su,5008,0.01
Area126 (14) troll 119 1011,,Stanislaus_R,5001,0.64,Feather_H_fa,5001,0.15,Battle_Cr,5001,0.06,Hanford_Reach,5026,0.05,Methow_R,5026,0.03
Area126 (14) troll 119 1012,,S_Umpqua_H,5011,0.94,Millicoma_R,5011,0.02,Thomas_Cr,23,0.02,Coquille_R,5011,0.01,Quilayute_R,5028,0.00
Area126 (14) troll 119 1013,,Hanford_Reach,5026,0.84,Priest_Rapid_H,5026,0.08,Lyons_Ferry_H,5021,0.03,L_Wh_Sal_H_SF,5026,0.02,Umatilla_H_Fa,5026,0.01
Area126 (14) troll 119 1014,,Wenatchee_R_SF,5026,0.56,Wells_H,5026,0.40,Hanford_Reach,5026,0.02,Priest_Rapid_H,5026,0.01,Methow_R,5026,0.01
Area126 (14) troll 119 1015,,Wells_H,5026,0.31,Umatilla_H_Fa,5026,0.26,Priest_Rapid_H,5026,0.23,Lewis_R_Su,5008,0.11,Methow_R,5026,0.03
Area126 (14) troll 119 1017,,Lewis_R_Su,5008,0.30,Washougal_R_Fa,5008,0.19,Trask_R,5015,0.15,Sol_Duc_H,5028,0.15,Cowlitz_H_fa,5008,0.12
Area126 (14) troll 119 1020,,Priest_Rapid_H,5026,0.59,Umatilla_H_Fa,5026,0.28,Hanford_Reach,5026,0.08,Methow_R,5026,0.05,Wells_H,5026,0.00
Area126 (14) troll 119 1021,,Snowbank,11,0.53,Slamgeesh,19,0.15,Seaskinnish,11,0.11,Cranberry,11,0.09,Teigen,11,0.05
Area126 (14) troll 119 1022,,Hanford_Reach,5026,0.28,Nez_PerceT_H,5021,0.12,Wenatchee_R_SF,5026,0.11,Methow_R,5026,0.10,Wells_H,5026,0.07
Area126 (14) troll 119 1023,,Spring_Cr_col,5030,0.99,Cowlitz_H_fa,5008,0.00,Abernathy_NFH_F,5008,0.00,Elochoman_H,5030,0.00,Abernathy_Cr_Fa,5008,0.00
Area126 (14) troll 119 1024,,Hanford_Reach,5026,0.40,Priest_Rapid_H,5026,0.18,Wells_H,5026,0.15,Nez_PerceT_H,5021,0.11,Methow_R,5026,0.07
Area126 (14) troll 119 1025,,Hanford_Reach,5026,0.89,Priest_Rapid_H,5026,0.08,L_Wh_Sal_H_SF,5026,0.01,Umatilla_H_Fa,5026,0.01,Marion_Drain_Fa,5026,0.00
Area126 (14) troll 119 1026,,Coos_H,5011,0.42,Alsea_R,5015,0.31,S_Umpqua_H,5011,0.15,Yaquina_R,5015,0.05,Trask_R,5015,0.04
Area126 (14) troll 119 1027,,Priest_Rapid_H,5026,0.35,Umatilla_H_Fa,5026,0.23,Hanford_Reach,5026,0.16,Methow_R,5026,0.14,Wenatchee_R_SF,5026,0.09
Area126 (14) troll 119 1028,,Umatilla_H_Fa,5026,0.39,Priest_Rapid_H,5026,0.28,U_Deschutes_R,5004,0.13,Hanford_Reach,5026,0.06,Nez_PerceT_H,5021,0.06
Area126 (14) troll 119 1029,,Priest_Rapid_H,5026,0.72,Methow_R,5026,0.14,Wells_H,5026,0.08,Hanford_Reach,5026,0.04,Wenatchee_R_SF,5026,0.02
Area126 (14) troll 119 1030,,Lewis_R_LSu,5008,0.50,Lewis_R_Su,5008,0.24,Cowlitz_H_fa,5008,0.24,S_Umpqua_H,5011,0.00,Abernathy_Cr_Fa,5008,0.00
Area126 (14) troll 119 1031,,Wells_H,5026,0.40,Hanford_Reach,5026,0.28,Priest_Rapid_H,5026,0.25,Methow_R,5026,0.06,Umatilla_H,5026,0.01
Area126 (14) troll 119 1032,,Coos_H,5011,0.84,Coquille_R,5011,0.05,Yaquina_R,5015,0.05,Millicoma_R,5011,0.02,Lewis_R_LSu,5008,0.01
Area126 (14) troll 119 1033,Dupe with 630,Hanford_Reach,5026,0.48,Priest_Rapid_H,5026,0.32,Wells_H,5026,0.10,Umatilla_H_Fa,5026,0.04,Methow_R,5026,0.04
Area126 (14) troll 119 1034,,S_Umpqua_H,5011,0.52,Coquille_R,5011,0.18,Alsea_R,5015,0.16,Millicoma_R,5011,0.07,Coos_H,5011,0.04
Area126 (14) troll 119 1039,,Priest_Rapid_H,5026,0.63,Hanford_Reach,5026,0.19,L_Wh_Sal_H_SF,5026,0.07,Methow_R,5026,0.06,Wells_H,5026,0.01
Area126 (14) troll 119 1040,,Lewis_R_Su,5008,0.69,Washougal_R_Fa,5008,0.17,Sandy_R,5008,0.11,Cowlitz_H_fa,5008,0.02,Hanford_Reach,5026,0.01
Area126 (14) troll 119 1041,,Methow_R,5026,0.46,Priest_Rapid_H,5026,0.33,Hanford_Reach,5026,0.11,Umatilla_H_Fa,5026,0.03,U_Deschutes_R,5004,0.03
Area126 (14) troll 119 1042,,Priest_Rapid_H,5026,0.61,Hanford_Reach,5026,0.25,Nez_PerceT_H,5021,0.07,Methow_R,5026,0.02,Wenatchee_R_SF,5026,0.01
Area126 (14) troll 119 1043,,Priest_Rapid_H,5026,0.46,Hanford_Reach,5026,0.22,Umatilla_H_Fa,5026,0.14,Wells_H,5026,0.08,Methow_R,5026,0.05
Area126 (14) troll 119 1044,,Chilliwack_F,3,0.95,Harrison,3,0.04,Stuart,2,0.00,Forks_Cr_H,5028,0.00,Grovers_Cr_H,5020,0.00
Area126 (14) troll 119 1045,,Hanford_Reach,5026,0.38,Umatilla_H,5026,0.26,Umatilla_H_Fa,5026,0.23,Priest_Rapid_H,5026,0.13,L_Wh_Sal_H_SF,5026,0.00
Area126 (14) troll 119 1046,,Hanford_Reach,5026,0.38,Priest_Rapid_H,5026,0.33,L_Wh_Sal_H_SF,5026,0.23,Umatilla_H,5026,0.03,Nez_PerceT_H,5021,0.01
Area126 (14) troll 119 1047,,McKenzie_H,5029,0.46,Hanford_Reach,5026,0.25,Wells_H,5026,0.21,N_Santiam_H,5029,0.03,Wenatchee_R_SF,5026,0.02
Area126 (14) troll 119 1048,,N_Santiam_H,5029,0.85,McKenzie_H,5029,0.15,Cowlitz_H_fa,5008,0.00,Lewis_R_Su,5008,0.00,,,
Area126 (14) troll 119 1050,,L_Thompson,5,0.24,Priest_Rapid_H,5026,0.19,Methow_R,5026,0.14,L_Wh_Sal_H_SF,5026,0.10,Little_R,5,0.09
Area126 (14) troll 119 1051,,Priest_Rapid_H,5026,0.73,Hanford_Reach,5026,0.11,Umatilla_H_Fa,5026,0.06,Methow_R,5026,0.05,L_Wh_Sal_H_SF,5026,0.04
Area126 (14) troll 119 1052,,Priest_Rapid_H,5026,0.52,Hanford_Reach,5026,0.32,L_Wh_Sal_H_SF,5026,0.10,Nez_PerceT_H,5021,0.02,Umatilla_H_Fa,5026,0.02
Area126 (14) troll 119 1053,,Hanford_Reach,5026,0.59,L_Wh_Sal_H_SF,5026,0.11,Wenatchee_R_SF,5026,0.06,Priest_Rapid_H,5026,0.04,Umatilla_H_Fa,5026,0.04
Area126 (14) troll 119 1054,,Coquille_R,5011,0.26,Millicoma_R,5011,0.22,Alsea_R,5015,0.14,S_Coos_R,5011,0.10,Coos_H,5011,0.09
Area126 (14) troll 119 1055,,Hanford_Reach,5026,0.33,Priest_Rapid_H,5026,0.33,Wenatchee_R_SF,5026,0.19,Methow_R,5026,0.07,Nez_PerceT_H,5021,0.04
Area126 (14) troll 119 1057,,Wells_H,5026,0.55,Hanford_Reach,5026,0.27,Priest_Rapid_H,5026,0.11,Spring_Cr_col,5030,0.02,Umatilla_H,5026,0.02
Area126 (14) troll 119 1059,,Priest_Rapid_H,5026,0.57,Umatilla_H_Fa,5026,0.39,L_Wh_Sal_H_SF,5026,0.02,Methow_R,5026,0.01,Wenatchee_R_SF,5026,0.01
Area126 (14) troll 119 1060,,Robertson,8,1.00,Kaouk_R,8,0.00,,,,,,,,,
Area126 (14) troll 119 1061,,Wells_H,5026,0.64,Priest_Rapid_H,5026,0.14,Wenatchee_R_SF,5026,0.12,Hanford_Reach,5026,0.07,Umatilla_H_Fa,5026,0.02
Area126 (14) troll 119 1063,,Hanford_Reach,5026,0.33,Priest_Rapid_H,5026,0.32,Umatilla_H,5026,0.12,Nez_PerceT_H,5021,0.12,Wells_H,5026,0.05
Area126 (14) troll 119 1064,Dupe with 733,Methow_R,5026,0.63,Priest_Rapid_H,5026,0.20,Wenatchee_R_SF,5026,0.08,Hanford_Reach,5026,0.07,Wells_H,5026,0.02
Area126 (14) troll 119 1065,,Priest_Rapid_H,5026,0.97,Wells_H,5026,0.01,L_Deschutes_R,5004,0.01,Hanford_Reach,5026,0.01,Priest_Rapids_H,5026,0.00
Area126 (14) troll 119 1068,,Hanford_Reach,5026,0.53,Priest_Rapid_H,5026,0.29,L_Wh_Sal_H_SF,5026,0.09,Wells_H,5026,0.04,Umatilla_H_Fa,5026,0.03
Area126 (14) troll 119 1070,,George_Adams_H,5005,0.72,NF_Skokomish_F,5005,0.17,Voights_H,5020,0.03,Samish_H,5016,0.01,S_Prairie_Cr,5020,0.01
Area126 (14) troll 119 1071,,Elk_H,5011,0.99,Sixes_R,5011,0.01,,,,,,,,,
Area126 (14) troll 119 1072,,Methow_R,5026,0.35,Umatilla_H,5026,0.30,Priest_Rapid_H,5026,0.19,Wenatchee_R_SF,5026,0.07,Wells_H,5026,0.04
Area126 (14) troll 119 1073,,Stanislaus_R,5001,0.53,Feather_H_fa,5001,0.33,Battle_Cr,5001,0.13,Abernathy_NFH_F,5008,0.00,Spring_Cr_col,5030,0.00
Area126 (14) troll 119 1074,,Wenatchee_R_SF,5026,0.86,Methow_R,5026,0.06,Wells_H,5026,0.05,Priest_Rapid_H,5026,0.01,Umatilla_H_Fa,5026,0.01
Area126 (14) troll 119 1075,Dupe with 599,Hanford_Reach,5026,0.47,Priest_Rapid_H,5026,0.33,Wells_H,5026,0.10,Umatilla_H_Fa,5026,0.05,Methow_R,5026,0.04
Area126 (14) troll 119 1076,,L_Shuswap,5,0.99,L_Adams,5,0.01,Little_R,5,0.00,Bessette,5,0.00,Eagle_R,5,0.00
Area126 (14) troll 119 1077,,N_Santiam_H,5029,0.44,Nez_PerceT_H,5021,0.14,Umatilla_H_Fa,5026,0.10,Priest_Rapid_H,5026,0.09,Methow_R,5026,0.08
Area126 (14) troll 119 1079,,McKenzie_H,5029,0.67,N_Santiam_H,5029,0.33,,,,,,,,,
Area126 (14) troll 119 1080,,Coos_H,5011,0.36,Coquille_R,5011,0.34,S_Umpqua_H,5011,0.28,S_Coos_R,5011,0.00,Millicoma_R,5011,0.00
Area126 (14) troll 119 1081,,L_Shuswap,5,0.90,L_Adams,5,0.07,L_Thompson,5,0.01,Little_R,5,0.01,M_Shuswap,5,0.00
Area126 (14) troll 119 1082,,Alsea_R,5015,0.74,Millicoma_R,5011,0.05,Trask_R,5015,0.04,Sol_Duc_H,5028,0.03,Lewis_R_LSu,5008,0.02
Area126 (14) troll 119 1083,,L_Wh_Sal_H_SF,5026,0.42,Wells_H,5026,0.21,Priest_Rapid_H,5026,0.15,Methow_R,5026,0.12,Wenatchee_R_SF,5026,0.04
Area126 (14) troll 119 1084,,L_Shuswap,5,0.97,L_Adams,5,0.02,Bessette,5,0.01,Little_R,5,0.00,L_Thompson,5,0.00
Area126 (14) troll 119 1086,,Priest_Rapid_H,5026,0.66,Hanford_Reach,5026,0.21,L_Wh_Sal_H_SF,5026,0.07,Wenatchee_R_SF,5026,0.02,Nez_PerceT_H,5021,0.02
Area126 (14) troll 119 1087,,Coquille_R,5011,0.52,Coos_H,5011,0.42,S_Coos_R,5011,0.04,Slamgeesh,19,0.01,Millicoma_R,5011,0.01
Area126 (14) troll 119 1088,,Lewis_R_LSu,5008,0.69,Lewis_R_Su,5008,0.30,Cowlitz_H_fa,5008,0.00,Sandy_R,5008,0.00,S_Coos_R,5011,0.00
Area126 (14) troll 119 1089,,Elk_H,5011,0.76,Sixes_R,5011,0.15,S_Umpqua_H,5011,0.03,Lewis_R_Su,5008,0.02,Coos_H,5011,0.01
Area126 (14) troll 119 1091,,Voights_H,5020,0.37,George_Adams_H,5005,0.15,NF_Skokomish_F,5005,0.13,Harrison,3,0.10,Hamma_Hamma_R,5005,0.08
Area126 (14) troll 119 1092,,Priest_Rapid_H,5026,0.33,Methow_R,5026,0.16,Umatilla_H_Fa,5026,0.14,Wenatchee_R_SF,5026,0.14,Wells_H,5026,0.11
Area126 (14) troll 119 1093,,Spring_Cr_col,5030,0.74,Abernathy_NFH_F,5008,0.20,Cowlitz_H_fa,5008,0.03,Elochoman_H,5030,0.02,Abernathy_Cr_Fa,5008,0.01
Area126 (14) troll 119 1094,,Samish_H,5016,0.33,George_Adams_H,5005,0.17,NF_Skokomish_F,5005,0.17,Cedar_R_SuFa,5020,0.15,Voights_H,5020,0.12
Area126 (14) troll 119 1095,,Wells_H,5026,0.51,Priest_Rapid_H,5026,0.19,Methow_R,5026,0.15,Umatilla_H_Fa,5026,0.05,Hanford_Reach,5026,0.04
Area126 (14) troll 119 1096,,Methow_R,5026,0.37,Priest_Rapid_H,5026,0.35,Umatilla_H,5026,0.10,Wells_H,5026,0.06,Umatilla_H_Fa,5026,0.03
Area126 (14) troll 119 1097,,Abernathy_NFH_F,5008,0.60,Spring_Cr_col,5030,0.28,Abernathy_Cr_Fa,5008,0.10,Cowlitz_H_fa,5008,0.01,Big_Cr_H_Col,5030,0.00
Area126 (14) troll 119 1098,,Umatilla_H_Fa,5026,0.43,L_Wh_Sal_H_SF,5026,0.34,Priest_Rapid_H,5026,0.20,Hanford_Reach,5026,0.02,Marion_Drain_Fa,5026,0.01
Area126 (14) troll 119 1099,,Salmon@SA,5,1.00,,,,,,,,,,,,
Area126 (14) troll 119 1101,,Priest_Rapid_H,5026,0.95,Methow_R,5026,0.01,Hanford_Reach,5026,0.01,Wells_H,5026,0.01,Umatilla_H_Fa,5026,0.01
Area126 (14) troll 119 1102,,Hanford_Reach,5026,0.77,Priest_Rapid_H,5026,0.19,Nez_PerceT_H,5021,0.04,L_Wh_Sal_H_SF,5026,0.00,Wenatchee_R_SF,5026,0.00
Area126 (14) troll 119 1103,,McKenzie_H,5029,0.89,N_Santiam_H,5029,0.11,Lewis_H_sp,5009,0.00,,,,,,
Area126 (14) troll 119 1105,,Priest_Rapid_H,5026,0.58,Hanford_Reach,5026,0.18,Methow_R,5026,0.10,Nez_PerceT_H,5021,0.06,Wells_H,5026,0.04
Area126 (14) troll 119 1106,,Priest_Rapid_H,5026,0.45,Lyons_Ferry_H,5021,0.41,Nez_PerceT_H,5021,0.05,Hanford_Reach,5026,0.03,Umatilla_H_Fa,5026,0.02
Area126 (14) troll 119 1107,,Priest_Rapid_H,5026,0.51,Hanford_Reach,5026,0.22,Wells_H,5026,0.08,Methow_R,5026,0.08,Nez_PerceT_H,5021,0.06
Area126 (14) troll 119 1108,,N_Santiam_H,5029,0.97,McKenzie_H,5029,0.03,Lewis_R_Su,5008,0.00,Washougal_R_Fa,5008,0.00,Kalama_H_sp,5009,0.00
Area126 (14) troll 119 1109,,Washougal_R_Fa,5008,0.94,Cowlitz_H_fa,5008,0.05,Abernathy_Cr_Fa,5008,0.00,Lewis_R_LSu,5008,0.00,Lewis_R_Su,5008,0.00
Area126 (14) troll 119 1110,,Wenatchee_R_SF,5026,0.33,Priest_Rapid_H,5026,0.30,Wells_H,5026,0.22,Hanford_Reach,5026,0.15,Methow_R,5026,0.00
Area126 (14) troll 119 1112,,Hanford_Reach,5026,0.36,Priest_Rapid_H,5026,0.24,Umatilla_H_Fa,5026,0.14,Nez_PerceT_H,5021,0.09,Lyons_Ferry_H,5021,0.06
Area126 (14) troll 119 1114,,Cowlitz_H_fa,5008,0.53,Cowlitz_H_sp,5009,0.44,Washougal_R_Fa,5008,0.01,Lewis_R_Su,5008,0.00,Abernathy_NFH_F,5008,0.00
Area126 (14) troll 119 1115,,Cedar_R_SuFa,5020,0.80,Voights_H,5020,0.08,George_Adams_H,5005,0.04,Grovers_Cr_H,5020,0.02,Hamma_Hamma_R,5005,0.01
Area126 (14) troll 119 1116,,N_Santiam_H,5029,0.55,McKenzie_H,5029,0.34,Umpqua_H,5011,0.04,Kalama_H_sp,5009,0.02,Elochoman_R_Fa,5008,0.01
Area126 (14) troll 119 1117,,Hanford_Reach,5026,0.37,Priest_Rapid_H,5026,0.34,Wells_H,5026,0.14,Nez_PerceT_H,5021,0.07,Methow_R,5026,0.03
Area126 (14) troll 119 1118,,Lewis_R_LSu,5008,0.87,Cowlitz_H_fa,5008,0.07,Washougal_R_Fa,5008,0.04,Green_R_Fa,5008,0.01,Lewis_R_Su,5008,0.01
Area126 (14) troll 119 1119,,Slim_C,1,0.31,Stuart,2,0.19,Nechako,2,0.06,Quilayute_R,5028,0.04,Yaquina_R,5015,0.04
Area126 (14) troll 119 1120,,Priest_Rapid_H,5026,0.44,Millicoma_R,5011,0.30,Trask_R,5015,0.24,Marion_Drain_Fa,5026,0.01,L_Wh_Sal_H_SF,5026,0.00
Area126 (14) troll 119 1121,,Washougal_R_Fa,5008,0.72,Green_R_Fa,5008,0.19,Lewis_R_Su,5008,0.04,Cowlitz_H_fa,5008,0.02,Abernathy_NFH_F,5008,0.02
Area126 (14) troll 119 1123,,Lewis_R_LSu,5008,0.74,Cowlitz_H_fa,5008,0.15,Lewis_R_Su,5008,0.08,Washougal_R_Fa,5008,0.03,Green_R_Fa,5008,0.00
Area126 (14) troll 119 1126,,Methow_R,5026,0.52,Hanford_Reach,5026,0.26,Nez_PerceT_H,5021,0.10,Priest_Rapid_H,5026,0.07,Wenatchee_R_SF,5026,0.03
Area126 (14) troll 119 1127,,Wenatchee_R_SF,5026,0.59,Nez_PerceT_H,5021,0.10,Hanford_Reach,5026,0.08,L_Wh_Sal_H_SF,5026,0.07,Lyons_Ferry_H,5021,0.05
Area126 (14) troll 119 1128,,Spring_Cr_col,5030,0.98,Abernathy_NFH_F,5008,0.01,Big_Cr_H_Col,5030,0.01,Abernathy_Cr_Fa,5008,0.00,Lewis_R_Su,5008,0.00
Area126 (14) troll 119 1129,,Wenatchee_R_SF,5026,0.73,Hanford_Reach,5026,0.12,Methow_R,5026,0.08,Priest_Rapid_H,5026,0.02,Washougal_R_Fa,5008,0.01
Area126 (14) troll 119 1130,,Hanford_Reach,5026,0.49,Wells_H,5026,0.32,Coos_H,5011,0.04,Methow_R,5026,0.03,Wenatchee_R_SF,5026,0.03
Area126 (14) troll 119 1131,,Priest_Rapid_H,5026,0.50,Wells_H,5026,0.24,Wenatchee_R_SF,5026,0.15,Hanford_Reach,5026,0.04,Methow_R,5026,0.02
Area126 (14) troll 119 1132,,Priest_Rapid_H,5026,0.45,Wenatchee_R_SF,5026,0.34,Hanford_Reach,5026,0.08,Wells_H,5026,0.07,Methow_R,5026,0.04
Area126 (14) troll 119 1133,,Methow_R,5026,0.62,Priest_Rapid_H,5026,0.24,Hanford_Reach,5026,0.08,Wells_H,5026,0.03,Priest_Rapids_H,5026,0.01
Area126 (14) troll 119 1134,,Priest_Rapid_H,5026,0.41,Hanford_Reach,5026,0.36,Methow_R,5026,0.07,Wenatchee_R_SF,5026,0.04,Nez_PerceT_H,5021,0.03
Area126 (14) troll 119 1136,,Samish_H,5016,0.58,George_Adams_H,5005,0.22,NF_Skokomish_F,5005,0.09,Grovers_Cr_H,5020,0.07,Cedar_R_SuFa,5020,0.02
Area126 (14) troll 119 1138,,Wells_H,5026,0.56,Priest_Rapid_H,5026,0.23,Methow_R,5026,0.08,Umatilla_H_Fa,5026,0.04,Wenatchee_R_SF,5026,0.04
Area126 (14) troll 119 1139,,Washougal_R_Fa,5008,0.66,N_Santiam_H,5029,0.10,Abernathy_NFH_F,5008,0.08,Green_R_Fa,5008,0.06,Lewis_R_Su,5008,0.04
Area126 (14) troll 119 1140,,Wenatchee_R_SF,5026,0.67,Wells_H,5026,0.17,Priest_Rapid_H,5026,0.12,Methow_R,5026,0.02,Hanford_Reach,5026,0.02
Area126 (14) troll 119 1143,,Wells_H,5026,0.51,Hanford_Reach,5026,0.35,Priest_Rapid_H,5026,0.08,Umatilla_H_Fa,5026,0.03,Priest_Rapids_H,5026,0.01
Area126 (14) troll 119 1144,,Green_R_Fa,5008,0.55,Washougal_R_Fa,5008,0.12,Lewis_R_Su,5008,0.07,Hanford_Reach,5026,0.06,Cowlitz_H_fa,5008,0.05
Area126 (14) troll 119 1145,,Hanford_Reach,5026,0.43,Nez_PerceT_H,5021,0.21,Priest_Rapid_H,5026,0.10,Methow_R,5026,0.06,Wenatchee_R_SF,5026,0.06
Area126 (14) troll 119 1146,,Wells_H,5026,0.41,Wenatchee_R_SF,5026,0.33,Methow_R,5026,0.13,Hanford_Reach,5026,0.09,Priest_Rapid_H,5026,0.03
Area126 (14) troll 119 1147,,Washougal_R_Fa,5008,0.60,Green_R_Fa,5008,0.40,Cowlitz_H_fa,5008,0.00,Lewis_R_Su,5008,0.00,Lewis_R_LSu,5008,0.00
Area126 (14) troll 119 1148,,Priest_Rapid_H,5026,0.39,Hanford_Reach,5026,0.15,Wells_H,5026,0.13,Umatilla_H_Fa,5026,0.12,Nez_PerceT_H,5021,0.05
Area126 (14) troll 119 1149,,Spring_Cr_col,5030,1.00,Abernathy_NFH_F,5008,0.00,Cowlitz_H_fa,5008,0.00,Green_R_Fa,5008,0.00,Abernathy_Cr_Fa,5008,0.00
Area126 (14) troll 119 1150,,Lewis_R_Su,5008,0.53,Washougal_R_Fa,5008,0.45,Green_R_Fa,5008,0.01,Lewis_R_f,5008,0.00,Elochoman_R_Fa,5008,0.00
Area126 (14) troll 119 1152,,Makah_H,5028,0.74,Forks_Cr_H,5028,0.15,Coos_H,5011,0.07,S_Coos_R,5011,0.02,Trask_R,5015,0.00
Area126 (14) troll 119 1153,,Priest_Rapid_H,5026,0.53,Umatilla_H_Fa,5026,0.12,Wells_H,5026,0.12,Hanford_Reach,5026,0.08,Nez_PerceT_H,5021,0.06
Area126 (14) troll 119 1155,,Methow_R,5026,0.50,Priest_Rapid_H,5026,0.28,Wenatchee_R_SF,5026,0.10,Hanford_Reach,5026,0.09,Umatilla_H,5026,0.01
Area126 (14) troll 119 1156,,Priest_Rapid_H,5026,0.59,Wells_H,5026,0.24,Nez_PerceT_H,5021,0.05,Methow_R,5026,0.04,Lyons_Ferry_H,5021,0.04
Area126 (14) troll 119 1158,,Nez_PerceT_H,5021,0.74,Hanford_Reach,5026,0.15,Puntledge_F,7,0.03,Priest_Rapid_H,5026,0.02,Lyons_Ferry_H,5021,0.02
Area126 (14) troll 119 1159,,Methow_R,5026,0.36,Priest_Rapid_H,5026,0.30,Wells_H,5026,0.24,Hanford_Reach,5026,0.05,Umatilla_H_Fa,5026,0.02
Area126 (14) troll 119 1160,,S_Umpqua_H,5011,0.60,Trask_R,5015,0.20,Alsea_R,5015,0.17,Millicoma_R,5011,0.02,Kilchis_R,5015,0.00
Area126 (14) troll 119 1161,,Cowlitz_H_fa,5008,0.27,Green_R_Fa,5008,0.19,Sol_Duc_H,5028,0.17,Washougal_R_Fa,5008,0.13,Lewis_R_LSu,5008,0.08
Area126 (14) troll 119 1163,,Washougal_R_Fa,5008,0.30,Cowlitz_H_fa,5008,0.27,Coos_H,5011,0.14,Methow_R,5026,0.07,Green_R_Fa,5008,0.06
Area126 (14) troll 119 1164,,N_Santiam_H,5029,0.71,McKenzie_H,5029,0.27,Kalama_H_sp,5009,0.02,Lewis_H_sp,5009,0.00,Umpqua_H,5011,0.00
Area126 (14) troll 119 1165,,Lyons_Ferry_H,5021,0.80,Nez_PerceT_H,5021,0.05,Priest_Rapid_H,5026,0.05,Umatilla_H_Fa,5026,0.05,Marion_Drain_Fa,5026,0.04
Area126 (14) troll 119 1166,,Priest_Rapid_H,5026,0.56,Wenatchee_R_SF,5026,0.11,L_Wh_Sal_H_SF,5026,0.11,Nez_PerceT_H,5021,0.08,Washougal_R_Fa,5008,0.04
Area126 (14) troll 119 1167,,Forks_Cr_H,5028,1.00,,,,,,,,,,,,
Area126 (14) troll 119 1168,,N_Santiam_H,5029,0.94,McKenzie_H,5029,0.06,,,,,,,,,
Area126 (14) troll 119 1169,,Washougal_R_Fa,5008,0.98,Abernathy_Cr_Fa,5008,0.01,Cowlitz_H_fa,5008,0.01,Spring_Cr_col,5030,0.00,Lewis_R_Su,5008,0.00
Area126 (14) troll 119 1170,,Priest_Rapid_H,5026,0.47,L_Wh_Sal_H_SF,5026,0.41,Hanford_Reach,5026,0.09,Wells_H,5026,0.01,N_Santiam_H,5029,0.01
Area126 (14) troll 119 1171,,Priest_Rapid_H,5026,0.44,Hanford_Reach,5026,0.37,Wenatchee_R_SF,5026,0.08,L_Wh_Sal_H_SF,5026,0.08,McKenzie_H,5029,0.01
Area126 (14) troll 119 1172,,Cedar_R_SuFa,5020,0.80,Hamma_Hamma_R,5005,0.13,George_Adams_H,5005,0.03,Voights_H,5020,0.01,Clear_Cr_H,5020,0.01
Area126 (14) troll 119 1173,,Spring_Cr_col,5030,0.69,Abernathy_NFH_F,5008,0.29,Abernathy_Cr_Fa,5008,0.01,Green_R_Fa,5008,0.00,Lewis_R_Su,5008,0.00
Area126 (14) troll 119 1175,,Wells_H,5026,0.33,Priest_Rapid_H,5026,0.23,Methow_R,5026,0.21,Hanford_Reach,5026,0.11,Wenatchee_R_SF,5026,0.07
Area126 (14) troll 119 1176,,Hanford_Reach,5026,0.88,Methow_R,5026,0.09,Priest_Rapid_H,5026,0.01,Umatilla_H_Fa,5026,0.01,Wells_H,5026,0.01
Area126 (14) troll 119 1178,,Slamgeesh,19,0.56,George_Adams_H,5005,0.09,Harrison,3,0.09,Thomas_Cr,23,0.08,Stuart,2,0.04
Area126 (14) troll 119 1179,,L_Shuswap,5,0.93,Little_R,5,0.04,South_Thom,5,0.01,L_Adams,5,0.01,Bessette,5,0.01
Area126 (14) troll 119 1180,,Hanford_Reach,5026,0.56,Priest_Rapid_H,5026,0.37,Lyons_Ferry_H,5021,0.02,Wenatchee_R_SF,5026,0.02,Umatilla_H_Fa,5026,0.01
Area126 (14) troll 119 1181,,George_Adams_H,5005,0.94,NF_Skokomish_F,5005,0.04,Hamma_Hamma_R,5005,0.01,Clear_Cr_H,5020,0.00,Cedar_R_SuFa,5020,0.00
Area126 (14) troll 119 1182,,Forks_Cr_H,5028,0.73,NanaimoSu_BackX,7,0.10,Coos_H,5011,0.04,Hanford_Reach,5026,0.04,Sixes_R,5011,0.04
Area126 (14) troll 119 1185,,Priest_Rapid_H,5026,0.30,Wells_H,5026,0.23,Methow_R,5026,0.14,Hanford_Reach,5026,0.09,L_Wh_Sal_H_SF,5026,0.08
Area126 (14) troll 119 1186,,NF_Skokomish_F,5005,0.60,Hamma_Hamma_R,5005,0.24,George_Adams_H,5005,0.09,Voights_H,5020,0.03,Cedar_R_SuFa,5020,0.02
Area126 (14) troll 119 1187,,NF_Skokomish_F,5005,0.38,George_Adams_H,5005,0.28,Samish_H,5016,0.15,Cedar_R_SuFa,5020,0.06,Voights_H,5020,0.05
Area126 (14) troll 119 1188,,Lyons_Ferry_H,5021,0.91,Umatilla_H_Fa,5026,0.06,Marion_Drain_Fa,5026,0.01,Hanford_Reach,5026,0.01,Priest_Rapid_H,5026,0.01
Area126 (14) troll 119 1189,,Conuma,8,0.98,Tlupana,8,0.01,Tahsis,8,0.01,Kaouk_R,8,0.00,Zeballos,8,0.00
Area126 (14) troll 119 1191,,Trask_R,5015,0.68,Millicoma_R,5011,0.30,Forks_Cr_H,5028,0.01,S_Coos_R,5011,0.00,Alsea_R,5015,0.00
Area126 (14) troll 119 1192,,Priest_Rapid_H,5026,0.28,Umatilla_H_Fa,5026,0.24,Hanford_Reach,5026,0.21,Nez_PerceT_H,5021,0.14,L_Wh_Sal_H_SF,5026,0.11
Area126 (14) troll 119 1194,,Wenatchee_R_SF,5026,0.47,Methow_R,5026,0.32,Wells_H,5026,0.10,Priest_Rapid_H,5026,0.05,Hanford_Reach,5026,0.03
Area126 (14) troll 119 1195,,Priest_Rapid_H,5026,0.28,Hanford_Reach,5026,0.24,Wenatchee_R_SF,5026,0.21,Methow_R,5026,0.16,Umatilla_H_Fa,5026,0.07
Area126 (14) troll 119 1196,,Priest_Rapid_H,5026,0.35,Methow_R,5026,0.20,Umatilla_H_Fa,5026,0.13,Wells_H,5026,0.13,Hanford_Reach,5026,0.09
Area126 (14) troll 119 1198,,Priest_Rapid_H,5026,0.58,S_Umpqua_H,5011,0.15,Methow_R,5026,0.12,Hanford_Reach,5026,0.08,Lyons_Ferry_H,5021,0.05
Area126 (14) troll 119 1199,,Washougal_R_Fa,5008,0.35,Cowlitz_H_fa,5008,0.26,Green_R_Fa,5008,0.17,Abernathy_NFH_F,5008,0.15,Abernathy_Cr_Fa,5008,0.02
Area126 (14) troll 119 2501,,Nez_PerceT_H,5021,0.54,Methow_R,5026,0.24,Wells_H,5026,0.09,Priest_Rapid_H,5026,0.08,Wenatchee_R_SF,5026,0.04
Area126 (14) troll 119 2502,,NF_Nooksack_H,5016,1.00,U_Sauk_R_SpSu,5016,0.00,,,,,,,,,
Area126 (14) troll 119 2504,,Methow_R,5026,0.40,Priest_Rapid_H,5026,0.23,Wenatchee_R_SF,5026,0.18,Hanford_Reach,5026,0.13,Wells_H,5026,0.03
Area126 (14) troll 119 2505,Dupe with 622,Methow_R,5026,0.63,Priest_Rapid_H,5026,0.20,Wenatchee_R_SF,5026,0.07,Hanford_Reach,5026,0.07,Wells_H,5026,0.02
Area126 (14) troll 119 2506,,Lewis_R_Su,5008,0.53,Hanford_Reach,5026,0.10,L_Thompson,5,0.09,Lewis_R_LSu,5008,0.08,Nez_PerceT_H,5021,0.06
Area126 (14) troll 119 2507,,Wenatchee_R_SF,5026,0.79,Wells_H,5026,0.15,Methow_R,5026,0.03,Priest_Rapid_H,5026,0.03,Hanford_Reach,5026,0.00
Area126 (14) troll 119 2510,,Priest_Rapid_H,5026,0.28,Hanford_Reach,5026,0.27,Wells_H,5026,0.19,L_Wh_Sal_H_SF,5026,0.13,Nez_PerceT_H,5021,0.04
Area126 (14) troll 119 2511,,Priest_Rapid_H,5026,0.43,Hanford_Reach,5026,0.26,Wenatchee_R_SF,5026,0.26,L_Wh_Sal_H_SF,5026,0.03,Wells_H,5026,0.01
Area126 (14) troll 119 2512,,Umatilla_H_Fa,5026,0.35,L_Wh_Sal_H_SF,5026,0.20,Nez_PerceT_H,5021,0.16,Priest_Rapid_H,5026,0.14,Hanford_Reach,5026,0.13
Area126 (14) troll 119 2513,,Harrison,3,0.58,Chilliwack_F,3,0.42,Chilliwac@Stav,3,0.00,,,,,,
Area126 (14) troll 119 2514,,Hanford_Reach,5026,0.48,S_Umpqua_H,5011,0.38,Priest_Rapid_H,5026,0.05,Nez_PerceT_H,5021,0.04,L_Wh_Sal_H_SF,5026,0.04
Area126 (14) troll 119 2515,,Thomas_Cr,23,0.69,Coos_H,5011,0.14,S_Umpqua_H,5011,0.10,Slamgeesh,19,0.02,Seaskinnish,11,0.01
Area126 (14) troll 119 2516,,Coos_H,5011,0.35,Harrison,3,0.16,Cowlitz_H_fa,5008,0.10,Elochoman_R_Fa,5008,0.08,S_Umpqua_H,5011,0.07
Area126 (14) troll 119 2517,,Umatilla_H_Fa,5026,0.52,Lyons_Ferry_H,5021,0.23,Hanford_Reach,5026,0.08,S_Umpqua_H,5011,0.06,Umatilla_H,5026,0.04
Area126 (14) troll 119 2518,,Nez_PerceT_H,5021,0.81,Lyons_Ferry_H,5021,0.14,Priest_Rapid_H,5026,0.03,Methow_R,5026,0.01,Umatilla_H_Fa,5026,0.01
Area126 (14) troll 119 2519,,Forks_Cr_H,5028,0.90,Wenatchee_R_SF,5026,0.05,Hanford_Reach,5026,0.02,Umatilla_H_Fa,5026,0.01,Priest_Rapid_H,5026,0.01
Area126 (14) troll 119 2521,,Eagle_R,5,0.54,L_Shuswap,5,0.38,M_Shuswap,5,0.06,Bessette,5,0.02,Seymour@Thomp,5,0.00
Area126 (14) troll 119 2523,,S_Umpqua_H,5011,0.38,Trask_R,5015,0.22,Alsea_R,5015,0.13,Forks_Cr_H,5028,0.10,Coquille_R,5011,0.08
Area126 (14) troll 119 2526,,Hanford_Reach,5026,0.52,Priest_Rapid_H,5026,0.39,L_Wh_Sal_H_SF,5026,0.03,Lyons_Ferry_H,5021,0.02,Umatilla_H_Fa,5026,0.02
Area126 (14) troll 119 2529,,Spring_Cr_col,5030,0.92,Abernathy_NFH_F,5008,0.08,Washougal_R_Fa,5008,0.00,Cowlitz_H_fa,5008,0.00,Elochoman_R_Fa,5008,0.00
Area126 (14) troll 119 2532,,Wells_H,5026,0.37,Wenatchee_R_SF,5026,0.25,Methow_R,5026,0.12,Lyons_Ferry_H,5021,0.09,Priest_Rapid_H,5026,0.07
Area126 (14) troll 119 2533,,Nanaimo_F,7,0.47,Cowichan,7,0.38,Puntledge_F,7,0.12,Voights_H,5020,0.03,L_Qualicum,7,0.00
Area126 (14) troll 119 2534,,Wenatchee_R_SF,5026,0.65,Methow_R,5026,0.11,Nez_PerceT_H,5021,0.09,Priest_Rapid_H,5026,0.07,Hanford_Reach,5026,0.04
Area126 (14) troll 119 2536,,L_Adams,5,0.84,L_Thompson,5,0.11,Little_R,5,0.04,South_Thom,5,0.00,L_Shuswap,5,0.00
Area126 (14) troll 119 2537,,Priest_Rapid_H,5026,0.39,Hanford_Reach,5026,0.34,Wells_H,5026,0.11,L_Wh_Sal_H_SF,5026,0.03,Nez_PerceT_H,5021,0.03
Area126 (14) troll 119 2539,,Priest_Rapid_H,5026,0.88,Cedar_R_SuFa,5020,0.04,L_Wh_Sal_H_SF,5026,0.02,Umatilla_H_Fa,5026,0.02,Wenatchee_R_SF,5026,0.01
Area126 (14) troll 119 2540,,Priest_Rapid_H,5026,0.33,Umatilla_H_Fa,5026,0.23,L_Wh_Sal_H_SF,5026,0.16,Wells_H,5026,0.08,Hanford_Reach,5026,0.08
Area126 (14) troll 126 2102,,Abernathy_NFH_F,5008,0.59,Spring_Cr_col,5030,0.29,Abernathy_Cr_Fa,5008,0.11,Elochoman_R_Fa,5008,0.00,Elochoman_H,5030,0.00
Area126 (14) troll 126 2103,,Priest_Rapid_H,5026,0.37,Hanford_Reach,5026,0.17,Umatilla_H_Fa,5026,0.16,Wenatchee_R_SF,5026,0.10,L_Wh_Sal_H_SF,5026,0.09
Area126 (14) troll 126 2106,,Priest_Rapid_H,5026,0.66,Hanford_Reach,5026,0.12,Lewis_R_LSu,5008,0.08,Lewis_R_Su,5008,0.07,Wells_H,5026,0.02
Area126 (14) troll 126 2109,,Wenatchee_R_SF,5026,0.46,Methow_R,5026,0.34,Priest_Rapid_H,5026,0.12,Wells_H,5026,0.03,Hanford_Reach,5026,0.02
Area126 (14) troll 126 2110,,Washougal_R_Fa,5008,0.99,Lewis_R_Su,5008,0.01,Lewis_R_LSu,5008,0.00,Abernathy_Cr_Fa,5008,0.00,Abernathy_NFH_F,5008,0.00
Area126 (14) troll 126 2111,,Wells_H,5026,0.33,Priest_Rapid_H,5026,0.28,Methow_R,5026,0.27,Wenatchee_R_SF,5026,0.05,Lyons_Ferry_H,5021,0.03
Area126 (14) troll 126 2113,,Washougal_R_Fa,5008,0.56,Cowlitz_H_fa,5008,0.39,Cowlitz_H_sp,5009,0.04,Green_R_Fa,5008,0.01,S_Coos_R,5011,0.00
Area126 (14) troll 126 2115,,N_Santiam_H,5029,0.66,McKenzie_H,5029,0.34,,,,,,,,,
Area126 (14) troll 126 2118,,Cedar_R_SuFa,5020,0.19,Voights_H,5020,0.17,George_Adams_H,5005,0.16,NF_Skokomish_F,5005,0.15,Grovers_Cr_H,5020,0.10
Area126 (14) troll 126 2119,,Methow_R,5026,0.63,Wenatchee_R_SF,5026,0.24,Umatilla_H_Fa,5026,0.05,Wells_H,5026,0.03,Hanford_Reach,5026,0.02
Area126 (14) troll 126 2121,,Lolo_Cr,5022,0.87,Wenaha_R,5022,0.10,Newsome_Cr,5022,0.02,Lewis_H_sp,5009,0.00,Red_R,5022,0.00
Area126 (14) troll 126 2122,,Spring_Cr_col,5030,1.00,Abernathy_NFH_F,5008,0.00,Green_R_Fa,5008,0.00,Cowlitz_H_fa,5008,0.00,,,
Area126 (14) troll 126 2123,,George_Adams_H,5005,0.43,Cedar_R_SuFa,5020,0.35,Voights_H,5020,0.10,NF_Skokomish_F,5005,0.06,Samish_H,5016,0.01
Area126 (14) troll 126 2124,,Trask_R,5015,0.87,Alsea_R,5015,0.10,Kilchis_R,5015,0.01,Salmon_R_f,5015,0.01,S_Umpqua_H,5011,0.00
Area126 (14) troll 126 2127,,L_Thompson,5,0.64,Little_R,5,0.28,South_Thom,5,0.05,Wenatchee_R_SF,5026,0.02,L_Adams,5,0.01
Area126 (14) troll 126 2129,,Priest_Rapid_H,5026,0.54,Hanford_Reach,5026,0.20,Umatilla_H_Fa,5026,0.15,L_Wh_Sal_H_SF,5026,0.10,Nez_PerceT_H,5021,0.01
Area126 (14) troll 126 2130,,Priest_Rapid_H,5026,0.32,Nez_PerceT_H,5021,0.24,Methow_R,5026,0.23,Hanford_Reach,5026,0.20,Wenatchee_R_SF,5026,0.01
Area126 (14) troll 126 2131,,Wenatchee_R_SF,5026,0.33,Wells_H,5026,0.27,Priest_Rapid_H,5026,0.15,Methow_R,5026,0.11,Hanford_Reach,5026,0.09
Area126 (14) troll 126 2132,,Hanford_Reach,5026,0.33,Priest_Rapid_H,5026,0.29,Nez_PerceT_H,5021,0.14,Wells_H,5026,0.10,Lyons_Ferry_H,5021,0.09
Area126 (14) troll 126 2133,,Lewis_R_LSu,5008,0.86,Lewis_R_Su,5008,0.05,Cowlitz_H_fa,5008,0.05,Sandy_R,5008,0.02,Washougal_R_Fa,5008,0.02
Area126 (14) troll 126 2134,,Priest_Rapid_H,5026,0.52,Hanford_Reach,5026,0.45,Marion_Drain_Fa,5026,0.02,Wenatchee_R_SF,5026,0.00,Nez_PerceT_H,5021,0.00
Area126 (14) troll 126 2136,,Hanford_Reach,5026,0.57,Priest_Rapid_H,5026,0.14,Wells_H,5026,0.09,Umatilla_H_Fa,5026,0.07,Methow_R,5026,0.06
Area126 (14) troll 126 2137,,Priest_Rapid_H,5026,0.57,Wells_H,5026,0.20,Hanford_Reach,5026,0.09,Methow_R,5026,0.09,Wenatchee_R_SF,5026,0.04
Area126 (14) troll 126 2139,,Methow_R,5026,0.64,Wells_H,5026,0.14,Priest_Rapid_H,5026,0.09,Lyons_Ferry_H,5021,0.04,Hanford_Reach,5026,0.04
Area126 (14) troll 126 2140,,Priest_Rapid_H,5026,0.71,Wenatchee_R_SF,5026,0.12,Wells_H,5026,0.10,Methow_R,5026,0.06,Hanford_Reach,5026,0.01
Area126 (14) troll 126 2141,,Wenatchee_R_SF,5026,0.58,Hanford_Reach,5026,0.22,Methow_R,5026,0.11,Priest_Rapid_H,5026,0.08,Umatilla_H_Fa,5026,0.00
Area126 (14) troll 126 2142,,Methow_R,5026,0.75,Wenatchee_R_SF,5026,0.14,Wells_H,5026,0.07,Hanford_Reach,5026,0.05,Priest_Rapid_H,5026,0.00
Area126 (14) troll 126 2143,,Lyons_Ferry_H,5021,0.66,Nez_PerceT_H,5021,0.25,Priest_Rapid_H,5026,0.05,Hanford_Reach,5026,0.02,Marion_Drain_Fa,5026,0.01
Area126 (14) troll 126 2144,,Washougal_R_Fa,5008,0.95,Lewis_R_Su,5008,0.04,Umatilla_H_Fa,5026,0.00,Priest_Rapid_H,5026,0.00,Cowlitz_H_fa,5008,0.00
Area126 (14) troll 126 2149,,Stanislaus_R,5001,0.83,Feather_H_fa,5001,0.08,Butte_Cr_f,5001,0.04,Battle_Cr,5001,0.04,Washougal_R_Fa,5008,0.00
Area126 (14) troll 126 2150,,Priest_Rapid_H,5026,0.37,Methow_R,5026,0.23,Wenatchee_R_SF,5026,0.22,Wells_H,5026,0.10,Umatilla_H_Fa,5026,0.03
Area126 (14) troll 126 2151,,Wells_H,5026,0.61,Wenatchee_R_SF,5026,0.23,Methow_R,5026,0.05,Priest_Rapid_H,5026,0.05,L_Thompson,5,0.04
Area126 (14) troll 126 2152,Dupe with 826,Priest_Rapid_H,5026,0.75,Wells_H,5026,0.11,Methow_R,5026,0.09,Umatilla_H_Fa,5026,0.03,Umatilla_H,5026,0.01
Area126 (14) troll 126 2153,,Wenatchee_R_SF,5026,0.89,Priest_Rapid_H,5026,0.05,Hanford_Reach,5026,0.03,Wells_H,5026,0.01,Methow_R,5026,0.01
Area126 (14) troll 126 2154,,Nez_PerceT_H,5021,0.70,Methow_R,5026,0.25,Priest_Rapid_H,5026,0.02,L_Wh_Sal_H_SF,5026,0.01,Wenatchee_R_SF,5026,0.00
Area126 (14) troll 126 2155,,Coos_H,5011,0.96,S_Umpqua_H,5011,0.04,N_Santiam_H,5029,0.00,Millicoma_R,5011,0.00,McKenzie_H,5029,0.00
Area126 (14) troll 126 2157,,Wells_H,5026,0.44,Methow_R,5026,0.28,Priest_Rapid_H,5026,0.17,Wenatchee_R_SF,5026,0.09,Hanford_Reach,5026,0.03
Area126 (14) troll 126 2158,,Priest_Rapid_H,5026,0.59,Hanford_Reach,5026,0.12,Methow_R,5026,0.08,Lyons_Ferry_H,5021,0.07,L_Wh_Sal_H_SF,5026,0.06
Area126 (14) troll 126 2162,,Lewis_R_Su,5008,0.72,Abernathy_Cr_Fa,5008,0.12,Lewis_R_LSu,5008,0.09,Kalama_H_sp,5009,0.02,Cowlitz_H_fa,5008,0.02
Area126 (14) troll 126 2163,,L_Thompson,5,1.00,Little_R,5,0.00,L_Adams,5,0.00,,,,,,
Area126 (14) troll 126 2165,,Harrison,3,0.88,Chilliwack_F,3,0.11,Barriere,4,0.01,Forks_Cr_H,5028,0.00,,,
Area126 (14) troll 126 2166,,L_Shuswap,5,0.99,Bessette,5,0.00,Eagle_R,5,0.00,M_Shuswap,5,0.00,Duteau_Cr,5,0.00
Area126 (14) troll 126 2169,,Priest_Rapid_H,5026,0.52,Hanford_Reach,5026,0.30,L_Wh_Sal_H_SF,5026,0.11,Umatilla_H,5026,0.03,Umatilla_H_Fa,5026,0.02
Area126 (14) troll 126 2170,,Methow_R,5026,0.38,Priest_Rapid_H,5026,0.31,Wenatchee_R_SF,5026,0.27,Wells_H,5026,0.02,Hanford_Reach,5026,0.01
Area126 (14) troll 126 2173,,Nez_PerceT_H,5021,0.57,Priest_Rapid_H,5026,0.21,Wells_H,5026,0.09,Hanford_Reach,5026,0.05,L_Wh_Sal_H_SF,5026,0.03
Area126 (14) troll 126 2176,,Priest_Rapid_H,5026,0.42,Wells_H,5026,0.32,Methow_R,5026,0.15,Wenatchee_R_SF,5026,0.05,Umatilla_H_Fa,5026,0.04
Area126 (14) troll 126 2177,,Methow_R,5026,0.74,Wells_H,5026,0.13,Wenatchee_R_SF,5026,0.08,Priest_Rapid_H,5026,0.05,L_Wh_Sal_H_SF,5026,0.00
Area126 (14) troll 126 2178,,Methow_R,5026,0.42,Wells_H,5026,0.31,Priest_Rapid_H,5026,0.20,Wenatchee_R_SF,5026,0.06,Hanford_Reach,5026,0.00
Area126 (14) troll 126 2179,,Lewis_R_Su,5008,0.76,Cowlitz_H_fa,5008,0.16,Lewis_R_LSu,5008,0.05,Washougal_R_Fa,5008,0.01,Green_R_Fa,5008,0.01
Area126 (14) troll 126 2181,,Methow_R,5026,0.44,Wenatchee_R_SF,5026,0.44,Wells_H,5026,0.08,Priest_Rapid_H,5026,0.03,Hanford_Reach,5026,0.01
Area126 (14) troll 126 2182,,Hanford_Reach,5026,0.71,Priest_Rapid_H,5026,0.22,Umatilla_H_Fa,5026,0.03,Methow_R,5026,0.02,L_Wh_Sal_H_SF,5026,0.01
Area126 (14) troll 126 2183,,George_Adams_H,5005,0.84,Voights_H,5020,0.06,NF_Skokomish_F,5005,0.03,Hamma_Hamma_R,5005,0.02,Cedar_R_SuFa,5020,0.02
Area126 (14) troll 126 2184,,Priest_Rapid_H,5026,0.41,Hanford_Reach,5026,0.34,Wenatchee_R_SF,5026,0.10,Wells_H,5026,0.09,Methow_R,5026,0.06
Area126 (14) troll 126 2185,,Methow_R,5026,0.65,Wenatchee_R_SF,5026,0.21,Wells_H,5026,0.06,Priest_Rapid_H,5026,0.05,Nez_PerceT_H,5021,0.02
Area126 (14) troll 126 2186,,Priest_Rapid_H,5026,0.39,Umatilla_H_Fa,5026,0.29,Lyons_Ferry_H,5021,0.15,Hanford_Reach,5026,0.10,Nez_PerceT_H,5021,0.04
Area126 (14) troll 126 2187,,Hanford_Reach,5026,0.77,Priest_Rapid_H,5026,0.15,Lyons_Ferry_H,5021,0.04,Umatilla_H_Fa,5026,0.02,Wells_H,5026,0.01
Area126 (14) troll 126 2188,,Nez_PerceT_H,5021,0.37,Hanford_Reach,5026,0.31,Priest_Rapid_H,5026,0.27,L_Wh_Sal_H_SF,5026,0.03,Lyons_Ferry_H,5021,0.01
Area126 (14) troll 126 2189,Dupe with 819,Priest_Rapid_H,5026,0.48,Lyons_Ferry_H,5021,0.17,Methow_R,5026,0.17,Nez_PerceT_H,5021,0.05,Hanford_Reach,5026,0.04
Area126 (14) troll 126 2190,,Priest_Rapid_H,5026,0.82,Hanford_Reach,5026,0.18,Wells_H,5026,0.00,Umatilla_H_Fa,5026,0.00,Umatilla_H,5026,0.00
Area126 (14) troll 126 2191,,Hanford_Reach,5026,0.82,Umatilla_H,5026,0.15,Wenatchee_R_SF,5026,0.02,Priest_Rapid_H,5026,0.01,Umatilla_H_Fa,5026,0.01
Area126 (14) troll 126 2192,,Hanford_Reach,5026,0.38,Nez_PerceT_H,5021,0.22,Priest_Rapid_H,5026,0.16,Umatilla_H_Fa,5026,0.07,L_Wh_Sal_H_SF,5026,0.05
Area126 (14) troll 126 2195,,Hanford_Reach,5026,0.98,Marion_Drain_Fa,5026,0.01,Nez_PerceT_H,5021,0.00,L_Wh_Sal_H_SF,5026,0.00,Wells_H,5026,0.00
Area126 (14) troll 126 2196,Dupe with 814,Priest_Rapid_H,5026,0.51,Methow_R,5026,0.16,Lyons_Ferry_H,5021,0.16,Hanford_Reach,5026,0.04,L_Wh_Sal_H_SF,5026,0.04
Area126 (14) troll 126 2199,,Wenatchee_R_SF,5026,0.61,Hanford_Reach,5026,0.11,Nez_PerceT_H,5021,0.09,L_Wh_Sal_H_SF,5026,0.08,Lyons_Ferry_H,5021,0.04
Area126 (14) troll 126 2200,,Nez_PerceT_H,5021,0.30,Priest_Rapid_H,5026,0.29,Lyons_Ferry_H,5021,0.28,Hanford_Reach,5026,0.07,L_Wh_Sal_H_SF,5026,0.03
Area126 (14) troll 126 2201,,Nez_PerceT_H,5021,0.56,Priest_Rapid_H,5026,0.19,Methow_R,5026,0.18,Wells_H,5026,0.05,Umatilla_H_Fa,5026,0.01
Area126 (14) troll 126 2202,,Priest_Rapid_H,5026,0.48,Umatilla_H_Fa,5026,0.21,Wenatchee_R_SF,5026,0.17,Hanford_Reach,5026,0.05,Nez_PerceT_H,5021,0.03
Area126 (14) troll 126 2203,,Umatilla_H_Fa,5026,0.95,Hanford_Reach,5026,0.03,Wells_H,5026,0.02,Priest_Rapid_H,5026,0.00,L_Wh_Sal_H_SF,5026,0.00
Area126 (14) troll 126 2204,,Methow_R,5026,0.76,Wenatchee_R_SF,5026,0.06,Nez_PerceT_H,5021,0.05,Priest_Rapid_H,5026,0.04,Hanford_Reach,5026,0.03
Area126 (14) troll 126 2205,Dupe with 789,Priest_Rapid_H,5026,0.75,Wells_H,5026,0.11,Methow_R,5026,0.09,Umatilla_H_Fa,5026,0.03,Umatilla_H,5026,0.00
Area126 (14) troll 126 2207,,Priest_Rapid_H,5026,0.74,L_Wh_Sal_H_SF,5026,0.22,Hanford_Reach,5026,0.01,Methow_R,5026,0.01,Umatilla_H_Fa,5026,0.01
Area126 (14) troll 126 2209,,Methow_R,5026,0.28,Hanford_Reach,5026,0.17,Priest_Rapid_H,5026,0.16,Wenatchee_R_SF,5026,0.15,Wells_H,5026,0.11
Area126 (14) troll 133 3201,,Priest_Rapid_H,5026,0.58,Hanford_Reach,5026,0.26,Wenatchee_R_SF,5026,0.06,Lyons_Ferry_H,5021,0.05,Umatilla_H_Fa,5026,0.03
Area126 (14) troll 133 3203,,Conuma,8,0.90,Tlupana,8,0.10,,,,,,,,,
Area126 (14) troll 133 3204,Dupe with 875,Priest_Rapid_H,5026,0.95,Lyons_Ferry_H,5021,0.03,Priest_Rapids_H,5026,0.01,Hanford_Reach,5026,0.00,Methow_R,5026,0.00
Area126 (14) troll 133 3205,,Spring_Cr_col,5030,0.23,Cowlitz_H_fa,5008,0.23,Priest_Rapid_H,5026,0.13,Abernathy_Cr_Fa,5008,0.13,Green_R_Fa,5008,0.08
Area126 (14) troll 133 3207,,Coos_H,5011,0.98,S_Coos_R,5011,0.02,Elk_H,5011,0.00,Sixes_R,5011,0.00,Alsea_R,5015,0.00
Area126 (14) troll 133 3208,,Hanford_Reach,5026,0.56,Methow_R,5026,0.19,Priest_Rapid_H,5026,0.14,Nez_PerceT_H,5021,0.04,Wells_H,5026,0.03
Area126 (14) troll 133 3209,,Priest_Rapid_H,5026,0.48,Hanford_Reach,5026,0.31,L_Wh_Sal_H_SF,5026,0.10,Methow_R,5026,0.06,Marion_Drain_Fa,5026,0.02
Area126 (14) troll 133 3210,,Forks_Cr_H,5028,0.45,Trask_R,5015,0.39,Millicoma_R,5011,0.15,S_Umpqua_H,5011,0.00,Kalama_H_sp,5009,0.00
Area126 (14) troll 133 3212,,L_Shuswap,5,0.94,Little_R,5,0.03,L_Thompson,5,0.02,Clearwater,4,0.01,Barriere,4,0.01
Area126 (14) troll 133 3213,,Snowbank,11,0.51,Slamgeesh,19,0.21,Cranberry,11,0.09,Seaskinnish,11,0.08,Teigen,11,0.07
Area126 (14) troll 133 3215,,L_Shuswap,5,0.99,L_Adams,5,0.01,Eagle_R,5,0.00,L_Thompson,5,0.00,Little_R,5,0.00
Area126 (14) troll 133 3216,,L_Shuswap,5,0.96,Little_R,5,0.03,L_Adams,5,0.01,M_Shuswap,5,0.00,Bessette,5,0.00
Area126 (14) troll 133 3217,,Umatilla_H_Fa,5026,0.40,Wells_H,5026,0.29,Hanford_Reach,5026,0.17,Wenatchee_R_SF,5026,0.08,Priest_Rapid_H,5026,0.05
Area126 (14) troll 133 3218,,Chilko,2,0.52,Little_R,5,0.22,L_Adams,5,0.16,South_Thom,5,0.03,L_Shuswap,5,0.02
Area126 (14) troll 133 3220,,Priest_Rapid_H,5026,0.92,Lyons_Ferry_H,5021,0.07,Umatilla_H,5026,0.00,Hanford_Reach,5026,0.00,L_Wh_Sal_H_SF,5026,0.00
Area126 (14) troll 133 3221,,Methow_R,5026,0.44,Hanford_Reach,5026,0.17,Priest_Rapid_H,5026,0.14,Wells_H,5026,0.10,Umatilla_H,5026,0.07
Area126 (14) troll 133 3222,,Hanford_Reach,5026,0.48,Priest_Rapid_H,5026,0.34,Umatilla_H_Fa,5026,0.07,Methow_R,5026,0.05,Nez_PerceT_H,5021,0.03
Area126 (14) troll 133 3224,,Umatilla_H,5026,0.26,Priest_Rapid_H,5026,0.16,Methow_R,5026,0.13,Umatilla_H_Fa,5026,0.12,Wenatchee_R_SF,5026,0.09
Area126 (14) troll 133 3225,,Nechako,2,0.22,Stuart,2,0.21,Coquille_R,5011,0.20,Millicoma_R,5011,0.14,Coos_H,5011,0.07
Area126 (14) troll 133 3226,,L_Wh_Sal_H_SF,5026,0.44,Hanford_Reach,5026,0.30,Priest_Rapid_H,5026,0.22,Lyons_Ferry_H,5021,0.02,Umatilla_H_Fa,5026,0.01
Area126 (14) troll 133 3227,,L_Adams,5,0.27,Priest_Rapid_H,5026,0.23,Umatilla_H_Fa,5026,0.12,Methow_R,5026,0.10,Hanford_Reach,5026,0.10
Area126 (14) troll 133 3228,,Hanford_Reach,5026,0.51,Wenatchee_R_SF,5026,0.14,Priest_Rapid_H,5026,0.13,L_Wh_Sal_H_SF,5026,0.09,Nez_PerceT_H,5021,0.03
Area126 (14) troll 133 3229,,Priest_Rapid_H,5026,0.54,Hanford_Reach,5026,0.23,Umatilla_H,5026,0.14,Umatilla_H_Fa,5026,0.03,L_Wh_Sal_H_SF,5026,0.03
Area126 (14) troll 133 3230,Dupe with 865,NanaimoSu_BackX,7,0.60,L_Thompson,5,0.29,Barriere,4,0.07,Little_R,5,0.01,Harrison,3,0.01
Area126 (14) troll 133 3231,,Hanford_Reach,5026,0.51,Priest_Rapid_H,5026,0.40,Wells_H,5026,0.06,Umatilla_H_Fa,5026,0.01,S_Umpqua_H,5011,0.01
Area126 (14) troll 133 3232,,Priest_Rapid_H,5026,0.31,Methow_R,5026,0.20,Umatilla_H_Fa,5026,0.19,Wenatchee_R_SF,5026,0.15,Hanford_Reach,5026,0.13
Area126 (14) troll 133 3233,,Methow_R,5026,0.58,Wenatchee_R_SF,5026,0.28,Wells_H,5026,0.08,Umatilla_H_Fa,5026,0.02,Hanford_Reach,5026,0.02
Area126 (14) troll 133 3235,,L_Shuswap,5,0.96,Bessette,5,0.04,L_Adams,5,0.00,M_Shuswap,5,0.00,Duteau_Cr,5,0.00
Area126 (14) troll 133 3236,,Harrison,3,0.96,Chilliwack_F,3,0.03,Clearwater,4,0.00,N_Thom@Main,4,0.00,NanaimoSu_BackX,7,0.00
Area126 (14) troll 133 3238,,Spring_Cr_col,5030,0.31,Washougal_R_Fa,5008,0.30,Abernathy_NFH_F,5008,0.17,Lewis_R_Su,5008,0.09,Green_R_Fa,5008,0.07
Area126 (14) troll 133 3239,,Thomas_Cr,23,0.76,Slamgeesh,19,0.19,L_Thompson,5,0.02,Harrison,3,0.01,Sweetin,22,0.00
Area126 (14) troll 133 3240,,Wenatchee_R_SF,5026,0.27,Priest_Rapid_H,5026,0.20,Wells_H,5026,0.15,Methow_R,5026,0.14,Umatilla_H_Fa,5026,0.09
Area126 (14) troll 133 3241,,Spring_Cr_col,5030,0.91,Abernathy_Cr_Fa,5008,0.04,Sandy_R,5008,0.02,Abernathy_NFH_F,5008,0.01,Elochoman_H,5030,0.01
Area126 (14) troll 133 3243,,Hanford_Reach,5026,0.38,Methow_R,5026,0.30,Priest_Rapid_H,5026,0.29,Umatilla_H_Fa,5026,0.01,L_Wh_Sal_H_SF,5026,0.01
Area126 (14) troll 133 3244,,Wenatchee_R_SF,5026,0.86,Priest_Rapid_H,5026,0.09,Hanford_Reach,5026,0.03,Umatilla_H_Fa,5026,0.01,Methow_R,5026,0.00
Area126 (14) troll 133 3245,,Washougal_R_Fa,5008,0.48,Lewis_R_Su,5008,0.19,Cowlitz_H_fa,5008,0.13,Lewis_R_LSu,5008,0.10,Green_R_Fa,5008,0.08
Area126 (14) troll 133 3246,Dupe with 852,NanaimoSu_BackX,7,0.60,L_Thompson,5,0.29,Barriere,4,0.07,Little_R,5,0.01,Harrison,3,0.01
Area126 (14) troll 133 3247,,Hanford_Reach,5026,0.72,Priest_Rapid_H,5026,0.19,Umatilla_H_Fa,5026,0.06,Lyons_Ferry_H,5021,0.01,Umatilla_H,5026,0.01
Area126 (14) troll 133 3248,,Alsea_R,5015,0.61,Trask_R,5015,0.32,S_Umpqua_H,5011,0.02,Yaquina_R,5015,0.02,Salmon_R_f,5015,0.01
Area126 (14) troll 133 3249,,Nez_PerceT_H,5021,0.66,Priest_Rapid_H,5026,0.09,Umatilla_H_Fa,5026,0.08,Lyons_Ferry_H,5021,0.05,Hanford_Reach,5026,0.05
Area126 (14) troll 133 3250,,Hanford_Reach,5026,0.73,Priest_Rapid_H,5026,0.18,Umatilla_H_Fa,5026,0.05,Methow_R,5026,0.02,L_Wh_Sal_H_SF,5026,0.02
Area126 (14) troll 133 3253,Dupe with 888,L_Wh_Sal_H_SF,5026,1.00,Hanford_Reach,5026,0.00,Lyons_Ferry_H,5021,0.00,Umatilla_H_Fa,5026,0.00,Millicoma_R,5011,0.00
Area126 (14) troll 133 3256,,Sol_Duc_H,5028,0.66,Harrison,3,0.33,Hanford_Reach,5026,0.00,U_Sauk_R_SpSu,5016,0.00,S_Umpqua_H,5011,0.00
Area126 (14) troll 133 3257,,Hanford_Reach,5026,0.51,Priest_Rapid_H,5026,0.27,Methow_R,5026,0.10,Umatilla_H_Fa,5026,0.05,Umatilla_H,5026,0.03
Area126 (14) troll 133 3258,,Hanford_Reach,5026,0.75,Lyons_Ferry_H,5021,0.10,Marion_Drain_Fa,5026,0.05,Priest_Rapid_H,5026,0.04,L_Wh_Sal_H_SF,5026,0.03
Area126 (14) troll 133 3259,,Priest_Rapid_H,5026,0.69,Methow_R,5026,0.25,Hanford_Reach,5026,0.04,Wells_H,5026,0.01,Wenatchee_R_SF,5026,0.00
Area126 (14) troll 133 3260,Dupe with 831,Priest_Rapid_H,5026,0.95,Lyons_Ferry_H,5021,0.03,Priest_Rapids_H,5026,0.01,Hanford_Reach,5026,0.00,Methow_R,5026,0.00
Area126 (14) troll 133 3261,,NF_Skokomish_F,5005,0.75,Cedar_R_SuFa,5020,0.10,Hamma_Hamma_R,5005,0.07,George_Adams_H,5005,0.05,U_Sauk_R_SpSu,5016,0.02
Area126 (14) troll 133 3264,,Wenatchee_R_SF,5026,0.35,Priest_Rapid_H,5026,0.22,Methow_R,5026,0.18,Wells_H,5026,0.10,Hanford_Reach,5026,0.07
Area126 (14) troll 133 3265,Dupe with 881,Methow_R,5026,0.39,Wells_H,5026,0.30,Priest_Rapid_H,5026,0.21,Nez_PerceT_H,5021,0.06,Umatilla_H_Fa,5026,0.01
Area126 (14) troll 133 3266,,Forks_Cr_H,5028,0.88,NF_Skokomish_F,5005,0.03,Quilayute_R,5028,0.02,George_Adams_H,5005,0.01,L_Skagit_R_Fa,5016,0.01
Area126 (14) troll 133 3267,,Hanford_Reach,5026,0.64,Marion_Drain_Fa,5026,0.23,Priest_Rapid_H,5026,0.11,Umatilla_H,5026,0.01,L_Wh_Sal_H_SF,5026,0.01
Area126 (14) troll 133 3269,Dupe with 878,Methow_R,5026,0.39,Wells_H,5026,0.30,Priest_Rapid_H,5026,0.21,Nez_PerceT_H,5021,0.05,Umatilla_H_Fa,5026,0.02
Area126 (14) troll 133 3271,,Umatilla_H_Fa,5026,0.83,Methow_R,5026,0.06,Wells_H,5026,0.03,Hanford_Reach,5026,0.02,Priest_Rapids_H,5026,0.02
Area126 (14) troll 133 3272,,Washougal_R_Fa,5008,0.94,Abernathy_NFH_F,5008,0.04,Lewis_R_Su,5008,0.01,Coweeman_R_Fa,5008,0.00,Cowlitz_H_fa,5008,0.00
Area126 (14) troll 133 3273,,Wenatchee_R_SF,5026,0.44,Priest_Rapid_H,5026,0.31,Methow_R,5026,0.21,Umatilla_H_Fa,5026,0.02,Wells_H,5026,0.02
Area126 (14) troll 133 3274,,Priest_Rapid_H,5026,0.65,Umatilla_H_Fa,5026,0.11,Hanford_Reach,5026,0.07,Wells_H,5026,0.06,Lyons_Ferry_H,5021,0.04
Area126 (14) troll 133 3275,,McKenzie_H,5029,0.50,N_Santiam_H,5029,0.47,Abernathy_Cr_Fa,5008,0.01,Lewis_R_Su,5008,0.01,Washougal_R_Fa,5008,0.00
Area126 (14) troll 133 3276,,Umatilla_H_Fa,5026,0.51,N_Santiam_H,5029,0.25,Lyons_Ferry_H,5021,0.11,Priest_Rapid_H,5026,0.05,McKenzie_H,5029,0.02
Area126 (14) troll 133 3279,Dupe with 870,L_Wh_Sal_H_SF,5026,1.00,Hanford_Reach,5026,0.00,Lyons_Ferry_H,5021,0.00,Coos_H,5011,0.00,Methow_R,5026,0.00
Area126 (14) troll 133 3280,,Voights_H,5020,0.50,Cedar_R_SuFa,5020,0.34,George_Adams_H,5005,0.06,Soos_H,5020,0.03,Clear_Cr_H,5020,0.02
Area126 (14) troll 142 2802,,McKenzie_H,5029,0.98,N_Santiam_H,5029,0.02,,,,,,,,,
Area126 (14) troll 142 2803,,Voights_H,5020,0.36,NF_Skokomish_F,5005,0.14,Samish_H,5016,0.14,George_Adams_H,5005,0.13,S_Prairie_Cr,5020,0.06
Area126 (14) troll 142 2804,,Wenatchee_R_SF,5026,0.65,Priest_Rapid_H,5026,0.15,Hanford_Reach,5026,0.09,Methow_R,5026,0.05,Umatilla_H_Fa,5026,0.04
Area126 (14) troll 142 2807,,Spring_Cr_col,5030,0.99,Abernathy_NFH_F,5008,0.00,Washougal_R_Fa,5008,0.00,Green_R_Fa,5008,0.00,Elochoman_H,5030,0.00
Area126 (14) troll 142 2808,,George_Adams_H,5005,0.68,Grovers_Cr_H,5020,0.11,Cedar_R_SuFa,5020,0.06,Hamma_Hamma_R,5005,0.06,Voights_H,5020,0.02
Area126 (14) troll 142 2809,,Spring_Cr_col,5030,1.00,Abernathy_NFH_F,5008,0.00,,,,,,,,,
Area126 (14) troll 142 2812,,N_Santiam_H,5029,1.00,McKenzie_H,5029,0.00,,,,,,,,,
Area126 (14) troll 142 2814,,Priest_Rapid_H,5026,0.65,Methow_R,5026,0.27,Wells_H,5026,0.04,Hanford_Reach,5026,0.03,Nez_PerceT_H,5021,0.01
Area126 (14) troll 142 2815,,McKenzie_H,5029,0.63,N_Santiam_H,5029,0.33,Hanford_Reach,5026,0.01,Umatilla_H_Fa,5026,0.01,Wenatchee_R_SF,5026,0.01
Area126 (14) troll 142 2818,,Conuma,8,0.65,Zeballos,8,0.15,Kaouk_R,8,0.11,Tlupana,8,0.08,Moyeha_R,8,0.01
Area126 (14) troll 142 2820,,L_Shuswap,5,0.99,Bessette,5,0.01,M_Shuswap,5,0.00,L_Adams,5,0.00,L_Thompson,5,0.00
Area126 (14) troll 142 2823,,N_Santiam_H,5029,0.94,McKenzie_H,5029,0.06,Kalama_H_sp,5009,0.00,,,,,,
Area126 (14) troll 142 2827,Number of missing Loci exceeded,,,,,,,,,,,,,,,
Area126 (14) troll 142 2828,,Wenatchee_R_SF,5026,0.74,Hanford_Reach,5026,0.11,Umatilla_H_Fa,5026,0.06,Methow_R,5026,0.04,Wells_H,5026,0.02
Area126 (14) troll 142 2831,,Washougal_R_Fa,5008,0.26,Hanford_Reach,5026,0.13,Umatilla_H_Fa,5026,0.12,L_Thompson,5,0.05,U_Deschutes_R,5004,0.04
Area126 (14) troll 142 2832,,Priest_Rapid_H,5026,0.80,Hanford_Reach,5026,0.12,Wells_H,5026,0.05,Umatilla_H_Fa,5026,0.02,Umatilla_H,5026,0.01
Area126 (14) troll 142 2834,,Conuma,8,0.93,Kaouk_R,8,0.05,Tlupana,8,0.01,Zeballos,8,0.00,Tranquil,8,0.00
Area126 (14) troll 142 2836,,Coldwater,6,0.88,Spius,6,0.06,U_Coldwat_SP,6,0.04,Nicola,6,0.01,U_Spius_SP,6,0.01
Area126 (14) troll 142 2837,,Conuma,8,0.60,Kaouk_R,8,0.25,Tlupana,8,0.07,Zeballos,8,0.05,Tahsis,8,0.02
Area126 (14) troll 142 2839,,Methow_R,5026,0.51,Priest_Rapid_H,5026,0.41,Wells_H,5026,0.04,Wenatchee_R_SF,5026,0.03,Hanford_Reach,5026,0.00
Area126 (14) troll 142 2840,,Hanford_Reach,5026,0.61,Priest_Rapid_H,5026,0.26,Marion_Drain_Fa,5026,0.08,U_Deschutes_R,5004,0.02,Nez_PerceT_H,5021,0.01
Area126 (14) troll 142 2841,,Quilayute_R,5028,0.66,Hoh_R,5028,0.19,Coos_H,5011,0.07,Queets_R,5028,0.02,S_Coos_R,5011,0.01
Area126 (14) troll 142 2842,,U_Sauk_R_SpSu,5016,0.91,Yaquina_R,5015,0.03,Quilayute_R,5028,0.02,Harrison,3,0.02,Trask_R,5015,0.01
Area126 (14) troll 142 2843,,Conuma,8,0.72,Robertson,8,0.17,Slamgeesh,19,0.05,Burman,8,0.03,Zeballos,8,0.02
Area126 (14) troll 142 2844,,Conuma,8,0.84,Tlupana,8,0.09,Kaouk_R,8,0.04,Zeballos,8,0.02,Burman,8,0.00
Area126 (14) troll 142 2845,,Conuma,8,0.73,Kaouk_R,8,0.10,Zeballos,8,0.06,Tlupana,8,0.03,Tahsis,8,0.02
Area126 (14) troll 142 2847,,Conuma,8,0.95,Kaouk_R,8,0.03,Tlupana,8,0.01,Tahsis,8,0.00,Moyeha_R,8,0.00
Area126 (14) troll 142 2848,,Hanford_Reach,5026,0.37,Nez_PerceT_H,5021,0.21,Priest_Rapid_H,5026,0.19,Umatilla_H_Fa,5026,0.07,L_Wh_Sal_H_SF,5026,0.06
Area126 (14) troll 142 2849,,Conuma,8,0.96,Tlupana,8,0.03,Zeballos,8,0.00,Tahsis,8,0.00,Kaouk_R,8,0.00
Area126 (14) troll 142 2854,Number of missing Loci exceeded,,,,,,,,,,,,,,,
Area126 (14) troll 142 2856,,Robertson,8,0.98,Tranquil,8,0.01,Kaouk_R,8,0.01,Kennedy,8,0.00,Gold_R,8,0.00
Area126 (14) troll 142 2858,,Little_R,5,0.31,L_Thompson,5,0.24,L_Adams,5,0.18,L_Shuswap,5,0.15,Bessette,5,0.06
Area126 (14) troll 142 2859,,Priest_Rapid_H,5026,0.30,Wenatchee_R_SF,5026,0.23,Hanford_Reach,5026,0.20,Wells_H,5026,0.15,Methow_R,5026,0.07
Area126 (14) troll 142 2860,,Hanford_Reach,5026,0.30,Wells_H,5026,0.25,Methow_R,5026,0.24,Priest_Rapid_H,5026,0.08,Wenatchee_R_SF,5026,0.06
Area126 (14) troll 142 2861,,Hupp_Sp_H,5020,0.68,White_H,5020,0.31,Harrison,3,0.01,Little_R,5,0.00,Chilliwack_F,3,0.00
Area126 (14) troll 142 2862,,Conuma,8,0.84,Tlupana,8,0.09,Zeballos,8,0.05,Kaouk_R,8,0.01,Tahsis,8,0.00
Area126 (14) troll 142 2863,,Conuma,8,0.95,Tlupana,8,0.04,Zeballos,8,0.00,Kaouk_R,8,0.00,Tahsis,8,0.00
Area126 (14) troll 142 2865,,Wells_H,5026,0.36,Priest_Rapid_H,5026,0.22,Hanford_Reach,5026,0.11,Methow_R,5026,0.09,Nez_PerceT_H,5021,0.09
Area126 (14) troll 142 2866,,Conuma,8,0.99,Tahsis,8,0.01,Zeballos,8,0.00,,,,,,
Area126 (14) troll 142 2868,,Puntledge_F,7,0.73,Cowichan,7,0.20,Nanaimo_F,7,0.08,Big_Qualicum,7,0.00,L_Qualicum,7,0.00
Area126 (14) troll 142 2869,,Conuma,8,0.87,Tlupana,8,0.05,Kaouk_R,8,0.05,Tahsis,8,0.01,Burman,8,0.00
Area126 (14) troll 142 2870,,Conuma,8,0.91,Tlupana,8,0.04,Kaouk_R,8,0.04,Zeballos,8,0.01,Tahsis,8,0.00
Area126 (14) troll 142 3302,,Priest_Rapid_H,5026,0.33,Hanford_Reach,5026,0.26,Methow_R,5026,0.23,L_Wh_Sal_H_SF,5026,0.12,Wenatchee_R_SF,5026,0.04
Area126 (14) troll 142 3303,,L_Shuswap,5,0.53,L_Adams,5,0.37,Little_R,5,0.08,Bessette,5,0.01,L_Thompson,5,0.00
Area126 (14) troll 142 3304,Dupe with 945,Wenatchee_R_SF,5026,0.69,Methow_R,5026,0.27,Wells_H,5026,0.02,Hanford_Reach,5026,0.01,Umatilla_H_Fa,5026,0.01
Area126 (14) troll 142 3306,,Umatilla_H_Fa,5026,0.25,Hanford_Reach,5026,0.24,Wells_H,5026,0.16,Priest_Rapid_H,5026,0.14,Methow_R,5026,0.09
Area126 (14) troll 142 3307,,McKenzie_H,5029,0.84,N_Santiam_H,5029,0.16,Cowlitz_H_fa,5008,0.00,Green_R_Fa,5008,0.00,Kalama_H_sp,5009,0.00
Area126 (14) troll 142 3308,,Nehalem_R,5015,0.85,Trask_R,5015,0.15,Kilchis_R,5015,0.00,S_Umpqua_H,5011,0.00,Alsea_R,5015,0.00
Area126 (14) troll 142 3309,,S_Umpqua_H,5011,0.47,Alsea_R,5015,0.27,Umpqua_H,5011,0.17,Millicoma_R,5011,0.03,Coquille_R,5011,0.02
Area126 (14) troll 142 3310,,Priest_Rapid_H,5026,0.70,Hanford_Reach,5026,0.25,Umatilla_H_Fa,5026,0.02,Wells_H,5026,0.01,Lyons_Ferry_H,5021,0.01
Area126 (14) troll 142 3312,,Umatilla_H_Fa,5026,0.17,Priest_Rapid_H,5026,0.13,Salmon@SA,5,0.09,L_Wh_Sal_H_SF,5026,0.07,L_Shuswap,5,0.06
Area126 (14) troll 142 3313,,L_Thompson,5,0.75,Little_R,5,0.13,South_Thom,5,0.08,Wells_H,5026,0.02,L_Adams,5,0.01
Area126 (14) troll 142 3314,,Methow_R,5026,0.33,Wenatchee_R_SF,5026,0.29,Priest_Rapid_H,5026,0.28,Hanford_Reach,5026,0.03,Umatilla_H,5026,0.03
Area126 (14) troll 142 3315,,Priest_Rapid_H,5026,0.41,L_Wh_Sal_H_SF,5026,0.39,Umatilla_H_Fa,5026,0.07,Wells_H,5026,0.05,Methow_R,5026,0.03
Area126 (14) troll 142 3316,,George_Adams_H,5005,0.70,Hamma_Hamma_R,5005,0.10,NF_Skokomish_F,5005,0.08,Cedar_R_SuFa,5020,0.04,Clear_Cr_H,5020,0.02
Area126 (14) troll 142 3318,,L_Adams,5,0.59,L_Shuswap,5,0.33,Little_R,5,0.05,Bessette,5,0.02,South_Thom,5,0.00
Area126 (14) troll 142 3319,,Washougal_R_Fa,5008,0.86,Green_R_Fa,5008,0.12,Lewis_R_LSu,5008,0.01,Sandy_R,5008,0.00,Marion_Drain_Fa,5026,0.00
Area126 (14) troll 142 3320,Dupe with 932,Wenatchee_R_SF,5026,0.68,Methow_R,5026,0.28,Wells_H,5026,0.02,Hanford_Reach,5026,0.01,Umatilla_H_Fa,5026,0.01
Area126 (14) troll 142 3321,,S_Umpqua_H,5011,0.67,Alsea_R,5015,0.27,Coos_H,5011,0.02,Yaquina_R,5015,0.02,S_Coos_R,5011,0.01
Area126 (14) troll 142 3322,,Methow_R,5026,0.81,Wenatchee_R_SF,5026,0.04,Hanford_Reach,5026,0.04,Wells_H,5026,0.04,Umatilla_H_Fa,5026,0.03
Area126 (14) troll 142 3324,,Priest_Rapid_H,5026,0.38,Hanford_Reach,5026,0.28,Umatilla_H,5026,0.18,Methow_R,5026,0.05,Umatilla_H_Fa,5026,0.03
Area126 (14) troll 142 3325,,Priest_Rapid_H,5026,0.50,N_Santiam_H,5029,0.14,Wenatchee_R_SF,5026,0.13,Hanford_Reach,5026,0.10,Nez_PerceT_H,5021,0.04
Area126 (14) troll 142 3326,,L_Wh_Sal_H_SF,5026,0.21,Methow_R,5026,0.19,Wenatchee_R_SF,5026,0.19,Priest_Rapid_H,5026,0.16,Hanford_Reach,5026,0.10
Area126 (14) troll 142 3327,,Coos_H,5011,0.76,S_Coos_R,5011,0.15,Millicoma_R,5011,0.05,Coquille_R,5011,0.02,Sixes_R,5011,0.01
Area126 (14) troll 142 3328,,Conuma,8,0.42,Kaouk_R,8,0.32,Zeballos,8,0.15,Tlupana,8,0.04,Tahsis,8,0.03
Area126 (14) troll 142 3329,,S_Umpqua_H,5011,0.86,Green_R_Fa,5008,0.03,Lewis_R_Su,5008,0.03,Cowlitz_H_fa,5008,0.01,Washougal_R_Fa,5008,0.01
Area126 (14) troll 142 3331,,L_Shuswap,5,1.00,Bessette,5,0.00,M_Shuswap,5,0.00,Little_R,5,0.00,,,
Area126 (14) troll 142 3333,,Priest_Rapid_H,5026,0.45,Methow_R,5026,0.33,Wells_H,5026,0.19,Hanford_Reach,5026,0.03,Nez_PerceT_H,5021,0.01
Area126 (14) troll 142 3334,,Chilliwack_F,3,0.90,Harrison,3,0.10,U_Sauk_R_SpSu,5016,0.00,Sol_Duc_H,5028,0.00,,,
Area126 (14) troll 142 3336,,Priest_Rapid_H,5026,0.92,Umatilla_H_Fa,5026,0.03,L_Wh_Sal_H_SF,5026,0.02,Hanford_Reach,5026,0.02,Methow_R,5026,0.00
Area126 (14) troll 142 3337,,Wenatchee_R_SF,5026,0.40,Methow_R,5026,0.29,Priest_Rapid_H,5026,0.23,Hanford_Reach,5026,0.04,Wells_H,5026,0.03
Area126 (14) troll 142 3338,,Chilliwack_F,3,0.60,Harrison,3,0.40,L_Thompson,5,0.00,Little_R,5,0.00,Wenatchee_R_SF,5026,0.00
Area126 (14) troll 142 3342,,Forks_Cr_H,5028,0.99,S_Coos_R,5011,0.00,Lewis_R_Su,5008,0.00,Lewis_R_LSu,5008,0.00,Harrison,3,0.00
Area126 (14) troll 142 3344,,Raft_R,4,0.47,Barriere,4,0.39,N_Thom@Main,4,0.06,Clearwater,4,0.05,Chilliwack_F,3,0.02
Area126 (14) troll 142 3345,,Priest_Rapid_H,5026,0.84,Hanford_Reach,5026,0.07,Methow_R,5026,0.06,Wells_H,5026,0.02,Nez_PerceT_H,5021,0.01
Area126 (14) troll 142 3346,,Harrison,3,0.67,Chilliwack_F,3,0.33,,,,,,,,,
Area126 (14) troll 142 3347,,Coos_H,5011,0.36,Alsea_R,5015,0.27,NanaimoSu_BackX,7,0.10,Coquille_R,5011,0.07,Umpqua_H,5011,0.04
Area126 (14) troll 142 3349,,Methow_R,5026,0.37,Wells_H,5026,0.34,Wenatchee_R_SF,5026,0.19,Priest_Rapid_H,5026,0.06,Hanford_Reach,5026,0.03
Area126 (14) troll 142 3352,,Chilko,2,0.90,Slim_C,1,0.04,Quesnel,2,0.04,Nechako,2,0.02,Stuart,2,0.00
Area126 (14) troll 142 3353,,Methow_R,5026,0.48,Wenatchee_R_SF,5026,0.27,Wells_H,5026,0.24,Priest_Rapid_H,5026,0.01,Hanford_Reach,5026,0.00
Area126 (14) troll 142 3354,,Umatilla_H_Fa,5026,0.51,Hanford_Reach,5026,0.32,Priest_Rapid_H,5026,0.08,Wells_H,5026,0.04,Nez_PerceT_H,5021,0.02
Area126 (14) troll 142 3356,,Harrison,3,1.00,Chilliwack_F,3,0.00,,,,,,,,,
Area126 (14) troll 142 3358,,S_Umpqua_H,5011,0.98,Wilson_R,5015,0.00,Alsea_R,5015,0.00,Trask_R,5015,0.00,Nestucca_H,5015,0.00
Area126 (14) troll 142 3360,,Priest_Rapid_H,5026,0.36,Harrison,3,0.22,Voights_H,5020,0.10,Hanford_Reach,5026,0.09,NanaimoSu_BackX,7,0.05
Area126 (14) troll 142 3362,,McKenzie_H,5029,0.59,N_Santiam_H,5029,0.41,Kalama_H_sp,5009,0.00,S_Umpqua_H,5011,0.00,Elochoman_R_Fa,5008,0.00
Area126 (14) troll 142 3363,,Priest_Rapid_H,5026,0.50,Wenatchee_R_SF,5026,0.21,Umatilla_H_Fa,5026,0.10,Hanford_Reach,5026,0.08,Lyons_Ferry_H,5021,0.06
Area126 (14) troll 142 3364,,L_Shuswap,5,0.58,Bessette,5,0.32,Little_R,5,0.04,M_Shuswap,5,0.03,Duteau_Cr,5,0.03
Area126 (14) troll 142 3365,,U_Deschutes_R,5004,0.81,Hanford_Reach,5026,0.08,Priest_Rapid_H,5026,0.03,Umatilla_H,5026,0.02,Nez_PerceT_H,5021,0.02
Area126 (14) troll 142 3368,,Nez_PerceT_H,5021,0.34,Lyons_Ferry_H,5021,0.33,Umatilla_H_Fa,5026,0.18,Priest_Rapid_H,5026,0.07,Hanford_Reach,5026,0.05
Area126 (14) troll 142 3369,,Slamgeesh,19,0.59,Millicoma_R,5011,0.17,NanaimoSu_BackX,7,0.04,Snowbank,11,0.03,Damdochax,11,0.03
Area126 (14) troll 142 3371,,Trask_R,5015,0.70,Millicoma_R,5011,0.20,Yaquina_R,5015,0.04,Quilayute_R,5028,0.01,NanaimoSu_BackX,7,0.01
Area126 (14) troll 142 3372,,Cedar_R_SuFa,5020,0.30,George_Adams_H,5005,0.21,Voights_H,5020,0.19,NF_Skokomish_F,5005,0.12,Samish_H,5016,0.06
Area126 (14) troll 142 3373,,Hanford_Reach,5026,0.52,Nez_PerceT_H,5021,0.22,Umatilla_H_Fa,5026,0.08,Priest_Rapid_H,5026,0.04,Lyons_Ferry_H,5021,0.03
Area126 (14) troll 142 3374,,George_Adams_H,5005,0.40,NF_Skokomish_F,5005,0.39,Lewis_R_Su,5008,0.10,Voights_H,5020,0.04,Quilayute_R,5028,0.03
Area126 (14) troll 142 3376,,Nehalem_R,5015,1.00,,,,,,,,,,,,
Area126 (14) troll 142 3378,,George_Adams_H,5005,0.75,Grovers_Cr_H,5020,0.10,Clear_Cr_H,5020,0.08,NF_Skokomish_F,5005,0.02,Hamma_Hamma_R,5005,0.02
Area126 (14) troll 142 3379,,Priest_Rapid_H,5026,0.60,Hanford_Reach,5026,0.16,Umatilla_H_Fa,5026,0.11,Methow_R,5026,0.05,Nez_PerceT_H,5021,0.03
Area126 (14) troll 142 3380,,Hanford_Reach,5026,0.37,Umatilla_H,5026,0.36,Priest_Rapid_H,5026,0.19,Feather_H_fa,5001,0.05,Priest_Rapids_H,5026,0.01
Area126 (14) troll 142 3382,,Priest_Rapid_H,5026,0.76,Methow_R,5026,0.16,Wells_H,5026,0.03,L_Wh_Sal_H_SF,5026,0.02,Hanford_Reach,5026,0.01
Area126 (14) troll 142 3384,,Wells_H,5026,0.27,Umatilla_H_Fa,5026,0.18,Hanford_Reach,5026,0.13,Lyons_Ferry_H,5021,0.10,Methow_R,5026,0.10
Area126 (14) troll 142 3385,,Methow_R,5026,0.44,Wenatchee_R_SF,5026,0.33,Priest_Rapid_H,5026,0.10,Wells_H,5026,0.06,Hanford_Reach,5026,0.05
Area126 (14) troll 142 3386,,L_Shuswap,5,0.92,Bessette,5,0.07,M_Shuswap,5,0.01,L_Thompson,5,0.01,Duteau_Cr,5,0.01
Area126 (14) troll 142 3388,,N_Santiam_H,5029,0.99,McKenzie_H,5029,0.01,S_Umpqua_H,5011,0.00,,,,,,
Area126 (14) troll 142 3392,,McKenzie_H,5029,0.70,N_Santiam_H,5029,0.29,Stanislaus_R,5001,0.00,Kalama_H_sp,5009,0.00,,,
Area126 (14) troll 142 3393,,Priest_Rapid_H,5026,0.75,L_Wh_Sal_H_SF,5026,0.16,Hanford_Reach,5026,0.05,Methow_R,5026,0.02,Umatilla_H,5026,0.00
Area126 (14) troll 142 3396,,Priest_Rapid_H,5026,0.56,Hanford_Reach,5026,0.24,Lyons_Ferry_H,5021,0.10,Umatilla_H_Fa,5026,0.07,Umatilla_H,5026,0.02
Area126 (14) troll 142 3399,,Priest_Rapid_H,5026,0.29,Wells_H,5026,0.20,Hanford_Reach,5026,0.15,Wenatchee_R_SF,5026,0.14,Methow_R,5026,0.12
Area126 (14) troll 142 3400,,Priest_Rapid_H,5026,0.84,Hanford_Reach,5026,0.12,Umatilla_H,5026,0.02,Wenatchee_R_SF,5026,0.01,Priest_Rapids_H,5026,0.00
Area126 (14) troll 142 3401,,Voights_H,5020,0.58,Hamma_Hamma_R,5005,0.12,Clear_Cr_H,5020,0.10,NF_Skokomish_F,5005,0.08,S_Prairie_Cr,5020,0.04
Area126 (14) troll 142 3402,,Chilliwack_F,3,0.60,Harrison,3,0.40,Stuart,2,0.00,Nechako,2,0.00,Quesnel,2,0.00
Area126 (14) troll 142 3404,,Makah_H,5028,1.00,S_Umpqua_H,5011,0.00,S_Coos_R,5011,0.00,,,,,,
Area126 (14) troll 142 3405,,Hanford_Reach,5026,0.69,Lyons_Ferry_H,5021,0.22,Nez_PerceT_H,5021,0.05,Priest_Rapid_H,5026,0.02,Wells_H,5026,0.01
Area126 (14) troll 142 3409,,McKenzie_H,5029,0.58,N_Santiam_H,5029,0.42,Spring_Cr_col,5030,0.00,Abernathy_NFH_F,5008,0.00,Kalama_H_sp,5009,0.00
Area126 (14) troll 142 3410,,Wells_H,5026,0.36,Hanford_Reach,5026,0.16,Priest_Rapid_H,5026,0.13,Umatilla_H_Fa,5026,0.11,Nez_PerceT_H,5021,0.08
Area126 (14) troll 142 3411,,Coos_H,5011,0.84,S_Umpqua_H,5011,0.13,Neechanze,10,0.01,S_Coos_R,5011,0.01,Coquille_R,5011,0.00
Area126 (14) troll 142 3413,,Cedar_R_SuFa,5020,0.74,Samish_H,5016,0.15,George_Adams_H,5005,0.05,Hamma_Hamma_R,5005,0.02,Voights_H,5020,0.01
Area126 (14) troll 142 3414,,Hanford_Reach,5026,0.77,Nez_PerceT_H,5021,0.16,Lyons_Ferry_H,5021,0.05,Umatilla_H_Fa,5026,0.02,Priest_Rapid_H,5026,0.00
Area126 (14) troll 142 3415,,Conuma,8,1.00,Tlupana,8,0.00,Zeballos,8,0.00,Kaouk_R,8,0.00,Moyeha_R,8,0.00
Area126 (14) troll 142 3416,,McKenzie_H,5029,0.48,Wells_H,5026,0.18,Harrison,3,0.08,Cowlitz_H_fa,5008,0.07,N_Santiam_H,5029,0.06
Area126 (14) troll 142 3417,,Priest_Rapid_H,5026,0.74,Methow_R,5026,0.08,Hanford_Reach,5026,0.07,Lewis_R_Su,5008,0.04,Umatilla_H_Fa,5026,0.03
Area126 (14) troll 142 3418,,N_Santiam_H,5029,0.87,McKenzie_H,5029,0.12,Lewis_H_sp,5009,0.00,Hanford_Reach,5026,0.00,Coquille_R,5011,0.00
Area126 (14) troll 142 3419,,Methow_R,5026,0.27,Wells_H,5026,0.25,L_Wh_Sal_H_SF,5026,0.24,Hanford_Reach,5026,0.18,Wenatchee_R_SF,5026,0.05
Area126 (14) troll 142 3420,,Priest_Rapid_H,5026,0.72,Wells_H,5026,0.20,Nez_PerceT_H,5021,0.04,Hanford_Reach,5026,0.02,Methow_R,5026,0.01
Area126 (14) troll 142 3421,,Slim_C,1,0.89,Chilko,2,0.04,Nechako,2,0.02,Chilako,2,0.01,Quesnel,2,0.01
Area126 (14) troll 142 3423,,S_Umpqua_H,5011,0.91,Alsea_R,5015,0.04,S_Coos_R,5011,0.02,Salmon_R_f,5015,0.02,Trask_R,5015,0.01
Area126 (14) troll 142 3424,,Yaquina_R,5015,0.46,Trask_R,5015,0.38,Kilchis_R,5015,0.07,Millicoma_R,5011,0.06,Alsea_R,5015,0.02
Area126 (14) troll 142 3427,,Priest_Rapid_H,5026,0.57,Hanford_Reach,5026,0.26,Nez_PerceT_H,5021,0.10,Lyons_Ferry_H,5021,0.03,L_Wh_Sal_H_SF,5026,0.02
Area126 (14) troll 142 3428,,NanaimoSu_BackX,7,0.55,Harrison,3,0.38,L_Thompson,5,0.06,Chilliwack_F,3,0.00,,,
Area126 (14) troll 142 3430,,L_Shuswap,5,0.81,Bessette,5,0.18,M_Shuswap,5,0.00,Eagle_R,5,0.00,L_Thompson,5,0.00
Area126 (14) troll 142 3431,,Priest_Rapid_H,5026,0.33,Millicoma_R,5011,0.21,Puntledge_F,7,0.06,Hanford_Reach,5026,0.06,Washougal_R_Fa,5008,0.05
Area126 (14) troll 142 3433,,L_Shuswap,5,0.88,L_Adams,5,0.03,Little_R,5,0.02,Duteau_Cr,5,0.02,Bessette,5,0.01
Area126 (14) troll 142 3436,,Washougal_R_Fa,5008,0.21,Millicoma_R,5011,0.17,Abernathy_Cr_Fa,5008,0.13,Lewis_R_Su,5008,0.12,Lewis_R_LSu,5008,0.11
Area126 (14) troll 142 3437,,Priest_Rapid_H,5026,0.67,Hanford_Reach,5026,0.18,Umatilla_H,5026,0.09,Wells_H,5026,0.03,Umatilla_H_Fa,5026,0.01
Area126 (14) troll 142 3451,,Cedar_R_SuFa,5020,0.26,George_Adams_H,5005,0.24,Voights_H,5020,0.17,Hamma_Hamma_R,5005,0.16,Samish_H,5016,0.12
Area126 (14) troll 142 3454,,L_Wh_Sal_H_SF,5026,0.42,Priest_Rapid_H,5026,0.20,Forks_Cr_H,5028,0.12,S_Umpqua_H,5011,0.08,Umpqua_H,5011,0.06
Area126 (14) troll 142 3456,,Voights_H,5020,0.27,L_Wh_Sal_H_SF,5026,0.22,Priest_Rapid_H,5026,0.13,NF_Skokomish_F,5005,0.07,Samish_H,5016,0.06
Area126 (14) troll 142 3457,,George_Adams_H,5005,0.67,Hamma_Hamma_R,5005,0.18,Clear_Cr_H,5020,0.06,Cedar_R_SuFa,5020,0.06,Samish_H,5016,0.01
Area126 (14) troll 142 3458,,Nez_PerceT_H,5021,0.20,Hanford_Reach,5026,0.13,Priest_Rapid_H,5026,0.12,Methow_R,5026,0.12,Wenatchee_R_SF,5026,0.10
Area126 (14) troll 142 3461,,S_Umpqua_H,5011,0.97,Harrison,3,0.03,Wenatchee_R_SF,5026,0.00,Lewis_R_Su,5008,0.00,Umatilla_H_Fa,5026,0.00
Area126 (14) troll 142 3462,,U_Sauk_R_SpSu,5016,0.32,Hamma_Hamma_R,5005,0.11,NanaimoSu_BackX,7,0.09,L_Skagit_R_Fa,5016,0.09,Voights_H,5020,0.07
Area126 (14) troll 142 3463,,L_Shuswap,5,0.63,Bessette,5,0.35,M_Shuswap,5,0.01,Duteau_Cr,5,0.01,Little_R,5,0.00
Area126 (14) troll 142 3466,,Priest_Rapid_H,5026,0.33,Wenatchee_R_SF,5026,0.30,Methow_R,5026,0.18,Hanford_Reach,5026,0.08,L_Wh_Sal_H_SF,5026,0.05
Area126 (14) troll 142 3467,,Priest_Rapid_H,5026,0.51,Hanford_Reach,5026,0.48,Methow_R,5026,0.00,Nez_PerceT_H,5021,0.00,Wenatchee_R_SF,5026,0.00
Area126 (14) troll 142 3468,,Trask_R,5015,0.61,Millicoma_R,5011,0.29,Sol_Duc_H,5028,0.04,Coquille_R,5011,0.03,S_Umpqua_H,5011,0.01
Area126 (14) troll 142 3469,,Priest_Rapid_H,5026,0.48,Umatilla_H,5026,0.12,Lyons_Ferry_H,5021,0.11,Umatilla_H_Fa,5026,0.08,Methow_R,5026,0.06
Area126 (14) troll 142 3470,,Grovers_Cr_H,5020,0.60,Cedar_R_SuFa,5020,0.26,Voights_H,5020,0.06,George_Adams_H,5005,0.03,Soos_H,5020,0.01
Area126 (14) troll 142 3476,,Cowlitz_H_sp,5009,0.66,Samish_H,5016,0.14,Washougal_R_Fa,5008,0.07,Cowlitz_H_fa,5008,0.06,L_Skagit_R_Fa,5016,0.04
Area126 (14) troll 142 3477,,George_Adams_H,5005,0.53,Voights_H,5020,0.33,Hamma_Hamma_R,5005,0.06,Clear_Cr_H,5020,0.02,NF_Skokomish_F,5005,0.02
Area126 (14) troll 142 3479,,Wells_H,5026,0.43,Methow_R,5026,0.32,Wenatchee_R_SF,5026,0.08,Green_R_Fa,5008,0.04,Nez_PerceT_H,5021,0.03
Area126 (14) troll 142 3480,,Samish_H,5016,0.35,Hamma_Hamma_R,5005,0.18,Voights_H,5020,0.14,Cedar_R_SuFa,5020,0.12,George_Adams_H,5005,0.11
Area126 (14) troll 142 3481,,Priest_Rapid_H,5026,0.30,S_Umpqua_H,5011,0.15,Hanford_Reach,5026,0.14,Nez_PerceT_H,5021,0.12,Umatilla_H_Fa,5026,0.12
Area126 (14) troll 142 3482,,Priest_Rapid_H,5026,0.63,Umatilla_H_Fa,5026,0.20,Methow_R,5026,0.11,Umatilla_H,5026,0.04,Wenatchee_R_SF,5026,0.01
Area126 (14) troll 142 3483,,Priest_Rapid_H,5026,0.50,Wells_H,5026,0.24,Wenatchee_R_SF,5026,0.12,Hanford_Reach,5026,0.06,Methow_R,5026,0.04
Area126 (14) troll 142 3484,,Nehalem_R,5015,1.00,,,,,,,,,,,,
Area126 (14) troll 142 3485,,Priest_Rapid_H,5026,0.46,Hanford_Reach,5026,0.23,L_Wh_Sal_H_SF,5026,0.18,Wells_H,5026,0.12,Umatilla_H_Fa,5026,0.00
Area126 (14) troll 142 3487,,Alsea_R,5015,0.70,Hanford_Reach,5026,0.10,Coos_H,5011,0.05,Trask_R,5015,0.04,S_Umpqua_H,5011,0.03
Area126 (14) troll 142 3488,,Robertson,8,0.13,Neechanze,10,0.12,Conuma,8,0.11,Millicoma_R,5011,0.10,Forks_Cr_H,5028,0.09
Area126 (14) troll 142 3490,,Hanford_Reach,5026,0.86,L_Wh_Sal_H_SF,5026,0.07,Nez_PerceT_H,5021,0.03,Priest_Rapid_H,5026,0.02,Wells_H,5026,0.01
Area126 (14) troll 142 3491,,Harrison,3,0.35,Chilliwack_F,3,0.26,Millicoma_R,5011,0.13,S_Coos_R,5011,0.10,L_Thompson,5,0.08
Area126 (14) troll 142 3493,,Priest_Rapid_H,5026,0.52,Methow_R,5026,0.25,Wenatchee_R_SF,5026,0.09,Hanford_Reach,5026,0.08,Wells_H,5026,0.02
Area126 (14) troll 142 3494,,Lewis_R_Su,5008,0.93,Cowlitz_H_fa,5008,0.02,Lewis_R_LSu,5008,0.01,Green_R_Fa,5008,0.01,Cowlitz_H_sp,5009,0.01
Area126 (14) troll 142 3498,,Snowbank,11,0.46,Slamgeesh,19,0.42,Cranberry,11,0.03,Barriere,4,0.02,Raft_R,4,0.02
Area126 (14) troll 142 3499,,Hanford_Reach,5026,0.97,Priest_Rapid_H,5026,0.01,Nez_PerceT_H,5021,0.01,Lyons_Ferry_H,5021,0.00,Wells_H,5026,0.00
Area126 (14) troll 142 3500,,Harrison,3,1.00,Chilliwack_F,3,0.00,Chilliwac@Stav,3,0.00,Cedar_R_SuFa,5020,0.00,U_Sauk_R_SpSu,5016,0.00
Area126 (14) troll 142 3501,,Hanford_Reach,5026,0.88,Priest_Rapid_H,5026,0.08,Lyons_Ferry_H,5021,0.01,L_Wh_Sal_H_SF,5026,0.01,Wells_H,5026,0.01
Area126 (14) troll 142 3502,,Hanford_Reach,5026,0.40,Wenatchee_R_SF,5026,0.14,Umatilla_H_Fa,5026,0.14,Lyons_Ferry_H,5021,0.08,Methow_R,5026,0.06
Area126 (14) troll 142 3504,,Hanford_Reach,5026,0.61,Priest_Rapid_H,5026,0.27,Wenatchee_R_SF,5026,0.05,Umatilla_H_Fa,5026,0.05,Umatilla_H,5026,0.01
Area126 (14) troll 142 3505,,Coos_H,5011,0.58,S_Coos_R,5011,0.32,Millicoma_R,5011,0.03,Trask_R,5015,0.03,S_Umpqua_H,5011,0.02
Area126 (14) troll 142 3506,,Priest_Rapid_H,5026,0.85,Hanford_Reach,5026,0.10,Wenatchee_R_SF,5026,0.02,Marion_Drain_Fa,5026,0.01,Nez_PerceT_H,5021,0.01
Area126 (14) troll 142 3507,,Kalama_H_sp,5009,0.66,Washougal_R_Fa,5008,0.11,Lewis_H_sp,5009,0.07,Lewis_R_LSu,5008,0.05,Lewis_R_Su,5008,0.04
Area126 (14) troll 142 3508,,Priest_Rapid_H,5026,0.43,Nez_PerceT_H,5021,0.19,Wells_H,5026,0.11,Umatilla_H_Fa,5026,0.10,Wenatchee_R_SF,5026,0.06
Area126 (14) troll 142 3509,,Wells_H,5026,0.44,Nez_PerceT_H,5021,0.18,Priest_Rapid_H,5026,0.16,Hanford_Reach,5026,0.13,Methow_R,5026,0.05
Area126 (14) troll 142 3510,,Priest_Rapid_H,5026,0.50,Umatilla_H_Fa,5026,0.30,L_Wh_Sal_H_SF,5026,0.05,Methow_R,5026,0.05,Hanford_Reach,5026,0.04
Area126 (14) troll 142 3512,,George_Adams_H,5005,0.18,S_Umpqua_H,5011,0.14,Millicoma_R,5011,0.12,Umpqua_H,5011,0.10,Neechanze,10,0.09
Area126 (14) troll 142 3515,,L_Shuswap,5,0.97,Bessette,5,0.03,M_Shuswap,5,0.00,Duteau_Cr,5,0.00,L_Adams,5,0.00
Area126 (14) troll 142 3518,,Priest_Rapid_H,5026,0.46,Methow_R,5026,0.23,Wells_H,5026,0.18,Hanford_Reach,5026,0.12,Wenatchee_R_SF,5026,0.01
Area126 (14) troll 142 3519,,Chilko,2,0.94,Stuart,2,0.05,Quesnel,2,0.00,Nechako,2,0.00,Westroad,2,0.00
Area126 (14) troll 142 3520,,Stanislaus_R,5001,0.69,Umatilla_H,5026,0.22,Methow_R,5026,0.05,L_Wh_Sal_H_SF,5026,0.02,Priest_Rapid_H,5026,0.01
Area126 (14) troll 142 3521,,Hanford_Reach,5026,0.75,Priest_Rapid_H,5026,0.19,Wells_H,5026,0.04,L_Wh_Sal_H_SF,5026,0.01,Wenatchee_R_SF,5026,0.00
Area126 (14) troll 142 3522,,Bessette,5,0.59,M_Shuswap,5,0.13,Duteau_Cr,5,0.08,Nez_PerceT_H,5021,0.05,L_Thompson,5,0.05
Area126 (14) troll 142 3523,,Feather_H_fa,5001,0.32,Hanford_Reach,5026,0.16,Stanislaus_R,5001,0.11,Forks_Cr_H,5028,0.11,U_Sauk_R_SpSu,5016,0.05
Area126 (14) troll 142 3526,,L_Wh_Sal_H_SF,5026,0.93,Priest_Rapid_H,5026,0.04,Hanford_Reach,5026,0.02,Nez_PerceT_H,5021,0.00,Umatilla_H_Fa,5026,0.00
Area126 (14) troll 142 3528,,Priest_Rapid_H,5026,0.63,Methow_R,5026,0.14,Hanford_Reach,5026,0.12,Umatilla_H_Fa,5026,0.05,L_Wh_Sal_H_SF,5026,0.04
Area126 (14) troll 142 3530,,Conuma,8,0.98,Tlupana,8,0.01,Zeballos,8,0.00,Kaouk_R,8,0.00,Moyeha_R,8,0.00
Area126 (14) troll 142 3531,,Conuma,8,0.73,Kaouk_R,8,0.14,Tranquil,8,0.06,Zeballos,8,0.04,Tahsis,8,0.02
Area126 (14) troll 142 3532,,Hanford_Reach,5026,0.52,Priest_Rapid_H,5026,0.21,Umatilla_H_Fa,5026,0.12,Methow_R,5026,0.07,L_Wh_Sal_H_SF,5026,0.05
Area126 (14) troll 142 3534,,Hanford_Reach,5026,0.52,Priest_Rapid_H,5026,0.39,Methow_R,5026,0.06,Wells_H,5026,0.02,Wenatchee_R_SF,5026,0.00
Area126 (14) troll 142 3536,,Abernathy_NFH_F,5008,0.31,Cowlitz_H_fa,5008,0.25,Spring_Cr_col,5030,0.21,Washougal_R_Fa,5008,0.13,Abernathy_Cr_Fa,5008,0.04
Area126 (14) troll 142 3537,,Wenatchee_R_SF,5026,0.31,Hanford_Reach,5026,0.28,Priest_Rapid_H,5026,0.21,Lyons_Ferry_H,5021,0.07,Wells_H,5026,0.06
Area126 (14) troll 142 3540,,Priest_Rapid_H,5026,0.70,Hanford_Reach,5026,0.19,Wenatchee_R_SF,5026,0.03,Lyons_Ferry_H,5021,0.02,Wells_H,5026,0.02
Area126 (14) troll 142 3541,,Hanford_Reach,5026,0.74,Priest_Rapid_H,5026,0.18,Umatilla_H_Fa,5026,0.06,Umatilla_H,5026,0.01,Nez_PerceT_H,5021,0.01
Area126 (14) troll 142 3543,,Coquille_R,5011,0.77,Coos_H,5011,0.20,S_Coos_R,5011,0.02,Trask_R,5015,0.00,Alsea_R,5015,0.00
Area126 (14) troll 142 3545,,Priest_Rapid_H,5026,0.49,L_Wh_Sal_H_SF,5026,0.46,Umatilla_H_Fa,5026,0.02,Wells_H,5026,0.02,Hanford_Reach,5026,0.00
Area126 (14) troll 147 2902,,Methow_R,5026,0.47,Priest_Rapid_H,5026,0.30,Hanford_Reach,5026,0.10,Wells_H,5026,0.05,Wenatchee_R_SF,5026,0.04
Area126 (14) troll 147 2903,,Spring_Cr_col,5030,0.95,Abernathy_NFH_F,5008,0.04,Cowlitz_H_fa,5008,0.00,Elochoman_H,5030,0.00,,,
Area126 (14) troll 147 2904,,Cedar_R_SuFa,5020,0.68,Samish_H,5016,0.29,George_Adams_H,5005,0.01,Clear_Cr_H,5020,0.01,Bear_Cr_SuFa,5020,0.00
Area126 (14) troll 147 2906,,Spring_Cr_col,5030,1.00,Abernathy_Cr_Fa,5008,0.00,Cowlitz_H_fa,5008,0.00,,,,,,
Area126 (14) troll 147 2907,,NF_Skokomish_F,5005,0.30,Hamma_Hamma_R,5005,0.25,Samish_H,5016,0.23,George_Adams_H,5005,0.13,Cedar_R_SuFa,5020,0.08
Area126 (14) troll 147 2909,,Priest_Rapid_H,5026,0.35,Hanford_Reach,5026,0.28,Nez_PerceT_H,5021,0.12,Wells_H,5026,0.07,Lyons_Ferry_H,5021,0.07
Area126 (14) troll 147 2910,,George_Adams_H,5005,0.54,Cedar_R_SuFa,5020,0.28,Hamma_Hamma_R,5005,0.13,NF_Skokomish_F,5005,0.03,Grovers_Cr_H,5020,0.01
Area126 (14) troll 147 2914,,Washougal_R_Fa,5008,0.93,Cowlitz_H_fa,5008,0.04,Spring_Cr_col,5030,0.01,Priest_Rapid_H,5026,0.00,Lewis_R_Su,5008,0.00
Area126 (14) troll 147 2915,,McKenzie_H,5029,0.53,N_Santiam_H,5029,0.47,Kalama_H_sp,5009,0.00,S_Umpqua_H,5011,0.00,,,
Area126 (14) troll 147 2916,,Hanford_Reach,5026,0.52,Priest_Rapid_H,5026,0.16,Nez_PerceT_H,5021,0.13,Umatilla_H,5026,0.07,Wenatchee_R_SF,5026,0.05
Area126 (14) troll 147 2918,,Methow_R,5026,0.77,Hanford_Reach,5026,0.10,Priest_Rapid_H,5026,0.06,Wells_H,5026,0.04,Nez_PerceT_H,5021,0.01
Area126 (14) troll 147 2920,,Grovers_Cr_H,5020,0.93,NF_Skokomish_F,5005,0.03,George_Adams_H,5005,0.02,Hamma_Hamma_R,5005,0.01,Cedar_R_SuFa,5020,0.01
Area126 (14) troll 147 2921,,Cedar_R_SuFa,5020,0.47,George_Adams_H,5005,0.32,NF_Skokomish_F,5005,0.07,Hamma_Hamma_R,5005,0.05,Voights_H,5020,0.05
Area126 (14) troll 147 2922,,Puntledge_F,7,0.84,Cowichan,7,0.15,Cheakamus_F,9,0.00,Puntledge_BackX,7,0.00,S_Coos_R,5011,0.00
Area126 (14) troll 147 2924,,George_Adams_H,5005,0.20,Makah_H,5028,0.19,Cedar_R_SuFa,5020,0.18,Grovers_Cr_H,5020,0.16,Hamma_Hamma_R,5005,0.07
Area126 (14) troll 147 2927,,Wenatchee_R_SF,5026,0.35,Priest_Rapid_H,5026,0.21,Methow_R,5026,0.18,Hanford_Reach,5026,0.15,Wells_H,5026,0.08
Area126 (14) troll 147 2928,,Wenatchee_R_SF,5026,0.49,Priest_Rapid_H,5026,0.25,Nez_PerceT_H,5021,0.10,Methow_R,5026,0.07,Umatilla_H_Fa,5026,0.03
Area126 (14) troll 147 2929,,Wells_H,5026,0.42,Priest_Rapid_H,5026,0.33,Methow_R,5026,0.21,Umatilla_H_Fa,5026,0.03,Wenatchee_R_SF,5026,0.01
Area126 (14) troll 147 2930,,Nitinat,8,1.00,San_Juan,8,0.00,,,,,,,,,
Area126 (14) troll 147 2932,,Wenatchee_R_SF,5026,0.85,Methow_R,5026,0.11,Hanford_Reach,5026,0.02,Wells_H,5026,0.01,Nez_PerceT_H,5021,0.00
Area126 (14) troll 147 2934,,Umpqua_H,5011,0.51,Millicoma_R,5011,0.30,Nez_PerceT_H,5021,0.05,Trask_R,5015,0.05,Hanford_Reach,5026,0.04
Area126 (14) troll 147 2935,,Spring_Cr_col,5030,0.63,Abernathy_Cr_Fa,5008,0.09,Abernathy_NFH_F,5008,0.04,Cowlitz_H_fa,5008,0.03,Elochoman_R_Fa,5008,0.03
Area126 (14) troll 147 2936,,George_Adams_H,5005,0.28,Grovers_Cr_H,5020,0.25,Samish_H,5016,0.17,Cedar_R_SuFa,5020,0.14,NF_Skokomish_F,5005,0.07
Area126 (14) troll 147 2939,,Trask_R,5015,0.60,Alsea_R,5015,0.35,Millicoma_R,5011,0.03,Kilchis_R,5015,0.00,Cowlitz_H_sp,5009,0.00
Area126 (14) troll 147 2940,,Hanford_Reach,5026,0.58,L_Wh_Sal_H_SF,5026,0.23,Priest_Rapid_H,5026,0.05,Umatilla_H,5026,0.04,Nez_PerceT_H,5021,0.02
Area126 (14) troll 147 2943,,Stanislaus_R,5001,0.86,Feather_H_fa,5001,0.09,Battle_Cr,5001,0.05,Feather_H_sp,5002,0.00,,,
Area126 (14) troll 147 2945,,Wells_H,5026,0.35,Priest_Rapid_H,5026,0.25,Hanford_Reach,5026,0.16,L_Wh_Sal_H_SF,5026,0.10,Methow_R,5026,0.05
Area126 (14) troll 147 2946,,S_Umpqua_H,5011,0.67,Millicoma_R,5011,0.13,Trask_R,5015,0.05,Lyons_Ferry_H,5021,0.04,Samish_H,5016,0.03
Area126 (14) troll 147 2947,,Methow_R,5026,0.58,Wenatchee_R_SF,5026,0.24,Priest_Rapid_H,5026,0.06,Wells_H,5026,0.05,Hanford_Reach,5026,0.05
Area126 (14) troll 147 2949,,Priest_Rapid_H,5026,0.50,Hanford_Reach,5026,0.11,Lyons_Ferry_H,5021,0.10,Nez_PerceT_H,5021,0.08,Wenatchee_R_SF,5026,0.04
Area126 (14) troll 147 2952,,N_Santiam_H,5029,0.56,McKenzie_H,5029,0.44,,,,,,,,,
Area126 (14) troll 147 2953,,U_Deschutes_R,5004,0.77,L_Deschutes_R,5004,0.10,Hanford_Reach,5026,0.09,Nez_PerceT_H,5021,0.04,Priest_Rapid_H,5026,0.00
Area126 (14) troll 147 2954,,Wenatchee_R_SF,5026,0.67,Priest_Rapid_H,5026,0.25,Hanford_Reach,5026,0.03,Methow_R,5026,0.03,Wells_H,5026,0.01
Area126 (14) troll 147 2955,,McKenzie_H,5029,0.67,N_Santiam_H,5029,0.26,Lewis_R_Su,5008,0.03,Trask_R,5015,0.02,Kalama_H_sp,5009,0.01
Area126 (14) troll 147 2956,,Sol_Duc_H,5028,0.54,Hanford_Reach,5026,0.10,Feather_H_fa,5001,0.10,Umatilla_H_Fa,5026,0.06,Lewis_R_Su,5008,0.06
Area126 (14) troll 147 2957,,Wenatchee_R_SF,5026,0.34,Methow_R,5026,0.28,Wells_H,5026,0.15,Priest_Rapid_H,5026,0.10,Hanford_Reach,5026,0.10
Area126 (14) troll 147 2958,,Priest_Rapid_H,5026,0.89,Umatilla_H_Fa,5026,0.06,Nez_PerceT_H,5021,0.01,Wenatchee_R_SF,5026,0.01,Harrison,3,0.01
Area126 (14) troll 147 2959,,Conuma,8,0.67,Kaouk_R,8,0.20,Tlupana,8,0.05,Zeballos,8,0.04,Moyeha_R,8,0.01
Area126 (14) troll 147 2960,,Wells_H,5026,0.36,Wenatchee_R_SF,5026,0.36,Methow_R,5026,0.19,Priest_Rapid_H,5026,0.08,Umatilla_H_Fa,5026,0.01
Area126 (14) troll 147 2963,,Spring_Cr_col,5030,0.97,Abernathy_NFH_F,5008,0.03,Cowlitz_H_fa,5008,0.00,Lewis_R_Su,5008,0.00,,,
Area126 (14) troll 147 2964,,Priest_Rapid_H,5026,0.64,Hanford_Reach,5026,0.12,Methow_R,5026,0.11,Nez_PerceT_H,5021,0.07,Umatilla_H_Fa,5026,0.02
Area126 (14) troll 147 2965,,McKenzie_H,5029,0.94,N_Santiam_H,5029,0.06,Hanford_Reach,5026,0.00,Nez_PerceT_H,5021,0.00,Wenatchee_R_SF,5026,0.00
Area126 (14) troll 147 2966,,Methow_R,5026,0.49,Priest_Rapid_H,5026,0.28,Wells_H,5026,0.13,Wenatchee_R_SF,5026,0.08,Hanford_Reach,5026,0.01
Area126 (14) troll 147 2967,,Cedar_R_SuFa,5020,0.91,Samish_H,5016,0.04,George_Adams_H,5005,0.02,NF_Skokomish_F,5005,0.01,Voights_H,5020,0.01
Area126 (14) troll 147 2968,,Methow_R,5026,0.45,Priest_Rapid_H,5026,0.37,Wenatchee_R_SF,5026,0.05,Nez_PerceT_H,5021,0.05,Lyons_Ferry_H,5021,0.04
Area126 (14) troll 147 2969,,NF_Skokomish_F,5005,0.82,Hamma_Hamma_R,5005,0.08,George_Adams_H,5005,0.05,Samish_H,5016,0.04,Cedar_R_SuFa,5020,0.01
Area126 (14) troll 147 2970,,Spring_Cr_col,5030,0.58,Cowlitz_H_fa,5008,0.15,Lewis_R_Su,5008,0.07,Green_R_Fa,5008,0.07,Washougal_R_Fa,5008,0.03
Area126 (14) troll 147 2971,,Hanford_Reach,5026,0.80,Umatilla_H_Fa,5026,0.06,Wenatchee_R_SF,5026,0.04,Wells_H,5026,0.02,L_Wh_Sal_H_SF,5026,0.02
Area126 (14) troll 147 2972,,Hanford_Reach,5026,0.92,Umatilla_H_Fa,5026,0.03,L_Wh_Sal_H_SF,5026,0.03,Priest_Rapid_H,5026,0.01,Umatilla_H,5026,0.00
Area126 (14) troll 147 2973,,Wells_H,5026,0.33,Priest_Rapid_H,5026,0.27,Hanford_Reach,5026,0.21,Methow_R,5026,0.17,Umatilla_H_Fa,5026,0.01
Area126 (14) troll 147 2974,,Hanford_Reach,5026,0.49,Priest_Rapid_H,5026,0.34,Methow_R,5026,0.12,Wells_H,5026,0.03,Green_R_Fa,5008,0.00
Area126 (14) troll 147 2975,,N_Santiam_H,5029,0.94,McKenzie_H,5029,0.06,,,,,,,,,
Area126 (14) troll 147 2976,,Wenatchee_R_SF,5026,0.65,Methow_R,5026,0.19,Priest_Rapid_H,5026,0.09,Wells_H,5026,0.04,Umatilla_H_Fa,5026,0.02
Area126 (14) troll 147 2977,,L_Wh_Sal_H_SF,5026,0.52,Hanford_Reach,5026,0.32,Priest_Rapid_H,5026,0.16,Umatilla_H,5026,0.00,Wells_H,5026,0.00
Area126 (14) troll 147 2978,,Quilayute_R,5028,0.29,U_Sauk_R_SpSu,5016,0.18,Priest_Rapid_H,5026,0.11,L_Thompson,5,0.09,George_Adams_H,5005,0.07
Area126 (14) troll 147 2979,,Stuart,2,0.84,Nechako,2,0.15,Blue,4,0.00,Slim_C,1,0.00,L_Thompson,5,0.00
Area126 (14) troll 147 2980,,Wenatchee_R_SF,5026,0.45,Methow_R,5026,0.38,Umatilla_H_Fa,5026,0.09,Hanford_Reach,5026,0.06,Priest_Rapid_H,5026,0.02
Area126 (14) troll 147 2981,,Puntledge_F,7,0.25,Wells_H,5026,0.22,Washougal_R_Fa,5008,0.12,Cowichan,7,0.11,Cedar_R_SuFa,5020,0.07
Area126 (14) troll 147 2986,,Methow_R,5026,0.32,Priest_Rapid_H,5026,0.28,Wells_H,5026,0.15,Hanford_Reach,5026,0.13,L_Wh_Sal_H_SF,5026,0.10
Area126 (14) troll 147 2989,,Stanislaus_R,5001,0.42,Hanford_Reach,5026,0.20,Lewis_R_Su,5008,0.11,Washougal_R_Fa,5008,0.08,Cowlitz_H_fa,5008,0.05
Area126 (14) troll 147 2990,,Puntledge_F,7,0.87,Cowichan,7,0.10,Big_Qualicum,7,0.02,Nanaimo_F,7,0.01,L_Qualicum,7,0.00
Area126 (14) troll 147 2991,,Coos_H,5011,0.30,S_Umpqua_H,5011,0.20,Stuart,2,0.12,Forks_Cr_H,5028,0.08,Harrison,3,0.07
Area126 (14) troll 147 2992,,Lewis_R_Su,5008,0.55,Priest_Rapid_H,5026,0.20,Hanford_Reach,5026,0.14,Methow_R,5026,0.03,Umatilla_H,5026,0.02
Area126 (14) troll 147 2994,,Priest_Rapid_H,5026,0.30,Methow_R,5026,0.17,Umatilla_H,5026,0.16,Hanford_Reach,5026,0.12,L_Wh_Sal_H_SF,5026,0.10
Area126 (14) troll 147 2996,,Priest_Rapid_H,5026,0.47,Nez_PerceT_H,5021,0.16,Hanford_Reach,5026,0.13,L_Wh_Sal_H_SF,5026,0.11,Wells_H,5026,0.04
Area126 (14) troll 147 2999,,Wenatchee_R_SF,5026,0.53,Priest_Rapid_H,5026,0.15,Methow_R,5026,0.13,Wells_H,5026,0.09,Hanford_Reach,5026,0.05
Area126 (14) troll 147 3000,,Wenatchee_R_SF,5026,0.72,Methow_R,5026,0.13,Priest_Rapid_H,5026,0.08,Wells_H,5026,0.04,Hanford_Reach,5026,0.02
Area126 (14) troll 171 3951,,Trask_R,5015,0.86,Kilchis_R,5015,0.14,Alsea_R,5015,0.00,Wilson_R,5015,0.00,Millicoma_R,5011,0.00
Area126 (14) troll 171 3956,,Conuma,8,0.94,Tlupana,8,0.05,Tahsis,8,0.00,Moyeha_R,8,0.00,Kaouk_R,8,0.00
Area126 (14) troll 171 3957,,Nehalem_R,5015,1.00,,,,,,,,,,,,
Area126 (14) troll 171 3958,,Harrison,3,0.95,Chilliwack_F,3,0.05,,,,,,,,,
Area126 (14) troll 171 3959,,Nez_PerceT_H,5021,0.38,Priest_Rapid_H,5026,0.21,Wenatchee_R_SF,5026,0.13,Lyons_Ferry_H,5021,0.13,Methow_R,5026,0.06
Area126 (14) troll 171 3960,,Priest_Rapid_H,5026,0.78,Lyons_Ferry_H,5021,0.11,Umatilla_H,5026,0.09,Umatilla_H_Fa,5026,0.01,Hanford_Reach,5026,0.00
Area126 (14) troll 171 3961,,Stuart,2,0.54,Nechako,2,0.14,Lolo_Cr,5022,0.09,Chilko,2,0.09,Quesnel,2,0.08
Area126 (14) troll 171 3962,,Little_R,5,0.40,L_Thompson,5,0.33,South_Thom,5,0.11,L_Adams,5,0.09,L_Shuswap,5,0.02
Area126 (14) troll 171 3965,,Coos_H,5011,0.44,Lewis_R_LSu,5008,0.32,S_Umpqua_H,5011,0.16,Lewis_R_Su,5008,0.03,Cowlitz_H_fa,5008,0.01
Area126 (14) troll 171 3967,,L_Adams,5,0.98,Little_R,5,0.01,L_Thompson,5,0.01,South_Thom,5,0.00,,,
Area126 (14) troll 171 3968,,Forks_Cr_H,5028,0.92,Quilayute_R,5028,0.06,Hoh_R,5028,0.01,Queets_R,5028,0.00,Trask_R,5015,0.00
Area126 (14) troll 171 3969,,Yaquina_R,5015,0.97,Trask_R,5015,0.03,Millicoma_R,5011,0.00,U_Sauk_R_SpSu,5016,0.00,Forks_Cr_H,5028,0.00
Area126 (14) troll 171 3972,,Trask_R,5015,0.54,S_Umpqua_H,5011,0.19,Alsea_R,5015,0.09,Kilchis_R,5015,0.04,Nehalem_R,5015,0.04
Area126 (14) troll 171 3975,,Harrison,3,0.99,Chilliwack_F,3,0.01,Puntledge_F,7,0.00,Blue,4,0.00,Nechako,2,0.00
Area126 (14) troll 171 3978,,Clearwater,4,1.00,Harrison,3,0.00,South_Thom,5,0.00,N_Thom@Main,4,0.00,Little_R,5,0.00
Area126 (14) troll 171 3983,,Raft_R,4,0.60,Harrison,3,0.15,N_Thom@Main,4,0.10,Clearwater,4,0.07,Chilko,2,0.04
Area126 (14) troll 171 3984,,Nehalem_R,5015,0.99,S_Umpqua_H,5011,0.01,Trask_R,5015,0.00,Quilayute_R,5028,0.00,NanaimoSu_BackX,7,0.00
Area126 (14) troll 171 3985,,Hanford_Reach,5026,0.62,Priest_Rapid_H,5026,0.32,Nez_PerceT_H,5021,0.02,Umatilla_H_Fa,5026,0.01,Methow_R,5026,0.01
Area126 (14) troll 171 3986,,Nechako,2,0.84,Stuart,2,0.15,Quesnel,2,0.01,Chilliwack_F,3,0.00,Slim_C,1,0.00
Area126 (14) troll 171 3989,,Washougal_R_Fa,5008,0.80,Lewis_R_LSu,5008,0.17,Lewis_R_Su,5008,0.01,Quilayute_R,5028,0.01,Cowlitz_H_fa,5008,0.01
Area126 (14) troll 171 3990,,Priest_Rapid_H,5026,0.87,Hanford_Reach,5026,0.10,L_Wh_Sal_H_SF,5026,0.02,Methow_R,5026,0.01,Marion_Drain_Fa,5026,0.00
Area126 (14) troll 171 3991,,Green_R_Fa,5008,0.51,N_Santiam_H,5029,0.22,Lewis_R_LSu,5008,0.06,Washougal_R_Fa,5008,0.06,Sandy_R,5008,0.04
Area126 (14) troll 171 3992,,S_Umpqua_H,5011,0.39,Lewis_R_Su,5008,0.31,Coos_H,5011,0.15,Green_R_Fa,5008,0.06,Forks_Cr_H,5028,0.05
Area126 (14) troll 171 3993,,Forks_Cr_H,5028,1.00,Alsea_R,5015,0.00,,,,,,,,,
Area126 (14) troll 171 3994,,Hanford_Reach,5026,0.51,Methow_R,5026,0.34,Priest_Rapid_H,5026,0.11,Umatilla_H_Fa,5026,0.02,Wenatchee_R_SF,5026,0.00
Area126 (14) troll 171 3997,,S_Umpqua_H,5011,0.63,Hanford_Reach,5026,0.11,Priest_Rapid_H,5026,0.06,Clearwater,4,0.06,Coos_H,5011,0.02
Area126 (14) troll 171 3998,,Priest_Rapid_H,5026,0.50,Hanford_Reach,5026,0.23,U_Deschutes_R,5004,0.07,Nez_PerceT_H,5021,0.06,L_Wh_Sal_H_SF,5026,0.04
Area126 (14) troll 171 3999,,Trask_R,5015,0.61,Alsea_R,5015,0.23,Nestucca_H,5015,0.08,Kilchis_R,5015,0.05,Sixes_R,5011,0.03
Area126 (14) troll 171 4000,,Forks_Cr_H,5028,1.00,Humptulips_H,5028,0.00,S_Umpqua_H,5011,0.00,,,,,,
Area126 (14) troll 171 9001,,Kalama_H_sp,5009,0.26,Spring_Cr_col,5030,0.16,Green_R_Fa,5008,0.15,Abernathy_NFH_F,5008,0.13,Washougal_R_Fa,5008,0.09
Area126 (14) troll 171 9002,,Samish_H,5016,0.31,George_Adams_H,5005,0.20,Grovers_Cr_H,5020,0.17,Puntledge_F,7,0.07,Voights_H,5020,0.04
Area126 (14) troll 171 9003,,Spring_Cr_col,5030,0.64,Abernathy_NFH_F,5008,0.10,Washougal_R_Fa,5008,0.06,Cowlitz_H_fa,5008,0.05,Green_R_Fa,5008,0.04
Area126 (14) troll 171 9004,,Nez_PerceT_H,5021,0.39,Hanford_Reach,5026,0.24,Priest_Rapid_H,5026,0.19,Wells_H,5026,0.05,Umatilla_H_Fa,5026,0.04
Area126 (14) troll 171 9005,,Harrison,3,0.38,Voights_H,5020,0.20,L_Skagit_R_Fa,5016,0.09,Samish_H,5016,0.07,Big_Qualicum,7,0.04
Area126 (14) troll 171 9006,,Spring_Cr_col,5030,0.99,Abernathy_NFH_F,5008,0.01,Abernathy_Cr_Fa,5008,0.00,,,,,,
Area126 (14) troll 171 9007,,Voights_H,5020,0.49,Hamma_Hamma_R,5005,0.15,George_Adams_H,5005,0.10,Clear_Cr_H,5020,0.09,Samish_H,5016,0.05
Area126 (14) troll 171 9008,,NF_Skokomish_F,5005,0.52,Hamma_Hamma_R,5005,0.18,Cedar_R_SuFa,5020,0.12,Voights_H,5020,0.10,George_Adams_H,5005,0.07
Area126 (14) troll 171 9009,,Spring_Cr_col,5030,0.97,Washougal_R_Fa,5008,0.01,Abernathy_NFH_F,5008,0.01,Abernathy_Cr_Fa,5008,0.00,Big_Cr_H_Col,5030,0.00
Area126 (14) troll 171 9010,,Puntledge_F,7,0.48,Hamma_Hamma_R,5005,0.17,George_Adams_H,5005,0.08,Cedar_R_SuFa,5020,0.07,L_Shuswap,5,0.05
Area126 (14) troll 171 9011,,Cedar_R_SuFa,5020,0.24,Samish_H,5016,0.22,NF_Skokomish_F,5005,0.19,Clear_Cr_H,5020,0.11,S_Prairie_Cr,5020,0.08
Area126 (14) troll 171 9012,,Spring_Cr_col,5030,0.97,Abernathy_Cr_Fa,5008,0.02,Elochoman_H,5030,0.01,Abernathy_NFH_F,5008,0.00,Elochoman_R_Fa,5008,0.00
Area126 (14) troll 171 9013,,Forks_Cr_H,5028,0.98,Coos_H,5011,0.01,Millicoma_R,5011,0.01,NanaimoSu_BackX,7,0.00,Coquille_R,5011,0.00
Area126 (14) troll 171 9014,,Hanford_Reach,5026,0.49,Priest_Rapid_H,5026,0.31,Nez_PerceT_H,5021,0.12,Lyons_Ferry_H,5021,0.02,Methow_R,5026,0.01
Area126 (14) troll 171 9015,,Hanford_Reach,5026,0.23,Priest_Rapid_H,5026,0.20,L_Wh_Sal_H_SF,5026,0.11,Wenatchee_R_SF,5026,0.10,Methow_R,5026,0.10
Area126 (14) troll 171 9016,,Washougal_R_Fa,5008,0.90,Cowlitz_H_fa,5008,0.08,Abernathy_Cr_Fa,5008,0.01,Lewis_R_Su,5008,0.01,Elochoman_H,5030,0.00
Area126 (14) troll 171 9017,,George_Adams_H,5005,0.40,Clear_Cr_H,5020,0.13,Cedar_R_SuFa,5020,0.13,Voights_H,5020,0.09,Samish_H,5016,0.08
Area126 (14) troll 171 9018,,Hanford_Reach,5026,0.63,Priest_Rapid_H,5026,0.31,Umatilla_H_Fa,5026,0.03,L_Wh_Sal_H_SF,5026,0.02,Umatilla_H,5026,0.00
Area126 (14) troll 177 9201,,Priest_Rapid_H,5026,0.40,Hanford_Reach,5026,0.22,Nez_PerceT_H,5021,0.11,Lyons_Ferry_H,5021,0.09,Methow_R,5026,0.08
Area126 (14) troll 177 9202,,L_Adams,5,0.95,L_Thompson,5,0.02,Voights_H,5020,0.01,Spring_Cr_col,5030,0.01,L_Shuswap,5,0.00
Area126 (14) troll 177 9203,,Priest_Rapid_H,5026,0.67,Hanford_Reach,5026,0.17,Wenatchee_R_SF,5026,0.10,Umatilla_H,5026,0.02,Umatilla_H_Fa,5026,0.01
Area126 (14) troll 177 9204,,Lewis_R_Su,5008,0.62,Washougal_R_Fa,5008,0.24,Elochoman_R_Fa,5008,0.03,S_Umpqua_H,5011,0.03,Green_R_Fa,5008,0.03
Area126 (14) troll 177 9205,,Priest_Rapid_H,5026,0.53,Wells_H,5026,0.16,L_Wh_Sal_H_SF,5026,0.13,Hanford_Reach,5026,0.10,Nez_PerceT_H,5021,0.04
Area126 (14) troll 177 9206,,Slim_C,1,0.98,Raft_R,4,0.01,Bowron,1,0.00,Stuart,2,0.00,Nechako,2,0.00
Area126 (14) troll 177 9207,,Blue,4,0.78,Finn,4,0.22,,,,,,,,,
Area126 (14) troll 177 9208,,Slim_C,1,0.98,Nechako,2,0.01,Bowron,1,0.01,McGregor,1,0.00,Stuart,2,0.00
Area126 (14) troll 177 9209,,L_Shuswap,5,1.00,Bessette,5,0.00,Eagle_R,5,0.00,,,,,,
Area126 (14) troll 177 9210,,Coos_H,5011,0.80,Coquille_R,5011,0.14,Millicoma_R,5011,0.02,S_Umpqua_H,5011,0.01,Alsea_R,5015,0.01
Area126 (14) troll 177 9212,,L_Adams,5,0.44,Little_R,5,0.38,L_Thompson,5,0.09,L_Shuswap,5,0.03,Priest_Rapid_H,5026,0.03
Area126 (14) troll 177 9213,,L_Shuswap,5,1.00,Bessette,5,0.00,Little_R,5,0.00,L_Thompson,5,0.00,Duteau_Cr,5,0.00
Area126 (14) troll 177 9214,,Priest_Rapid_H,5026,0.81,L_Wh_Sal_H_SF,5026,0.06,Hanford_Reach,5026,0.05,Wells_H,5026,0.03,Methow_R,5026,0.02
Area126 (14) troll 177 9215,,Washougal_R_Fa,5008,0.59,Lewis_R_LSu,5008,0.20,Lewis_R_Su,5008,0.15,Cowlitz_H_fa,5008,0.03,L_Wh_Sal_H_SF,5026,0.01
Area126 (14) troll 177 9216,,Wenatchee_R_SF,5026,0.42,Methow_R,5026,0.39,Priest_Rapid_H,5026,0.12,Wells_H,5026,0.04,Priest_Rapids_H,5026,0.01
Area126 (14) troll 177 9217,,Trask_R,5015,0.62,Coquille_R,5011,0.11,Alsea_R,5015,0.10,Lolo_Cr,5022,0.04,Yaquina_R,5015,0.04
Area126 (14) troll 177 9218,,L_Wh_Sal_H_SF,5026,0.67,Hanford_Reach,5026,0.13,Priest_Rapid_H,5026,0.10,Umatilla_H,5026,0.07,Umatilla_H_Fa,5026,0.02
Area126 (14) troll 177 9219,,Umpqua_H,5011,0.34,Priest_Rapid_H,5026,0.18,Lyons_Ferry_H,5021,0.16,Coquille_R,5011,0.10,Hanford_Reach,5026,0.05
Area126 (14) troll 177 9221,,Coos_H,5011,0.31,Coquille_R,5011,0.16,Quilayute_R,5028,0.15,Yaquina_R,5015,0.11,Lewis_R_Su,5008,0.07
Area126 (14) troll 177 9222,,S_Umpqua_H,5011,0.92,Applegate_Cr,5019,0.02,L_Wh_Sal_H_SF,5026,0.02,Hanford_Reach,5026,0.02,Coos_H,5011,0.01
Area126 (14) troll 177 9223,,Priest_Rapid_H,5026,0.34,Hanford_Reach,5026,0.28,Wenatchee_R_SF,5026,0.24,Umatilla_H,5026,0.12,Lyons_Ferry_H,5021,0.01
Area126 (14) troll 177 9224,,Alsea_R,5015,0.35,Trask_R,5015,0.28,S_Umpqua_H,5011,0.19,Kilchis_R,5015,0.15,Wilson_R,5015,0.02
Area126 (14) troll 177 9225,,L_Thompson,5,0.98,South_Thom,5,0.01,Stuart,2,0.00,Hoh_R,5028,0.00,Bessette,5,0.00
Area126 (14) troll 177 9226,,Priest_Rapid_H,5026,0.43,Marion_Drain_Fa,5026,0.14,Nez_PerceT_H,5021,0.13,Umatilla_H_Fa,5026,0.13,Hanford_Reach,5026,0.06
Area126 (14) troll 177 9227,,Coos_H,5011,0.36,S_Coos_R,5011,0.31,Alsea_R,5015,0.22,Coquille_R,5011,0.07,Millicoma_R,5011,0.04
Area126 (14) troll 177 9229,,Wells_H,5026,0.39,Wenatchee_R_SF,5026,0.25,Hanford_Reach,5026,0.23,Umatilla_H_Fa,5026,0.11,Methow_R,5026,0.01
Area126 (14) troll 177 9230,,Chilliwack_F,3,0.98,Harrison,3,0.02,S_Coos_R,5011,0.00,,,,,,
Area126 (14) troll 177 9232,,Priest_Rapid_H,5026,0.36,Hanford_Reach,5026,0.23,Wells_H,5026,0.17,Methow_R,5026,0.10,Nez_PerceT_H,5021,0.06
Area126 (14) troll 177 9234,,Coquille_R,5011,0.51,S_Umpqua_H,5011,0.32,Alsea_R,5015,0.06,Coos_H,5011,0.06,Trask_R,5015,0.03
Area126 (14) troll 177 9235,,Nehalem_R,5015,1.00,,,,,,,,,,,,
Area126 (14) troll 177 9236,,Umatilla_H_Fa,5026,0.37,Nez_PerceT_H,5021,0.18,Hanford_Reach,5026,0.16,Lyons_Ferry_H,5021,0.08,Umatilla_H,5026,0.08
Area126 (14) troll 177 9237,,Snowbank,11,0.52,Seaskinnish,11,0.17,Coquille_R,5011,0.10,NanaimoSu_BackX,7,0.10,Cranberry,11,0.03
Area126 (14) troll 177 9239,,N_Santiam_H,5029,0.62,McKenzie_H,5029,0.33,Kalama_H_sp,5009,0.05,Lewis_H_sp,5009,0.00,Umpqua_H,5011,0.00
Area126 (14) troll 177 9240,,L_Shuswap,5,0.67,Bessette,5,0.23,M_Shuswap,5,0.07,Duteau_Cr,5,0.03,,,
Area126 (14) troll 177 9241,,Priest_Rapid_H,5026,0.27,Hanford_Reach,5026,0.27,Umatilla_H,5026,0.10,Wenatchee_R_SF,5026,0.09,Methow_R,5026,0.08
Area126 (14) troll 177 9242,,Priest_Rapid_H,5026,0.33,Methow_R,5026,0.22,Nez_PerceT_H,5021,0.19,Umatilla_H_Fa,5026,0.11,Hanford_Reach,5026,0.08
Area126 (14) troll 177 9243,,Hanford_Reach,5026,0.35,Umatilla_H,5026,0.25,Priest_Rapid_H,5026,0.22,Umatilla_H_Fa,5026,0.09,Wells_H,5026,0.09
Area126 (14) troll 177 9244,,L_Adams,5,0.99,Little_R,5,0.01,L_Thompson,5,0.00,South_Thom,5,0.00,L_Shuswap,5,0.00
Area126 (14) troll 177 9286,,Priest_Rapid_H,5026,0.35,Nez_PerceT_H,5021,0.28,Hanford_Reach,5026,0.24,Lewis_R_Su,5008,0.08,Lyons_Ferry_H,5021,0.02
Area126 (14) troll 177 9287,,Hanford_Reach,5026,0.45,Priest_Rapid_H,5026,0.36,L_Wh_Sal_H_SF,5026,0.14,Umatilla_H,5026,0.05,Umatilla_H_Fa,5026,0.00
Area126 (14) troll 177 9288,,Priest_Rapid_H,5026,0.51,Hanford_Reach,5026,0.29,Umatilla_H_Fa,5026,0.12,Methow_R,5026,0.04,Marion_Drain_Fa,5026,0.03
Area126 (14) troll 177 9289,,Priest_Rapid_H,5026,0.86,Wells_H,5026,0.06,Hanford_Reach,5026,0.05,Wenatchee_R_SF,5026,0.01,Nez_PerceT_H,5021,0.01
Area126 (14) troll 177 9290,,Hanford_Reach,5026,0.39,Puntledge_F,7,0.38,Nez_PerceT_H,5021,0.06,Priest_Rapid_H,5026,0.06,Umatilla_H_Fa,5026,0.03
Area126 (14) troll 177 9291,,George_Adams_H,5005,0.73,NF_Skokomish_F,5005,0.15,Clear_Cr_H,5020,0.07,Hamma_Hamma_R,5005,0.01,Cedar_R_SuFa,5020,0.01
Area126 (14) troll 177 9292,,Wells_H,5026,0.55,Priest_Rapid_H,5026,0.15,Methow_R,5026,0.12,Wenatchee_R_SF,5026,0.08,Hanford_Reach,5026,0.04
Area126 (14) troll 177 9293,,Hanford_Reach,5026,0.33,L_Wh_Sal_H_SF,5026,0.26,Priest_Rapid_H,5026,0.21,Methow_R,5026,0.12,Nez_PerceT_H,5021,0.04
Area126 (14) troll 177 9294,,Chilliwack_F,3,0.96,Harrison,3,0.04,Priest_Rapid_H,5026,0.00,Sandy_R,5008,0.00,,,
Area126 (14) troll 177 9295,,Hanford_Reach,5026,0.48,Methow_R,5026,0.32,Priest_Rapid_H,5026,0.18,Wells_H,5026,0.01,Umatilla_H_Fa,5026,0.00
Area126 (14) troll 177 9296,,S_Umpqua_H,5011,0.87,Forks_Cr_H,5028,0.07,Humptulips_H,5028,0.02,Millicoma_R,5011,0.01,Kilchis_R,5015,0.01
Area126 (14) troll 177 9297,,Priest_Rapid_H,5026,0.78,Hanford_Reach,5026,0.19,Priest_Rapids_H,5026,0.01,Nez_PerceT_H,5021,0.01,Umatilla_H_Fa,5026,0.00
Area126 (14) troll 177 9298,,Lyons_Ferry_H,5021,0.74,Umatilla_H_Fa,5026,0.14,Hanford_Reach,5026,0.05,Priest_Rapid_H,5026,0.03,Wenatchee_R_SF,5026,0.02
Area126 (14) troll 177 9299,,Hanford_Reach,5026,0.70,Priest_Rapid_H,5026,0.19,Methow_R,5026,0.05,Nez_PerceT_H,5021,0.02,L_Wh_Sal_H_SF,5026,0.01
Area126 (14) troll 177 9300,,Priest_Rapid_H,5026,0.53,Wells_H,5026,0.11,Methow_R,5026,0.09,Nez_PerceT_H,5021,0.08,Hanford_Reach,5026,0.08
Area126 (14) troll 195 9901,,L_Adams,5,0.47,Little_R,5,0.29,L_Thompson,5,0.12,South_Thom,5,0.09,Hanford_Reach,5026,0.01
Area126 (14) troll 195 9902,,Nehalem_R,5015,1.00,,,,,,,,,,,,
Area126 (14) troll 195 9903,,L_Shuswap,5,1.00,Bessette,5,0.00,,,,,,,,,
Area126 (14) troll 195 9904,,Stuart,2,0.62,Nechako,2,0.29,Westroad,2,0.04,Quesnel,2,0.03,N_Thom@Main,4,0.01
Area126 (14) troll 195 9905,,Alsea_R,5015,0.81,Trask_R,5015,0.12,Nestucca_H,5015,0.04,Kilchis_R,5015,0.02,Coos_H,5011,0.01
Area126 (14) troll 195 9906,,Priest_Rapid_H,5026,0.48,Hanford_Reach,5026,0.22,Umatilla_H_Fa,5026,0.10,L_Deschutes_R,5004,0.03,Umatilla_H,5026,0.02
Area126 (14) troll 195 9907,,Stuart,2,0.91,Nechako,2,0.08,N_Thom@Main,4,0.00,Slim_C,1,0.00,Quesnel,2,0.00
Area126 (14) troll 195 9908,,Priest_Rapid_H,5026,0.82,Methow_R,5026,0.10,Hanford_Reach,5026,0.06,Umatilla_H_Fa,5026,0.01,Nez_PerceT_H,5021,0.01
Area126 (14) troll 195 9909,,Nechako,2,0.67,Harrison,3,0.17,Stuart,2,0.07,Westroad,2,0.03,Priest_Rapid_H,5026,0.01
Area126 (14) troll 195 9910,,Hanford_Reach,5026,0.66,Marion_Drain_Fa,5026,0.21,Priest_Rapid_H,5026,0.05,L_Wh_Sal_H_SF,5026,0.02,Wenatchee_R_SF,5026,0.02
Area126 (14) troll 195 9911,,Hanford_Reach,5026,0.63,Nez_PerceT_H,5021,0.10,Priest_Rapid_H,5026,0.10,Umatilla_H_Fa,5026,0.07,Wenatchee_R_SF,5026,0.04
Area126 (14) troll 195 9912,,S_Umpqua_H,5011,0.90,Umpqua_H,5011,0.08,Sol_Duc_H,5028,0.00,Cowlitz_H_fa,5008,0.00,Coquille_R,5011,0.00
Area126 (14) troll 195 9913,,S_Coos_R,5011,0.27,Forks_Cr_H,5028,0.23,Coos_H,5011,0.18,U_Sauk_R_SpSu,5016,0.09,Trask_R,5015,0.09
Area126 (14) troll 195 9914,,Lyons_Ferry_H,5021,0.70,Nez_PerceT_H,5021,0.16,L_Wh_Sal_H_SF,5026,0.05,Hanford_Reach,5026,0.03,Umatilla_H_Fa,5026,0.02
Area126 (14) troll 195 9915,,Voights_H,5020,0.64,Samish_H,5016,0.15,S_Prairie_Cr,5020,0.08,George_Adams_H,5005,0.04,Clear_Cr_H,5020,0.03
Area126 (14) troll 195 9916,,Stuart,2,0.98,Nechako,2,0.01,Quesnel,2,0.00,Chilko,2,0.00,Slamgeesh,19,0.00
Area126 (14) troll 195 9917,,Priest_Rapid_H,5026,0.64,Umatilla_H_Fa,5026,0.17,Hanford_Reach,5026,0.11,Umatilla_H,5026,0.05,Lyons_Ferry_H,5021,0.02
Area126 (14) troll 195 9918,,Nez_PerceT_H,5021,0.28,Priest_Rapid_H,5026,0.24,L_Wh_Sal_H_SF,5026,0.17,Hanford_Reach,5026,0.11,Lyons_Ferry_H,5021,0.11
Area126 (14) troll 195 9919,,Trask_R,5015,0.74,Alsea_R,5015,0.20,Kilchis_R,5015,0.03,Yaquina_R,5015,0.01,Quilayute_R,5028,0.01
Area126 (14) troll 195 9920,,Coos_H,5011,0.62,Millicoma_R,5011,0.14,S_Umpqua_H,5011,0.12,Kilchis_R,5015,0.03,Nehalem_R,5015,0.02
Area126 (14) troll 195 9921,,U_Deschutes_R,5004,0.99,L_Deschutes_R,5004,0.00,Hanford_Reach,5026,0.00,Priest_Rapid_H,5026,0.00,L_Wh_Sal_H_SF,5026,0.00
Area126 (14) troll 195 9922,,Hanford_Reach,5026,0.40,L_Wh_Sal_H_SF,5026,0.21,Priest_Rapid_H,5026,0.21,Nez_PerceT_H,5021,0.05,Lyons_Ferry_H,5021,0.04
Area126 (14) troll 195 9923,,Wenatchee_R_SF,5026,0.53,Priest_Rapid_H,5026,0.21,Wells_H,5026,0.10,Hanford_Reach,5026,0.09,Methow_R,5026,0.06
Area126 (14) troll 195 9924,,L_Adams,5,0.85,Applegate_Cr,5019,0.05,Umpqua_H,5011,0.03,Little_R,5,0.02,Klamath_R_fa,5007,0.02
Area126 (14) troll 195 9925,,Coos_H,5011,0.95,Coquille_R,5011,0.02,Puntledge_F,7,0.01,Millicoma_R,5011,0.01,Hanford_Reach,5026,0.00
Area126 (14) troll 195 9926,,Snowbank,11,0.44,Trask_R,5015,0.12,Millicoma_R,5011,0.11,Makah_H,5028,0.11,Alsea_R,5015,0.10
Area126 (14) troll 195 9927,,Yaquina_R,5015,0.83,Coquille_R,5011,0.13,Coos_H,5011,0.02,S_Coos_R,5011,0.00,Alsea_R,5015,0.00
Area126 (14) troll 195 9928,,Priest_Rapid_H,5026,0.54,Hanford_Reach,5026,0.29,Umatilla_H_Fa,5026,0.04,Sandy_R,5008,0.02,Lewis_R_Su,5008,0.02
Area126 (14) troll 195 9929,,Coquille_R,5011,0.78,NanaimoSu_BackX,7,0.06,Trask_R,5015,0.04,S_Umpqua_H,5011,0.04,Alsea_R,5015,0.03
Area126 (14) troll 195 9930,,Umatilla_H_Fa,5026,0.59,Priest_Rapid_H,5026,0.35,Trask_R,5015,0.02,Umatilla_H,5026,0.01,Hanford_Reach,5026,0.00
Area126 (14) troll 195 9931,,Hanford_Reach,5026,0.75,Priest_Rapid_H,5026,0.07,Umatilla_H_Fa,5026,0.05,L_Deschutes_R,5004,0.04,L_Wh_Sal_H_SF,5026,0.03
Area126 (14) troll 195 9932,,Chilliwack_F,3,0.98,Harrison,3,0.01,Wenatchee_R_SF,5026,0.00,Methow_R,5026,0.00,Elk_H,5011,0.00
Area126 (14) troll 195 9933,,Alsea_R,5015,0.43,Hanford_Reach,5026,0.20,Priest_Rapid_H,5026,0.19,Lyons_Ferry_H,5021,0.07,Umatilla_H_Fa,5026,0.03
Area126 (14) troll 195 9934,,Puntledge_F,7,0.82,Cowichan,7,0.07,Big_Qualicum,7,0.05,Nanaimo_F,7,0.04,Chemainus,7,0.01
Area126 (14) troll 195 9935,,Conuma,8,0.74,Kaouk_R,8,0.14,Tlupana,8,0.09,Zeballos,8,0.03,Tahsis,8,0.01
Area126 (14) troll 195 9936,,L_Adams,5,0.29,Priest_Rapid_H,5026,0.18,L_Thompson,5,0.17,Little_R,5,0.15,L_Wh_Sal_H_SF,5026,0.10
Area126 (14) troll 195 9937,,Harrison,3,0.81,Chilliwack_F,3,0.19,Barriere,4,0.00,Stuart,2,0.00,U_Deschutes_R,5004,0.00
Area126 (14) troll 195 9938,,Quilayute_R,5028,0.69,Lewis_R_LSu,5008,0.12,Hoh_R,5028,0.11,Queets_R,5028,0.03,Lewis_R_Su,5008,0.02
Area126 (14) troll 195 9939,Number of missing Loci exceeded,,,,,,,,,,,,,,,
Area126 (14) troll 195 9940,,Harrison,3,0.69,Priest_Rapid_H,5026,0.11,Hanford_Reach,5026,0.09,Chilliwack_F,3,0.03,South_Thom,5,0.01
Area126 (14) troll 195 9941,,Chilko,2,0.85,Stuart,2,0.06,Slim_C,1,0.04,Nechako,2,0.02,Quesnel,2,0.01
Area126 (14) troll 195 9942,,Elk_H,5011,0.47,Millicoma_R,5011,0.25,Sixes_R,5011,0.18,Coos_H,5011,0.06,S_Coos_R,5011,0.02
Area126 (14) troll 195 9943,,Umatilla_H_Fa,5026,0.70,Hanford_Reach,5026,0.23,Wells_H,5026,0.03,L_Wh_Sal_H_SF,5026,0.03,Umatilla_H,5026,0.00
Area126 (14) troll 195 9944,,Puntledge_F,7,0.86,Big_Qualicum,7,0.08,Hanford_Reach,5026,0.02,Samish_H,5016,0.01,Priest_Rapid_H,5026,0.01
Area126 (14) troll 195 9945,,Sixes_R,5011,0.52,Forks_Cr_H,5028,0.21,S_Umpqua_H,5011,0.08,Trask_R,5015,0.07,Alsea_R,5015,0.05
Area126 (14) troll 195 9946,,Harrison,3,0.71,Chilliwack_F,3,0.28,L_Thompson,5,0.01,,,,,,
Area126 (14) troll 195 9947,,Kalama_H_sp,5009,0.26,Priest_Rapid_H,5026,0.15,Umatilla_H_Fa,5026,0.14,Hanford_Reach,5026,0.10,Washougal_R_Fa,5008,0.07
Area126 (14) troll 195 9948,,Lyons_Ferry_H,5021,0.87,Nez_PerceT_H,5021,0.12,Priest_Rapid_H,5026,0.00,Marion_Drain_Fa,5026,0.00,L_Wh_Sal_H_SF,5026,0.00
Area126 (14) troll 195 9949,,Hanford_Reach,5026,0.87,Wells_H,5026,0.07,Priest_Rapid_H,5026,0.04,Umatilla_H_Fa,5026,0.01,Umatilla_H,5026,0.01
Area126 (14) troll 195 9950,,L_Shuswap,5,0.69,L_Adams,5,0.28,Little_R,5,0.01,L_Thompson,5,0.01,Bessette,5,0.01
Area126 (14) troll 195 9951,,Coquille_R,5011,0.62,Sixes_R,5011,0.15,Coos_H,5011,0.10,Millicoma_R,5011,0.06,Quilayute_R,5028,0.03
Area126 (14) troll 195 9952,,L_Thompson,5,0.34,Raft_R,4,0.29,N_Thom@Main,4,0.11,L_Adams,5,0.10,Barriere,4,0.08
Area126 (14) troll 195 9953,,L_Wh_Sal_H_SF,5026,0.26,Nez_PerceT_H,5021,0.25,Umatilla_H,5026,0.14,Priest_Rapid_H,5026,0.10,Lewis_R_Su,5008,0.09
Area126 (14) troll 195 9954,,Washougal_R_Fa,5008,0.40,Hanford_Reach,5026,0.21,Millicoma_R,5011,0.12,Umatilla_H_Fa,5026,0.10,Coos_H,5011,0.07
Area126 (14) troll 195 9955,,L_Thompson,5,0.92,Little_R,5,0.06,Washougal_R_Fa,5008,0.01,Forks_Cr_H,5028,0.00,Duteau_Cr,5,0.00
Area126 (14) troll 195 9956,,Hanford_Reach,5026,0.35,Nez_PerceT_H,5021,0.24,Lyons_Ferry_H,5021,0.23,Wenatchee_R_SF,5026,0.09,Umatilla_H_Fa,5026,0.06
Area126 (14) troll 195 9957,,Priest_Rapid_H,5026,0.33,Nez_PerceT_H,5021,0.32,Hanford_Reach,5026,0.22,Umatilla_H_Fa,5026,0.07,Lyons_Ferry_H,5021,0.02
Area126 (14) troll 195 9958,,Snowbank,11,0.53,Millicoma_R,5011,0.16,Trask_R,5015,0.10,Alsea_R,5015,0.06,Quilayute_R,5028,0.04
Area126 (14) troll 195 9959,,Puntledge_F,7,0.82,Cowichan,7,0.12,Big_Qualicum,7,0.04,Nanaimo_F,7,0.01,Cheakamus_F,9,0.00
Area126 (14) troll 195 9960,,Priest_Rapid_H,5026,0.80,Hanford_Reach,5026,0.07,Methow_R,5026,0.06,Umatilla_H_Fa,5026,0.03,Wells_H,5026,0.02
Area126 (14) troll 195 9961,,Lewis_R_LSu,5008,0.85,Lewis_R_Su,5008,0.13,Cowlitz_H_fa,5008,0.01,Sandy_R,5008,0.00,Washougal_R_Fa,5008,0.00
Area126 (14) troll 195 9962,,L_Adams,5,0.40,L_Thompson,5,0.37,Little_R,5,0.17,South_Thom,5,0.06,Nez_PerceT_H,5021,0.00
Area126 (14) troll 195 9963,,Methow_R,5026,0.54,Priest_Rapid_H,5026,0.21,Umatilla_H_Fa,5026,0.15,Hanford_Reach,5026,0.05,Nez_PerceT_H,5021,0.02
Area126 (14) troll 195 9964,Number of missing Loci exceeded,,,,,,,,,,,,,,,
Area126 (14) troll 195 9965,,Coquille_R,5011,0.34,Alsea_R,5015,0.25,Trask_R,5015,0.19,S_Umpqua_H,5011,0.11,Coos_H,5011,0.04
Area126 (14) troll 195 9966,,Clearwater,4,0.96,N_Thom@Main,4,0.03,Raft_R,4,0.00,Harrison,3,0.00,Blue,4,0.00
Area126 (14) troll 195 9967,,Hanford_Reach,5026,0.50,Priest_Rapid_H,5026,0.34,Umatilla_H_Fa,5026,0.08,Nez_PerceT_H,5021,0.03,Umatilla_H,5026,0.02
Area126 (14) troll 195 9968,,L_Thompson,5,0.94,Harrison,3,0.03,N_Thom@Main,4,0.01,L_Adams,5,0.01,Stuart,2,0.00
Area126 (14) troll 195 9969,,Nez_PerceT_H,5021,0.37,L_Wh_Sal_H_SF,5026,0.30,Priest_Rapid_H,5026,0.12,Lyons_Ferry_H,5021,0.09,Umatilla_H_Fa,5026,0.08
Area126 (14) troll 195 9970,,Trask_R,5015,0.73,Millicoma_R,5011,0.25,Coos_H,5011,0.01,Lewis_R_Su,5008,0.00,Yaquina_R,5015,0.00
Area126 (14) troll 195 9971,,Forks_Cr_H,5028,1.00,Quilayute_R,5028,0.00,,,,,,,,,
Area126 (14) troll 195 9972,,Samish_H,5016,0.22,Umatilla_H_Fa,5026,0.22,U_Sauk_R_SpSu,5016,0.20,Hanford_Reach,5026,0.12,Cedar_R_SuFa,5020,0.09
Area126 (14) troll 195 9973,,Umatilla_H_Fa,5026,0.51,Nez_PerceT_H,5021,0.25,Hanford_Reach,5026,0.14,Priest_Rapid_H,5026,0.04,Wells_H,5026,0.02
Area126 (14) troll 195 9974,,Lyons_Ferry_H,5021,0.50,Nez_PerceT_H,5021,0.37,Hanford_Reach,5026,0.09,Priest_Rapid_H,5026,0.03,Umatilla_H_Fa,5026,0.00
Area126 (14) troll 195 9975,Number of missing Loci exceeded,,,,,,,,,,,,,,,
Area126 (14) troll 196 10201,,L_Shuswap,5,0.98,L_Adams,5,0.01,L_Thompson,5,0.00,Bessette,5,0.00,Little_R,5,0.00
Area126 (14) troll 196 10202,,Spring_Cr_col,5030,1.00,Abernathy_NFH_F,5008,0.00,Elochoman_H,5030,0.00,,,,,,
Area126 (14) troll 196 10203,,L_Wh_Sal_H_SF,5026,0.60,Priest_Rapid_H,5026,0.24,Lewis_R_Su,5008,0.04,Hanford_Reach,5026,0.03,Umatilla_H_Fa,5026,0.03
Area126 (14) troll 196 10204,,Wells_H,5026,0.36,Methow_R,5026,0.30,Wenatchee_R_SF,5026,0.16,Hanford_Reach,5026,0.08,L_Wh_Sal_H_SF,5026,0.05
Area126 (14) troll 196 10205,,Harrison,3,0.29,Green_R_Fa,5008,0.16,Abernathy_NFH_F,5008,0.12,Forks_Cr_H,5028,0.11,Cowlitz_H_fa,5008,0.05
Area126 (14) troll 196 10206,,L_Wh_Sal_H_SF,5026,0.68,U_Sauk_R_SpSu,5016,0.14,Umatilla_H,5026,0.07,Hanford_Reach,5026,0.07,Umatilla_H_Fa,5026,0.03
Area126 (14) troll 196 10207,,Washougal_R_Fa,5008,0.49,Lewis_R_Su,5008,0.28,Cowlitz_H_fa,5008,0.14,Abernathy_Cr_Fa,5008,0.03,Green_R_Fa,5008,0.02
Area126 (14) troll 196 10208,,Hanford_Reach,5026,0.16,Priest_Rapid_H,5026,0.14,Nez_PerceT_H,5021,0.09,L_Wh_Sal_H_SF,5026,0.09,Wells_H,5026,0.08
Area126 (14) troll 196 10209,,Priest_Rapid_H,5026,0.64,Hanford_Reach,5026,0.18,Umatilla_H,5026,0.11,Umatilla_H_Fa,5026,0.05,L_Wh_Sal_H_SF,5026,0.02
Area126 (14) troll 196 10210,,L_Shuswap,5,1.00,Bessette,5,0.00,L_Thompson,5,0.00,L_Adams,5,0.00,,,
Area126 (14) troll 196 10211,,Harrison,3,0.70,Chilliwack_F,3,0.09,NF_Nooksack_H,5016,0.08,Grovers_Cr_H,5020,0.05,Hamma_Hamma_R,5005,0.02
Area126 (14) troll 196 10212,,Hanford_Reach,5026,0.47,Priest_Rapid_H,5026,0.36,Umatilla_H_Fa,5026,0.12,Wells_H,5026,0.03,Umatilla_H,5026,0.01
Area126 (14) troll 196 10213,,Makah_H,5028,0.96,Forks_Cr_H,5028,0.02,Hamma_Hamma_R,5005,0.01,NF_Skokomish_F,5005,0.00,Coos_H,5011,0.00
Area126 (14) troll 196 10214,,Cedar_R_SuFa,5020,0.32,NF_Skokomish_F,5005,0.32,George_Adams_H,5005,0.24,Hamma_Hamma_R,5005,0.04,Voights_H,5020,0.03
Area126 (14) troll 196 10215,,Spring_Cr_col,5030,0.98,Abernathy_NFH_F,5008,0.02,Big_Cr_H_Col,5030,0.00,Abernathy_Cr_Fa,5008,0.00,,,
Area126 (14) troll 196 10216,,Spring_Cr_col,5030,0.99,Abernathy_Cr_Fa,5008,0.00,Washougal_R_Fa,5008,0.00,Priest_Rapid_H,5026,0.00,Elochoman_R_Fa,5008,0.00
Area126 (14) troll 196 10217,,Priest_Rapid_H,5026,0.83,Hanford_Reach,5026,0.11,Methow_R,5026,0.02,Wells_H,5026,0.02,Umatilla_H,5026,0.01
Area126 (14) troll 196 10218,,L_Wh_Sal_H_SF,5026,0.73,Umatilla_H_Fa,5026,0.21,Hanford_Reach,5026,0.03,Methow_R,5026,0.02,Priest_Rapid_H,5026,0.01
Area126 (14) troll 196 10219,,Forks_Cr_H,5028,0.96,S_Umpqua_H,5011,0.04,Coos_H,5011,0.00,Umpqua_H,5011,0.00,Makah_H,5028,0.00
Area126 (14) troll 196 10220,,S_Umpqua_H,5011,0.21,Nez_PerceT_H,5021,0.21,Priest_Rapid_H,5026,0.21,Hanford_Reach,5026,0.18,Umpqua_H,5011,0.07
Area126 (14) troll 196 10221,,Coos_H,5011,0.91,S_Coos_R,5011,0.02,Coquille_R,5011,0.02,Millicoma_R,5011,0.01,NanaimoSu_BackX,7,0.01
Area126 (14) troll 196 10222,,Samish_H,5016,0.66,Voights_H,5020,0.16,George_Adams_H,5005,0.08,NF_Skokomish_F,5005,0.04,U_Sauk_R_SpSu,5016,0.03
Area126 (14) troll 196 10223,,Priest_Rapid_H,5026,0.38,Nez_PerceT_H,5021,0.18,Umatilla_H,5026,0.15,Hanford_Reach,5026,0.12,Umatilla_H_Fa,5026,0.09
Area126 (14) troll 196 10224,,Priest_Rapid_H,5026,0.62,Hanford_Reach,5026,0.14,Umatilla_H_Fa,5026,0.10,L_Wh_Sal_H_SF,5026,0.04,Umatilla_H,5026,0.03
Area126 (14) troll 196 10225,,Wenatchee_R_SF,5026,0.90,Nez_PerceT_H,5021,0.04,Hanford_Reach,5026,0.03,Wells_H,5026,0.01,L_Wh_Sal_H_SF,5026,0.00
Area126 (14) troll 208 21801,,Nehalem_R,5015,1.00,Trask_R,5015,0.00,Kilchis_R,5015,0.00,,,,,,
Area126 (14) troll 208 21802,,L_Thompson,5,0.87,Abernathy_NFH_F,5008,0.02,Washougal_R_Fa,5008,0.02,Green_R_Fa,5008,0.01,Abernathy_Cr_Fa,5008,0.01
Area126 (14) troll 208 21804,,Hanford_Reach,5026,0.45,Priest_Rapid_H,5026,0.41,Umatilla_H,5026,0.07,Nez_PerceT_H,5021,0.03,Methow_R,5026,0.02
Area126 (14) troll 208 21805,,Priest_Rapid_H,5026,0.82,Wells_H,5026,0.09,Umatilla_H,5026,0.04,Hanford_Reach,5026,0.04,Umatilla_H_Fa,5026,0.01
Area126 (14) troll 208 21806,,Priest_Rapid_H,5026,0.35,Nez_PerceT_H,5021,0.18,Hanford_Reach,5026,0.16,Wenatchee_R_SF,5026,0.15,Methow_R,5026,0.07
Area126 (14) troll 208 21807,,Alsea_R,5015,0.85,Trask_R,5015,0.11,Kilchis_R,5015,0.02,Salmon_R_f,5015,0.01,S_Umpqua_H,5011,0.01
Area126 (14) troll 208 21808,,S_Coos_R,5011,0.43,Coos_H,5011,0.15,Barriere,4,0.10,Alsea_R,5015,0.06,Harrison,3,0.05
Area126 (14) troll 208 21809,,Chilliwack_F,3,0.79,Harrison,3,0.21,,,,,,,,,
Area126 (14) troll 208 21810,,Priest_Rapid_H,5026,0.65,Lyons_Ferry_H,5021,0.10,Wenatchee_R_SF,5026,0.07,Methow_R,5026,0.07,Hanford_Reach,5026,0.05
Area126 (14) troll 208 21811,,L_Thompson,5,0.90,South_Thom,5,0.04,Raft_R,4,0.02,N_Thom@Main,4,0.01,Little_R,5,0.01
Area126 (14) troll 208 21813,,Wenatchee_R_SF,5026,0.63,Hanford_Reach,5026,0.13,Priest_Rapid_H,5026,0.10,Umatilla_H_Fa,5026,0.05,L_Wh_Sal_H_SF,5026,0.03
Area126 (14) troll 208 21814,,Wells_H,5026,0.57,Hanford_Reach,5026,0.17,Priest_Rapid_H,5026,0.13,Wenatchee_R_SF,5026,0.06,Umatilla_H_Fa,5026,0.03
Area126 (14) troll 208 21816,,L_Thompson,5,0.99,Methow_R,5026,0.00,Priest_Rapid_H,5026,0.00,L_Adams,5,0.00,Nez_PerceT_H,5021,0.00
Area126 (14) troll 208 21817,,Nez_PerceT_H,5021,0.34,Lyons_Ferry_H,5021,0.21,Hanford_Reach,5026,0.19,Priest_Rapid_H,5026,0.17,Umatilla_H_Fa,5026,0.06
Area126 (14) troll 208 21818,,Hanford_Reach,5026,0.84,Priest_Rapid_H,5026,0.09,Wells_H,5026,0.02,Nez_PerceT_H,5021,0.01,L_Wh_Sal_H_SF,5026,0.01
Area126 (14) troll 208 21821,,Hanford_Reach,5026,0.42,Priest_Rapid_H,5026,0.27,Methow_R,5026,0.14,Umatilla_H_Fa,5026,0.09,Wells_H,5026,0.04
Area126 (14) troll 208 21822,,L_Adams,5,0.58,L_Thompson,5,0.22,Cedar_R_SuFa,5020,0.04,Little_R,5,0.03,Priest_Rapid_H,5026,0.03
Area126 (14) troll 208 21825,,Coos_H,5011,0.90,S_Coos_R,5011,0.06,Millicoma_R,5011,0.02,Kilchis_R,5015,0.01,Alsea_R,5015,0.00
Area126 (14) troll 208 21826,,Priest_Rapid_H,5026,0.39,Wenatchee_R_SF,5026,0.18,Wells_H,5026,0.15,Umatilla_H_Fa,5026,0.09,Methow_R,5026,0.08
Area126 (14) troll 208 21827,,Hanford_Reach,5026,0.41,Priest_Rapid_H,5026,0.35,L_Wh_Sal_H_SF,5026,0.08,S_Umpqua_H,5011,0.05,Marion_Drain_Fa,5026,0.02
Area126 (14) troll 208 21830,,Priest_Rapid_H,5026,0.91,Hanford_Reach,5026,0.04,Methow_R,5026,0.02,Lyons_Ferry_H,5021,0.01,Umatilla_H_Fa,5026,0.01
Area126 (14) troll 208 21832,,Umatilla_H_Fa,5026,0.47,Hanford_Reach,5026,0.23,U_Deschutes_R,5004,0.19,Priest_Rapid_H,5026,0.05,L_Deschutes_R,5004,0.02
Area126 (14) troll 208 21834,,Priest_Rapid_H,5026,0.87,Wenatchee_R_SF,5026,0.06,Hanford_Reach,5026,0.04,Methow_R,5026,0.02,Umatilla_H_Fa,5026,0.01
Area126 (14) troll 208 21835,,Priest_Rapid_H,5026,0.75,L_Wh_Sal_H_SF,5026,0.18,Lyons_Ferry_H,5021,0.03,Hanford_Reach,5026,0.01,Methow_R,5026,0.01
Area126 (14) troll 208 21836,,Trask_R,5015,0.81,Kilchis_R,5015,0.10,Nestucca_H,5015,0.05,Salmon_R_f,5015,0.02,Alsea_R,5015,0.01
Area126 (14) troll 208 21838,,Coos_H,5011,0.94,Yaquina_R,5015,0.03,Trask_R,5015,0.01,Alsea_R,5015,0.01,Millicoma_R,5011,0.01
Area126 (14) troll 208 21840,,Washougal_R_Fa,5008,0.69,Cowlitz_H_fa,5008,0.11,Lewis_R_Su,5008,0.07,Spring_Cr_col,5030,0.07,Green_R_Fa,5008,0.02
Area126 (14) troll 208 21841,,Priest_Rapid_H,5026,0.65,Lyons_Ferry_H,5021,0.30,Nez_PerceT_H,5021,0.03,Wells_H,5026,0.02,Umatilla_H_Fa,5026,0.01
Area126 (14) troll 208 21844,,Nez_PerceT_H,5021,0.65,Priest_Rapid_H,5026,0.17,Lyons_Ferry_H,5021,0.09,Umatilla_H_Fa,5026,0.05,U_Deschutes_R,5004,0.02
Area126 (14) troll 208 21845,,Hanford_Reach,5026,0.72,Umatilla_H_Fa,5026,0.09,Priest_Rapid_H,5026,0.08,Methow_R,5026,0.04,Wells_H,5026,0.02
Area126 (14) troll 208 21846,,Priest_Rapid_H,5026,0.61,Hanford_Reach,5026,0.34,Lyons_Ferry_H,5021,0.02,Nez_PerceT_H,5021,0.01,Methow_R,5026,0.01
Area126 (14) troll 208 21847,,L_Shuswap,5,0.78,L_Adams,5,0.22,L_Thompson,5,0.00,Bessette,5,0.00,Eagle_R,5,0.00
Area126 (14) troll 208 21848,,L_Thompson,5,0.62,Little_R,5,0.21,South_Thom,5,0.07,L_Shuswap,5,0.05,L_Adams,5,0.04
Area126 (14) troll 208 21852,,S_Umpqua_H,5011,1.00,Elk_H,5011,0.00,Millicoma_R,5011,0.00,Coquille_R,5011,0.00,Coos_H,5011,0.00
Area126 (14) troll 208 21853,,Hanford_Reach,5026,0.54,Priest_Rapid_H,5026,0.31,L_Wh_Sal_H_SF,5026,0.10,Nez_PerceT_H,5021,0.01,Umatilla_H_Fa,5026,0.01
Area126 (14) troll 208 21854,,Chilliwack_F,3,0.99,Harrison,3,0.01,Cedar_R_SuFa,5020,0.00,Voights_H,5020,0.00,Wells_H,5026,0.00
Area126 (14) troll 208 21855,,Coquille_R,5011,0.54,Coos_H,5011,0.14,Sixes_R,5011,0.12,Yaquina_R,5015,0.05,Nanaimo_F,7,0.03
Area126 (14) troll 208 21856,,Priest_Rapid_H,5026,0.63,L_Wh_Sal_H_SF,5026,0.12,Umatilla_H_Fa,5026,0.08,Hanford_Reach,5026,0.06,Nez_PerceT_H,5021,0.04
Area126 (14) troll 208 21857,,S_Umpqua_H,5011,0.99,Umatilla_H_Fa,5026,0.01,Washougal_R_Fa,5008,0.00,Elochoman_R_Fa,5008,0.00,Cowlitz_H_fa,5008,0.00
Area126 (14) troll 208 21860,,Priest_Rapid_H,5026,0.82,Methow_R,5026,0.08,Hanford_Reach,5026,0.04,Wells_H,5026,0.02,Wenatchee_R_SF,5026,0.02
Area126 (14) troll 208 21862,,Nez_PerceT_H,5021,0.42,L_Wh_Sal_H_SF,5026,0.34,Applegate_Cr,5019,0.11,Umatilla_H,5026,0.06,Umpqua_H,5011,0.02
Area126 (14) troll 208 21863,,Harrison,3,0.90,U_Sauk_R_SpSu,5016,0.07,Keta_R,5023,0.01,Chilliwack_F,3,0.00,Kildala,10,0.00
Area126 (14) troll 208 21864,,Harrison,3,0.95,Chilliwack_F,3,0.04,Coos_H,5011,0.01,U_Sauk_R_SpSu,5016,0.00,L_Thompson,5,0.00
Area126 (14) troll 208 21865,,Harrison,3,1.00,Chilliwack_F,3,0.00,,,,,,,,,
Area126 (14) troll 208 21866,,S_Umpqua_H,5011,0.57,Umpqua_H,5011,0.21,Hanford_Reach,5026,0.07,L_Wh_Sal_H_SF,5026,0.05,Abernathy_Cr_Fa,5008,0.02
Area126 (14) troll 208 21867,,L_Wh_Sal_H_SF,5026,0.39,Hanford_Reach,5026,0.26,Wells_H,5026,0.18,Priest_Rapid_H,5026,0.09,Lyons_Ferry_H,5021,0.03
Area126 (14) troll 208 21868,,Umatilla_H_Fa,5026,0.40,Hanford_Reach,5026,0.36,Priest_Rapid_H,5026,0.19,Marion_Drain_Fa,5026,0.02,Wells_H,5026,0.02
Area126 (14) troll 208 21870,,Harrison,3,0.86,Chilliwack_F,3,0.14,Samish_H,5016,0.00,Voights_H,5020,0.00,,,
Area126 (14) troll 208 21871,,Chilliwack_F,3,0.83,Harrison,3,0.17,L_Thompson,5,0.00,U_Sauk_R_SpSu,5016,0.00,Salmon@SA,5,0.00
Area126 (14) troll 208 21872,,Harrison,3,0.85,NanaimoSu_BackX,7,0.09,Hanford_Reach,5026,0.01,Chilliwack_F,3,0.01,Forks_Cr_H,5028,0.01
Area126 (14) troll 208 21873,,Umatilla_H_Fa,5026,0.28,Hanford_Reach,5026,0.24,Wells_H,5026,0.18,Priest_Rapid_H,5026,0.16,L_Wh_Sal_H_SF,5026,0.07
Area126 (14) troll 208 21874,,Nez_PerceT_H,5021,0.51,Abernathy_Cr_Fa,5008,0.19,Abernathy_NFH_F,5008,0.11,Lyons_Ferry_H,5021,0.07,Hanford_Reach,5026,0.05
Area126 (14) troll 208 21875,,Trask_R,5015,0.70,Yaquina_R,5015,0.25,Millicoma_R,5011,0.03,Salmon_R_f,5015,0.00,Lewis_R_Su,5008,0.00
Area126 (14) troll 208 21876,,Slim_C,1,0.98,Nechako,2,0.01,S_Coos_R,5011,0.00,Barriere,4,0.00,Quesnel,2,0.00
Area126 (14) troll 208 21877,,Nez_PerceT_H,5021,0.85,L_Deschutes_R,5004,0.07,Lyons_Ferry_H,5021,0.06,Priest_Rapid_H,5026,0.01,Umatilla_H_Fa,5026,0.01
Area126 (14) troll 208 21879,,Cedar_R_SuFa,5020,0.76,Voights_H,5020,0.11,Samish_H,5016,0.08,Clear_Cr_H,5020,0.01,S_Prairie_Cr,5020,0.01
Area126 (14) troll 208 21880,,U_Deschutes_R,5004,0.96,Priest_Rapid_H,5026,0.01,Feather_H_fa,5001,0.01,Stanislaus_R,5001,0.01,Battle_Cr,5001,0.01
Area126 (14) troll 208 21881,,Hanford_Reach,5026,0.51,Methow_R,5026,0.32,Priest_Rapid_H,5026,0.16,Umatilla_H_Fa,5026,0.00,Lyons_Ferry_H,5021,0.00
Area126 (14) troll 208 21882,,Chilliwack_F,3,0.89,Robertson,8,0.04,NanaimoSu_BackX,7,0.04,Coos_H,5011,0.01,L_Thompson,5,0.01
Area126 (14) troll 208 21884,,Coquille_R,5011,0.60,Trask_R,5015,0.13,Coos_H,5011,0.10,Yaquina_R,5015,0.08,Alsea_R,5015,0.04
Area126 (14) troll 208 21885,,Hanford_Reach,5026,0.52,Priest_Rapid_H,5026,0.42,Wenatchee_R_SF,5026,0.03,Umatilla_H_Fa,5026,0.02,L_Wh_Sal_H_SF,5026,0.01
Area126 (14) troll 208 21887,,Alsea_R,5015,0.75,Trask_R,5015,0.18,Yaquina_R,5015,0.03,Coos_H,5011,0.02,Wilson_R,5015,0.01
Area126 (14) troll 208 21888,,Hanford_Reach,5026,0.44,Priest_Rapid_H,5026,0.15,Methow_R,5026,0.15,L_Wh_Sal_H_SF,5026,0.11,Wells_H,5026,0.03
Area126 (14) troll 208 21889,,S_Umpqua_H,5011,1.00,Millicoma_R,5011,0.00,Quilayute_R,5028,0.00,Yaquina_R,5015,0.00,Trask_R,5015,0.00
Area126 (14) troll 208 21890,,Chilliwack_F,3,0.98,Harrison,3,0.02,,,,,,,,,
Area126 (14) troll 208 21891,,Samish_H,5016,0.39,George_Adams_H,5005,0.38,Voights_H,5020,0.08,Cedar_R_SuFa,5020,0.06,NF_Skokomish_F,5005,0.04
Area126 (14) troll 208 21892,,Yaquina_R,5015,0.95,S_Umpqua_H,5011,0.05,Sixes_R,5011,0.00,Kalama_H_sp,5009,0.00,Lewis_R_LSu,5008,0.00
Area126 (14) troll 208 21893,,Priest_Rapid_H,5026,0.58,L_Wh_Sal_H_SF,5026,0.18,Hanford_Reach,5026,0.16,U_Deschutes_R,5004,0.02,Lyons_Ferry_H,5021,0.02
Area126 (14) troll 208 21895,,Robertson,8,0.57,Harrison,3,0.28,Kaouk_R,8,0.04,Chilliwack_F,3,0.02,Priest_Rapid_H,5026,0.02
Area126 (14) troll 208 21896,,Alsea_R,5015,0.99,Trask_R,5015,0.00,Yaquina_R,5015,0.00,Forks_Cr_H,5028,0.00,Kilchis_R,5015,0.00
Area126 (14) troll 208 21897,,Hanford_Reach,5026,0.29,Priest_Rapid_H,5026,0.29,Wenatchee_R_SF,5026,0.13,Nez_PerceT_H,5021,0.10,Umatilla_H_Fa,5026,0.09
Area126 (14) troll 208 21898,,L_Thompson,5,0.81,Little_R,5,0.08,South_Thom,5,0.06,L_Adams,5,0.04,Methow_R,5026,0.01
Area126 (14) troll 208 21899,,Trask_R,5015,0.27,Forks_Cr_H,5028,0.25,Yaquina_R,5015,0.21,S_Coos_R,5011,0.13,Alsea_R,5015,0.10
Area126 (14) troll 208 21900,,S_Umpqua_H,5011,0.99,Puntledge_F,7,0.01,L_Qualicum,7,0.00,Coos_H,5011,0.00,Nimpkish,7,0.00
Area126 (14) troll 208 21901,,Forks_Cr_H,5028,0.30,Lewis_R_Su,5008,0.25,Nez_PerceT_H,5021,0.14,Lewis_R_LSu,5008,0.12,Priest_Rapid_H,5026,0.06
Area126 (14) troll 208 21902,,Washougal_R_Fa,5008,0.60,Green_R_Fa,5008,0.31,Lewis_R_Su,5008,0.05,Cowlitz_H_fa,5008,0.03,Coos_H,5011,0.00
Area126 (14) troll 208 21905,,Washougal_R_Fa,5008,0.56,Lewis_R_Su,5008,0.37,Abernathy_Cr_Fa,5008,0.02,Grovers_Cr_H,5020,0.01,Quilayute_R,5028,0.01
Area126 (14) troll 208 21906,,Priest_Rapid_H,5026,0.81,Methow_R,5026,0.12,Wells_H,5026,0.04,Umatilla_H,5026,0.02,Hanford_Reach,5026,0.01
Area126 (14) troll 208 21907,,Lyons_Ferry_H,5021,0.55,Nez_PerceT_H,5021,0.38,L_Wh_Sal_H_SF,5026,0.06,Umatilla_H_Fa,5026,0.00,Priest_Rapid_H,5026,0.00
Area126 (14) troll 208 21908,,Forks_Cr_H,5028,1.00,Trask_R,5015,0.00,S_Coos_R,5011,0.00,S_Umpqua_H,5011,0.00,Sixes_R,5011,0.00
Area126 (14) troll 208 21909,Dupe with 1451,Forks_Cr_H,5028,0.53,Millicoma_R,5011,0.22,Coos_H,5011,0.18,S_Coos_R,5011,0.06,Trask_R,5015,0.00
Area126 (14) troll 208 21910,,Nez_PerceT_H,5021,0.85,L_Wh_Sal_H_SF,5026,0.04,Umatilla_H,5026,0.03,Priest_Rapid_H,5026,0.03,Hanford_Reach,5026,0.03
Area126 (14) troll 208 21911,,Grovers_Cr_H,5020,0.49,George_Adams_H,5005,0.18,Hamma_Hamma_R,5005,0.15,Voights_H,5020,0.07,Cedar_R_SuFa,5020,0.05
Area126 (14) troll 208 21912,,Hanford_Reach,5026,0.44,Priest_Rapid_H,5026,0.35,Lyons_Ferry_H,5021,0.13,Umatilla_H,5026,0.04,L_Wh_Sal_H_SF,5026,0.02
Area126 (14) troll 208 21914,,Lyons_Ferry_H,5021,0.87,Nez_PerceT_H,5021,0.12,Priest_Rapid_H,5026,0.01,L_Deschutes_R,5004,0.00,Umatilla_H,5026,0.00
Area126 (14) troll 208 21915,,Abernathy_NFH_F,5008,0.54,Spring_Cr_col,5030,0.45,Elochoman_H,5030,0.00,,,,,,
Area126 (14) troll 208 21916,,Priest_Rapid_H,5026,0.40,Methow_R,5026,0.20,Wells_H,5026,0.09,Lyons_Ferry_H,5021,0.07,Hanford_Reach,5026,0.06
Area126 (14) troll 208 21917,,Priest_Rapid_H,5026,0.58,Hanford_Reach,5026,0.34,Marion_Drain_Fa,5026,0.03,S_Umpqua_H,5011,0.02,Abernathy_Cr_Fa,5008,0.01
Area126 (14) troll 208 21919,,Hanford_Reach,5026,0.41,Umatilla_H_Fa,5026,0.33,Priest_Rapid_H,5026,0.13,McKenzie_H,5029,0.04,Umatilla_H,5026,0.02
Area126 (14) troll 208 21921,,Priest_Rapid_H,5026,0.60,Umatilla_H_Fa,5026,0.22,Hanford_Reach,5026,0.09,L_Wh_Sal_H_SF,5026,0.06,S_Umpqua_H,5011,0.01
Area126 (14) troll 208 21922,,Priest_Rapid_H,5026,0.62,Methow_R,5026,0.12,L_Wh_Sal_H_SF,5026,0.12,Nez_PerceT_H,5021,0.05,Umatilla_H_Fa,5026,0.04
Area126 (14) troll 208 21923,,Lyons_Ferry_H,5021,0.33,Priest_Rapid_H,5026,0.29,Nez_PerceT_H,5021,0.27,L_Wh_Sal_H_SF,5026,0.08,Hanford_Reach,5026,0.02
Area126 (14) troll 208 21924,,Priest_Rapid_H,5026,0.55,Umatilla_H_Fa,5026,0.32,U_Sauk_R_SpSu,5016,0.04,Methow_R,5026,0.03,Lyons_Ferry_H,5021,0.02
Area126 (14) troll 208 21925,,Lewis_R_Su,5008,0.64,Lewis_R_LSu,5008,0.13,Cowlitz_H_fa,5008,0.09,Cowlitz_H_sp,5009,0.05,Washougal_R_Fa,5008,0.04
Area126 (14) troll 208 21927,,Methow_R,5026,0.56,Priest_Rapid_H,5026,0.33,Nez_PerceT_H,5021,0.04,Wells_H,5026,0.02,Umatilla_H_Fa,5026,0.02
Area126 (14) troll 208 21928,,Forks_Cr_H,5028,0.99,Humptulips_H,5028,0.01,Makah_H,5028,0.00,Hoh_R,5028,0.00,Elk_H,5011,0.00
Area126 (14) troll 208 21929,,Forks_Cr_H,5028,1.00,Alsea_R,5015,0.00,,,,,,,,,
Area126 (14) troll 208 21930,,L_Wh_Sal_H_SF,5026,0.85,Hanford_Reach,5026,0.11,Priest_Rapid_H,5026,0.03,Umatilla_H_Fa,5026,0.01,U_Deschutes_R,5004,0.00
Area126 (14) troll 208 21931,,Priest_Rapid_H,5026,0.33,Hanford_Reach,5026,0.21,L_Wh_Sal_H_SF,5026,0.11,Umatilla_H_Fa,5026,0.11,Wenatchee_R_SF,5026,0.08
Area126 (14) troll 208 21932,,Lyons_Ferry_H,5021,0.37,Nez_PerceT_H,5021,0.23,Hanford_Reach,5026,0.14,Priest_Rapid_H,5026,0.07,Umatilla_H_Fa,5026,0.07
Area126 (14) troll 208 21934,,Hanford_Reach,5026,0.39,Methow_R,5026,0.31,Priest_Rapid_H,5026,0.20,L_Wh_Sal_H_SF,5026,0.03,Nez_PerceT_H,5021,0.02
Area126 (14) troll 208 21936,Dupe with 1468,Chilliwack_F,3,0.69,Harrison,3,0.23,L_Thompson,5,0.02,Stuart,2,0.01,N_Thom@Main,4,0.01
Area126 (14) troll 208 21937,,Spring_Cr_col,5030,1.00,Abernathy_Cr_Fa,5008,0.00,Abernathy_NFH_F,5008,0.00,,,,,,
Area126 (14) troll 208 21938,,Priest_Rapid_H,5026,0.72,Hanford_Reach,5026,0.18,Wells_H,5026,0.03,Wenatchee_R_SF,5026,0.02,Umatilla_H_Fa,5026,0.01
Area126 (14) troll 208 21939,,Puntledge_F,7,0.86,Cowichan,7,0.07,Big_Qualicum,7,0.04,Cedar_R_SuFa,5020,0.01,Hamma_Hamma_R,5005,0.00
Area126 (14) troll 208 21940,,L_Adams,5,0.83,Little_R,5,0.08,L_Shuswap,5,0.04,L_Thompson,5,0.02,Bessette,5,0.01
Area126 (14) troll 208 21943,Dupe with 1425,Forks_Cr_H,5028,0.53,Millicoma_R,5011,0.22,Coos_H,5011,0.19,S_Coos_R,5011,0.06,Trask_R,5015,0.00
Area126 (14) troll 208 21944,,Hanford_Reach,5026,0.50,Lyons_Ferry_H,5021,0.22,Nez_PerceT_H,5021,0.07,Priest_Rapid_H,5026,0.06,L_Skagit_R_Fa,5016,0.05
Area126 (14) troll 208 21945,,Forks_Cr_H,5028,0.99,Coos_H,5011,0.01,Trask_R,5015,0.00,Millicoma_R,5011,0.00,S_Coos_R,5011,0.00
Area126 (14) troll 208 21946,,L_Wh_Sal_H_SF,5026,0.23,Hanford_Reach,5026,0.19,Priest_Rapid_H,5026,0.16,Umatilla_H,5026,0.06,Wenatchee_R_SF,5026,0.06
Area126 (14) troll 208 21947,,Priest_Rapid_H,5026,0.53,Wenatchee_R_SF,5026,0.27,Hanford_Reach,5026,0.17,Priest_Rapids_H,5026,0.01,Methow_R,5026,0.01
Area126 (14) troll 208 21948,,Coos_H,5011,0.57,Millicoma_R,5011,0.23,S_Coos_R,5011,0.10,Hanford_Reach,5026,0.07,Methow_R,5026,0.01
Area126 (14) troll 208 21949,,Priest_Rapid_H,5026,0.67,L_Wh_Sal_H_SF,5026,0.19,Nez_PerceT_H,5021,0.05,Umatilla_H_Fa,5026,0.04,Umatilla_H,5026,0.02
Area126 (14) troll 208 21950,,Priest_Rapid_H,5026,0.42,Methow_R,5026,0.19,Wenatchee_R_SF,5026,0.08,Wells_H,5026,0.07,Lyons_Ferry_H,5021,0.06
Area126 (14) troll 208 21951,,Chilliwack_F,3,0.99,Harrison,3,0.01,,,,,,,,,
Area126 (14) troll 208 21952,,Lewis_R_Su,5008,0.62,Cowlitz_H_fa,5008,0.14,Abernathy_Cr_Fa,5008,0.10,Spring_Cr_col,5030,0.07,Elochoman_H,5030,0.03
Area126 (14) troll 208 21953,,Trask_R,5015,0.66,Coos_H,5011,0.14,Millicoma_R,5011,0.09,S_Coos_R,5011,0.02,Yaquina_R,5015,0.02
Area126 (14) troll 208 21954,,Priest_Rapid_H,5026,0.45,Hanford_Reach,5026,0.33,Methow_R,5026,0.07,Umatilla_H_Fa,5026,0.06,L_Wh_Sal_H_SF,5026,0.05
Area126 (14) troll 208 21955,,Hanford_Reach,5026,0.59,Priest_Rapid_H,5026,0.30,Wells_H,5026,0.03,U_Deschutes_R,5004,0.02,Methow_R,5026,0.02
Area126 (14) troll 208 21956,,Spring_Cr_col,5030,0.99,Abernathy_NFH_F,5008,0.01,Abernathy_Cr_Fa,5008,0.00,Big_Cr_H_Col,5030,0.00,,,
Area126 (14) troll 208 21958,,L_Shuswap,5,0.32,Coquille_R,5011,0.20,Little_R,5,0.10,Bessette,5,0.10,S_Coos_R,5011,0.09
Area126 (14) troll 208 21959,,Washougal_R_Fa,5008,0.96,Lewis_R_Su,5008,0.02,Green_R_Fa,5008,0.01,Abernathy_NFH_F,5008,0.00,Abernathy_Cr_Fa,5008,0.00
Area126 (14) troll 208 21961,,Makah_H,5028,1.00,Alsea_R,5015,0.00,Sixes_R,5011,0.00,Trask_R,5015,0.00,Yaquina_R,5015,0.00
Area126 (14) troll 208 21962,Dupe with 1446,Chilliwack_F,3,0.69,Harrison,3,0.23,L_Thompson,5,0.02,Stuart,2,0.01,N_Thom@Main,4,0.01
Area126 (14) troll 208 21963,,George_Adams_H,5005,0.38,Cedar_R_SuFa,5020,0.28,NF_Skokomish_F,5005,0.11,Hamma_Hamma_R,5005,0.11,Clear_Cr_H,5020,0.06
Area126 (14) troll 208 21964,,Elk_H,5011,0.46,S_Umpqua_H,5011,0.43,Sixes_R,5011,0.07,Yaquina_R,5015,0.03,Coquille_R,5011,0.00
Area126 (14) troll 208 21965,,L_Wh_Sal_H_SF,5026,0.68,Hanford_Reach,5026,0.30,Umatilla_H_Fa,5026,0.01,Priest_Rapid_H,5026,0.00,Nez_PerceT_H,5021,0.00
Area126 (14) troll 208 21967,,Harrison,3,0.99,L_Thompson,5,0.00,Stuart,2,0.00,Chilliwack_F,3,0.00,NanaimoSu_BackX,7,0.00
Area126 (14) troll 208 21971,,L_Wh_Sal_H_SF,5026,0.56,Hanford_Reach,5026,0.24,Priest_Rapid_H,5026,0.06,Kalama_H_sp,5009,0.04,Nez_PerceT_H,5021,0.03
Area126 (14) troll 208 21973,,Nez_PerceT_H,5021,0.54,Lyons_Ferry_H,5021,0.28,Priest_Rapid_H,5026,0.13,Umatilla_H_Fa,5026,0.01,L_Wh_Sal_H_SF,5026,0.01
Area126 (14) troll 208 21974,,Nez_PerceT_H,5021,0.64,Priest_Rapid_H,5026,0.10,Wells_H,5026,0.09,Lyons_Ferry_H,5021,0.08,Umatilla_H_Fa,5026,0.03
Area126 (14) troll 208 22005,,L_Thompson,5,0.82,L_Shuswap,5,0.15,Little_R,5,0.02,L_Adams,5,0.01,South_Thom,5,0.00
Area126 (14) troll 208 22602,,Spring_Cr_col,5030,0.35,Green_R_Fa,5008,0.16,Cowlitz_H_fa,5008,0.14,Abernathy_NFH_F,5008,0.08,Abernathy_Cr_Fa,5008,0.08
Area126 (14) troll 208 22605,,L_Shuswap,5,0.38,L_Thompson,5,0.37,L_Adams,5,0.12,Little_R,5,0.06,South_Thom,5,0.04
Area126 (14) troll 208 22606,,Coos_H,5011,0.98,Coquille_R,5011,0.01,S_Umpqua_H,5011,0.01,S_Coos_R,5011,0.00,McKenzie_H,5029,0.00
Area126 (14) troll 208 22608,,Alsea_R,5015,0.54,Trask_R,5015,0.32,Nestucca_H,5015,0.08,Kilchis_R,5015,0.04,Wilson_R,5015,0.01
Area126 (14) troll 208 22610,,L_Shuswap,5,1.00,Bessette,5,0.00,M_Shuswap,5,0.00,South_Thom,5,0.00,L_Adams,5,0.00
Area126 (14) troll 208 22611,,Washougal_R_Fa,5008,0.94,Lewis_R_Su,5008,0.04,Green_R_Fa,5008,0.01,Elochoman_H,5030,0.01,Abernathy_Cr_Fa,5008,0.01
Area126 (14) troll 208 22612,,Nitinat,8,0.31,Quilayute_R,5028,0.14,Alsea_R,5015,0.13,Yaquina_R,5015,0.10,Washougal_R_Fa,5008,0.07
Area126 (14) troll 208 22615,,Alsea_R,5015,0.81,Yaquina_R,5015,0.12,Kilchis_R,5015,0.03,Trask_R,5015,0.01,Millicoma_R,5011,0.01
Area126 (14) troll 208 22617,,Puntledge_F,7,0.86,Cowichan,7,0.12,Big_Qualicum,7,0.02,Nanaimo_F,7,0.01,Puntledge_BackX,7,0.00
Area126 (14) troll 208 22618,,L_Wh_Sal_H_SF,5026,0.20,Hanford_Reach,5026,0.14,Umatilla_H_Fa,5026,0.12,Wenatchee_R_SF,5026,0.10,Priest_Rapid_H,5026,0.09
Area126 (14) troll 208 22621,,Clearwater,4,0.40,Harrison,3,0.23,Raft_R,4,0.12,Stuart,2,0.11,Barriere,4,0.07
Area126 (14) troll 208 22622,,U_Deschutes_R,5004,1.00,Puntledge_F,7,0.00,Lyons_Ferry_H,5021,0.00,L_Deschutes_R,5004,0.00,,,
Area126 (14) troll 208 22623,,Methow_R,5026,0.40,Priest_Rapid_H,5026,0.34,Umatilla_H_Fa,5026,0.06,Hanford_Reach,5026,0.05,Wenatchee_R_SF,5026,0.04
Area126 (14) troll 208 22627,,Methow_R,5026,0.47,Wenatchee_R_SF,5026,0.17,Priest_Rapid_H,5026,0.13,Wells_H,5026,0.11,Hanford_Reach,5026,0.10
Area126 (14) troll 208 22628,,Priest_Rapid_H,5026,0.46,Umatilla_H_Fa,5026,0.24,Hanford_Reach,5026,0.19,Wenatchee_R_SF,5026,0.05,L_Wh_Sal_H_SF,5026,0.03
Area126 (14) troll 208 22629,,S_Umpqua_H,5011,0.69,Umpqua_H,5011,0.26,Hanford_Reach,5026,0.02,Priest_Rapid_H,5026,0.01,Methow_R,5026,0.01
Area126 (14) troll 208 22630,,Priest_Rapid_H,5026,0.66,Hanford_Reach,5026,0.17,Methow_R,5026,0.08,L_Wh_Sal_H_SF,5026,0.03,Wenatchee_R_SF,5026,0.02
Area126 (14) troll 208 22633,,Alsea_R,5015,0.79,Trask_R,5015,0.17,Yaquina_R,5015,0.01,Kilchis_R,5015,0.01,Nestucca_H,5015,0.00
Area126 (14) troll 208 22634,,Lyons_Ferry_H,5021,0.71,Priest_Rapid_H,5026,0.18,Nez_PerceT_H,5021,0.08,Hanford_Reach,5026,0.02,Marion_Drain_Fa,5026,0.01
Area126 (14) troll 208 22635,,Nez_PerceT_H,5021,0.60,Priest_Rapid_H,5026,0.28,Umatilla_H_Fa,5026,0.05,Methow_R,5026,0.02,Hanford_Reach,5026,0.01
Area126 (14) troll 208 22636,,Priest_Rapid_H,5026,0.32,Wells_H,5026,0.19,Hanford_Reach,5026,0.12,Cowlitz_H_sp,5009,0.12,Green_R_Fa,5008,0.08
Area126 (14) troll 209 21601,,Priest_Rapid_H,5026,0.42,Umatilla_H_Fa,5026,0.25,Hanford_Reach,5026,0.22,Wells_H,5026,0.04,Umatilla_H,5026,0.02
Area126 (14) troll 209 21602,,Coos_H,5011,0.46,Millicoma_R,5011,0.35,Trask_R,5015,0.13,Alsea_R,5015,0.02,Coquille_R,5011,0.02
Area126 (14) troll 209 21603,,Spring_Cr_col,5030,0.95,Abernathy_NFH_F,5008,0.05,Hanford_Reach,5026,0.00,Abernathy_Cr_Fa,5008,0.00,Umatilla_H_Fa,5026,0.00
Area126 (14) troll 209 21604,,Umatilla_H_Fa,5026,0.18,Washougal_R_Fa,5008,0.13,Lewis_R_Su,5008,0.13,Methow_R,5026,0.09,Hanford_Reach,5026,0.06
Area126 (14) troll 209 21606,,Washougal_R_Fa,5008,0.84,Trask_R,5015,0.10,Lewis_R_Su,5008,0.02,Kilchis_R,5015,0.02,Lewis_R_LSu,5008,0.01
Area126 (14) troll 209 21607,,Spring_Cr_col,5030,0.93,Abernathy_NFH_F,5008,0.04,Green_R_Fa,5008,0.02,Washougal_R_Fa,5008,0.00,Elochoman_H,5030,0.00
Area126 (14) troll 209 21608,,Trask_R,5015,0.59,Nehalem_R,5015,0.32,Nestucca_H,5015,0.06,Salmon_R_f,5015,0.02,Coos_H,5011,0.01
Area126 (14) troll 209 21609,,Priest_Rapid_H,5026,0.85,Hanford_Reach,5026,0.09,L_Wh_Sal_H_SF,5026,0.01,Wenatchee_R_SF,5026,0.01,Umatilla_H_Fa,5026,0.01
Area126 (14) troll 209 21611,,Spring_Cr_col,5030,0.99,Washougal_R_Fa,5008,0.01,Green_R_Fa,5008,0.00,Abernathy_NFH_F,5008,0.00,Cowlitz_H_fa,5008,0.00
Area126 (14) troll 209 21612,,Nez_PerceT_H,5021,0.56,Priest_Rapid_H,5026,0.19,Wells_H,5026,0.08,Hanford_Reach,5026,0.06,Umatilla_H_Fa,5026,0.04
Area126 (14) troll 209 21613,,Priest_Rapid_H,5026,0.69,Methow_R,5026,0.17,Hanford_Reach,5026,0.06,Wenatchee_R_SF,5026,0.02,Lyons_Ferry_H,5021,0.02
Area126 (14) troll 209 21614,,Lyons_Ferry_H,5021,0.99,Nez_PerceT_H,5021,0.01,Hanford_Reach,5026,0.00,Marion_Drain_Fa,5026,0.00,ClearwaterRFa,5021,0.00
Area126 (14) troll 209 21615,,Trask_R,5015,0.80,Kilchis_R,5015,0.11,Nestucca_H,5015,0.08,Millicoma_R,5011,0.01,Yaquina_R,5015,0.00
Area126 (14) troll 209 21621,,Forks_Cr_H,5028,0.98,Washougal_R_Fa,5008,0.02,Trask_R,5015,0.00,Kilchis_R,5015,0.00,Cowlitz_H_fa,5008,0.00
Area126 (14) troll 209 21622,,Forks_Cr_H,5028,0.96,Trask_R,5015,0.02,Salmon_R_f,5015,0.01,Humptulips_H,5028,0.00,Necanicum_H,5015,0.00
Area126 (14) troll 209 21623,,Cowlitz_H_fa,5008,0.63,Abernathy_Cr_Fa,5008,0.21,Green_R_Fa,5008,0.06,Lewis_R_Su,5008,0.04,Elochoman_R_Fa,5008,0.03
Area126 (14) troll 209 21624,,Grovers_Cr_H,5020,0.80,George_Adams_H,5005,0.08,Voights_H,5020,0.06,NF_Skokomish_F,5005,0.04,Cedar_R_SuFa,5020,0.01
Area126 (14) troll 209 21625,,Hanford_Reach,5026,0.48,Priest_Rapid_H,5026,0.23,Umatilla_H_Fa,5026,0.19,L_Wh_Sal_H_SF,5026,0.06,Nez_PerceT_H,5021,0.02
Area126 (14) troll 209 21626,,Hanford_Reach,5026,0.75,Priest_Rapid_H,5026,0.24,Umatilla_H_Fa,5026,0.00,Methow_R,5026,0.00,Priest_Rapids_H,5026,0.00
Area126 (14) troll 209 21628,,George_Adams_H,5005,0.29,Voights_H,5020,0.24,Cedar_R_SuFa,5020,0.17,Hamma_Hamma_R,5005,0.17,NF_Skokomish_F,5005,0.07
Area126 (14) troll 209 21629,,Nez_PerceT_H,5021,0.94,Methow_R,5026,0.02,Hanford_Reach,5026,0.01,Umatilla_H_Fa,5026,0.01,Wells_H,5026,0.01
Area126 (14) troll 209 21630,,Alsea_R,5015,0.83,Yaquina_R,5015,0.07,Trask_R,5015,0.05,Coquille_R,5011,0.03,Salmon_R_f,5015,0.02
Area126 (14) troll 209 21631,,Priest_Rapid_H,5026,0.22,Hanford_Reach,5026,0.14,Nez_PerceT_H,5021,0.11,Wells_H,5026,0.09,Methow_R,5026,0.09
Area126 (14) troll 209 21632,,Nez_PerceT_H,5021,0.33,Hanford_Reach,5026,0.30,Priest_Rapid_H,5026,0.25,Umatilla_H_Fa,5026,0.05,Methow_R,5026,0.04
Area126 (14) troll 209 21633,,Neechanze,10,0.45,Barriere,4,0.36,Lewis_R_Su,5008,0.05,Millicoma_R,5011,0.05,Washougal_R_Fa,5008,0.02
Area126 (14) troll 209 21634,Dupe with 1569,George_Adams_H,5005,0.85,Samish_H,5016,0.12,Cedar_R_SuFa,5020,0.01,NF_Skokomish_F,5005,0.01,Hamma_Hamma_R,5005,0.00
Area126 (14) troll 209 21635,,Coos_H,5011,0.46,Alsea_R,5015,0.32,Trask_R,5015,0.10,S_Coos_R,5011,0.05,Coquille_R,5011,0.03
Area126 (14) troll 209 21636,,Spring_Cr_col,5030,0.80,Abernathy_NFH_F,5008,0.18,Abernathy_Cr_Fa,5008,0.01,Elochoman_H,5030,0.00,Cowlitz_H_fa,5008,0.00
Area126 (14) troll 209 21637,,Lyons_Ferry_H,5021,0.35,Hanford_Reach,5026,0.31,Priest_Rapid_H,5026,0.08,Nez_PerceT_H,5021,0.07,Washougal_R_Fa,5008,0.05
Area126 (14) troll 209 21638,,Forks_Cr_H,5028,1.00,,,,,,,,,,,,
Area126 (14) troll 209 21639,,Quilayute_R,5028,0.76,Hoh_R,5028,0.21,Queets_R,5028,0.02,Yaquina_R,5015,0.01,Forks_Cr_H,5028,0.01
Area126 (14) troll 209 21640,,Forks_Cr_H,5028,0.76,Millicoma_R,5011,0.11,Hoh_R,5028,0.06,Quilayute_R,5028,0.04,Queets_R,5028,0.02
Area126 (14) troll 209 21641,Dupe with 1602,Hanford_Reach,5026,0.73,Priest_Rapid_H,5026,0.19,Umatilla_H,5026,0.04,Wells_H,5026,0.02,Nez_PerceT_H,5021,0.01
Area126 (14) troll 209 21642,,Hanford_Reach,5026,0.57,L_Wh_Sal_H_SF,5026,0.22,Priest_Rapid_H,5026,0.11,Nez_PerceT_H,5021,0.07,Lyons_Ferry_H,5021,0.01
Area126 (14) troll 209 21643,,Forks_Cr_H,5028,0.61,Lewis_R_Su,5008,0.18,Hanford_Reach,5026,0.05,Umatilla_H_Fa,5026,0.04,Washougal_R_Fa,5008,0.03
Area126 (14) troll 209 21644,,Priest_Rapid_H,5026,0.41,Umatilla_H,5026,0.23,Hanford_Reach,5026,0.18,Umatilla_H_Fa,5026,0.15,Wenatchee_R_SF,5026,0.02
Area126 (14) troll 209 21646,,Elk_H,5011,0.87,Millicoma_R,5011,0.05,Coos_H,5011,0.04,Sixes_R,5011,0.03,NanaimoSu_BackX,7,0.00
Area126 (14) troll 209 21647,,Washougal_R_Fa,5008,0.55,Lewis_R_LSu,5008,0.13,Abernathy_Cr_Fa,5008,0.11,Lewis_R_Su,5008,0.09,Green_R_Fa,5008,0.06
Area126 (14) troll 209 21648,,L_Wh_Sal_H_SF,5026,0.47,Priest_Rapid_H,5026,0.21,Hanford_Reach,5026,0.11,Methow_R,5026,0.11,Wells_H,5026,0.05
Area126 (14) troll 209 21649,,Priest_Rapid_H,5026,0.34,Hanford_Reach,5026,0.32,Umatilla_H_Fa,5026,0.13,L_Wh_Sal_H_SF,5026,0.13,Nez_PerceT_H,5021,0.03
Area126 (14) troll 209 21650,,Forks_Cr_H,5028,0.95,NanaimoSu_BackX,7,0.03,Hanford_Reach,5026,0.01,L_Thompson,5,0.00,Quilayute_R,5028,0.00
Area126 (14) troll 209 21651,,George_Adams_H,5005,0.64,Hamma_Hamma_R,5005,0.15,Cedar_R_SuFa,5020,0.08,Grovers_Cr_H,5020,0.07,Samish_H,5016,0.03
Area126 (14) troll 209 21652,,Hanford_Reach,5026,0.56,Nez_PerceT_H,5021,0.31,L_Wh_Sal_H_SF,5026,0.09,Umatilla_H_Fa,5026,0.02,Lyons_Ferry_H,5021,0.01
Area126 (14) troll 209 21653,,Green_R_Fa,5008,0.30,Washougal_R_Fa,5008,0.22,Cowlitz_H_fa,5008,0.20,Lewis_R_Su,5008,0.17,Lewis_R_LSu,5008,0.11
Area126 (14) troll 209 21654,,Washougal_R_Fa,5008,0.74,Cowlitz_H_fa,5008,0.15,Spring_Cr_col,5030,0.10,Lewis_R_Su,5008,0.01,Abernathy_Cr_Fa,5008,0.00
Area126 (14) troll 209 21655,,Priest_Rapid_H,5026,0.34,Methow_R,5026,0.33,Wells_H,5026,0.17,Hanford_Reach,5026,0.08,Nez_PerceT_H,5021,0.02
Area126 (14) troll 209 21656,,Hanford_Reach,5026,0.58,Umatilla_H_Fa,5026,0.23,Wenatchee_R_SF,5026,0.15,L_Wh_Sal_H_SF,5026,0.02,Wells_H,5026,0.01
Area126 (14) troll 209 21657,,Trask_R,5015,0.62,Kilchis_R,5015,0.12,Alsea_R,5015,0.06,Yaquina_R,5015,0.06,Nestucca_H,5015,0.04
Area126 (14) troll 209 21658,,Nez_PerceT_H,5021,0.43,Priest_Rapid_H,5026,0.40,Lyons_Ferry_H,5021,0.12,Hanford_Reach,5026,0.02,L_Wh_Sal_H_SF,5026,0.01
Area126 (14) troll 209 21659,,NF_Nooksack_H,5016,1.00,,,,,,,,,,,,
Area126 (14) troll 209 21664,,Lyons_Ferry_H,5021,0.45,Nez_PerceT_H,5021,0.39,Marion_Drain_Fa,5026,0.08,Priest_Rapid_H,5026,0.04,Hanford_Reach,5026,0.02
Area126 (14) troll 209 21665,,Hanford_Reach,5026,0.31,Priest_Rapid_H,5026,0.17,Harrison,3,0.12,L_Wh_Sal_H_SF,5026,0.11,Umatilla_H,5026,0.08
Area126 (14) troll 209 21666,,Spring_Cr_col,5030,0.94,Abernathy_NFH_F,5008,0.04,Abernathy_Cr_Fa,5008,0.02,Green_R_Fa,5008,0.00,Elochoman_H,5030,0.00
Area126 (14) troll 209 21668,,Spring_Cr_col,5030,0.97,Abernathy_Cr_Fa,5008,0.03,Abernathy_NFH_F,5008,0.00,Cowlitz_H_fa,5008,0.00,,,
Area126 (14) troll 209 21669,,Cowlitz_H_fa,5008,0.44,Cowlitz_H_sp,5009,0.41,Green_R_Fa,5008,0.08,Abernathy_Cr_Fa,5008,0.03,Spring_Cr_col,5030,0.02
Area126 (14) troll 209 21671,,Washougal_R_Fa,5008,0.48,Green_R_Fa,5008,0.30,Spring_Cr_col,5030,0.09,Abernathy_NFH_F,5008,0.05,Lewis_R_LSu,5008,0.05
Area126 (14) troll 209 21672,,Wells_H,5026,0.43,Umpqua_H,5011,0.22,Methow_R,5026,0.19,Applegate_Cr,5019,0.04,Cole_Rivers_H,5019,0.04
Area126 (14) troll 209 21673,,Samish_H,5016,0.75,Cedar_R_SuFa,5020,0.16,Voights_H,5020,0.05,Hanford_Reach,5026,0.01,Clear_Cr_H,5020,0.01
Area126 (14) troll 209 21674,,Lyons_Ferry_H,5021,0.94,Nez_PerceT_H,5021,0.06,Priest_Rapid_H,5026,0.00,Hanford_Reach,5026,0.00,Marion_Drain_Fa,5026,0.00
Area126 (14) troll 209 21676,,Lewis_R_Su,5008,0.46,Hanford_Reach,5026,0.19,L_Thompson,5,0.13,Cowlitz_H_fa,5008,0.06,Wells_H,5026,0.05
Area126 (14) troll 209 21677,,Cedar_R_SuFa,5020,0.74,Hamma_Hamma_R,5005,0.05,Clear_Cr_H,5020,0.04,Voights_H,5020,0.04,Puntledge_F,7,0.03
Area126 (14) troll 209 21678,,Coos_H,5011,0.49,Cowlitz_H_fa,5008,0.13,Slamgeesh,19,0.08,Green_R_Fa,5008,0.06,Cedar_R_SuFa,5020,0.04
Area126 (14) troll 209 21679,,Hanford_Reach,5026,0.40,Priest_Rapid_H,5026,0.36,Wells_H,5026,0.12,Nez_PerceT_H,5021,0.04,Umatilla_H,5026,0.03
Area126 (14) troll 209 21680,,Washougal_R_Fa,5008,0.95,Cowlitz_H_fa,5008,0.03,Abernathy_Cr_Fa,5008,0.01,Green_R_Fa,5008,0.01,Abernathy_NFH_F,5008,0.00
Area126 (14) troll 209 21681,,S_Umpqua_H,5011,0.65,Millicoma_R,5011,0.33,Abernathy_NFH_F,5008,0.00,Lewis_R_Su,5008,0.00,Coos_H,5011,0.00
Area126 (14) troll 209 21682,,Wenatchee_R_SF,5026,0.50,Wells_H,5026,0.23,Hanford_Reach,5026,0.20,Nez_PerceT_H,5021,0.05,Priest_Rapid_H,5026,0.01
Area126 (14) troll 209 21685,,Priest_Rapid_H,5026,0.53,Wells_H,5026,0.10,Hanford_Reach,5026,0.09,Umatilla_H_Fa,5026,0.08,L_Wh_Sal_H_SF,5026,0.06
Area126 (14) troll 209 21686,,Lewis_R_Su,5008,0.69,Washougal_R_Fa,5008,0.28,Lewis_R_LSu,5008,0.02,Abernathy_Cr_Fa,5008,0.01,Abernathy_NFH_F,5008,0.00
Area126 (14) troll 209 21687,,Priest_Rapid_H,5026,0.29,Hanford_Reach,5026,0.28,Wenatchee_R_SF,5026,0.23,Wells_H,5026,0.08,Umatilla_H_Fa,5026,0.07
Area126 (14) troll 209 21688,,Hanford_Reach,5026,0.37,Umatilla_H,5026,0.22,Priest_Rapid_H,5026,0.21,L_Wh_Sal_H_SF,5026,0.09,Umatilla_H_Fa,5026,0.07
Area126 (14) troll 209 21689,,Priest_Rapid_H,5026,0.97,Lyons_Ferry_H,5021,0.02,Hanford_Reach,5026,0.00,Nez_PerceT_H,5021,0.00,Wenatchee_R_SF,5026,0.00
Area126 (14) troll 209 21690,Dupe with 1523,George_Adams_H,5005,0.85,Samish_H,5016,0.13,Cedar_R_SuFa,5020,0.01,NF_Skokomish_F,5005,0.01,Hamma_Hamma_R,5005,0.00
Area126 (14) troll 209 21691,,Stanislaus_R,5001,0.43,L_Wh_Sal_H_SF,5026,0.18,Umatilla_H_Fa,5026,0.16,Hanford_Reach,5026,0.10,Priest_Rapid_H,5026,0.07
Area126 (14) troll 209 21692,,Grovers_Cr_H,5020,0.54,George_Adams_H,5005,0.42,Hamma_Hamma_R,5005,0.02,NF_Skokomish_F,5005,0.01,Clear_Cr_H,5020,0.01
Area126 (14) troll 209 21693,,Priest_Rapid_H,5026,0.81,Hanford_Reach,5026,0.09,Nez_PerceT_H,5021,0.06,Umatilla_H_Fa,5026,0.02,L_Wh_Sal_H_SF,5026,0.01
Area126 (14) troll 209 21694,,Yaquina_R,5015,0.31,Trask_R,5015,0.19,Forks_Cr_H,5028,0.12,Coos_H,5011,0.08,S_Coos_R,5011,0.07
Area126 (14) troll 209 21695,,NF_Skokomish_F,5005,0.32,George_Adams_H,5005,0.28,Samish_H,5016,0.18,Cedar_R_SuFa,5020,0.10,Hamma_Hamma_R,5005,0.06
Area126 (14) troll 209 21697,,Nez_PerceT_H,5021,0.26,Hanford_Reach,5026,0.19,Wells_H,5026,0.10,L_Thompson,5,0.08,Methow_R,5026,0.08
Area126 (14) troll 209 21698,,Nez_PerceT_H,5021,0.78,Lyons_Ferry_H,5021,0.15,Priest_Rapid_H,5026,0.05,Wells_H,5026,0.01,Umatilla_H_Fa,5026,0.00
Area126 (14) troll 209 21699,,Nez_PerceT_H,5021,0.58,Lyons_Ferry_H,5021,0.15,Umatilla_H,5026,0.12,Priest_Rapid_H,5026,0.07,Hanford_Reach,5026,0.03
Area126 (14) troll 209 21701,,Coquille_R,5011,0.97,S_Coos_R,5011,0.02,Coos_H,5011,0.00,Hanford_Reach,5026,0.00,S_Umpqua_H,5011,0.00
Area126 (14) troll 209 21702,,Chilliwack_F,3,0.70,Harrison,3,0.20,George_Adams_H,5005,0.03,Millicoma_R,5011,0.03,Sixes_R,5011,0.02
Area126 (14) troll 209 21703,,Umatilla_H,5026,0.46,Umatilla_H_Fa,5026,0.36,L_Wh_Sal_H_SF,5026,0.14,Priest_Rapid_H,5026,0.03,Hanford_Reach,5026,0.00
Area126 (14) troll 209 21705,,Alsea_R,5015,0.94,Yaquina_R,5015,0.03,Trask_R,5015,0.03,Coquille_R,5011,0.00,Elk_H,5011,0.00
Area126 (14) troll 209 21707,,Priest_Rapid_H,5026,0.75,Hanford_Reach,5026,0.15,Methow_R,5026,0.04,Umatilla_H,5026,0.03,Umatilla_H_Fa,5026,0.01
Area126 (14) troll 209 21708,,Priest_Rapid_H,5026,0.58,Methow_R,5026,0.18,Hanford_Reach,5026,0.12,L_Wh_Sal_H_SF,5026,0.06,Wenatchee_R_SF,5026,0.03
Area126 (14) troll 209 21709,,Coquille_R,5011,0.68,S_Umpqua_H,5011,0.24,Trask_R,5015,0.02,Forks_Cr_H,5028,0.02,Coos_H,5011,0.02
Area126 (14) troll 209 21710,,L_Adams,5,0.99,Little_R,5,0.01,,,,,,,,,
Area126 (14) troll 209 21714,,S_Umpqua_H,5011,0.74,Trask_R,5015,0.11,Coos_H,5011,0.10,Coquille_R,5011,0.03,Salmon_R_f,5015,0.01
Area126 (14) troll 209 21715,,L_Wh_Sal_H_SF,5026,0.85,Umatilla_H,5026,0.05,Umatilla_H_Fa,5026,0.04,Lyons_Ferry_H,5021,0.03,Priest_Rapid_H,5026,0.02
Area126 (14) troll 209 21716,,Harrison,3,0.99,Chilliwack_F,3,0.01,L_Thompson,5,0.00,South_Thom,5,0.00,L_Adams,5,0.00
Area126 (14) troll 209 21717,,U_Sauk_R_SpSu,5016,0.98,Hanford_Reach,5026,0.02,Abernathy_Cr_Fa,5008,0.00,Wells_H,5026,0.00,L_Skagit_R_Fa,5016,0.00
Area126 (14) troll 209 21718,,Hanford_Reach,5026,0.68,L_Wh_Sal_H_SF,5026,0.11,Priest_Rapid_H,5026,0.09,Nez_PerceT_H,5021,0.04,Wells_H,5026,0.03
Area126 (14) troll 209 21719,,S_Umpqua_H,5011,0.38,Umatilla_H_Fa,5026,0.21,Lewis_R_Su,5008,0.19,Hanford_Reach,5026,0.05,Cowlitz_H_fa,5008,0.04
Area126 (14) troll 209 21720,,Wenatchee_R_SF,5026,0.47,Umatilla_H_Fa,5026,0.14,Priest_Rapid_H,5026,0.14,Methow_R,5026,0.12,Wells_H,5026,0.07
Area126 (14) troll 209 21721,,Stanislaus_R,5001,0.48,S_Umpqua_H,5011,0.37,Wells_H,5026,0.04,Feather_H_fa,5001,0.03,Priest_Rapid_H,5026,0.01
Area126 (14) troll 209 21724,,S_Umpqua_H,5011,0.30,Coos_H,5011,0.23,Coquille_R,5011,0.19,Millicoma_R,5011,0.13,Trask_R,5015,0.09
Area126 (14) troll 209 21725,,Lyons_Ferry_H,5021,0.71,Nez_PerceT_H,5021,0.23,Priest_Rapid_H,5026,0.03,Hanford_Reach,5026,0.01,Umatilla_H_Fa,5026,0.00
Area126 (14) troll 209 21727,,Umatilla_H_Fa,5026,0.61,Methow_R,5026,0.11,Nez_PerceT_H,5021,0.10,Hanford_Reach,5026,0.08,Priest_Rapid_H,5026,0.07
Area126 (14) troll 209 21729,,Umatilla_H,5026,0.32,Priest_Rapid_H,5026,0.28,Wenatchee_R_SF,5026,0.10,Methow_R,5026,0.08,Hanford_Reach,5026,0.08
Area126 (14) troll 209 21730,,Harrison,3,1.00,Chilliwack_F,3,0.00,Hanford_Reach,5026,0.00,Nez_PerceT_H,5021,0.00,L_Thompson,5,0.00
Area126 (14) troll 209 21731,,Hanford_Reach,5026,0.46,Priest_Rapid_H,5026,0.33,Wells_H,5026,0.12,Umatilla_H,5026,0.07,Methow_R,5026,0.01
Area126 (14) troll 209 21733,,Lewis_R_Su,5008,0.98,Lewis_R_LSu,5008,0.01,Elochoman_R_Fa,5008,0.00,Elk_H,5011,0.00,S_Umpqua_H,5011,0.00
Area126 (14) troll 209 21734,,Hanford_Reach,5026,0.96,Lewis_R_Su,5008,0.01,Priest_Rapid_H,5026,0.01,Umatilla_H_Fa,5026,0.01,Abernathy_Cr_Fa,5008,0.00
Area126 (14) troll 209 21735,Dupe with 1530,Hanford_Reach,5026,0.74,Priest_Rapid_H,5026,0.19,Umatilla_H,5026,0.04,Wells_H,5026,0.01,Nez_PerceT_H,5021,0.01
Area126 (14) troll 209 21736,,Green_R_Fa,5008,0.51,Lewis_R_Su,5008,0.45,Cowlitz_H_fa,5008,0.02,Washougal_R_Fa,5008,0.01,Lewis_R_LSu,5008,0.01
Area126 (14) troll 209 21737,,Nehalem_R,5015,0.93,Trask_R,5015,0.07,Yaquina_R,5015,0.00,Nestucca_H,5015,0.00,Wilson_R,5015,0.00
Area126 (14) troll 209 21738,,Nez_PerceT_H,5021,0.58,Priest_Rapid_H,5026,0.16,Hanford_Reach,5026,0.08,L_Wh_Sal_H_SF,5026,0.06,Umatilla_H,5026,0.04
Area126 (14) troll 209 21739,,L_Wh_Sal_H_SF,5026,0.42,Priest_Rapid_H,5026,0.16,South_Thom,5,0.11,Hanford_Reach,5026,0.06,Little_R,5,0.05
Area126 (14) troll 209 21740,,Priest_Rapid_H,5026,0.82,Wells_H,5026,0.17,Hanford_Reach,5026,0.01,Priest_Rapids_H,5026,0.00,Lyons_Ferry_H,5021,0.00
Area126 (14) troll 209 21741,,Spring_Cr_col,5030,1.00,Abernathy_NFH_F,5008,0.00,Elochoman_H,5030,0.00,,,,,,
Area126 (14) troll 209 21744,,Nez_PerceT_H,5021,0.32,Marion_Drain_Fa,5026,0.17,Hanford_Reach,5026,0.13,Priest_Rapid_H,5026,0.11,Umatilla_H_Fa,5026,0.08
Area126 (14) troll 209 21746,,S_Umpqua_H,5011,0.94,Umpqua_H,5011,0.05,Lewis_R_Su,5008,0.00,Sol_Duc_H,5028,0.00,Trask_R,5015,0.00
Area126 (14) troll 209 21747,,Priest_Rapid_H,5026,0.62,Methow_R,5026,0.20,Lyons_Ferry_H,5021,0.08,Hanford_Reach,5026,0.06,Wenatchee_R_SF,5026,0.02
Area126 (14) troll 209 21751,,Quilayute_R,5028,0.49,S_Coos_R,5011,0.25,Hoh_R,5028,0.08,Forks_Cr_H,5028,0.05,NanaimoSu_BackX,7,0.03
Area126 (14) troll 209 21752,,Chilliwack_F,3,1.00,,,,,,,,,,,,
Area126 (14) troll 209 21753,Dupe with 1638,NanaimoSu_BackX,7,0.60,L_Thompson,5,0.38,South_Thom,5,0.02,Harrison,3,0.00,,,
Area126 (14) troll 209 21754,,Lyons_Ferry_H,5021,0.70,Nez_PerceT_H,5021,0.14,S_Umpqua_H,5011,0.06,Priest_Rapid_H,5026,0.03,Wells_H,5026,0.01
Area126 (14) troll 209 21755,,Hanford_Reach,5026,0.42,Priest_Rapid_H,5026,0.41,Nez_PerceT_H,5021,0.09,Umatilla_H_Fa,5026,0.03,Wenatchee_R_SF,5026,0.02
Area126 (14) troll 209 21756,,Priest_Rapid_H,5026,0.24,Methow_R,5026,0.21,Wells_H,5026,0.18,Nez_PerceT_H,5021,0.17,Hanford_Reach,5026,0.12
Area126 (14) troll 209 21759,,Trask_R,5015,0.20,S_Umpqua_H,5011,0.19,Millicoma_R,5011,0.16,Cowlitz_H_fa,5008,0.16,Kalama_H_sp,5009,0.14
Area126 (14) troll 209 21760,,Priest_Rapid_H,5026,0.17,Nez_PerceT_H,5021,0.15,Hanford_Reach,5026,0.14,Methow_R,5026,0.13,Wells_H,5026,0.12
Area126 (14) troll 209 21762,,Nez_PerceT_H,5021,0.72,Priest_Rapid_H,5026,0.08,Methow_R,5026,0.07,Lyons_Ferry_H,5021,0.07,Wells_H,5026,0.02
Area126 (14) troll 209 21763,,Hanford_Reach,5026,0.64,Nez_PerceT_H,5021,0.25,Lyons_Ferry_H,5021,0.10,Wells_H,5026,0.01,Priest_Rapid_H,5026,0.01
Area126 (14) troll 209 21764,,Nehalem_R,5015,0.71,Trask_R,5015,0.14,S_Umpqua_H,5011,0.06,Coos_H,5011,0.05,Kilchis_R,5015,0.02
Area126 (14) troll 209 21766,,Quesnel,2,0.52,Stuart,2,0.45,L_Cariboo,2,0.02,Chilako,2,0.01,Westroad,2,0.00
Area126 (14) troll 209 21767,,L_Shuswap,5,0.89,L_Thompson,5,0.07,Little_R,5,0.02,Bessette,5,0.01,South_Thom,5,0.01
Area126 (14) troll 209 21768,,Lyons_Ferry_H,5021,0.51,Hanford_Reach,5026,0.36,Priest_Rapid_H,5026,0.10,Umatilla_H_Fa,5026,0.03,Wenatchee_R_SF,5026,0.00
Area126 (14) troll 209 21769,,Harrison,3,0.97,Chilliwack_F,3,0.03,,,,,,,,,
Area126 (14) troll 209 21770,,Priest_Rapid_H,5026,0.54,Wenatchee_R_SF,5026,0.23,Methow_R,5026,0.19,Wells_H,5026,0.03,Hanford_Reach,5026,0.01
Area126 (14) troll 209 21771,,Chilko,2,0.92,Nechako,2,0.07,Stuart,2,0.01,Coldwater,6,0.00,Quesnel,2,0.00
Area126 (14) troll 209 21772,,Nechako,2,0.44,Stuart,2,0.43,Harrison,3,0.08,L_Thompson,5,0.03,Quesnel,2,0.00
Area126 (14) troll 209 21773,,Elk_H,5011,0.59,Sixes_R,5011,0.18,Trask_R,5015,0.07,Coquille_R,5011,0.06,Millicoma_R,5011,0.05
Area126 (14) troll 209 21774,,Forks_Cr_H,5028,0.99,Humptulips_H,5028,0.01,Millicoma_R,5011,0.00,S_Umpqua_H,5011,0.00,,,
Area126 (14) troll 209 21775,,Sixes_R,5011,0.97,Elk_H,5011,0.03,Millicoma_R,5011,0.00,Coquille_R,5011,0.00,S_Coos_R,5011,0.00
Area126 (14) troll 209 21776,,Coos_H,5011,0.88,Coquille_R,5011,0.05,S_Umpqua_H,5011,0.04,Millicoma_R,5011,0.02,Umpqua_H,5011,0.00
Area126 (14) troll 209 21777,,Harrison,3,0.98,Chilliwack_F,3,0.02,NanaimoSu_BackX,7,0.00,BlueCr_UpPitt,12,0.00,Robertson,8,0.00
Area126 (14) troll 209 21778,,Priest_Rapid_H,5026,0.57,Hanford_Reach,5026,0.22,Wenatchee_R_SF,5026,0.13,Lyons_Ferry_H,5021,0.02,Wells_H,5026,0.02
Area126 (14) troll 209 21779,,Alsea_R,5015,0.49,Lewis_R_Su,5008,0.13,Forks_Cr_H,5028,0.11,Chickamin_R,5023,0.04,L_Skagit_R_Fa,5016,0.04
Area126 (14) troll 209 21780,,Priest_Rapid_H,5026,0.40,Lyons_Ferry_H,5021,0.32,Umatilla_H_Fa,5026,0.12,Hanford_Reach,5026,0.08,Nez_PerceT_H,5021,0.04
Area126 (14) troll 209 21781,Dupe with 1614,NanaimoSu_BackX,7,0.60,L_Thompson,5,0.39,South_Thom,5,0.01,Little_R,5,0.00,Harrison,3,0.00
Area126 (14) troll 209 21782,,L_Adams,5,0.79,Little_R,5,0.16,South_Thom,5,0.05,L_Thompson,5,0.01,L_Shuswap,5,0.00
Area126 (14) troll 209 21784,,Green_R_Fa,5008,0.39,Cowlitz_H_fa,5008,0.25,Lewis_R_LSu,5008,0.13,Washougal_R_Fa,5008,0.13,Lewis_R_Su,5008,0.09
Area126 (14) troll 209 21785,,Sixes_R,5011,0.94,Coos_H,5011,0.04,Hoh_R,5028,0.01,Elk_H,5011,0.01,Coquille_R,5011,0.00
Area126 (14) troll 209 21787,,Priest_Rapid_H,5026,0.28,Umatilla_H_Fa,5026,0.25,Wenatchee_R_SF,5026,0.25,Hanford_Reach,5026,0.08,Wells_H,5026,0.05
Area126 (14) troll 209 21795,,Coos_H,5011,0.48,Coquille_R,5011,0.40,Trask_R,5015,0.05,Millicoma_R,5011,0.05,S_Umpqua_H,5011,0.01
Area126 (14) troll 209 21796,,Hanford_Reach,5026,0.34,Methow_R,5026,0.32,Priest_Rapid_H,5026,0.21,Nez_PerceT_H,5021,0.05,Wells_H,5026,0.04
Area126 (14) troll 209 21797,,Priest_Rapid_H,5026,0.41,Umatilla_H,5026,0.35,Hanford_Reach,5026,0.09,Wenatchee_R_SF,5026,0.04,Methow_R,5026,0.04
Area126 (14) troll 209 21799,,Hanford_Reach,5026,0.45,Little_R,5,0.15,L_Thompson,5,0.12,Lyons_Ferry_H,5021,0.09,Priest_Rapid_H,5026,0.07
Area126 (14) troll 209 21800,,Nez_PerceT_H,5021,0.26,Lyons_Ferry_H,5021,0.23,Hanford_Reach,5026,0.18,Wenatchee_R_SF,5026,0.11,Priest_Rapid_H,5026,0.06
Area126 (14) troll 209 22701,,Hanford_Reach,5026,0.62,Umatilla_H_Fa,5026,0.25,L_Wh_Sal_H_SF,5026,0.07,Wenatchee_R_SF,5026,0.02,Lyons_Ferry_H,5021,0.02
Area126 (14) troll 209 22702,,Hanford_Reach,5026,0.57,Priest_Rapid_H,5026,0.30,L_Wh_Sal_H_SF,5026,0.06,Lyons_Ferry_H,5021,0.04,Umatilla_H,5026,0.01
Area126 (14) troll 209 22703,,Priest_Rapid_H,5026,0.58,Hanford_Reach,5026,0.17,Lyons_Ferry_H,5021,0.09,Umatilla_H_Fa,5026,0.06,Nez_PerceT_H,5021,0.05
Area126 (14) troll 209 22704,,Umatilla_H_Fa,5026,0.44,Lyons_Ferry_H,5021,0.21,Nez_PerceT_H,5021,0.18,Hanford_Reach,5026,0.08,Wells_H,5026,0.06
Area126 (14) troll 209 22705,,Lyons_Ferry_H,5021,0.44,Nez_PerceT_H,5021,0.31,Methow_R,5026,0.12,Hanford_Reach,5026,0.07,Priest_Rapid_H,5026,0.04
Area126 (14) troll 209 22707,,Coos_H,5011,0.45,Forks_Cr_H,5028,0.07,Westroad,2,0.07,NanaimoSu_BackX,7,0.06,Quilayute_R,5028,0.05
Area126 (14) troll 209 22708,,Hanford_Reach,5026,0.66,Umatilla_H_Fa,5026,0.14,Priest_Rapid_H,5026,0.09,Wenatchee_R_SF,5026,0.05,Umatilla_H,5026,0.02
Area126 (14) troll 209 22709,,Chilliwack_F,3,0.66,Harrison,3,0.34,Sweetin,22,0.00,Forks_Cr_H,5028,0.00,Raft_R,4,0.00
Area126 (14) troll 209 22710,,Trask_R,5015,0.39,Forks_Cr_H,5028,0.28,Nestucca_H,5015,0.14,Kilchis_R,5015,0.09,Alsea_R,5015,0.04
Area126 (14) troll 209 22711,,Trask_R,5015,0.41,Forks_Cr_H,5028,0.32,Nestucca_H,5015,0.06,Quilayute_R,5028,0.04,Kilchis_R,5015,0.04
Area126 (14) troll 209 22713,,Stanislaus_R,5001,0.51,Feather_H_fa,5001,0.11,Nez_PerceT_H,5021,0.09,Battle_Cr,5001,0.08,Umatilla_H,5026,0.06
Area126 (14) troll 209 22714,,Hanford_Reach,5026,0.14,Priest_Rapid_H,5026,0.13,Umatilla_H_Fa,5026,0.13,L_Wh_Sal_H_SF,5026,0.12,Wenatchee_R_SF,5026,0.08
Area126 (14) troll 209 22715,,Wells_H,5026,0.39,Methow_R,5026,0.21,Hanford_Reach,5026,0.16,Priest_Rapid_H,5026,0.14,Umatilla_H_Fa,5026,0.03
Area126 (14) troll 209 22717,,Elk_H,5011,0.69,Sixes_R,5011,0.30,Abernathy_Cr_Fa,5008,0.00,Millicoma_R,5011,0.00,Coos_H,5011,0.00
Area126 (14) troll 209 22719,,Puntledge_F,7,0.38,Hupp_Sp_H,5020,0.15,Grovers_Cr_H,5020,0.11,Cedar_R_SuFa,5020,0.08,Samish_H,5016,0.05
Area126 (14) troll 209 22720,,Lewis_R_Su,5008,0.43,Cowlitz_H_fa,5008,0.19,Lewis_R_LSu,5008,0.17,Washougal_R_Fa,5008,0.11,Coos_H,5011,0.04
Area126 (14) troll 209 22721,,L_Wh_Sal_H_SF,5026,0.62,Priest_Rapid_H,5026,0.10,Hanford_Reach,5026,0.10,Lyons_Ferry_H,5021,0.05,Umatilla_H,5026,0.04
Area126 (14) troll 209 22724,,Hanford_Reach,5026,0.48,Priest_Rapid_H,5026,0.29,Methow_R,5026,0.11,Wells_H,5026,0.05,Umatilla_H_Fa,5026,0.03
Area126 (14) troll 209 22725,,Priest_Rapid_H,5026,0.26,Methow_R,5026,0.25,L_Wh_Sal_H_SF,5026,0.19,Hanford_Reach,5026,0.13,N_Santiam_H,5029,0.06
Area126 (14) troll 209 22726,,NF_Skokomish_F,5005,0.57,George_Adams_H,5005,0.19,Cedar_R_SuFa,5020,0.12,Clear_Cr_H,5020,0.06,Hamma_Hamma_R,5005,0.04
Area126 (14) troll 209 22727,,Spring_Cr_col,5030,0.61,Abernathy_NFH_F,5008,0.16,Washougal_R_Fa,5008,0.12,Harrison,3,0.03,Chilliwack_F,3,0.02
Area126 (14) troll 209 22729,,Priest_Rapid_H,5026,0.30,Wenatchee_R_SF,5026,0.21,Hanford_Reach,5026,0.17,Methow_R,5026,0.13,Umatilla_H_Fa,5026,0.09
Area126 (14) troll 209 22730,,Voights_H,5020,0.35,Cedar_R_SuFa,5020,0.22,Harrison,3,0.12,Chilliwack_F,3,0.10,NF_Skokomish_F,5005,0.05
Area126 (14) troll 209 22731,,Priest_Rapid_H,5026,0.39,Umatilla_H,5026,0.24,Umatilla_H_Fa,5026,0.14,Hanford_Reach,5026,0.13,Methow_R,5026,0.04
Area126 (14) troll 209 22732,,Forks_Cr_H,5028,1.00,Humptulips_H,5028,0.00,,,,,,,,,
Area126 (14) troll 209 22733,,Washougal_R_Fa,5008,0.49,Cowlitz_H_sp,5009,0.37,Cowlitz_H_fa,5008,0.07,Spring_Cr_col,5030,0.03,Abernathy_Cr_Fa,5008,0.01
Area126 (14) troll 209 22734,,Samish_H,5016,0.26,Voights_H,5020,0.19,George_Adams_H,5005,0.18,Hamma_Hamma_R,5005,0.15,Clear_Cr_H,5020,0.10
Area126 (14) troll 209 22735,,Lyons_Ferry_H,5021,0.86,Nez_PerceT_H,5021,0.10,Priest_Rapid_H,5026,0.02,U_Deschutes_R,5004,0.01,Hanford_Reach,5026,0.00
Area126 (14) troll 209 22736,,Hanford_Reach,5026,0.82,Priest_Rapid_H,5026,0.18,Wells_H,5026,0.00,Priest_Rapids_H,5026,0.00,Lyons_Ferry_H,5021,0.00
Area126 (14) troll 209 22737,,Chilliwack_F,3,0.99,Harrison,3,0.01,,,,,,,,,
Area126 (14) troll 209 22740,,Forks_Cr_H,5028,1.00,,,,,,,,,,,,
Area126 (14) troll 209 22743,,Priest_Rapid_H,5026,0.53,Umatilla_H_Fa,5026,0.33,L_Wh_Sal_H_SF,5026,0.12,Hanford_Reach,5026,0.02,Umatilla_H,5026,0.00
Area126 (14) troll 209 22744,,Washougal_R_Fa,5008,0.74,Cowlitz_H_fa,5008,0.19,Lewis_R_Su,5008,0.05,Cowlitz_H_sp,5009,0.01,Green_R_Fa,5008,0.00
Area126 (14) troll 209 22745,,Voights_H,5020,0.63,Cedar_R_SuFa,5020,0.20,Samish_H,5016,0.05,S_Prairie_Cr,5020,0.03,Hamma_Hamma_R,5005,0.03
Area126 (14) troll 209 22747,,Spring_Cr_col,5030,0.71,Abernathy_NFH_F,5008,0.13,Washougal_R_Fa,5008,0.09,Harrison,3,0.02,Elochoman_R_Fa,5008,0.02
Area126 (14) troll 209 22748,,Robertson,8,0.96,Cowichan,7,0.04,Harrison,3,0.00,Big_Qualicum,7,0.00,Puntledge_F,7,0.00
Area126 (14) troll 209 22749,,Lewis_R_Su,5008,0.58,Washougal_R_Fa,5008,0.18,Cowlitz_H_fa,5008,0.15,Abernathy_Cr_Fa,5008,0.04,Abernathy_NFH_F,5008,0.04
Area126 (14) troll 209 22750,,Elk_H,5011,0.70,Sixes_R,5011,0.30,Coquille_R,5011,0.00,,,,,,
Area126 (14) troll 209 22751,,Umatilla_H_Fa,5026,0.95,L_Wh_Sal_H_SF,5026,0.03,Methow_R,5026,0.01,Wells_H,5026,0.00,Cowlitz_H_fa,5008,0.00
Area126 (14) troll 209 22752,,Priest_Rapid_H,5026,0.69,Hanford_Reach,5026,0.23,Nez_PerceT_H,5021,0.02,L_Wh_Sal_H_SF,5026,0.02,Umatilla_H_Fa,5026,0.01
Area126 (14) troll 209 22753,,Lyons_Ferry_H,5021,0.44,L_Wh_Sal_H_SF,5026,0.16,Nez_PerceT_H,5021,0.15,Hanford_Reach,5026,0.10,Priest_Rapid_H,5026,0.07
Area126 (14) troll 209 22754,,Lyons_Ferry_H,5021,0.39,Priest_Rapid_H,5026,0.29,Nez_PerceT_H,5021,0.21,Hanford_Reach,5026,0.07,Umatilla_H_Fa,5026,0.04
Area126 (14) troll 209 22757,,Quilayute_R,5028,0.56,Forks_Cr_H,5028,0.29,Hoh_R,5028,0.10,Queets_R,5028,0.02,Lewis_R_Su,5008,0.01
Area126 (14) troll 209 22758,,Washougal_R_Fa,5008,0.93,Lewis_R_Su,5008,0.03,Green_R_Fa,5008,0.02,Cowlitz_H_fa,5008,0.01,Lewis_R_LSu,5008,0.00
Area126 (14) troll 209 22759,,Coos_H,5011,0.92,Coquille_R,5011,0.07,S_Coos_R,5011,0.00,S_Umpqua_H,5011,0.00,,,
Area126 (14) troll 209 22802,,Coos_H,5011,0.61,Coquille_R,5011,0.12,L_Thompson,5,0.08,Nechako,2,0.04,Harrison,3,0.03
Area126 (14) troll 209 22804,,L_Adams,5,0.89,L_Shuswap,5,0.08,L_Thompson,5,0.01,Little_R,5,0.01,M_Shuswap,5,0.00
Area126 (14) troll 209 22805,,Hanford_Reach,5026,0.66,Wells_H,5026,0.31,Methow_R,5026,0.01,Priest_Rapid_H,5026,0.01,L_Wh_Sal_H_SF,5026,0.01
Area126 (14) troll 209 22808,,Methow_R,5026,0.45,Priest_Rapid_H,5026,0.19,Wells_H,5026,0.19,Wenatchee_R_SF,5026,0.10,Umatilla_H_Fa,5026,0.03
Area126 (14) troll 209 22809,,S_Umpqua_H,5011,0.96,Forks_Cr_H,5028,0.02,Coos_H,5011,0.00,Millicoma_R,5011,0.00,N_Santiam_H,5029,0.00
Area126 (14) troll 211 22202,,Hanford_Reach,5026,0.68,Priest_Rapid_H,5026,0.31,Umatilla_H,5026,0.01,N_Santiam_H,5029,0.00,Washougal_R_Fa,5008,0.00
Area126 (14) troll 211 22203,,Quilayute_R,5028,0.36,Forks_Cr_H,5028,0.21,Coquille_R,5011,0.10,Hoh_R,5028,0.10,Coos_H,5011,0.09
Area126 (14) troll 211 22204,,Voights_H,5020,0.45,Cedar_R_SuFa,5020,0.42,Puntledge_F,7,0.09,Cowichan,7,0.03,Hamma_Hamma_R,5005,0.01
Area126 (14) troll 211 22205,,Spring_Cr_col,5030,0.99,Abernathy_NFH_F,5008,0.01,Abernathy_Cr_Fa,5008,0.00,Washougal_R_Fa,5008,0.00,Elochoman_H,5030,0.00
Area126 (14) troll 211 22207,,Wenatchee_R_SF,5026,0.45,Methow_R,5026,0.17,Priest_Rapid_H,5026,0.12,Wells_H,5026,0.10,Nez_PerceT_H,5021,0.07
Area126 (14) troll 211 22208,,Spring_Cr_col,5030,1.00,Abernathy_NFH_F,5008,0.00,Big_Cr_H_Col,5030,0.00,,,,,,
Area126 (14) troll 211 22210,,Priest_Rapid_H,5026,0.50,Hanford_Reach,5026,0.33,Methow_R,5026,0.06,Wells_H,5026,0.04,Umatilla_H,5026,0.03
Area126 (14) troll 211 22213,,Washougal_R_Fa,5008,0.49,Abernathy_NFH_F,5008,0.40,Spring_Cr_col,5030,0.09,Cowlitz_H_fa,5008,0.01,Green_R_Fa,5008,0.01
Area126 (14) troll 211 22214,,Wenatchee_R_SF,5026,0.42,Methow_R,5026,0.35,Priest_Rapid_H,5026,0.08,Hanford_Reach,5026,0.07,Marion_Drain_Fa,5026,0.05
Area126 (14) troll 211 22215,,Chilliwack_F,3,0.62,Harrison,3,0.38,Chilliwac@Stav,3,0.00,,,,,,
Area126 (14) troll 211 22216,,Cedar_R_SuFa,5020,0.53,Voights_H,5020,0.25,Grovers_Cr_H,5020,0.12,Hamma_Hamma_R,5005,0.03,Soos_H,5020,0.03
Area126 (14) troll 211 22217,,Priest_Rapid_H,5026,0.44,Nez_PerceT_H,5021,0.36,Hanford_Reach,5026,0.09,Methow_R,5026,0.08,Umatilla_H,5026,0.01
Area126 (14) troll 211 22218,,Cedar_R_SuFa,5020,0.94,Grovers_Cr_H,5020,0.05,Voights_H,5020,0.01,George_Adams_H,5005,0.00,NF_Skokomish_F,5005,0.00
Area126 (14) troll 211 22220,,Washougal_R_Fa,5008,0.56,Lewis_R_Su,5008,0.27,Cowlitz_H_fa,5008,0.07,Green_R_Fa,5008,0.05,Elochoman_R_Fa,5008,0.03
Area126 (14) troll 211 22221,,Hanford_Reach,5026,0.55,Priest_Rapid_H,5026,0.42,Umatilla_H,5026,0.01,Wenatchee_R_SF,5026,0.01,L_Wh_Sal_H_SF,5026,0.01
Area126 (14) troll 211 22222,,Nanaimo_F,7,0.56,Quinsam,7,0.21,Cowichan,7,0.13,Puntledge_F,7,0.06,Nanaimo_SU,7,0.05
Area126 (14) troll 211 22223,,Forks_Cr_H,5028,0.99,L_Skagit_R_Fa,5016,0.01,Slamgeesh,19,0.00,Raft_R,4,0.00,U_Sauk_R_SpSu,5016,0.00
Area126 (14) troll 211 22224,,Wenatchee_R_SF,5026,0.31,Hanford_Reach,5026,0.22,Wells_H,5026,0.15,Priest_Rapid_H,5026,0.13,Methow_R,5026,0.12
Area126 (14) troll 211 22225,,Priest_Rapid_H,5026,0.74,Wells_H,5026,0.08,Methow_R,5026,0.08,Umatilla_H,5026,0.06,Nez_PerceT_H,5021,0.01
Area126 (14) troll 211 22227,,Priest_Rapid_H,5026,0.90,Hanford_Reach,5026,0.05,Umatilla_H_Fa,5026,0.05,Wells_H,5026,0.00,L_Wh_Sal_H_SF,5026,0.00
Area126 (14) troll 211 22228,,Forks_Cr_H,5028,0.37,L_Thompson,5,0.36,L_Adams,5,0.10,Millicoma_R,5011,0.05,Little_R,5,0.03
Area126 (14) troll 211 22229,,Lyons_Ferry_H,5021,0.67,Nez_PerceT_H,5021,0.15,L_Wh_Sal_H_SF,5026,0.08,Hanford_Reach,5026,0.04,Umatilla_H,5026,0.02
Area126 (14) troll 211 22230,,George_Adams_H,5005,0.27,NF_Skokomish_F,5005,0.24,Grovers_Cr_H,5020,0.22,Hamma_Hamma_R,5005,0.08,Clear_Cr_H,5020,0.06
Area126 (14) troll 211 22231,,Cowichan,7,0.52,Puntledge_F,7,0.47,Nanaimo_F,7,0.01,L_Thompson,5,0.00,Big_Qualicum,7,0.00
Area126 (14) troll 211 22302,,Tranquil,8,0.43,Kaouk_R,8,0.25,Conuma,8,0.22,Nitinat,8,0.06,Tlupana,8,0.03
Area126 (14) troll 211 22303,,Stuart,2,0.77,Quesnel,2,0.22,Endako,2,0.01,L_Cariboo,2,0.00,Nechako,2,0.00
Area126 (14) troll 211 22304,Dupe with 1736,Conuma,8,0.98,Zeballos,8,0.01,Kaouk_R,8,0.00,Tlupana,8,0.00,Tahsis,8,0.00
Area126 (14) troll 211 22305,,Little_R,5,0.47,L_Thompson,5,0.36,L_Adams,5,0.09,South_Thom,5,0.06,Bessette,5,0.01
Area126 (14) troll 211 22306,,Priest_Rapid_H,5026,0.77,Hanford_Reach,5026,0.16,Methow_R,5026,0.03,Wells_H,5026,0.02,Umatilla_H_Fa,5026,0.02
Area126 (14) troll 211 22307,,Hanford_Reach,5026,0.38,Wells_H,5026,0.31,Methow_R,5026,0.11,Priest_Rapid_H,5026,0.09,Wenatchee_R_SF,5026,0.06
Area126 (14) troll 211 22308,,Nitinat,8,1.00,San_Juan,8,0.00,Sooke,8,0.00,,,,,,
Area126 (14) troll 211 22309,,Conuma,8,0.78,Kaouk_R,8,0.11,Tlupana,8,0.04,Zeballos,8,0.04,Nitinat,8,0.03
Area126 (14) troll 211 22310,,Conuma,8,0.97,Tlupana,8,0.01,Tahsis,8,0.01,Zeballos,8,0.01,Kaouk_R,8,0.00
Area126 (14) troll 211 22311,,Hanford_Reach,5026,0.53,Priest_Rapid_H,5026,0.35,Umatilla_H,5026,0.07,Wells_H,5026,0.02,Methow_R,5026,0.01
Area126 (14) troll 211 22312,,Priest_Rapid_H,5026,0.34,Nez_PerceT_H,5021,0.33,Hanford_Reach,5026,0.17,L_Wh_Sal_H_SF,5026,0.09,Lyons_Ferry_H,5021,0.06
Area126 (14) troll 211 22313,,Hanford_Reach,5026,0.46,Priest_Rapid_H,5026,0.35,Methow_R,5026,0.11,Umatilla_H_Fa,5026,0.04,Wells_H,5026,0.02
Area126 (14) troll 211 22314,,Wenatchee_R_SF,5026,0.51,Wells_H,5026,0.19,Methow_R,5026,0.16,Priest_Rapid_H,5026,0.10,Hanford_Reach,5026,0.02
Area126 (14) troll 211 22315,,Forks_Cr_H,5028,0.52,Hoh_R,5028,0.18,Elk_H,5011,0.07,Sixes_R,5011,0.07,Quilayute_R,5028,0.06
Area126 (14) troll 211 22317,Dupe with 1724,Conuma,8,0.98,Zeballos,8,0.01,Kaouk_R,8,0.00,Tlupana,8,0.00,Tahsis,8,0.00
Area126 (14) troll 211 22318,,Coquille_R,5011,0.96,Coos_H,5011,0.03,Millicoma_R,5011,0.00,S_Umpqua_H,5011,0.00,Trask_R,5015,0.00
Area126 (14) troll 211 22319,,Nez_PerceT_H,5021,0.34,Priest_Rapid_H,5026,0.18,Umatilla_H_Fa,5026,0.15,Hanford_Reach,5026,0.12,Wells_H,5026,0.02
Area126 (14) troll 211 22320,,L_Thompson,5,1.00,South_Thom,5,0.00,Little_R,5,0.00,Neechanze,10,0.00,Snoqualmie_R,5016,0.00
Area126 (14) troll 211 22321,,L_Thompson,5,0.57,Priest_Rapid_H,5026,0.24,Hanford_Reach,5026,0.11,Little_R,5,0.03,Nez_PerceT_H,5021,0.02
Area126 (14) troll 211 22322,,Priest_Rapid_H,5026,0.45,Umatilla_H_Fa,5026,0.18,Wenatchee_R_SF,5026,0.17,Hanford_Reach,5026,0.07,Methow_R,5026,0.04
Area126 (14) troll 211 22323,,Little_R,5,0.48,Wenatchee_R_SF,5026,0.12,L_Adams,5,0.12,Priest_Rapid_H,5026,0.07,S_Umpqua_H,5011,0.06
Area126 (14) troll 211 22324,,Washougal_R_Fa,5008,0.51,Lewis_R_Su,5008,0.24,Cowlitz_H_fa,5008,0.18,Abernathy_Cr_Fa,5008,0.05,Sandy_R,5008,0.01
Area126 (14) troll 211 22326,,L_Thompson,5,0.57,Little_R,5,0.17,Harrison,3,0.11,NanaimoSu_BackX,7,0.08,L_Adams,5,0.02
Area126 (14) troll 211 22327,,L_Adams,5,0.82,Little_R,5,0.14,South_Thom,5,0.03,L_Thompson,5,0.01,,,
Area126 (14) troll 211 22328,,Priest_Rapid_H,5026,0.76,Umatilla_H_Fa,5026,0.22,Lyons_Ferry_H,5021,0.01,Nez_PerceT_H,5021,0.00,Hanford_Reach,5026,0.00
Area126 (14) troll 211 22329,,Cowlitz_H_fa,5008,0.82,Washougal_R_Fa,5008,0.05,Lewis_R_LSu,5008,0.05,Lewis_R_Su,5008,0.03,Abernathy_Cr_Fa,5008,0.02
Area126 (14) troll 211 22330,,Priest_Rapid_H,5026,0.56,Hanford_Reach,5026,0.28,Methow_R,5026,0.08,Umatilla_H_Fa,5026,0.05,Umatilla_H,5026,0.02
Area126 (14) troll 218 21301,,Hanford_Reach,5026,0.57,Priest_Rapid_H,5026,0.25,Umatilla_H,5026,0.10,L_Wh_Sal_H_SF,5026,0.06,Forks_Cr_H,5028,0.03
Area126 (14) troll 218 21302,,Nitinat,8,0.80,San_Juan,8,0.10,Lewis_R_Su,5008,0.03,Washougal_R_Fa,5008,0.02,U_Sauk_R_SpSu,5016,0.01
Area126 (14) troll 218 21303,,Spring_Cr_col,5030,1.00,Umatilla_H_Fa,5026,0.00,Hanford_Reach,5026,0.00,Priest_Rapid_H,5026,0.00,,,
Area126 (14) troll 218 21304,,Methow_R,5026,0.40,Priest_Rapid_H,5026,0.32,L_Thompson,5,0.10,Hanford_Reach,5026,0.09,L_Adams,5,0.03
Area126 (14) troll 218 21305,,George_Adams_H,5005,0.56,NF_Skokomish_F,5005,0.31,Hamma_Hamma_R,5005,0.06,Grovers_Cr_H,5020,0.03,Clear_Cr_H,5020,0.02
Area126 (14) troll 218 21306,,Voights_H,5020,0.37,Samish_H,5016,0.25,Puntledge_F,7,0.08,Cedar_R_SuFa,5020,0.07,L_Skagit_R_Fa,5016,0.05
Area126 (14) troll 218 21307,,Yaquina_R,5015,0.96,Trask_R,5015,0.04,Kilchis_R,5015,0.00,Forks_Cr_H,5028,0.00,Washougal_R_Fa,5008,0.00
Area126 (14) troll 218 21308,,Nitinat,8,1.00,Hoh_R,5028,0.00,,,,,,,,,
Area126 (14) troll 218 21309,,Trask_R,5015,0.54,Alsea_R,5015,0.17,Kilchis_R,5015,0.15,Forks_Cr_H,5028,0.09,Salmon_R_f,5015,0.01
Area126 (14) troll 218 21310,,Millicoma_R,5011,0.44,Forks_Cr_H,5028,0.26,S_Coos_R,5011,0.26,Coos_H,5011,0.02,Umpqua_H,5011,0.00
Area126 (14) troll 218 21311,,Methow_R,5026,0.38,Wenatchee_R_SF,5026,0.25,Priest_Rapid_H,5026,0.18,Wells_H,5026,0.05,Hanford_Reach,5026,0.05
Area126 (14) troll 218 21312,,Voights_H,5020,0.46,Cedar_R_SuFa,5020,0.30,George_Adams_H,5005,0.10,Clear_Cr_H,5020,0.05,Hamma_Hamma_R,5005,0.04
Area126 (14) troll 218 21314,,L_Shuswap,5,0.80,L_Thompson,5,0.12,L_Adams,5,0.05,Little_R,5,0.02,Bessette,5,0.00
Area126 (14) troll 218 21315,,Conuma,8,0.97,Tlupana,8,0.01,Kaouk_R,8,0.01,Tahsis,8,0.00,Burman,8,0.00
Area126 (14) troll 218 21316,,NF_Nooksack_H,5016,1.00,U_Sauk_R_SpSu,5016,0.00,,,,,,,,,
Area126 (14) troll 218 21317,,S_Umpqua_H,5011,0.52,Trask_R,5015,0.45,Yaquina_R,5015,0.01,Alsea_R,5015,0.01,Millicoma_R,5011,0.01
Area126 (14) troll 218 21319,,L_Shuswap,5,1.00,Eagle_R,5,0.00,Little_R,5,0.00,Bessette,5,0.00,L_Adams,5,0.00
Area126 (14) troll 218 21320,,Conuma,8,0.99,Zeballos,8,0.01,Burman,8,0.00,Tlupana,8,0.00,Kaouk_R,8,0.00
Area126 (14) troll 218 21321,,Lewis_R_LSu,5008,0.58,Forks_Cr_H,5028,0.07,Nez_PerceT_H,5021,0.06,Wells_H,5026,0.06,McKenzie_H,5029,0.05
Area126 (14) troll 218 21322,,Coos_H,5011,0.61,S_Umpqua_H,5011,0.24,Hanford_Reach,5026,0.04,Harrison,3,0.03,S_Coos_R,5011,0.03
Area126 (14) troll 218 21323,,Abernathy_NFH_F,5008,0.55,Spring_Cr_col,5030,0.44,Elochoman_R_Fa,5008,0.01,Abernathy_Cr_Fa,5008,0.00,Green_R_Fa,5008,0.00
Area126 (14) troll 218 21324,,Sixes_R,5011,0.50,Elk_H,5011,0.36,Coquille_R,5011,0.13,Trask_R,5015,0.00,S_Umpqua_H,5011,0.00
Area126 (14) troll 218 21325,,Hanford_Reach,5026,0.46,Lyons_Ferry_H,5021,0.34,Priest_Rapid_H,5026,0.10,Wells_H,5026,0.04,Wenatchee_R_SF,5026,0.02
Area126 (14) troll 218 21326,,L_Shuswap,5,0.92,Bessette,5,0.04,M_Shuswap,5,0.01,L_Adams,5,0.01,Eagle_R,5,0.01
Area126 (14) troll 218 21327,,Wenatchee_R_SF,5026,0.57,Methow_R,5026,0.16,L_Thompson,5,0.06,L_Adams,5,0.05,Hanford_Reach,5026,0.04
Area126 (14) troll 218 21328,,Nehalem_R,5015,1.00,,,,,,,,,,,,
Area126 (14) troll 218 21329,,L_Wh_Sal_H_SF,5026,0.33,Hanford_Reach,5026,0.24,Priest_Rapid_H,5026,0.24,Lyons_Ferry_H,5021,0.07,Methow_R,5026,0.04
Area126 (14) troll 218 21330,,San_Juan,8,0.86,Harrison,3,0.07,S_Coos_R,5011,0.01,Umpqua_H,5011,0.01,Grovers_Cr_H,5020,0.01
Area126 (14) troll 218 21331,,L_Shuswap,5,0.98,Bessette,5,0.02,M_Shuswap,5,0.00,Duteau_Cr,5,0.00,L_Thompson,5,0.00
Area126 (14) troll 218 21333,,L_Shuswap,5,0.98,M_Shuswap,5,0.01,Bessette,5,0.01,Duteau_Cr,5,0.00,L_Thompson,5,0.00
Area126 (14) troll 218 21335,,Spring_Cr_col,5030,0.93,Abernathy_NFH_F,5008,0.05,Abernathy_Cr_Fa,5008,0.01,Green_R_Fa,5008,0.00,Elochoman_H,5030,0.00
Area126 (14) troll 218 21336,,Lewis_R_LSu,5008,0.40,Lewis_R_Su,5008,0.35,Washougal_R_Fa,5008,0.21,Sandy_R,5008,0.02,Cowlitz_H_fa,5008,0.01
Area126 (14) troll 218 21337,,Voights_H,5020,0.55,NF_Skokomish_F,5005,0.21,Hamma_Hamma_R,5005,0.16,S_Prairie_Cr,5020,0.03,Soos_H,5020,0.03
Area126 (14) troll 218 21338,,Nitinat,8,0.97,San_Juan,8,0.03,Toquart,8,0.00,,,,,,
Area126 (14) troll 218 21339,,S_Umpqua_H,5011,0.79,Coos_H,5011,0.16,Trask_R,5015,0.02,Alsea_R,5015,0.02,S_Coos_R,5011,0.00
Area126 (14) troll 218 21340,,Hanford_Reach,5026,0.51,Makah_H,5028,0.19,Lewis_R_Su,5008,0.06,Lewis_R_LSu,5008,0.05,Forks_Cr_H,5028,0.04
Area126 (14) troll 218 21341,,Priest_Rapid_H,5026,0.41,Voights_H,5020,0.16,U_Sauk_R_SpSu,5016,0.10,Hamma_Hamma_R,5005,0.07,Clear_Cr_H,5020,0.06
Area126 (14) troll 218 21342,,Yaquina_R,5015,0.99,S_Umpqua_H,5011,0.01,Makah_H,5028,0.00,Stanislaus_R,5001,0.00,Trask_R,5015,0.00
Area126 (14) troll 218 21343,,Nitinat,8,0.97,San_Juan,8,0.03,Coos_H,5011,0.00,Millicoma_R,5011,0.00,Kaouk_R,8,0.00
Area126 (14) troll 218 21346,,George_Adams_H,5005,0.46,Grovers_Cr_H,5020,0.35,NF_Skokomish_F,5005,0.08,Cedar_R_SuFa,5020,0.04,Voights_H,5020,0.02
Area126 (14) troll 218 21348,,Hanford_Reach,5026,0.30,Priest_Rapid_H,5026,0.26,Lyons_Ferry_H,5021,0.15,Umatilla_H_Fa,5026,0.13,Nez_PerceT_H,5021,0.08
Area126 (14) troll 218 21349,,L_Thompson,5,0.96,NanaimoSu_BackX,7,0.04,Little_R,5,0.00,South_Thom,5,0.00,Coos_H,5011,0.00
Area126 (14) troll 218 21351,,Conuma,8,0.86,Kaouk_R,8,0.08,Tlupana,8,0.04,Zeballos,8,0.01,Tahsis,8,0.00
Area126 (14) troll 218 21353,,Quesnel,2,0.58,Nechako,2,0.24,Westroad,2,0.06,Stuart,2,0.05,L_Cariboo,2,0.03
Area126 (14) troll 218 21354,,NF_Nooksack_H,5016,0.58,Coquille_R,5011,0.36,Yaquina_R,5015,0.03,Coos_H,5011,0.02,U_Sauk_R_SpSu,5016,0.00
Area126 (14) troll 218 21355,,Umatilla_H,5026,0.33,Hanford_Reach,5026,0.25,Priest_Rapid_H,5026,0.23,L_Wh_Sal_H_SF,5026,0.12,Umatilla_H_Fa,5026,0.04
Area126 (14) troll 218 21356,,Umatilla_H_Fa,5026,0.34,Hanford_Reach,5026,0.31,Umpqua_H,5011,0.10,Nez_PerceT_H,5021,0.05,Lyons_Ferry_H,5021,0.05
Area126 (14) troll 218 21357,,Lyons_Ferry_H,5021,0.60,Priest_Rapid_H,5026,0.32,Nez_PerceT_H,5021,0.07,Umatilla_H_Fa,5026,0.01,Hanford_Reach,5026,0.00
Area126 (14) troll 218 21358,,Trask_R,5015,0.91,Kilchis_R,5015,0.07,Wilson_R,5015,0.01,Salmon_R_f,5015,0.01,Alsea_R,5015,0.01
Area126 (14) troll 218 21359,,L_Thompson,5,0.91,Little_R,5,0.04,South_Thom,5,0.03,L_Adams,5,0.01,Raft_R,4,0.00
Area126 (14) troll 218 21360,,Voights_H,5020,0.29,Cedar_R_SuFa,5020,0.26,Hamma_Hamma_R,5005,0.21,NF_Skokomish_F,5005,0.12,Samish_H,5016,0.07
Area126 (14) troll 218 21361,,Conuma,8,0.94,Tlupana,8,0.03,Burman,8,0.01,Zeballos,8,0.01,Kaouk_R,8,0.01
Area126 (14) troll 218 21362,,L_Thompson,5,0.38,Little_R,5,0.37,South_Thom,5,0.14,L_Adams,5,0.03,Priest_Rapid_H,5026,0.03
Area126 (14) troll 218 21363,,Hanford_Reach,5026,0.48,Methow_R,5026,0.23,Wenatchee_R_SF,5026,0.17,Priest_Rapid_H,5026,0.07,L_Wh_Sal_H_SF,5026,0.04
Area126 (14) troll 218 21364,,Elk_H,5011,0.63,Sixes_R,5011,0.37,Coos_H,5011,0.00,S_Coos_R,5011,0.00,Coquille_R,5011,0.00
Area126 (14) troll 218 21366,,Spring_Cr_col,5030,0.99,Washougal_R_Fa,5008,0.00,Abernathy_Cr_Fa,5008,0.00,Green_R_Fa,5008,0.00,Cowlitz_H_fa,5008,0.00
Area126 (14) troll 218 21367,,Voights_H,5020,0.39,Samish_H,5016,0.25,Cedar_R_SuFa,5020,0.22,Puntledge_F,7,0.06,S_Prairie_Cr,5020,0.03
Area126 (14) troll 218 21368,,Forks_Cr_H,5028,0.22,Hanford_Reach,5026,0.21,Millicoma_R,5011,0.06,Quilayute_R,5028,0.05,Umatilla_H_Fa,5026,0.05
Area126 (14) troll 218 21369,,Conuma,8,0.99,Tlupana,8,0.01,Kaouk_R,8,0.00,Zeballos,8,0.00,Tahsis,8,0.00
Area126 (14) troll 218 21370,,Forks_Cr_H,5028,0.98,Humptulips_H,5028,0.01,Sixes_R,5011,0.00,Kilchis_R,5015,0.00,Quilayute_R,5028,0.00
Area126 (14) troll 218 21371,,Priest_Rapid_H,5026,0.40,L_Wh_Sal_H_SF,5026,0.30,Umatilla_H,5026,0.07,Lewis_R_Su,5008,0.06,Umatilla_H_Fa,5026,0.04
Area126 (14) troll 218 21373,,Nez_PerceT_H,5021,0.46,Priest_Rapid_H,5026,0.35,Wells_H,5026,0.08,Hanford_Reach,5026,0.07,Lyons_Ferry_H,5021,0.02
Area126 (14) troll 218 21374,,Nitinat,8,1.00,San_Juan,8,0.00,Kaouk_R,8,0.00,,,,,,
Area126 (14) troll 218 21375,,Nehalem_R,5015,1.00,Alsea_R,5015,0.00,Trask_R,5015,0.00,Forks_Cr_H,5028,0.00,,,
Area126 (14) troll 218 21377,,Priest_Rapid_H,5026,0.32,Methow_R,5026,0.19,Wenatchee_R_SF,5026,0.12,Stanislaus_R,5001,0.11,Hanford_Reach,5026,0.10
Area126 (14) troll 218 21380,,Umatilla_H_Fa,5026,0.46,Priest_Rapid_H,5026,0.20,Umatilla_H,5026,0.11,Hanford_Reach,5026,0.09,Wenatchee_R_SF,5026,0.07
Area126 (14) troll 218 21381,,Nehalem_R,5015,1.00,Salmon_R_f,5015,0.00,Forks_Cr_H,5028,0.00,Trask_R,5015,0.00,,,
Area126 (14) troll 218 21382,,L_Thompson,5,0.91,Harrison,3,0.04,Seaskinnish,11,0.02,Teigen,11,0.01,Slamgeesh,19,0.01
Area126 (14) troll 218 21383,,Conuma,8,0.76,Kaouk_R,8,0.15,Tlupana,8,0.07,Zeballos,8,0.01,Nitinat,8,0.00
Area126 (14) troll 218 21384,,Hanford_Reach,5026,0.68,Methow_R,5026,0.15,Priest_Rapid_H,5026,0.06,Wells_H,5026,0.05,Wenatchee_R_SF,5026,0.05
Area126 (14) troll 218 21385,,Nitinat,8,0.74,San_Juan,8,0.25,Kaouk_R,8,0.00,Conuma,8,0.00,Tlupana,8,0.00
Area126 (14) troll 218 21386,,Chilliwack_F,3,0.97,Harrison,3,0.03,,,,,,,,,
Area126 (14) troll 218 21387,,Wells_H,5026,0.29,Umatilla_H_Fa,5026,0.23,Priest_Rapid_H,5026,0.20,Hanford_Reach,5026,0.12,L_Wh_Sal_H_SF,5026,0.10
Area126 (14) troll 218 21388,,Priest_Rapid_H,5026,0.74,Methow_R,5026,0.12,Hanford_Reach,5026,0.03,Lyons_Ferry_H,5021,0.03,Wells_H,5026,0.03
Area126 (14) troll 218 21389,,Priest_Rapid_H,5026,0.40,Wells_H,5026,0.31,Methow_R,5026,0.25,Hanford_Reach,5026,0.02,Umatilla_H_Fa,5026,0.01
Area126 (14) troll 218 21390,,Forks_Cr_H,5028,1.00,Umatilla_H_Fa,5026,0.00,S_Coos_R,5011,0.00,,,,,,
Area126 (14) troll 218 21391,,Yaquina_R,5015,0.76,Lewis_R_Su,5008,0.14,Trask_R,5015,0.06,Coos_H,5011,0.01,Washougal_R_Fa,5008,0.01
Area126 (14) troll 218 21393,,Robertson,8,0.99,Gold_R,8,0.01,Priest_Rapid_H,5026,0.00,Kaouk_R,8,0.00,Zeballos,8,0.00
Area126 (14) troll 218 21395,,Cedar_R_SuFa,5020,0.83,George_Adams_H,5005,0.11,NF_Skokomish_F,5005,0.03,Voights_H,5020,0.01,Bear_Cr_SuFa,5020,0.00
Area126 (14) troll 218 21396,,Harrison,3,0.99,Chilliwack_F,3,0.01,L_Skagit_R_Fa,5016,0.00,NanaimoSu_BackX,7,0.00,Cedar_R_SuFa,5020,0.00
Area126 (14) troll 218 21397,,George_Adams_H,5005,0.85,Grovers_Cr_H,5020,0.10,NF_Skokomish_F,5005,0.03,Voights_H,5020,0.01,Samish_H,5016,0.00
Area126 (14) troll 218 21399,,Washougal_R_Fa,5008,0.35,Nez_PerceT_H,5021,0.19,Hanford_Reach,5026,0.18,Lyons_Ferry_H,5021,0.15,L_Wh_Sal_H_SF,5026,0.04
Area126 (14) troll 218 21400,,San_Juan,8,0.85,Puntledge_F,7,0.06,S_Umpqua_H,5011,0.03,Umpqua_H,5011,0.02,Kaouk_R,8,0.02
Area126 (14) troll 218 21401,,Marion_Drain_Fa,5026,0.41,Nez_PerceT_H,5021,0.17,Hanford_Reach,5026,0.11,Umatilla_H,5026,0.08,Umatilla_H_Fa,5026,0.06
Area126 (14) troll 218 21402,,Harrison,3,0.57,Chilliwack_F,3,0.12,Wells_H,5026,0.10,L_Wh_Sal_H_SF,5026,0.09,Hanford_Reach,5026,0.04
Area126 (14) troll 218 21403,,Cedar_R_SuFa,5020,0.28,Samish_H,5016,0.14,George_Adams_H,5005,0.14,Grovers_Cr_H,5020,0.13,Clear_Cr_H,5020,0.07
Area126 (14) troll 218 21404,,Hanford_Reach,5026,0.28,Wenatchee_R_SF,5026,0.22,Methow_R,5026,0.13,Wells_H,5026,0.13,Priest_Rapid_H,5026,0.10
Area126 (14) troll 218 21405,,Forks_Cr_H,5028,0.48,Yaquina_R,5015,0.25,Trask_R,5015,0.16,Kilchis_R,5015,0.05,NanaimoSu_BackX,7,0.03
Area126 (14) troll 218 21406,,Voights_H,5020,0.50,Cedar_R_SuFa,5020,0.43,L_Skagit_R_Fa,5016,0.02,S_Prairie_Cr,5020,0.02,Soos_H,5020,0.01
Area126 (14) troll 218 21407,,Spring_Cr_col,5030,0.98,Abernathy_NFH_F,5008,0.02,Washougal_R_Fa,5008,0.00,Elochoman_H,5030,0.00,Cowlitz_H_fa,5008,0.00
Area126 (14) troll 218 21408,,Priest_Rapid_H,5026,0.81,Hanford_Reach,5026,0.08,Nez_PerceT_H,5021,0.02,Wells_H,5026,0.02,Methow_R,5026,0.02
Area126 (14) troll 218 21409,,Cedar_R_SuFa,5020,0.91,George_Adams_H,5005,0.05,Grovers_Cr_H,5020,0.02,Coos_H,5011,0.01,Samish_H,5016,0.00
Area126 (14) troll 218 21411,,S_Umpqua_H,5011,0.92,Voights_H,5020,0.02,Harrison,3,0.02,U_Sauk_R_SpSu,5016,0.01,S_Coos_R,5011,0.00
Area126 (14) troll 218 21412,,Applegate_Cr,5019,0.34,Wenatchee_R_SF,5026,0.14,Cole_Rivers_H,5019,0.13,Umpqua_H,5011,0.13,Methow_R,5026,0.09
Area126 (14) troll 218 21413,,Hanford_Reach,5026,0.36,Priest_Rapid_H,5026,0.34,Wenatchee_R_SF,5026,0.08,Umatilla_H_Fa,5026,0.08,Umatilla_H,5026,0.06
Area126 (14) troll 218 21414,,Lewis_R_Su,5008,0.84,Washougal_R_Fa,5008,0.08,Abernathy_NFH_F,5008,0.03,Abernathy_Cr_Fa,5008,0.02,Green_R_Fa,5008,0.02
Area126 (14) troll 218 21415,,Hanford_Reach,5026,0.72,Wenatchee_R_SF,5026,0.09,Methow_R,5026,0.07,Priest_Rapid_H,5026,0.05,Wells_H,5026,0.02
Area126 (14) troll 218 21416,,Spring_Cr_col,5030,0.90,Abernathy_NFH_F,5008,0.08,Abernathy_Cr_Fa,5008,0.02,Washougal_R_Fa,5008,0.00,Green_R_Fa,5008,0.00
Area126 (14) troll 218 21417,,Hanford_Reach,5026,0.79,Wenatchee_R_SF,5026,0.11,Methow_R,5026,0.04,L_Wh_Sal_H_SF,5026,0.02,Wells_H,5026,0.02
Area126 (14) troll 218 21419,,George_Adams_H,5005,0.59,NF_Skokomish_F,5005,0.17,Hamma_Hamma_R,5005,0.09,Cedar_R_SuFa,5020,0.08,Clear_Cr_H,5020,0.04
Area126 (14) troll 218 21420,,S_Umpqua_H,5011,0.86,Washougal_R_Fa,5008,0.09,Lewis_R_Su,5008,0.05,Millicoma_R,5011,0.00,Quilayute_R,5028,0.00
Area126 (14) troll 218 21422,,George_Adams_H,5005,0.73,Cedar_R_SuFa,5020,0.12,Voights_H,5020,0.08,S_Prairie_Cr,5020,0.03,NF_Skokomish_F,5005,0.01
Area126 (14) troll 218 21424,,Harrison,3,0.97,Chilliwack_F,3,0.03,,,,,,,,,
Area126 (14) troll 218 21426,,Clearwater,4,0.43,N_Thom@Main,4,0.27,Chickamin_R,5023,0.12,Hoh_R,5028,0.06,Quilayute_R,5028,0.02
Area126 (14) troll 218 21427,,Feather_H_fa,5001,0.31,Hanford_Reach,5026,0.22,Priest_Rapid_H,5026,0.21,Battle_Cr,5001,0.12,Umatilla_H_Fa,5026,0.09
Area126 (14) troll 218 21430,,Hanford_Reach,5026,0.30,Methow_R,5026,0.19,L_Wh_Sal_H_SF,5026,0.16,Priest_Rapid_H,5026,0.12,McKenzie_H,5029,0.07
Area126 (14) troll 218 21432,,Coos_H,5011,0.82,Coquille_R,5011,0.15,Millicoma_R,5011,0.01,S_Coos_R,5011,0.01,Umpqua_H,5011,0.00
Area126 (14) troll 218 21433,,Spring_Cr_col,5030,0.98,Abernathy_NFH_F,5008,0.01,Cowlitz_H_fa,5008,0.01,Big_Cr_H_Col,5030,0.00,Abernathy_Cr_Fa,5008,0.00
Area126 (14) troll 218 21434,,Voights_H,5020,0.43,George_Adams_H,5005,0.18,NF_Skokomish_F,5005,0.17,Grovers_Cr_H,5020,0.08,Priest_Rapid_H,5026,0.03
Area126 (14) troll 218 21435,,Spring_Cr_col,5030,0.88,Abernathy_NFH_F,5008,0.07,Washougal_R_Fa,5008,0.02,Cowlitz_H_fa,5008,0.01,Abernathy_Cr_Fa,5008,0.00
Area126 (14) troll 218 21436,,Cedar_R_SuFa,5020,0.82,Hamma_Hamma_R,5005,0.06,NF_Skokomish_F,5005,0.06,George_Adams_H,5005,0.03,Samish_H,5016,0.01
Area126 (14) troll 218 21439,,Lewis_R_Su,5008,0.68,Lewis_R_LSu,5008,0.20,Sol_Duc_H,5028,0.04,Coos_H,5011,0.04,Elochoman_R_Fa,5008,0.01
Area126 (14) troll 218 21440,,Priest_Rapid_H,5026,0.44,Umatilla_H_Fa,5026,0.33,Hanford_Reach,5026,0.19,Wells_H,5026,0.01,Wenatchee_R_SF,5026,0.01
Area126 (14) troll 218 21442,,George_Adams_H,5005,0.53,NF_Skokomish_F,5005,0.33,Clear_Cr_H,5020,0.06,Hamma_Hamma_R,5005,0.06,Cedar_R_SuFa,5020,0.02
Area126 (14) troll 218 21443,,Robertson,8,0.99,Kaouk_R,8,0.01,Tlupana,8,0.00,,,,,,
Area126 (14) troll 218 21444,,Priest_Rapid_H,5026,0.46,Nez_PerceT_H,5021,0.21,Lyons_Ferry_H,5021,0.19,Hanford_Reach,5026,0.08,L_Wh_Sal_H_SF,5026,0.01
Area126 (14) troll 218 21445,,Harrison,3,0.47,Priest_Rapid_H,5026,0.16,Umatilla_H_Fa,5026,0.11,Wells_H,5026,0.07,Nez_PerceT_H,5021,0.06
Area126 (14) troll 218 21448,,Forks_Cr_H,5028,0.58,Millicoma_R,5011,0.28,Alsea_R,5015,0.06,S_Coos_R,5011,0.05,Coos_H,5011,0.03
Area126 (14) troll 218 21449,,L_Adams,5,0.49,Little_R,5,0.36,L_Thompson,5,0.09,South_Thom,5,0.05,S_Umpqua_H,5011,0.00
Area126 (14) troll 218 21450,,Spring_Cr_col,5030,0.98,Abernathy_Cr_Fa,5008,0.01,Abernathy_NFH_F,5008,0.00,Washougal_R_Fa,5008,0.00,Green_R_Fa,5008,0.00
Area126 (14) troll 218 21451,,NF_Nooksack_H,5016,1.00,Grovers_Cr_H,5020,0.00,Cedar_R_SuFa,5020,0.00,Lyons_Ferry_H,5021,0.00,,,
Area126 (14) troll 218 21452,,Hanford_Reach,5026,0.53,Priest_Rapid_H,5026,0.42,Umatilla_H,5026,0.02,Coquille_R,5011,0.02,Lyons_Ferry_H,5021,0.01
Area126 (14) troll 218 21453,,Hanford_Reach,5026,0.32,Wells_H,5026,0.20,Umatilla_H_Fa,5026,0.15,Priest_Rapid_H,5026,0.13,Nez_PerceT_H,5021,0.10
Area126 (14) troll 218 21454,,Umatilla_H_Fa,5026,0.42,L_Wh_Sal_H_SF,5026,0.17,Priest_Rapid_H,5026,0.11,Lyons_Ferry_H,5021,0.10,Cedar_R_SuFa,5020,0.05
Area126 (14) troll 218 21455,,Samish_H,5016,0.50,Cedar_R_SuFa,5020,0.25,Voights_H,5020,0.06,Hamma_Hamma_R,5005,0.06,Clear_Cr_H,5020,0.05
Area126 (14) troll 218 21456,,Abernathy_NFH_F,5008,0.55,Spring_Cr_col,5030,0.45,Elochoman_H,5030,0.00,Umatilla_H_Fa,5026,0.00,Elochoman_R_Fa,5008,0.00
Area126 (14) troll 218 21501,,Spring_Cr_col,5030,1.00,Abernathy_NFH_F,5008,0.00,Elochoman_H,5030,0.00,,,,,,
Area126 (14) troll 218 21502,,Trask_R,5015,0.60,Forks_Cr_H,5028,0.13,Coos_H,5011,0.11,Kilchis_R,5015,0.07,S_Umpqua_H,5011,0.03
Area126 (14) troll 218 21503,,Puntledge_F,7,0.84,Big_Qualicum,7,0.06,Cowichan,7,0.04,Samish_H,5016,0.04,Voights_H,5020,0.01
Area126 (14) troll 218 21504,,Elk_H,5011,0.75,Sixes_R,5011,0.20,Coos_H,5011,0.03,S_Umpqua_H,5011,0.01,S_Coos_R,5011,0.01
Area126 (14) troll 64 1,Dupe with 32,Lewis_R_Su,5008,0.50,Hanford_Reach,5026,0.41,Lewis_R_LSu,5008,0.03,Umatilla_H_Fa,5026,0.01,L_Wh_Sal_H_SF,5026,0.01
Area126 (14) troll 64 10,,Sixes_R,5011,0.98,Elk_H,5011,0.02,Coos_H,5011,0.00,,,,,,
Area126 (14) troll 64 100,,Yaquina_R,5015,0.67,Trask_R,5015,0.09,S_Umpqua_H,5011,0.06,Alsea_R,5015,0.06,Forks_Cr_H,5028,0.05
Area126 (14) troll 64 101,,Stanislaus_R,5001,0.43,Feather_H_fa,5001,0.42,Battle_Cr,5001,0.14,Feather_H_sp,5002,0.00,Green_R_Fa,5008,0.00
Area126 (14) troll 64 102,,Stanislaus_R,5001,0.43,Feather_H_fa,5001,0.42,Battle_Cr,5001,0.14,Feather_H_sp,5002,0.00,Green_R_Fa,5008,0.00
Area126 (14) troll 64 103,,L_Shuswap,5,0.92,Little_R,5,0.06,L_Adams,5,0.01,Bessette,5,0.01,L_Thompson,5,0.01
Area126 (14) troll 64 104,,Hanford_Reach,5026,0.56,Umatilla_H_Fa,5026,0.26,Priest_Rapid_H,5026,0.14,Wells_H,5026,0.01,L_Wh_Sal_H_SF,5026,0.01
Area126 (14) troll 64 105,,Nehalem_R,5015,0.99,Trask_R,5015,0.01,,,,,,,,,
Area126 (14) troll 64 106,,N_Santiam_H,5029,0.51,McKenzie_H,5029,0.49,,,,,,,,,
Area126 (14) troll 64 107,,Lyons_Ferry_H,5021,0.37,Hanford_Reach,5026,0.18,Nez_PerceT_H,5021,0.17,Priest_Rapid_H,5026,0.13,L_Wh_Sal_H_SF,5026,0.11
Area126 (14) troll 64 108,,Priest_Rapid_H,5026,0.42,Umatilla_H_Fa,5026,0.17,Wenatchee_R_SF,5026,0.13,Wells_H,5026,0.07,Hanford_Reach,5026,0.04
Area126 (14) troll 64 109,,Forks_Cr_H,5028,0.62,S_Umpqua_H,5011,0.20,Millicoma_R,5011,0.06,Coos_H,5011,0.04,S_Coos_R,5011,0.04
Area126 (14) troll 64 11,,Umatilla_H_Fa,5026,0.28,Priest_Rapid_H,5026,0.24,Hanford_Reach,5026,0.18,Wells_H,5026,0.15,Methow_R,5026,0.10
Area126 (14) troll 64 110,,Spring_Cr_col,5030,1.00,Cowlitz_H_fa,5008,0.00,Green_R_Fa,5008,0.00,Sandy_R,5008,0.00,Priest_Rapid_H,5026,0.00
Area126 (14) troll 64 111,,Hanford_Reach,5026,0.49,Priest_Rapid_H,5026,0.25,Lyons_Ferry_H,5021,0.11,Nez_PerceT_H,5021,0.09,Methow_R,5026,0.03
Area126 (14) troll 64 112,,Methow_R,5026,0.57,Wenatchee_R_SF,5026,0.20,Wells_H,5026,0.15,Hanford_Reach,5026,0.04,Priest_Rapid_H,5026,0.03
Area126 (14) troll 64 113,,Methow_R,5026,0.61,Priest_Rapid_H,5026,0.20,Wenatchee_R_SF,5026,0.13,Umatilla_H_Fa,5026,0.02,Nez_PerceT_H,5021,0.01
Area126 (14) troll 64 114,,Spring_Cr_col,5030,0.99,Cowlitz_H_fa,5008,0.01,Abernathy_NFH_F,5008,0.00,Abernathy_Cr_Fa,5008,0.00,Elochoman_R_Fa,5008,0.00
Area126 (14) troll 64 115,,Priest_Rapid_H,5026,0.50,Lyons_Ferry_H,5021,0.31,Nez_PerceT_H,5021,0.08,Hanford_Reach,5026,0.06,L_Wh_Sal_H_SF,5026,0.04
Area126 (14) troll 64 116,,Slim_C,1,0.62,Yaquina_R,5015,0.31,Coos_H,5011,0.02,Indianpoint,1,0.01,Bowron,1,0.01
Area126 (14) troll 64 117,,Lyons_Ferry_H,5021,0.41,Nez_PerceT_H,5021,0.35,Priest_Rapid_H,5026,0.19,Hanford_Reach,5026,0.04,Umatilla_H_Fa,5026,0.01
Area126 (14) troll 64 118,Number of missing Loci exceeded,,,,,,,,,,,,,,,
Area126 (14) troll 64 119,,Nez_PerceT_H,5021,0.33,Umatilla_H_Fa,5026,0.27,Hanford_Reach,5026,0.24,Wells_H,5026,0.06,Lyons_Ferry_H,5021,0.06
Area126 (14) troll 64 12,,L_Thompson,5,0.95,South_Thom,5,0.02,Stuart,2,0.02,Little_R,5,0.01,Westroad,2,0.00
Area126 (14) troll 64 120,Number of missing Loci exceeded,,,,,,,,,,,,,,,
Area126 (14) troll 64 122,,Hanford_Reach,5026,0.58,Priest_Rapid_H,5026,0.27,L_Wh_Sal_H_SF,5026,0.08,Umatilla_H,5026,0.02,Methow_R,5026,0.01
Area126 (14) troll 64 123,,Hupp_Sp_H,5020,0.55,White_H,5020,0.19,U_Sauk_R_SpSu,5016,0.15,Alsea_R,5015,0.05,Quilayute_R,5028,0.02
Area126 (14) troll 64 124,,McKenzie_H,5029,0.78,N_Santiam_H,5029,0.22,Kalama_H_sp,5009,0.00,,,,,,
Area126 (14) troll 64 125,,Priest_Rapid_H,5026,0.42,Hanford_Reach,5026,0.20,L_Wh_Sal_H_SF,5026,0.13,Methow_R,5026,0.13,Wells_H,5026,0.07
Area126 (14) troll 64 126,,L_Shuswap,5,0.69,Bessette,5,0.30,M_Shuswap,5,0.01,L_Thompson,5,0.00,South_Thom,5,0.00
Area126 (14) troll 64 127,,L_Adams,5,0.91,Little_R,5,0.09,L_Thompson,5,0.00,South_Thom,5,0.00,L_Shuswap,5,0.00
Area126 (14) troll 64 128,,Stanislaus_R,5001,0.66,Feather_H_fa,5001,0.22,Battle_Cr,5001,0.07,Hanford_Reach,5026,0.04,U_Sauk_R_SpSu,5016,0.01
Area126 (14) troll 64 129,Number of missing Loci exceeded,,,,,,,,,,,,,,,
Area126 (14) troll 64 13,,Nez_PerceT_H,5021,0.53,Umatilla_H_Fa,5026,0.22,Wenatchee_R_SF,5026,0.08,L_Wh_Sal_H_SF,5026,0.07,Priest_Rapid_H,5026,0.04
Area126 (14) troll 64 130,,McKenzie_H,5029,0.60,N_Santiam_H,5029,0.40,Cowlitz_H_fa,5008,0.00,,,,,,
Area126 (14) troll 64 131,,Wenatchee_R_SF,5026,0.42,Wells_H,5026,0.19,Methow_R,5026,0.18,Priest_Rapid_H,5026,0.10,Umatilla_H_Fa,5026,0.06
Area126 (14) troll 64 132,,Methow_R,5026,0.38,Priest_Rapid_H,5026,0.34,Hanford_Reach,5026,0.16,Umatilla_H_Fa,5026,0.05,Wells_H,5026,0.02
Area126 (14) troll 64 133,,Methow_R,5026,0.45,Hanford_Reach,5026,0.22,Umatilla_H_Fa,5026,0.19,Priest_Rapid_H,5026,0.07,Umatilla_H,5026,0.03
Area126 (14) troll 64 134,,Priest_Rapid_H,5026,0.80,Hanford_Reach,5026,0.13,Lyons_Ferry_H,5021,0.02,Harrison,3,0.01,Umatilla_H_Fa,5026,0.01
Area126 (14) troll 64 135,,Hanford_Reach,5026,0.39,Priest_Rapid_H,5026,0.36,L_Wh_Sal_H_SF,5026,0.13,Methow_R,5026,0.06,L_Thompson,5,0.02
Area126 (14) troll 64 136,,Methow_R,5026,0.60,Umatilla_H_Fa,5026,0.30,Hanford_Reach,5026,0.08,Wenatchee_R_SF,5026,0.01,Wells_H,5026,0.00
Area126 (14) troll 64 137,,Priest_Rapid_H,5026,0.41,Methow_R,5026,0.24,Wells_H,5026,0.12,Hanford_Reach,5026,0.10,Umatilla_H_Fa,5026,0.06
Area126 (14) troll 64 138,,Methow_R,5026,0.81,Wells_H,5026,0.10,Priest_Rapid_H,5026,0.05,Umatilla_H_Fa,5026,0.02,Hanford_Reach,5026,0.01
Area126 (14) troll 64 139,,Blue,4,0.49,Raft_R,4,0.23,Finn,4,0.11,Barriere,4,0.10,N_Thom@Main,4,0.04
Area126 (14) troll 64 14,,Puntledge_F,7,0.54,Cowichan,7,0.42,Nanaimo_F,7,0.01,Big_Qualicum,7,0.01,Hanford_Reach,5026,0.01
Area126 (14) troll 64 140,,Wenatchee_R_SF,5026,0.86,Wells_H,5026,0.08,Methow_R,5026,0.04,Hanford_Reach,5026,0.01,Priest_Rapid_H,5026,0.01
Area126 (14) troll 64 141,,Conuma,8,0.96,Burman,8,0.01,Zeballos,8,0.01,Tlupana,8,0.01,Tahsis,8,0.00
Area126 (14) troll 64 142,,Quilayute_R,5028,0.63,NanaimoSu_BackX,7,0.09,Hoh_R,5028,0.07,Forks_Cr_H,5028,0.05,Coquille_R,5011,0.03
Area126 (14) troll 64 143,,Hanford_Reach,5026,0.47,Priest_Rapid_H,5026,0.45,Wells_H,5026,0.03,Nez_PerceT_H,5021,0.02,Lyons_Ferry_H,5021,0.01
Area126 (14) troll 64 144,,Priest_Rapid_H,5026,0.42,Methow_R,5026,0.28,Hanford_Reach,5026,0.11,Wenatchee_R_SF,5026,0.09,Wells_H,5026,0.05
Area126 (14) troll 64 145,,Hanford_Reach,5026,0.54,Priest_Rapid_H,5026,0.34,Wenatchee_R_SF,5026,0.10,Wells_H,5026,0.01,L_Wh_Sal_H_SF,5026,0.01
Area126 (14) troll 64 146,,Methow_R,5026,0.63,Hanford_Reach,5026,0.21,Priest_Rapid_H,5026,0.08,Wenatchee_R_SF,5026,0.06,Umatilla_H_Fa,5026,0.01
Area126 (14) troll 64 147,,Hanford_Reach,5026,0.51,Umatilla_H_Fa,5026,0.33,Priest_Rapid_H,5026,0.09,L_Wh_Sal_H_SF,5026,0.03,Nez_PerceT_H,5021,0.02
Area126 (14) troll 64 148,,U_Sauk_R_SpSu,5016,0.98,Harrison,3,0.01,George_Adams_H,5005,0.01,Washougal_R_Fa,5008,0.00,Abernathy_Cr_Fa,5008,0.00
Area126 (14) troll 64 149,,McKenzie_H,5029,0.75,N_Santiam_H,5029,0.12,Hanford_Reach,5026,0.08,Nez_PerceT_H,5021,0.02,Wenatchee_R_SF,5026,0.01
Area126 (14) troll 64 15,Number of missing Loci exceeded,,,,,,,,,,,,,,,
Area126 (14) troll 64 150,,Lewis_R_LSu,5008,0.50,Lewis_R_Su,5008,0.17,Washougal_R_Fa,5008,0.17,Cowlitz_H_fa,5008,0.10,Sol_Duc_H,5028,0.04
Area126 (14) troll 64 151,,Washougal_R_Fa,5008,0.37,Voights_H,5020,0.17,Forks_Cr_H,5028,0.13,Hanford_Reach,5026,0.12,Priest_Rapid_H,5026,0.05
Area126 (14) troll 64 152,,Methow_R,5026,0.35,Wenatchee_R_SF,5026,0.27,Wells_H,5026,0.15,Priest_Rapid_H,5026,0.13,Hanford_Reach,5026,0.09
Area126 (14) troll 64 153,,Stanislaus_R,5001,0.50,Feather_H_fa,5001,0.30,Hanford_Reach,5026,0.09,Priest_Rapid_H,5026,0.05,Battle_Cr,5001,0.03
Area126 (14) troll 64 154,,Hanford_Reach,5026,0.19,Wenatchee_R_SF,5026,0.18,Nez_PerceT_H,5021,0.12,Methow_R,5026,0.11,Umatilla_H_Fa,5026,0.09
Area126 (14) troll 64 155,,Coquille_R,5011,0.73,Yaquina_R,5015,0.16,Coos_H,5011,0.05,S_Umpqua_H,5011,0.04,Millicoma_R,5011,0.01
Area126 (14) troll 64 156,,Hanford_Reach,5026,0.28,Priest_Rapid_H,5026,0.19,Nez_PerceT_H,5021,0.15,Methow_R,5026,0.11,Wells_H,5026,0.09
Area126 (14) troll 64 157,,Priest_Rapid_H,5026,0.45,Hanford_Reach,5026,0.29,Umatilla_H,5026,0.09,Methow_R,5026,0.06,Wells_H,5026,0.04
Area126 (14) troll 64 158,,NF_Skokomish_F,5005,0.40,Cedar_R_SuFa,5020,0.24,George_Adams_H,5005,0.21,Clear_Cr_H,5020,0.05,Grovers_Cr_H,5020,0.03
Area126 (14) troll 64 159,,Priest_Rapid_H,5026,0.59,Wells_H,5026,0.13,Methow_R,5026,0.11,Hanford_Reach,5026,0.06,Wenatchee_R_SF,5026,0.05
Area126 (14) troll 64 16,Dupe with 49,U_Sauk_R_SpSu,5016,0.81,NanaimoSu_BackX,7,0.10,Hanford_Reach,5026,0.02,L_Skagit_R_Fa,5016,0.02,Coos_H,5011,0.01
Area126 (14) troll 64 160,,George_Adams_H,5005,0.71,Grovers_Cr_H,5020,0.18,Hupp_Sp_H,5020,0.05,White_H,5020,0.03,NF_Skokomish_F,5005,0.02
Area126 (14) troll 64 161,,Harrison,3,0.99,Chilliwack_F,3,0.00,Voights_H,5020,0.00,Neechanze,10,0.00,Hanford_Reach,5026,0.00
Area126 (14) troll 64 162,,Wells_H,5026,0.58,Methow_R,5026,0.19,Hanford_Reach,5026,0.10,Priest_Rapid_H,5026,0.10,Wenatchee_R_SF,5026,0.02
Area126 (14) troll 64 163,,Lewis_R_Su,5008,0.69,Washougal_R_Fa,5008,0.17,Lewis_R_LSu,5008,0.11,Abernathy_Cr_Fa,5008,0.01,Sandy_R,5008,0.01
Area126 (14) troll 64 164,,Hanford_Reach,5026,0.49,Priest_Rapid_H,5026,0.20,Methow_R,5026,0.14,Wells_H,5026,0.05,L_Wh_Sal_H_SF,5026,0.03
Area126 (14) troll 64 165,,NF_Nooksack_H,5016,0.98,Coos_H,5011,0.01,Coquille_R,5011,0.00,U_Sauk_R_SpSu,5016,0.00,Cedar_R_SuFa,5020,0.00
Area126 (14) troll 64 166,Number of missing Loci exceeded,,,,,,,,,,,,,,,
Area126 (14) troll 64 167,,Hanford_Reach,5026,0.68,Priest_Rapid_H,5026,0.16,Methow_R,5026,0.06,Wells_H,5026,0.04,L_Wh_Sal_H_SF,5026,0.02
Area126 (14) troll 64 168,,Nez_PerceT_H,5021,0.56,Hanford_Reach,5026,0.26,Lyons_Ferry_H,5021,0.16,Forks_Cr_H,5028,0.00,L_Wh_Sal_H_SF,5026,0.00
Area126 (14) troll 64 169,,Nehalem_R,5015,0.48,Trask_R,5015,0.15,S_Umpqua_H,5011,0.14,Alsea_R,5015,0.08,Millicoma_R,5011,0.05
Area126 (14) troll 64 17,,Priest_Rapid_H,5026,0.56,Umatilla_H,5026,0.16,L_Wh_Sal_H_SF,5026,0.11,Hanford_Reach,5026,0.11,Wells_H,5026,0.04
Area126 (14) troll 64 170,,Hanford_Reach,5026,0.53,Lyons_Ferry_H,5021,0.16,Priest_Rapid_H,5026,0.14,Umatilla_H_Fa,5026,0.08,Wenatchee_R_SF,5026,0.03
Area126 (14) troll 64 171,,Hanford_Reach,5026,0.39,Wells_H,5026,0.38,Wenatchee_R_SF,5026,0.07,Priest_Rapid_H,5026,0.06,Nez_PerceT_H,5021,0.03
Area126 (14) troll 64 172,,Methow_R,5026,0.89,Hanford_Reach,5026,0.05,Priest_Rapid_H,5026,0.03,Wenatchee_R_SF,5026,0.01,Wells_H,5026,0.01
Area126 (14) troll 64 173,,Methow_R,5026,0.58,Priest_Rapid_H,5026,0.30,Hanford_Reach,5026,0.04,Wenatchee_R_SF,5026,0.03,Umatilla_H_Fa,5026,0.03
Area126 (14) troll 64 174,,Priest_Rapid_H,5026,0.43,Wenatchee_R_SF,5026,0.39,Wells_H,5026,0.14,Methow_R,5026,0.02,Hanford_Reach,5026,0.01
Area126 (14) troll 64 175,,Priest_Rapid_H,5026,0.28,Nez_PerceT_H,5021,0.21,Lyons_Ferry_H,5021,0.13,Umatilla_H_Fa,5026,0.10,Methow_R,5026,0.09
Area126 (14) troll 64 176,Dupe with 248,Hanford_Reach,5026,0.78,Wenatchee_R_SF,5026,0.12,Priest_Rapid_H,5026,0.08,Nez_PerceT_H,5021,0.01,Umatilla_H,5026,0.00
Area126 (14) troll 64 177,,Spring_Cr_col,5030,0.99,Green_R_Fa,5008,0.00,N_Santiam_H,5029,0.00,Washougal_R_Fa,5008,0.00,Abernathy_Cr_Fa,5008,0.00
Area126 (14) troll 64 178,,Hanford_Reach,5026,0.47,Umatilla_H_Fa,5026,0.14,Nez_PerceT_H,5021,0.12,Priest_Rapid_H,5026,0.10,Umatilla_H,5026,0.08
Area126 (14) troll 64 179,,Priest_Rapid_H,5026,0.47,Hanford_Reach,5026,0.38,Umatilla_H,5026,0.08,Wenatchee_R_SF,5026,0.02,Methow_R,5026,0.02
Area126 (14) troll 64 18,,Priest_Rapid_H,5026,0.50,Hanford_Reach,5026,0.34,Methow_R,5026,0.06,Nez_PerceT_H,5021,0.04,Wells_H,5026,0.02
Area126 (14) troll 64 180,,Yaquina_R,5015,0.91,Trask_R,5015,0.08,Wilson_R,5015,0.01,Alsea_R,5015,0.00,Salmon_R_f,5015,0.00
Area126 (14) troll 64 181,,McKenzie_H,5029,0.97,N_Santiam_H,5029,0.03,,,,,,,,,
Area126 (14) troll 64 182,,Umatilla_H_Fa,5026,0.43,Hanford_Reach,5026,0.42,Lyons_Ferry_H,5021,0.05,Priest_Rapid_H,5026,0.03,Wells_H,5026,0.02
Area126 (14) troll 64 183,,Stanislaus_R,5001,0.64,Feather_H_fa,5001,0.23,Battle_Cr,5001,0.10,Umatilla_H_Fa,5026,0.01,Marble@NVI,8,0.01
Area126 (14) troll 64 184,,L_Thompson,5,0.42,Trask_R,5015,0.30,Umatilla_H_Fa,5026,0.06,Priest_Rapid_H,5026,0.05,Methow_R,5026,0.03
Area126 (14) troll 64 185,,Lewis_R_Su,5008,0.29,Cowlitz_H_sp,5009,0.10,Umpqua_H,5011,0.10,Umatilla_H_Fa,5026,0.05,Priest_Rapid_H,5026,0.05
Area126 (14) troll 64 186,,Methow_R,5026,0.45,Priest_Rapid_H,5026,0.39,Wenatchee_R_SF,5026,0.11,Hanford_Reach,5026,0.01,Nez_PerceT_H,5021,0.01
Area126 (14) troll 64 187,,Priest_Rapid_H,5026,0.74,Hanford_Reach,5026,0.13,Methow_R,5026,0.05,Umatilla_H_Fa,5026,0.04,Wells_H,5026,0.01
Area126 (14) troll 64 188,,Umatilla_H_Fa,5026,0.24,Hanford_Reach,5026,0.17,Priest_Rapid_H,5026,0.17,Methow_R,5026,0.12,L_Wh_Sal_H_SF,5026,0.09
Area126 (14) troll 64 189,,Conuma,8,0.56,Marble@NVI,8,0.36,Burman,8,0.04,Harrison,3,0.01,Zeballos,8,0.01
Area126 (14) troll 64 19,,Stanislaus_R,5001,0.59,Feather_H_fa,5001,0.25,Hanford_Reach,5026,0.09,Priest_Rapid_H,5026,0.03,Battle_Cr,5001,0.02
Area126 (14) troll 64 190,,S_Umpqua_H,5011,0.47,Umpqua_H,5011,0.45,Sixes_R,5011,0.02,Alsea_R,5015,0.02,Coos_H,5011,0.02
Area126 (14) troll 64 191,,N_Santiam_H,5029,0.75,McKenzie_H,5029,0.25,Priest_Rapid_H,5026,0.00,Umatilla_H_Fa,5026,0.00,Marion_Drain_Fa,5026,0.00
Area126 (14) troll 64 192,,L_Shuswap,5,0.97,Bessette,5,0.03,Duteau_Cr,5,0.00,M_Shuswap,5,0.00,,,
Area126 (14) troll 64 193,,S_Umpqua_H,5011,0.34,Priest_Rapid_H,5026,0.19,Hanford_Reach,5026,0.18,Lewis_R_Su,5008,0.06,Methow_R,5026,0.05
Area126 (14) troll 64 194,,Coos_H,5011,0.73,McKenzie_H,5029,0.11,Umpqua_H,5011,0.07,S_Umpqua_H,5011,0.04,Coquille_R,5011,0.02
Area126 (14) troll 64 195,,Priest_Rapid_H,5026,0.45,Methow_R,5026,0.31,Nez_PerceT_H,5021,0.09,Lyons_Ferry_H,5021,0.04,Wells_H,5026,0.03
Area126 (14) troll 64 196,,Priest_Rapid_H,5026,0.44,Methow_R,5026,0.16,Umatilla_H_Fa,5026,0.09,Wenatchee_R_SF,5026,0.09,Hanford_Reach,5026,0.07
Area126 (14) troll 64 197,,Marion_Drain_Fa,5026,0.47,Umatilla_H,5026,0.14,Nez_PerceT_H,5021,0.11,Hanford_Reach,5026,0.11,Priest_Rapid_H,5026,0.08
Area126 (14) troll 64 198,,Sol_Duc_H,5028,0.88,Washougal_R_Fa,5008,0.08,Lewis_R_Su,5008,0.03,Cowlitz_H_fa,5008,0.00,Green_R_Fa,5008,0.00
Area126 (14) troll 64 199,,Wenatchee_R_SF,5026,0.34,Priest_Rapid_H,5026,0.20,Hanford_Reach,5026,0.14,Methow_R,5026,0.08,Wells_H,5026,0.08
Area126 (14) troll 64 2,,Stanislaus_R,5001,0.80,Priest_Rapid_H,5026,0.06,Wells_H,5026,0.05,Hanford_Reach,5026,0.04,Battle_Cr,5001,0.02
Area126 (14) troll 64 20,,Stanislaus_R,5001,0.87,Feather_H_fa,5001,0.12,Battle_Cr,5001,0.00,Feather_H_sp,5002,0.00,Butte_Cr_f,5001,0.00
Area126 (14) troll 64 200,,Priest_Rapid_H,5026,0.96,Wenatchee_R_SF,5026,0.02,Hanford_Reach,5026,0.01,Umatilla_H_Fa,5026,0.00,Methow_R,5026,0.00
Area126 (14) troll 64 201,,Washougal_R_Fa,5008,0.53,Hanford_Reach,5026,0.20,Lewis_R_Su,5008,0.16,Green_R_Fa,5008,0.06,Priest_Rapid_H,5026,0.03
Area126 (14) troll 64 202,,NF_Skokomish_F,5005,0.65,Cedar_R_SuFa,5020,0.21,Clear_Cr_H,5020,0.06,Hamma_Hamma_R,5005,0.06,Soos_H,5020,0.01
Area126 (14) troll 64 203,,Washougal_R_Fa,5008,0.62,Spring_Cr_col,5030,0.19,Lewis_R_Su,5008,0.04,Abernathy_NFH_F,5008,0.04,Cowlitz_H_fa,5008,0.03
Area126 (14) troll 64 204,,N_Santiam_H,5029,0.46,Cowlitz_H_fa,5008,0.26,Lewis_R_LSu,5008,0.12,McKenzie_H,5029,0.07,Lewis_R_Su,5008,0.04
Area126 (14) troll 64 205,Number of missing Loci exceeded,,,,,,,,,,,,,,,
Area126 (14) troll 64 206,,Wells_H,5026,0.66,Priest_Rapid_H,5026,0.24,Hanford_Reach,5026,0.07,Umatilla_H_Fa,5026,0.02,Methow_R,5026,0.01
Area126 (14) troll 64 207,,Priest_Rapid_H,5026,0.53,Hanford_Reach,5026,0.21,Umatilla_H,5026,0.09,Umatilla_H_Fa,5026,0.06,Methow_R,5026,0.04
Area126 (14) troll 64 208,,Methow_R,5026,0.34,Priest_Rapid_H,5026,0.26,Wells_H,5026,0.20,Wenatchee_R_SF,5026,0.13,Hanford_Reach,5026,0.05
Area126 (14) troll 64 209,,Priest_Rapid_H,5026,0.92,Methow_R,5026,0.04,Wells_H,5026,0.01,Umatilla_H_Fa,5026,0.01,L_Wh_Sal_H_SF,5026,0.00
Area126 (14) troll 64 210,,Methow_R,5026,0.54,Wells_H,5026,0.26,L_Wh_Sal_H_SF,5026,0.08,Hanford_Reach,5026,0.05,Wenatchee_R_SF,5026,0.03
Area126 (14) troll 64 211,,Millicoma_R,5011,0.31,Coos_H,5011,0.17,Umpqua_H,5011,0.17,Trask_R,5015,0.14,Umatilla_H_Fa,5026,0.07
Area126 (14) troll 64 212,,Hanford_Reach,5026,0.35,Priest_Rapid_H,5026,0.23,Methow_R,5026,0.18,Wenatchee_R_SF,5026,0.13,Wells_H,5026,0.05
Area126 (14) troll 64 213,,Priest_Rapid_H,5026,0.37,Marion_Drain_Fa,5026,0.23,Hanford_Reach,5026,0.17,Methow_R,5026,0.08,Umatilla_H_Fa,5026,0.07
Area126 (14) troll 64 214,,Priest_Rapid_H,5026,0.57,Hanford_Reach,5026,0.13,Wells_H,5026,0.09,Umatilla_H,5026,0.05,L_Wh_Sal_H_SF,5026,0.04
Area126 (14) troll 64 216,,George_Adams_H,5005,0.45,Cedar_R_SuFa,5020,0.23,NF_Skokomish_F,5005,0.13,Voights_H,5020,0.09,Grovers_Cr_H,5020,0.04
Area126 (14) troll 64 217,,Priest_Rapid_H,5026,0.53,Hanford_Reach,5026,0.39,Umatilla_H,5026,0.04,Wenatchee_R_SF,5026,0.01,Priest_Rapids_H,5026,0.01
Area126 (14) troll 64 218,,Trask_R,5015,0.69,Millicoma_R,5011,0.30,Forks_Cr_H,5028,0.01,Alsea_R,5015,0.00,Nestucca_H,5015,0.00
Area126 (14) troll 64 219,,Sol_Duc_H,5028,1.00,Abernathy_NFH_F,5008,0.00,,,,,,,,,
Area126 (14) troll 64 22,Number of missing Loci exceeded,,,,,,,,,,,,,,,
Area126 (14) troll 64 220,,Hanford_Reach,5026,0.43,Priest_Rapid_H,5026,0.29,Methow_R,5026,0.13,Umatilla_H_Fa,5026,0.05,Nez_PerceT_H,5021,0.04
Area126 (14) troll 64 221,,Hanford_Reach,5026,0.65,Priest_Rapid_H,5026,0.21,Methow_R,5026,0.09,Wells_H,5026,0.01,Priest_Rapids_H,5026,0.01
Area126 (14) troll 64 222,,Lewis_R_Su,5008,0.81,Cowlitz_H_fa,5008,0.06,Lewis_R_LSu,5008,0.06,Washougal_R_Fa,5008,0.05,Green_R_Fa,5008,0.02
Area126 (14) troll 64 223,,NF_Skokomish_F,5005,0.42,Cedar_R_SuFa,5020,0.26,George_Adams_H,5005,0.23,L_Skagit_R_Fa,5016,0.05,Samish_H,5016,0.01
Area126 (14) troll 64 224,,N_Santiam_H,5029,0.52,McKenzie_H,5029,0.34,Kalama_H_sp,5009,0.15,Cowlitz_H_sp,5009,0.00,Umatilla_H_Fa,5026,0.00
Area126 (14) troll 64 225,,Priest_Rapid_H,5026,0.62,Wenatchee_R_SF,5026,0.09,Methow_R,5026,0.08,Wells_H,5026,0.07,Umatilla_H_Fa,5026,0.05
Area126 (14) troll 64 226,,Lyons_Ferry_H,5021,0.45,Priest_Rapid_H,5026,0.18,Hanford_Reach,5026,0.10,Cedar_R_SuFa,5020,0.06,Nez_PerceT_H,5021,0.06
Area126 (14) troll 64 227,,Umatilla_H_Fa,5026,0.40,Nez_PerceT_H,5021,0.25,Lyons_Ferry_H,5021,0.12,Priest_Rapid_H,5026,0.11,Hanford_Reach,5026,0.06
Area126 (14) troll 64 228,,Wells_H,5026,0.61,Priest_Rapid_H,5026,0.31,Methow_R,5026,0.04,Wenatchee_R_SF,5026,0.02,Hanford_Reach,5026,0.01
Area126 (14) troll 64 229,,Priest_Rapid_H,5026,0.52,Hanford_Reach,5026,0.26,Lyons_Ferry_H,5021,0.11,Umatilla_H_Fa,5026,0.06,Wenatchee_R_SF,5026,0.03
Area126 (14) troll 64 23,Number of missing Loci exceeded,,,,,,,,,,,,,,,
Area126 (14) troll 64 230,,Cowlitz_H_fa,5008,0.74,Abernathy_Cr_Fa,5008,0.17,Washougal_R_Fa,5008,0.07,Lewis_R_Su,5008,0.01,S_Umpqua_H,5011,0.00
Area126 (14) troll 64 231,,Trask_R,5015,0.66,Millicoma_R,5011,0.31,Coos_H,5011,0.01,Umpqua_H,5011,0.01,S_Coos_R,5011,0.00
Area126 (14) troll 64 232,,Cedar_R_SuFa,5020,0.43,George_Adams_H,5005,0.35,Hamma_Hamma_R,5005,0.12,Puntledge_F,7,0.04,Voights_H,5020,0.02
Area126 (14) troll 64 233,,McKenzie_H,5029,1.00,N_Santiam_H,5029,0.00,Kalama_H_sp,5009,0.00,S_Umpqua_H,5011,0.00,Lewis_H_sp,5009,0.00
Area126 (14) troll 64 234,,NF_Skokomish_F,5005,0.37,Grovers_Cr_H,5020,0.32,Cedar_R_SuFa,5020,0.20,Hamma_Hamma_R,5005,0.08,Bear_Cr_SuFa,5020,0.01
Area126 (14) troll 64 235,,Spring_Cr_col,5030,0.99,Abernathy_NFH_F,5008,0.00,Abernathy_Cr_Fa,5008,0.00,Washougal_R_Fa,5008,0.00,Elochoman_H,5030,0.00
Area126 (14) troll 64 236,,Sol_Duc_H,5028,1.00,,,,,,,,,,,,
Area126 (14) troll 64 237,,Hanford_Reach,5026,0.56,Wells_H,5026,0.21,Priest_Rapid_H,5026,0.07,Nez_PerceT_H,5021,0.06,Methow_R,5026,0.05
Area126 (14) troll 64 238,,Washougal_R_Fa,5008,0.90,Green_R_Fa,5008,0.05,Cowlitz_H_fa,5008,0.02,Abernathy_Cr_Fa,5008,0.01,Lewis_R_Su,5008,0.01
Area126 (14) troll 64 239,Number of missing Loci exceeded,,,,,,,,,,,,,,,
Area126 (14) troll 64 24,Number of missing Loci exceeded,,,,,,,,,,,,,,,
Area126 (14) troll 64 240,,N_Santiam_H,5029,0.85,McKenzie_H,5029,0.10,Lewis_H_sp,5009,0.04,Kalama_H_sp,5009,0.00,Cowlitz_H_sp,5009,0.00
Area126 (14) troll 64 241,,NF_Nooksack_H,5016,1.00,,,,,,,,,,,,
Area126 (14) troll 64 242,,Spring_Cr_col,5030,0.89,Abernathy_NFH_F,5008,0.09,Cowlitz_H_fa,5008,0.01,Green_R_Fa,5008,0.00,Abernathy_Cr_Fa,5008,0.00
Area126 (14) troll 64 243,,Forks_Cr_H,5028,0.60,Makah_H,5028,0.10,Grovers_Cr_H,5020,0.05,Abernathy_Cr_Fa,5008,0.04,NanaimoSu_BackX,7,0.04
Area126 (14) troll 64 244,,Wenatchee_R_SF,5026,0.33,Methow_R,5026,0.20,Nez_PerceT_H,5021,0.14,Priest_Rapid_H,5026,0.07,Marion_Drain_Fa,5026,0.05
Area126 (14) troll 64 245,,Spring_Cr_col,5030,0.97,Abernathy_NFH_F,5008,0.03,,,,,,,,,
Area126 (14) troll 64 246,,Methow_R,5026,0.34,Priest_Rapid_H,5026,0.33,Hanford_Reach,5026,0.20,Umatilla_H_Fa,5026,0.04,Wells_H,5026,0.03
Area126 (14) troll 64 247,,Methow_R,5026,0.78,Hanford_Reach,5026,0.11,Wells_H,5026,0.03,Umatilla_H_Fa,5026,0.03,Wenatchee_R_SF,5026,0.02
Area126 (14) troll 64 248,,Green_R_Fa,5008,0.56,Washougal_R_Fa,5008,0.32,Abernathy_Cr_Fa,5008,0.05,Stanislaus_R,5001,0.03,Millicoma_R,5011,0.01
Area126 (14) troll 64 249,,Wenatchee_R_SF,5026,0.30,Priest_Rapid_H,5026,0.28,Hanford_Reach,5026,0.19,Methow_R,5026,0.12,Umatilla_H_Fa,5026,0.06
Area126 (14) troll 64 25,,Conuma,8,0.99,Tlupana,8,0.00,Zeballos,8,0.00,Tahsis,8,0.00,Kaouk_R,8,0.00
Area126 (14) troll 64 250,,NF_Nooksack_H,5016,1.00,S_Umpqua_H,5011,0.00,Yaquina_R,5015,0.00,S_Coos_R,5011,0.00,Elk_H,5011,0.00
Area126 (14) troll 64 251,,Spring_Cr_col,5030,1.00,Abernathy_NFH_F,5008,0.00,Abernathy_Cr_Fa,5008,0.00,Elochoman_H,5030,0.00,Big_Cr_H_Col,5030,0.00
Area126 (14) troll 64 252,,Spring_Cr_col,5030,0.31,Lewis_R_Su,5008,0.15,Cowlitz_H_fa,5008,0.14,Umatilla_H_Fa,5026,0.11,Abernathy_NFH_F,5008,0.05
Area126 (14) troll 64 253,,Grovers_Cr_H,5020,0.27,Wells_H,5026,0.23,Hanford_Reach,5026,0.10,Priest_Rapid_H,5026,0.09,Methow_R,5026,0.06
Area126 (14) troll 64 254,,N_Santiam_H,5029,0.54,McKenzie_H,5029,0.41,S_Umpqua_H,5011,0.02,Umpqua_H,5011,0.01,Umatilla_H,5026,0.00
Area126 (14) troll 64 255,,N_Santiam_H,5029,0.72,Trask_R,5015,0.09,Priest_Rapid_H,5026,0.05,Kalama_H_sp,5009,0.05,Umatilla_H_Fa,5026,0.02
Area126 (14) troll 64 256,,Wells_H,5026,0.26,Hanford_Reach,5026,0.25,Umatilla_H_Fa,5026,0.21,Priest_Rapid_H,5026,0.13,Methow_R,5026,0.06
Area126 (14) troll 64 257,,Priest_Rapid_H,5026,0.78,Voights_H,5020,0.11,L_Thompson,5,0.03,Hanford_Reach,5026,0.02,Umatilla_H_Fa,5026,0.02
Area126 (14) troll 64 258,,Wells_H,5026,0.42,Hanford_Reach,5026,0.41,Methow_R,5026,0.06,Priest_Rapid_H,5026,0.04,Umatilla_H_Fa,5026,0.03
Area126 (14) troll 64 259,,Methow_R,5026,0.80,Hanford_Reach,5026,0.12,Wells_H,5026,0.02,Umatilla_H_Fa,5026,0.02,Wenatchee_R_SF,5026,0.02
Area126 (14) troll 64 26,,Hanford_Reach,5026,0.36,Priest_Rapid_H,5026,0.30,Nez_PerceT_H,5021,0.16,Lyons_Ferry_H,5021,0.10,Stanislaus_R,5001,0.04
Area126 (14) troll 64 260,,Cedar_R_SuFa,5020,0.40,George_Adams_H,5005,0.38,Hamma_Hamma_R,5005,0.12,Puntledge_F,7,0.03,Voights_H,5020,0.02
Area126 (14) troll 64 261,,Grovers_Cr_H,5020,0.28,Wells_H,5026,0.24,Hanford_Reach,5026,0.09,Priest_Rapid_H,5026,0.09,Methow_R,5026,0.06
Area126 (14) troll 64 262,,McKenzie_H,5029,0.78,N_Santiam_H,5029,0.22,,,,,,,,,
Area126 (14) troll 64 263,,NF_Nooksack_H,5016,1.00,,,,,,,,,,,,
Area126 (14) troll 64 264,,NF_Skokomish_F,5005,0.41,George_Adams_H,5005,0.23,Cedar_R_SuFa,5020,0.18,Clear_Cr_H,5020,0.08,N_Santiam_H,5029,0.04
Area126 (14) troll 64 265,,Green_R_Fa,5008,0.33,Washougal_R_Fa,5008,0.22,Lewis_R_LSu,5008,0.14,Lewis_R_Su,5008,0.10,Cowlitz_H_fa,5008,0.07
Area126 (14) troll 64 266,Dupe with 161,Hanford_Reach,5026,0.77,Wenatchee_R_SF,5026,0.13,Priest_Rapid_H,5026,0.08,Nez_PerceT_H,5021,0.01,Umatilla_H,5026,0.00
Area126 (14) troll 64 267,,N_Santiam_H,5029,0.17,S_Umpqua_H,5011,0.10,McKenzie_H,5029,0.07,Lewis_H_sp,5009,0.05,Kalama_H_sp,5009,0.05
Area126 (14) troll 64 268,,Spring_Cr_col,5030,0.77,N_Santiam_H,5029,0.14,Abernathy_NFH_F,5008,0.03,Cowlitz_H_sp,5009,0.01,Green_R_Fa,5008,0.01
Area126 (14) troll 64 269,,Spring_Cr_col,5030,0.79,Washougal_R_Fa,5008,0.09,Abernathy_NFH_F,5008,0.04,Cowlitz_H_fa,5008,0.04,Green_R_Fa,5008,0.01
Area126 (14) troll 64 27,,Umatilla_H_Fa,5026,0.28,L_Wh_Sal_H_SF,5026,0.24,Hanford_Reach,5026,0.17,Priest_Rapid_H,5026,0.10,Wells_H,5026,0.07
Area126 (14) troll 64 270,,Priest_Rapid_H,5026,0.51,Hanford_Reach,5026,0.34,Lewis_R_Su,5008,0.06,Umatilla_H_Fa,5026,0.02,Washougal_R_Fa,5008,0.02
Area126 (14) troll 64 271,,McKenzie_H,5029,0.87,N_Santiam_H,5029,0.12,Umatilla_H_Fa,5026,0.02,Hanford_Reach,5026,0.00,Kalama_H_sp,5009,0.00
Area126 (14) troll 64 272,,Wenatchee_R_SF,5026,0.40,Priest_Rapid_H,5026,0.24,Nez_PerceT_H,5021,0.16,Methow_R,5026,0.09,Wells_H,5026,0.07
Area126 (14) troll 64 274,,N_Santiam_H,5029,0.62,McKenzie_H,5029,0.38,,,,,,,,,
Area126 (14) troll 64 275,,Trask_R,5015,0.56,Millicoma_R,5011,0.30,N_Santiam_H,5029,0.05,Lewis_R_Su,5008,0.03,Umpqua_H,5011,0.02
Area126 (14) troll 64 276,,Spring_Cr_col,5030,1.00,,,,,,,,,,,,
Area126 (14) troll 64 277,,Wenatchee_R_SF,5026,0.30,Hanford_Reach,5026,0.29,Priest_Rapid_H,5026,0.25,Methow_R,5026,0.09,Lyons_Ferry_H,5021,0.02
Area126 (14) troll 64 278,Number of missing Loci exceeded,,,,,,,,,,,,,,,
Area126 (14) troll 64 279,Number of missing Loci exceeded,,,,,,,,,,,,,,,
Area126 (14) troll 64 28,,S_Umpqua_H,5011,0.23,Coos_H,5011,0.15,S_Coos_R,5011,0.14,Trask_R,5015,0.13,Washougal_R_Fa,5008,0.13
Area126 (14) troll 64 281,,Spring_Cr_col,5030,1.00,Abernathy_NFH_F,5008,0.00,Elochoman_H,5030,0.00,,,,,,
Area126 (14) troll 64 282,,Priest_Rapid_H,5026,0.40,Methow_R,5026,0.28,Hanford_Reach,5026,0.22,Wenatchee_R_SF,5026,0.05,Wells_H,5026,0.02
Area126 (14) troll 64 283,,Robertson,8,1.00,Gold_R,8,0.00,Millicoma_R,5011,0.00,Zeballos,8,0.00,,,
Area126 (14) troll 64 284,,L_Wh_Sal_H_SF,5026,0.52,Hanford_Reach,5026,0.28,Umatilla_H_Fa,5026,0.18,Priest_Rapid_H,5026,0.03,Lyons_Ferry_H,5021,0.00
Area126 (14) troll 64 285,,Hanford_Reach,5026,0.57,Priest_Rapid_H,5026,0.22,Wells_H,5026,0.11,Umatilla_H_Fa,5026,0.02,Wenatchee_R_SF,5026,0.02
Area126 (14) troll 64 29,,Stanislaus_R,5001,0.95,Feather_H_fa,5001,0.05,Battle_Cr,5001,0.00,Butte_Cr_f,5001,0.00,,,
Area126 (14) troll 64 3,,NF_Skokomish_F,5005,0.45,Samish_H,5016,0.14,Hamma_Hamma_R,5005,0.10,Voights_H,5020,0.10,Clear_Cr_H,5020,0.09
Area126 (14) troll 64 30,Number of missing Loci exceeded,,,,,,,,,,,,,,,
Area126 (14) troll 64 31,,Sol_Duc_H,5028,0.43,Quilayute_R,5028,0.20,Alsea_R,5015,0.17,Trask_R,5015,0.11,Cowlitz_H_sp,5009,0.03
Area126 (14) troll 64 32,,Hanford_Reach,5026,0.87,Priest_Rapid_H,5026,0.09,Wenatchee_R_SF,5026,0.02,Umatilla_H_Fa,5026,0.01,Methow_R,5026,0.01
Area126 (14) troll 64 33,,Elk_H,5011,0.33,S_Umpqua_H,5011,0.27,Priest_Rapid_H,5026,0.08,Hanford_Reach,5026,0.08,Sixes_R,5011,0.05
Area126 (14) troll 64 34,,Priest_Rapid_H,5026,0.45,Umpqua_H,5011,0.16,Methow_R,5026,0.15,Hanford_Reach,5026,0.10,Nez_PerceT_H,5021,0.06
Area126 (14) troll 64 35,,Lewis_R_LSu,5008,0.47,Washougal_R_Fa,5008,0.16,Cowlitz_H_fa,5008,0.15,Abernathy_Cr_Fa,5008,0.08,Spring_Cr_col,5030,0.05
Area126 (14) troll 64 36,,Priest_Rapid_H,5026,0.29,Umatilla_H_Fa,5026,0.23,Hanford_Reach,5026,0.20,L_Wh_Sal_H_SF,5026,0.11,Wells_H,5026,0.04
Area126 (14) troll 64 37,,S_Umpqua_H,5011,0.33,Lewis_R_Su,5008,0.30,Sol_Duc_H,5028,0.24,Trask_R,5015,0.03,Washougal_R_Fa,5008,0.02
Area126 (14) troll 64 38,,Coquille_R,5011,0.86,Coos_H,5011,0.11,Sixes_R,5011,0.01,Cowlitz_H_fa,5008,0.00,Lewis_R_Su,5008,0.00
Area126 (14) troll 64 39,Dupe with 1,Lewis_R_Su,5008,0.50,Hanford_Reach,5026,0.40,Lewis_R_LSu,5008,0.04,Umatilla_H_Fa,5026,0.01,L_Wh_Sal_H_SF,5026,0.01
Area126 (14) troll 64 4,,N_Santiam_H,5029,0.58,McKenzie_H,5029,0.42,,,,,,,,,
Area126 (14) troll 64 40,,Priest_Rapid_H,5026,0.46,Wenatchee_R_SF,5026,0.27,Hanford_Reach,5026,0.10,Methow_R,5026,0.08,Umatilla_H_Fa,5026,0.06
Area126 (14) troll 64 41,,L_Shuswap,5,0.99,L_Adams,5,0.01,Little_R,5,0.00,South_Thom,5,0.00,L_Thompson,5,0.00
Area126 (14) troll 64 42,,Priest_Rapid_H,5026,0.55,Hanford_Reach,5026,0.33,L_Wh_Sal_H_SF,5026,0.09,U_Deschutes_R,5004,0.01,Lyons_Ferry_H,5021,0.01
Area126 (14) troll 64 43,,Wells_H,5026,0.30,Priest_Rapid_H,5026,0.17,Wenatchee_R_SF,5026,0.17,Methow_R,5026,0.12,Hanford_Reach,5026,0.10
Area126 (14) troll 64 44,,Priest_Rapid_H,5026,0.74,Hanford_Reach,5026,0.16,Nez_PerceT_H,5021,0.04,Umatilla_H,5026,0.03,Umatilla_H_Fa,5026,0.01
Area126 (14) troll 64 45,,Chilliwack_F,3,0.91,Harrison,3,0.09,Cedar_R_SuFa,5020,0.00,,,,,,
Area126 (14) troll 64 46,,Conuma,8,0.88,Tlupana,8,0.08,Kaouk_R,8,0.03,Zeballos,8,0.00,Moyeha_R,8,0.00
Area126 (14) troll 64 47,,Priest_Rapid_H,5026,0.45,Nez_PerceT_H,5021,0.34,Umatilla_H_Fa,5026,0.07,Cedar_R_SuFa,5020,0.04,Hanford_Reach,5026,0.03
Area126 (14) troll 64 48,,Hanford_Reach,5026,0.43,Nez_PerceT_H,5021,0.12,L_Wh_Sal_H_SF,5026,0.12,Priest_Rapid_H,5026,0.11,Wells_H,5026,0.10
Area126 (14) troll 64 49,,Spring_Cr_col,5030,0.62,Washougal_R_Fa,5008,0.27,Abernathy_NFH_F,5008,0.05,Abernathy_Cr_Fa,5008,0.04,Green_R_Fa,5008,0.01
Area126 (14) troll 64 5,,L_Shuswap,5,0.89,Bessette,5,0.09,M_Shuswap,5,0.01,Duteau_Cr,5,0.01,,,
Area126 (14) troll 64 50,,Priest_Rapid_H,5026,0.28,Nez_PerceT_H,5021,0.26,Umatilla_H_Fa,5026,0.12,Lyons_Ferry_H,5021,0.09,Hanford_Reach,5026,0.05
Area126 (14) troll 64 51,,L_Thompson,5,0.88,Little_R,5,0.07,L_Adams,5,0.02,South_Thom,5,0.02,Barriere,4,0.01
Area126 (14) troll 64 52,,NF_Nooksack_H,5016,1.00,,,,,,,,,,,,
Area126 (14) troll 64 53,,Hanford_Reach,5026,0.88,Methow_R,5026,0.07,Priest_Rapid_H,5026,0.02,Lyons_Ferry_H,5021,0.01,Umatilla_H_Fa,5026,0.00
Area126 (14) troll 64 54,,Washougal_R_Fa,5008,0.36,Lewis_R_LSu,5008,0.13,Lewis_R_Su,5008,0.09,Grovers_Cr_H,5020,0.09,George_Adams_H,5005,0.08
Area126 (14) troll 64 55,Dupe with 55,Hanford_Reach,5026,0.76,Priest_Rapid_H,5026,0.18,Nez_PerceT_H,5021,0.02,Umatilla_H_Fa,5026,0.02,Priest_Rapids_H,5026,0.01
Area126 (14) troll 64 56,Dupe with 14,U_Sauk_R_SpSu,5016,0.81,NanaimoSu_BackX,7,0.10,Hanford_Reach,5026,0.02,Coos_H,5011,0.01,L_Skagit_R_Fa,5016,0.01
Area126 (14) troll 64 57,,Wells_H,5026,0.49,Methow_R,5026,0.33,Priest_Rapid_H,5026,0.07,Hanford_Reach,5026,0.04,Wenatchee_R_SF,5026,0.02
Area126 (14) troll 64 58,,Priest_Rapid_H,5026,0.85,Umatilla_H_Fa,5026,0.08,Hanford_Reach,5026,0.03,Lyons_Ferry_H,5021,0.03,Wells_H,5026,0.01
Area126 (14) troll 64 59,Number of missing Loci exceeded,,,,,,,,,,,,,,,
Area126 (14) troll 64 6,Number of missing Loci exceeded,,,,,,,,,,,,,,,
Area126 (14) troll 64 60,,Priest_Rapid_H,5026,0.35,Methow_R,5026,0.33,Wenatchee_R_SF,5026,0.25,Hanford_Reach,5026,0.03,Wells_H,5026,0.02
Area126 (14) troll 64 61,Number of missing Loci exceeded,,,,,,,,,,,,,,,
Area126 (14) troll 64 62,,Priest_Rapid_H,5026,0.39,Methow_R,5026,0.32,Wenatchee_R_SF,5026,0.24,Wells_H,5026,0.01,Hanford_Reach,5026,0.01
Area126 (14) troll 64 63,,Hanford_Reach,5026,0.45,Wells_H,5026,0.35,Umatilla_H_Fa,5026,0.08,Methow_R,5026,0.04,Wenatchee_R_SF,5026,0.03
Area126 (14) troll 64 64,Dupe with 48,Hanford_Reach,5026,0.78,Priest_Rapid_H,5026,0.16,Nez_PerceT_H,5021,0.02,Umatilla_H_Fa,5026,0.01,Priest_Rapids_H,5026,0.01
Area126 (14) troll 64 65,,Cedar_R_SuFa,5020,0.78,U_Sauk_R_SpSu,5016,0.05,Voights_H,5020,0.03,Hamma_Hamma_R,5005,0.02,George_Adams_H,5005,0.02
Area126 (14) troll 64 66,,Wenatchee_R_SF,5026,0.52,Methow_R,5026,0.47,Wells_H,5026,0.01,Priest_Rapid_H,5026,0.00,Umatilla_H_Fa,5026,0.00
Area126 (14) troll 64 67,,Hanford_Reach,5026,0.71,Priest_Rapid_H,5026,0.11,Wells_H,5026,0.08,Methow_R,5026,0.04,Umatilla_H_Fa,5026,0.03
Area126 (14) troll 64 68,,NanaimoSu_BackX,7,0.62,L_Thompson,5,0.08,Slamgeesh,19,0.07,Millicoma_R,5011,0.07,NF_Skokomish_F,5005,0.05
Area126 (14) troll 64 69,Number of missing Loci exceeded,,,,,,,,,,,,,,,
Area126 (14) troll 64 7,,Hanford_Reach,5026,0.82,Umatilla_H_Fa,5026,0.11,Priest_Rapid_H,5026,0.04,Umatilla_H,5026,0.02,Wells_H,5026,0.02
Area126 (14) troll 64 70,,Umatilla_H_Fa,5026,0.52,Priest_Rapid_H,5026,0.42,Hanford_Reach,5026,0.02,Umatilla_H,5026,0.01,Methow_R,5026,0.01
Area126 (14) troll 64 71,,L_Adams,5,0.97,Little_R,5,0.02,L_Shuswap,5,0.01,L_Thompson,5,0.00,Salmon@SA,5,0.00
Area126 (14) troll 64 72,,Wells_H,5026,0.32,Hanford_Reach,5026,0.19,Priest_Rapid_H,5026,0.18,Wenatchee_R_SF,5026,0.13,Methow_R,5026,0.12
Area126 (14) troll 64 73,,Puntledge_F,7,0.78,Cowichan,7,0.14,Nanaimo_F,7,0.05,Big_Qualicum,7,0.03,Nanaimo_SU,7,0.01
Area126 (14) troll 64 74,,L_Shuswap,5,0.97,Bessette,5,0.01,M_Shuswap,5,0.01,Little_R,5,0.00,L_Adams,5,0.00
Area126 (14) troll 64 75,,Coos_H,5011,0.35,Harrison,3,0.32,Chilliwack_F,3,0.22,S_Coos_R,5011,0.03,S_Umpqua_H,5011,0.02
Area126 (14) troll 64 76,,Hanford_Reach,5026,0.69,Priest_Rapid_H,5026,0.13,Nez_PerceT_H,5021,0.07,Wells_H,5026,0.05,Umatilla_H,5026,0.02
Area126 (14) troll 64 77,,Priest_Rapid_H,5026,0.78,Hanford_Reach,5026,0.13,Wells_H,5026,0.04,Methow_R,5026,0.03,Nez_PerceT_H,5021,0.01
Area126 (14) troll 64 78,,Stanislaus_R,5001,0.93,Feather_H_fa,5001,0.03,Battle_Cr,5001,0.02,Hanford_Reach,5026,0.01,Priest_Rapid_H,5026,0.01
Area126 (14) troll 64 79,,Nez_PerceT_H,5021,0.47,Hanford_Reach,5026,0.31,Lyons_Ferry_H,5021,0.18,Priest_Rapid_H,5026,0.02,Umatilla_H,5026,0.01
Area126 (14) troll 64 8,,Coos_H,5011,0.72,Millicoma_R,5011,0.11,Coquille_R,5011,0.09,Trask_R,5015,0.05,S_Coos_R,5011,0.01
Area126 (14) troll 64 80,,Quilayute_R,5028,0.56,Trask_R,5015,0.40,Millicoma_R,5011,0.01,Coos_H,5011,0.01,Hoh_R,5028,0.01
Area126 (14) troll 64 81,,Cowichan,7,0.52,Puntledge_F,7,0.48,Robertson,8,0.00,Nanaimo_F,7,0.00,L_Qualicum,7,0.00
Area126 (14) troll 64 82,,L_Wh_Sal_H_SF,5026,0.34,Priest_Rapid_H,5026,0.22,Hanford_Reach,5026,0.14,Wenatchee_R_SF,5026,0.13,Methow_R,5026,0.09
Area126 (14) troll 64 83,,Bessette,5,0.47,L_Shuswap,5,0.41,M_Shuswap,5,0.08,Duteau_Cr,5,0.03,L_Thompson,5,0.00
Area126 (14) troll 64 84,,Cowlitz_H_fa,5008,0.46,Washougal_R_Fa,5008,0.41,Wells_H,5026,0.07,Green_R_Fa,5008,0.01,Lewis_R_Su,5008,0.01
Area126 (14) troll 64 85,,Methow_R,5026,0.43,Wells_H,5026,0.30,Hanford_Reach,5026,0.12,Priest_Rapid_H,5026,0.11,L_Wh_Sal_H_SF,5026,0.02
Area126 (14) troll 64 86,,S_Umpqua_H,5011,0.49,Umpqua_H,5011,0.43,Sixes_R,5011,0.03,Alsea_R,5015,0.02,Coos_H,5011,0.01
Area126 (14) troll 64 87,,Priest_Rapid_H,5026,0.42,Hanford_Reach,5026,0.32,Methow_R,5026,0.10,Wenatchee_R_SF,5026,0.09,Wells_H,5026,0.04
Area126 (14) troll 64 88,,Abernathy_NFH_F,5008,0.61,Spring_Cr_col,5030,0.32,Elochoman_H,5030,0.04,Washougal_R_Fa,5008,0.02,Abernathy_Cr_Fa,5008,0.01
Area126 (14) troll 64 89,,Wenatchee_R_SF,5026,0.68,Priest_Rapid_H,5026,0.19,Wells_H,5026,0.06,Methow_R,5026,0.03,Nez_PerceT_H,5021,0.02
Area126 (14) troll 64 9,,Methow_R,5026,0.34,Priest_Rapid_H,5026,0.25,Wells_H,5026,0.22,Hanford_Reach,5026,0.10,Wenatchee_R_SF,5026,0.06
Area126 (14) troll 64 90,,Lewis_R_Su,5008,0.94,Lewis_R_LSu,5008,0.02,Cowlitz_H_fa,5008,0.02,N_Santiam_H,5029,0.01,Washougal_R_Fa,5008,0.00
Area126 (14) troll 64 91,,Priest_Rapid_H,5026,0.60,Hanford_Reach,5026,0.34,Wells_H,5026,0.06,Umatilla_H_Fa,5026,0.00,Priest_Rapids_H,5026,0.00
Area126 (14) troll 64 92,,Lewis_R_Su,5008,0.30,Washougal_R_Fa,5008,0.28,Abernathy_Cr_Fa,5008,0.15,Lewis_R_LSu,5008,0.10,Spring_Cr_col,5030,0.08
Area126 (14) troll 64 93,,Priest_Rapid_H,5026,0.80,Hanford_Reach,5026,0.13,Umatilla_H_Fa,5026,0.03,Methow_R,5026,0.03,Wells_H,5026,0.01
Area126 (14) troll 64 94,,L_Shuswap,5,1.00,Bessette,5,0.00,Clearwater,4,0.00,Duteau_Cr,5,0.00,Stuart,2,0.00
Area126 (14) troll 64 95,,Coos_H,5011,0.36,Lewis_R_Su,5008,0.20,McKenzie_H,5029,0.16,N_Santiam_H,5029,0.06,Lewis_R_LSu,5008,0.05
Area126 (14) troll 64 96,,Methow_R,5026,0.52,Wells_H,5026,0.14,Wenatchee_R_SF,5026,0.11,Priest_Rapid_H,5026,0.11,Hanford_Reach,5026,0.05
Area126 (14) troll 64 97,,Priest_Rapid_H,5026,0.55,Umatilla_H_Fa,5026,0.15,Marion_Drain_Fa,5026,0.12,Wells_H,5026,0.08,Umatilla_H,5026,0.05
Area126 (14) troll 64 98,,Robertson,8,1.00,Gold_R,8,0.00,,,,,,,,,
Area126 (14) troll 64 99,,Wells_H,5026,0.45,Priest_Rapid_H,5026,0.28,Hanford_Reach,5026,0.08,Umatilla_H,5026,0.05,Nez_PerceT_H,5021,0.05
Area126 (14) troll 72 801,,N_Santiam_H,5029,0.46,McKenzie_H,5029,0.23,Kalama_H_sp,5009,0.21,Cowlitz_H_sp,5009,0.08,Umpqua_H,5011,0.02
Area126 (14) troll 72 802,,Stanislaus_R,5001,0.74,Hanford_Reach,5026,0.06,Priest_Rapid_H,5026,0.06,Cowlitz_H_sp,5009,0.04,Wenatchee_R_SF,5026,0.02
Area126 (14) troll 72 803,,Methow_R,5026,0.58,Priest_Rapid_H,5026,0.14,Wells_H,5026,0.11,Umatilla_H_Fa,5026,0.07,Hanford_Reach,5026,0.04
Area126 (14) troll 72 804,,Trask_R,5015,0.38,S_Umpqua_H,5011,0.36,Millicoma_R,5011,0.23,Priest_Rapid_H,5026,0.01,Coos_H,5011,0.01
Area126 (14) troll 72 805,,NF_Nooksack_H,5016,1.00,,,,,,,,,,,,
Area126 (14) troll 72 806,,Wenatchee_R_SF,5026,0.68,Priest_Rapid_H,5026,0.12,Methow_R,5026,0.08,Hanford_Reach,5026,0.06,Wells_H,5026,0.05
Area126 (14) troll 72 807,,Washougal_R_Fa,5008,0.69,Cowlitz_H_fa,5008,0.18,Green_R_Fa,5008,0.08,Lewis_R_Su,5008,0.04,Abernathy_Cr_Fa,5008,0.01
Area126 (14) troll 72 808,,Puntledge_F,7,0.23,Voights_H,5020,0.19,Hanford_Reach,5026,0.09,Wenatchee_R_SF,5026,0.09,George_Adams_H,5005,0.09
Area126 (14) troll 72 809,,Cowlitz_H_fa,5008,0.45,Washougal_R_Fa,5008,0.29,Abernathy_Cr_Fa,5008,0.13,Spring_Cr_col,5030,0.07,Lewis_R_Su,5008,0.04
Area126 (14) troll 72 810,,Chilliwack_F,3,0.73,Harrison,3,0.26,Nechako,2,0.00,Abernathy_Cr_Fa,5008,0.00,Abernathy_NFH_F,5008,0.00
Area126 (14) troll 72 811,,Hanford_Reach,5026,0.52,L_Wh_Sal_H_SF,5026,0.14,Priest_Rapid_H,5026,0.13,Umatilla_H,5026,0.09,Lyons_Ferry_H,5021,0.08
Area126 (14) troll 72 812,,Priest_Rapid_H,5026,0.86,Hanford_Reach,5026,0.07,Methow_R,5026,0.06,Wenatchee_R_SF,5026,0.00,Wells_H,5026,0.00
Area126 (14) troll 72 813,,Conuma,8,0.96,Burman,8,0.01,Tlupana,8,0.01,Tahsis,8,0.01,Zeballos,8,0.00
Area126 (14) troll 72 814,,Puntledge_F,7,0.79,Cedar_R_SuFa,5020,0.08,NF_Skokomish_F,5005,0.04,Samish_H,5016,0.03,Big_Qualicum,7,0.03
Area126 (14) troll 72 815,,Priest_Rapid_H,5026,0.48,Hanford_Reach,5026,0.37,Nez_PerceT_H,5021,0.06,Methow_R,5026,0.03,Wells_H,5026,0.02
Area126 (14) troll 72 816,,Priest_Rapid_H,5026,0.52,Methow_R,5026,0.20,Wells_H,5026,0.10,Hanford_Reach,5026,0.06,Nez_PerceT_H,5021,0.05
Area126 (14) troll 72 817,,Priest_Rapid_H,5026,0.99,Methow_R,5026,0.00,Wenatchee_R_SF,5026,0.00,Umatilla_H_Fa,5026,0.00,Priest_Rapids_H,5026,0.00
Area126 (14) troll 72 818,,Lyons_Ferry_H,5021,0.42,Umatilla_H_Fa,5026,0.21,Hanford_Reach,5026,0.20,Wells_H,5026,0.07,Umatilla_H,5026,0.02
Area126 (14) troll 72 819,,Hanford_Reach,5026,0.68,Priest_Rapid_H,5026,0.12,Methow_R,5026,0.09,Wenatchee_R_SF,5026,0.04,Coos_H,5011,0.03
Area126 (14) troll 72 821,,Chilliwack_F,3,0.86,Clearwater,4,0.02,Quilayute_R,5028,0.02,Harrison,3,0.01,N_Thom@Main,4,0.01
Area126 (14) troll 72 822,,L_Wh_Sal_H_SF,5026,0.32,Hanford_Reach,5026,0.32,Priest_Rapid_H,5026,0.20,Umatilla_H_Fa,5026,0.06,Wells_H,5026,0.05
Area126 (14) troll 72 823,,Harrison,3,0.60,Feather_H_fa,5001,0.21,Chilliwack_F,3,0.08,Stanislaus_R,5001,0.04,NanaimoSu_BackX,7,0.02
Area126 (14) troll 72 824,,Wenatchee_R_SF,5026,0.31,Methow_R,5026,0.29,Priest_Rapid_H,5026,0.21,Wells_H,5026,0.16,Hanford_Reach,5026,0.02
Area126 (14) troll 72 826,,Puntledge_F,7,0.85,Big_Qualicum,7,0.08,L_Skagit_R_Fa,5016,0.03,Voights_H,5020,0.02,Harrison,3,0.01
Area126 (14) troll 72 827,,Methow_R,5026,0.34,Wells_H,5026,0.33,Priest_Rapid_H,5026,0.11,Wenatchee_R_SF,5026,0.07,Hanford_Reach,5026,0.07
Area126 (14) troll 72 828,,Harrison,3,0.60,U_Sauk_R_SpSu,5016,0.38,Hoh_R,5028,0.01,Forks_Cr_H,5028,0.00,Slamgeesh,19,0.00
Area126 (14) troll 76 1000,,Spring_Cr_col,5030,0.72,Abernathy_NFH_F,5008,0.28,Washougal_R_Fa,5008,0.00,Abernathy_Cr_Fa,5008,0.00,Elochoman_H,5030,0.00
Area126 (14) troll 76 901,,George_Adams_H,5005,0.29,Cedar_R_SuFa,5020,0.24,Samish_H,5016,0.18,Grovers_Cr_H,5020,0.09,Hamma_Hamma_R,5005,0.08
Area126 (14) troll 76 902,,Robertson,8,0.51,L_Shuswap,5,0.31,L_Adams,5,0.11,Kaouk_R,8,0.02,Conuma,8,0.01
Area126 (14) troll 76 904,,Spring_Cr_col,5030,0.95,Abernathy_NFH_F,5008,0.03,Abernathy_Cr_Fa,5008,0.01,Washougal_R_Fa,5008,0.01,Green_R_Fa,5008,0.01
Area126 (14) troll 76 905,,S_Umpqua_H,5011,0.90,Yaquina_R,5015,0.03,Humptulips_H,5028,0.02,Lewis_R_Su,5008,0.02,Forks_Cr_H,5028,0.01
Area126 (14) troll 76 906,,S_Umpqua_H,5011,0.97,Coquille_R,5011,0.02,Hanford_Reach,5026,0.00,Umatilla_H_Fa,5026,0.00,Elochoman_R_Fa,5008,0.00
Area126 (14) troll 76 908,,Priest_Rapid_H,5026,0.37,Hanford_Reach,5026,0.35,Umatilla_H_Fa,5026,0.18,Methow_R,5026,0.03,Spring_Cr_col,5030,0.02
Area126 (14) troll 76 909,,Chilliwack_F,3,0.72,Harrison,3,0.28,,,,,,,,,
Area126 (14) troll 76 910,,Stuart,2,0.47,Nechako,2,0.36,NanaimoSu_BackX,7,0.08,Coldwater,6,0.03,Quesnel,2,0.03
Area126 (14) troll 76 911,,Wenatchee_R_SF,5026,0.53,Methow_R,5026,0.32,Hanford_Reach,5026,0.06,Priest_Rapid_H,5026,0.05,Wells_H,5026,0.03
Area126 (14) troll 76 914,,Methow_R,5026,0.50,Priest_Rapid_H,5026,0.33,Hanford_Reach,5026,0.05,Wenatchee_R_SF,5026,0.05,L_Wh_Sal_H_SF,5026,0.03
Area126 (14) troll 76 915,,Priest_Rapid_H,5026,0.56,L_Wh_Sal_H_SF,5026,0.30,Hanford_Reach,5026,0.07,Umatilla_H_Fa,5026,0.05,Umatilla_H,5026,0.01
Area126 (14) troll 76 916,,Nez_PerceT_H,5021,0.41,Priest_Rapid_H,5026,0.23,Methow_R,5026,0.22,Wells_H,5026,0.05,Hanford_Reach,5026,0.04
Area126 (14) troll 76 917,,Wenatchee_R_SF,5026,0.80,Wells_H,5026,0.15,Methow_R,5026,0.04,Hanford_Reach,5026,0.01,Priest_Rapids_H,5026,0.00
Area126 (14) troll 76 918,,Slim_C,1,0.64,Quesnel,2,0.06,Chilko,2,0.05,Stuart,2,0.05,Nechako,2,0.04
Area126 (14) troll 76 919,,Methow_R,5026,0.57,Priest_Rapid_H,5026,0.15,Wenatchee_R_SF,5026,0.10,Wells_H,5026,0.09,Hanford_Reach,5026,0.05
Area126 (14) troll 76 920,,Nez_PerceT_H,5021,0.71,Priest_Rapid_H,5026,0.08,Hanford_Reach,5026,0.07,L_Wh_Sal_H_SF,5026,0.04,Lyons_Ferry_H,5021,0.04
Area126 (14) troll 76 921,,Nechako,2,0.53,Baezaeko,2,0.12,Westroad,2,0.11,Stuart,2,0.08,Chilako,2,0.08
Area126 (14) troll 76 922,,Bessette,5,0.42,Little_R,5,0.24,L_Adams,5,0.17,L_Shuswap,5,0.05,Duteau_Cr,5,0.04
Area126 (14) troll 76 923,,Elk_H,5011,1.00,Sixes_R,5011,0.00,S_Coos_R,5011,0.00,Trask_R,5015,0.00,Coquille_R,5011,0.00
Area126 (14) troll 76 924,,Priest_Rapid_H,5026,0.51,Hanford_Reach,5026,0.30,Umatilla_H_Fa,5026,0.07,L_Wh_Sal_H_SF,5026,0.05,Nez_PerceT_H,5021,0.03
Area126 (14) troll 76 925,,Priest_Rapid_H,5026,0.90,Wells_H,5026,0.09,Samish_H,5016,0.00,Washougal_R_Fa,5008,0.00,Wenatchee_R_SF,5026,0.00
Area126 (14) troll 76 926,,Priest_Rapid_H,5026,0.39,Wells_H,5026,0.31,Wenatchee_R_SF,5026,0.29,Hanford_Reach,5026,0.01,Methow_R,5026,0.00
Area126 (14) troll 76 927,,L_Adams,5,0.64,L_Thompson,5,0.23,Little_R,5,0.09,Bessette,5,0.01,South_Thom,5,0.01
Area126 (14) troll 76 928,,Priest_Rapid_H,5026,0.67,Hanford_Reach,5026,0.20,Wenatchee_R_SF,5026,0.04,Lyons_Ferry_H,5021,0.04,Umatilla_H_Fa,5026,0.04
Area126 (14) troll 76 930,,L_Shuswap,5,0.95,L_Adams,5,0.03,Eagle_R,5,0.01,Bessette,5,0.01,Little_R,5,0.00
Area126 (14) troll 76 931,,Conuma,8,0.94,Tlupana,8,0.04,Kaouk_R,8,0.01,Zeballos,8,0.01,Moyeha_R,8,0.01
Area126 (14) troll 76 932,,Hanford_Reach,5026,0.64,Wells_H,5026,0.15,Samish_H,5016,0.08,Priest_Rapid_H,5026,0.06,Methow_R,5026,0.04
Area126 (14) troll 76 933,,L_Thompson,5,0.89,Little_R,5,0.10,NanaimoSu_BackX,7,0.01,L_Adams,5,0.00,Harrison,3,0.00
Area126 (14) troll 76 934,,Marion_Drain_Fa,5026,0.30,Nez_PerceT_H,5021,0.26,Hanford_Reach,5026,0.22,S_Umpqua_H,5011,0.08,Umpqua_H,5011,0.06
Area126 (14) troll 76 935,,Nez_PerceT_H,5021,0.42,Marion_Drain_Fa,5026,0.28,Lyons_Ferry_H,5021,0.18,Priest_Rapid_H,5026,0.04,Elochoman_R_Fa,5008,0.03
Area126 (14) troll 76 936,,Hanford_Reach,5026,0.53,Priest_Rapid_H,5026,0.25,Methow_R,5026,0.20,Umatilla_H_Fa,5026,0.01,L_Wh_Sal_H_SF,5026,0.00
Area126 (14) troll 76 937,,Lewis_R_Su,5008,0.42,Lewis_R_LSu,5008,0.18,McKenzie_H,5029,0.09,S_Umpqua_H,5011,0.09,Lewis_H_sp,5009,0.05
Area126 (14) troll 76 938,,Priest_Rapid_H,5026,0.43,Methow_R,5026,0.36,Wells_H,5026,0.14,Hanford_Reach,5026,0.04,Wenatchee_R_SF,5026,0.02
Area126 (14) troll 76 939,,Conuma,8,0.76,Kaouk_R,8,0.16,Zeballos,8,0.03,Tahsis,8,0.02,Tlupana,8,0.01
Area126 (14) troll 76 940,,L_Shuswap,5,0.95,Bessette,5,0.04,L_Adams,5,0.00,Little_R,5,0.00,Duteau_Cr,5,0.00
Area126 (14) troll 76 942,,Wenatchee_R_SF,5026,0.49,Methow_R,5026,0.29,Wells_H,5026,0.20,Priest_Rapid_H,5026,0.02,Hanford_Reach,5026,0.00
Area126 (14) troll 76 943,,Wenatchee_R_SF,5026,0.37,Wells_H,5026,0.22,Methow_R,5026,0.20,Priest_Rapid_H,5026,0.13,Hanford_Reach,5026,0.05
Area126 (14) troll 76 944,,Forks_Cr_H,5028,0.48,Coquille_R,5011,0.35,Coos_H,5011,0.05,Sixes_R,5011,0.02,Elk_H,5011,0.02
Area126 (14) troll 76 947,,Methow_R,5026,0.82,Priest_Rapid_H,5026,0.06,Wenatchee_R_SF,5026,0.06,Hanford_Reach,5026,0.02,Umatilla_H_Fa,5026,0.02
Area126 (14) troll 76 948,,Methow_R,5026,0.65,Wells_H,5026,0.12,Priest_Rapid_H,5026,0.09,Umatilla_H_Fa,5026,0.06,L_Wh_Sal_H_SF,5026,0.06
Area126 (14) troll 76 951,,Priest_Rapid_H,5026,0.28,Nez_PerceT_H,5021,0.25,Wells_H,5026,0.24,Lyons_Ferry_H,5021,0.17,Methow_R,5026,0.04
Area126 (14) troll 76 952,,Millicoma_R,5011,0.27,Trask_R,5015,0.20,Coos_H,5011,0.13,S_Umpqua_H,5011,0.12,Quilayute_R,5028,0.10
Area126 (14) troll 76 953,,Chilliwack_F,3,0.91,Harrison,3,0.09,U_Sauk_R_SpSu,5016,0.00,,,,,,
Area126 (14) troll 76 954,,Methow_R,5026,0.59,Wenatchee_R_SF,5026,0.22,Wells_H,5026,0.16,Hanford_Reach,5026,0.02,Priest_Rapid_H,5026,0.01
Area126 (14) troll 76 955,,Harrison,3,0.99,Chilliwack_F,3,0.00,Samish_H,5016,0.00,George_Adams_H,5005,0.00,Grovers_Cr_H,5020,0.00
Area126 (14) troll 76 956,,N_Santiam_H,5029,0.95,McKenzie_H,5029,0.02,Kalama_H_sp,5009,0.01,Lewis_H_sp,5009,0.01,Lewis_R_Su,5008,0.00
Area126 (14) troll 76 957,Number of missing Loci exceeded,,,,,,,,,,,,,,,
Area126 (14) troll 76 958,Number of missing Loci exceeded,,,,,,,,,,,,,,,
Area126 (14) troll 76 959,,McKenzie_H,5029,0.98,N_Santiam_H,5029,0.01,Wenatchee_R_SF,5026,0.01,Wells_H,5026,0.00,Hanford_Reach,5026,0.00
Area126 (14) troll 76 960,,N_Santiam_H,5029,0.95,McKenzie_H,5029,0.05,,,,,,,,,
Area126 (14) troll 76 961,,Samish_H,5016,0.77,Cedar_R_SuFa,5020,0.05,Harrison,3,0.05,Voights_H,5020,0.04,Puntledge_F,7,0.03
Area126 (14) troll 76 962,,Methow_R,5026,0.78,Priest_Rapid_H,5026,0.20,Wells_H,5026,0.01,Hanford_Reach,5026,0.01,L_Wh_Sal_H_SF,5026,0.00
Area126 (14) troll 76 963,,NanaimoSu_BackX,7,0.41,L_Wh_Sal_H_SF,5026,0.30,Nez_PerceT_H,5021,0.08,Marion_Drain_Fa,5026,0.07,Hanford_Reach,5026,0.05
Area126 (14) troll 76 964,,Priest_Rapid_H,5026,0.66,Umatilla_H_Fa,5026,0.14,Umatilla_H,5026,0.13,Feather_H_fa,5001,0.02,Sixes_R,5011,0.02
Area126 (14) troll 76 965,,Lewis_R_Su,5008,0.31,S_Umpqua_H,5011,0.20,Yaquina_R,5015,0.10,Lewis_R_LSu,5008,0.08,Millicoma_R,5011,0.06
Area126 (14) troll 76 966,,L_Shuswap,5,0.87,L_Thompson,5,0.06,L_Adams,5,0.02,Little_R,5,0.02,M_Shuswap,5,0.01
Area126 (14) troll 76 967,,Clearwater,4,1.00,N_Thom@Main,4,0.00,Seymour@Thomp,5,0.00,Finn,4,0.00,Duteau_Cr,5,0.00
Area126 (14) troll 76 968,,Conuma,8,0.90,Tlupana,8,0.04,Kaouk_R,8,0.03,Zeballos,8,0.02,Burman,8,0.00
Area126 (14) troll 76 969,Number of missing Loci exceeded,,,,,,,,,,,,,,,
Area126 (14) troll 76 970,,Quesnel,2,0.69,Stuart,2,0.23,L_Cariboo,2,0.07,Nechako,2,0.01,Westroad,2,0.00
Area126 (14) troll 76 971,,Cowlitz_H_fa,5008,0.40,Lewis_R_LSu,5008,0.21,Lewis_R_Su,5008,0.19,Washougal_R_Fa,5008,0.13,Green_R_Fa,5008,0.04
Area126 (14) troll 76 972,,L_Shuswap,5,0.98,Bessette,5,0.02,L_Adams,5,0.00,M_Shuswap,5,0.00,Little_R,5,0.00
Area126 (14) troll 76 973,,Priest_Rapid_H,5026,0.30,Methow_R,5026,0.26,Wenatchee_R_SF,5026,0.17,Umatilla_H_Fa,5026,0.15,Hanford_Reach,5026,0.03
Area126 (14) troll 76 974,,Washougal_R_Fa,5008,0.80,Green_R_Fa,5008,0.18,Lewis_R_Su,5008,0.01,Cowlitz_H_fa,5008,0.01,Abernathy_Cr_Fa,5008,0.00
Area126 (14) troll 76 975,,Spring_Cr_col,5030,0.83,Abernathy_Cr_Fa,5008,0.08,Washougal_R_Fa,5008,0.05,Abernathy_NFH_F,5008,0.03,Lewis_R_Su,5008,0.00
Area126 (14) troll 76 976,,Chilliwack_F,3,0.67,Wenatchee_R_SF,5026,0.05,Harrison,3,0.05,Voights_H,5020,0.04,U_Sauk_R_SpSu,5016,0.03
Area126 (14) troll 76 977,,Stuart,2,0.79,Nechako,2,0.06,Harrison,3,0.04,Neechanze,10,0.04,Kildala,10,0.01
Area126 (14) troll 76 978,,Cedar_R_SuFa,5020,0.63,Hamma_Hamma_R,5005,0.14,Voights_H,5020,0.11,Clear_Cr_H,5020,0.06,Samish_H,5016,0.03
Area126 (14) troll 76 979,,Harrison,3,0.98,L_Thompson,5,0.01,Little_R,5,0.00,L_Adams,5,0.00,Clearwater,4,0.00
Area126 (14) troll 76 980,,L_Thompson,5,0.74,N_Thom@Main,4,0.08,Hanford_Reach,5026,0.08,Forks_Cr_H,5028,0.03,South_Thom,5,0.02
Area126 (14) troll 76 981,,N_Santiam_H,5029,0.98,McKenzie_H,5029,0.02,Methow_R,5026,0.00,Nez_PerceT_H,5021,0.00,Umatilla_H_Fa,5026,0.00
Area126 (14) troll 76 982,,L_Wh_Sal_H_SF,5026,0.97,Umatilla_H,5026,0.02,Nez_PerceT_H,5021,0.00,Hanford_Reach,5026,0.00,Priest_Rapid_H,5026,0.00
Area126 (14) troll 76 983,,Priest_Rapid_H,5026,0.55,Hanford_Reach,5026,0.13,Methow_R,5026,0.09,Wenatchee_R_SF,5026,0.05,Nez_PerceT_H,5021,0.05
Area126 (14) troll 76 984,,Trask_R,5015,0.43,S_Umpqua_H,5011,0.13,Forks_Cr_H,5028,0.11,S_Coos_R,5011,0.08,Millicoma_R,5011,0.07
Area126 (14) troll 76 985,,Conuma,8,0.77,Kaouk_R,8,0.18,Tlupana,8,0.03,Zeballos,8,0.01,Tahsis,8,0.01
Area126 (14) troll 76 986,,Priest_Rapid_H,5026,0.55,Methow_R,5026,0.17,Wells_H,5026,0.14,Nez_PerceT_H,5021,0.06,Hanford_Reach,5026,0.05
Area126 (14) troll 76 987,,Priest_Rapid_H,5026,0.78,Hanford_Reach,5026,0.09,L_Wh_Sal_H_SF,5026,0.04,Wells_H,5026,0.03,Marion_Drain_Fa,5026,0.01
Area126 (14) troll 76 988,,Coldwater,6,0.90,U_Coldwat_SP,6,0.04,Spius,6,0.04,Nicola,6,0.01,U_Spius_SP,6,0.01
Area126 (14) troll 76 989,,Priest_Rapid_H,5026,0.84,Methow_R,5026,0.07,Nez_PerceT_H,5021,0.03,Hanford_Reach,5026,0.03,Lyons_Ferry_H,5021,0.01
Area126 (14) troll 76 990,,Cowlitz_H_fa,5008,0.63,Washougal_R_Fa,5008,0.09,Spring_Cr_col,5030,0.07,Green_R_Fa,5008,0.07,Kalama_H_sp,5009,0.06
Area126 (14) troll 76 991,,Hanford_Reach,5026,0.54,Priest_Rapid_H,5026,0.23,Wells_H,5026,0.08,Nez_PerceT_H,5021,0.06,Umatilla_H_Fa,5026,0.05
Area126 (14) troll 76 992,Number of missing Loci exceeded,,,,,,,,,,,,,,,
Area126 (14) troll 76 993,,Forks_Cr_H,5028,0.36,Trask_R,5015,0.29,Yaquina_R,5015,0.17,Alsea_R,5015,0.14,Kilchis_R,5015,0.02
Area126 (14) troll 76 994,,Samish_H,5016,0.41,Harrison,3,0.15,George_Adams_H,5005,0.11,Cedar_R_SuFa,5020,0.11,Voights_H,5020,0.07
Area126 (14) troll 76 995,,Hanford_Reach,5026,0.27,Priest_Rapid_H,5026,0.24,NanaimoSu_BackX,7,0.19,L_Wh_Sal_H_SF,5026,0.08,Umatilla_H,5026,0.06
Area126 (14) troll 76 996,,Wenatchee_R_SF,5026,0.46,Methow_R,5026,0.40,Wells_H,5026,0.08,Hanford_Reach,5026,0.03,Priest_Rapid_H,5026,0.02
Area126 (14) troll 76 997,,Wells_H,5026,0.59,Priest_Rapid_H,5026,0.33,Umatilla_H,5026,0.04,Hanford_Reach,5026,0.01,L_Wh_Sal_H_SF,5026,0.01
Area126 (14) troll 76 998,,Green_R_Fa,5008,0.31,Cowlitz_H_fa,5008,0.26,Abernathy_Cr_Fa,5008,0.13,Washougal_R_Fa,5008,0.12,Lewis_R_LSu,5008,0.06
Area126 (14) troll 76 999,,Priest_Rapid_H,5026,0.46,Methow_R,5026,0.29,Wells_H,5026,0.11,Hanford_Reach,5026,0.07,Wenatchee_R_SF,5026,0.05
,,,,,,,,,,,,,,,,
Sample: 53, Area127,2014, troll, Apr24-Sep18,,,,,,,,,,,,
Area127 (14) troll 114 1745,,Big_Cr_H_Col,5030,0.39,Cowlitz_H_fa,5008,0.12,Washougal_R_Fa,5008,0.11,Abernathy_NFH_F,5008,0.10,Spring_Cr_col,5030,0.10
Area127 (14) troll 114 1746,,Priest_Rapid_H,5026,0.26,Wells_H,5026,0.22,Methow_R,5026,0.22,Hanford_Reach,5026,0.13,Umatilla_H_Fa,5026,0.12
Area127 (14) troll 114 1751,Number of missing Loci exceeded,,,,,,,,,,,,,,,
Area127 (14) troll 114 1758,,S_Umpqua_H,5011,0.76,Coos_H,5011,0.12,Hanford_Reach,5026,0.03,Trask_R,5015,0.03,Forks_Cr_H,5028,0.03
Area127 (14) troll 114 1760,,Priest_Rapid_H,5026,0.88,Hanford_Reach,5026,0.05,Methow_R,5026,0.03,Umatilla_H_Fa,5026,0.02,Wells_H,5026,0.01
Area127 (14) troll 114 1762,,Spring_Cr_col,5030,0.48,Big_Cr_H_Col,5030,0.33,Abernathy_NFH_F,5008,0.18,Lewis_R_Su,5008,0.01,Abernathy_Cr_Fa,5008,0.00
Area127 (14) troll 114 1763,Number of missing Loci exceeded,,,,,,,,,,,,,,,
Area127 (14) troll 114 1766,,Priest_Rapid_H,5026,0.63,Hanford_Reach,5026,0.26,Wells_H,5026,0.06,Umatilla_H_Fa,5026,0.05,Priest_Rapids_H,5026,0.00
Area127 (14) troll 119 1404,,Priest_Rapid_H,5026,0.55,Wells_H,5026,0.33,Methow_R,5026,0.04,Nez_PerceT_H,5021,0.03,Umatilla_H_Fa,5026,0.02
Area127 (14) troll 119 1405,,Umatilla_H_Fa,5026,0.61,Priest_Rapid_H,5026,0.16,Hanford_Reach,5026,0.13,Nez_PerceT_H,5021,0.09,Methow_R,5026,0.02
Area127 (14) troll 119 1406,,George_Adams_H,5005,0.36,Wells_H,5026,0.22,Soos_H,5020,0.18,Methow_R,5026,0.09,NF_Skokomish_F,5005,0.06
Area127 (14) troll 119 1408,,Methow_R,5026,0.67,Wells_H,5026,0.17,Priest_Rapid_H,5026,0.09,Hanford_Reach,5026,0.05,Umatilla_H_Fa,5026,0.01
Area127 (14) troll 119 1412,,Wells_H,5026,0.58,Methow_R,5026,0.13,Wenatchee_R_SF,5026,0.11,Priest_Rapid_H,5026,0.08,Nez_PerceT_H,5021,0.05
Area127 (14) troll 119 1421,,Conuma,8,0.96,Burman,8,0.01,Zeballos,8,0.01,Tahsis,8,0.01,Kaouk_R,8,0.00
Area127 (14) troll 119 1424,,L_Shuswap,5,1.00,M_Shuswap,5,0.00,Bessette,5,0.00,,,,,,
Area127 (14) troll 119 1425,,Wells_H,5026,0.34,Hanford_Reach,5026,0.19,Nez_PerceT_H,5021,0.18,Priest_Rapid_H,5026,0.12,Umatilla_H_Fa,5026,0.09
Area127 (14) troll 119 1426,,Hanford_Reach,5026,0.65,L_Wh_Sal_H_SF,5026,0.14,Methow_R,5026,0.11,Priest_Rapid_H,5026,0.06,Lyons_Ferry_H,5021,0.01
Area127 (14) troll 119 1427,,Priest_Rapid_H,5026,0.38,Nez_PerceT_H,5021,0.34,Hanford_Reach,5026,0.16,Lyons_Ferry_H,5021,0.06,Umatilla_H_Fa,5026,0.05
Area127 (14) troll 119 1429,,George_Adams_H,5005,0.61,Soos_H,5020,0.18,S_Prairie_Cr,5020,0.08,Dungeness_R,5006,0.03,Snoqualmie_R,5016,0.03
Area127 (14) troll 119 1431,,Hanford_Reach,5026,0.28,Umatilla_H_Fa,5026,0.24,Priest_Rapid_H,5026,0.24,Nez_PerceT_H,5021,0.20,Priest_Rapids_H,5026,0.01
Area127 (14) troll 119 1433,,Conuma,8,0.99,Moyeha_R,8,0.00,Zeballos,8,0.00,Tranquil,8,0.00,Kaouk_R,8,0.00
Area127 (14) troll 119 1436,,Wells_H,5026,0.86,Methow_R,5026,0.06,Wenatchee_R_SF,5026,0.03,Priest_Rapid_H,5026,0.02,Hanford_Reach,5026,0.02
Area127 (14) troll 119 1438,,Wells_H,5026,0.82,Methow_R,5026,0.16,Hanford_Reach,5026,0.01,Priest_Rapid_H,5026,0.01,Nez_PerceT_H,5021,0.00
Area127 (14) troll 119 1439,,Priest_Rapid_H,5026,0.93,Hanford_Reach,5026,0.05,Nez_PerceT_H,5021,0.02,L_Wh_Sal_H_SF,5026,0.00,McKenzie_H,5029,0.00
Area127 (14) troll 119 1441,,Hanford_Reach,5026,0.64,Priest_Rapid_H,5026,0.20,Umatilla_H_Fa,5026,0.07,Nez_PerceT_H,5021,0.07,Lyons_Ferry_H,5021,0.02
Area127 (14) troll 119 1444,,Wells_H,5026,0.32,Priest_Rapid_H,5026,0.28,Methow_R,5026,0.19,Hanford_Reach,5026,0.09,Cowlitz_H_fa,5008,0.03
Area127 (14) troll 119 1445,,Priest_Rapid_H,5026,0.45,Wells_H,5026,0.26,Umatilla_H_Fa,5026,0.21,L_Wh_Sal_H_SF,5026,0.03,Wenatchee_R_SF,5026,0.03
Area127 (14) troll 119 1451,,Conuma,8,1.00,Moyeha_R,8,0.00,,,,,,,,,
Area127 (14) troll 119 1452,,Methow_R,5026,0.43,Priest_Rapid_H,5026,0.32,Wells_H,5026,0.17,Hanford_Reach,5026,0.06,Umatilla_H_Fa,5026,0.02
Area127 (14) troll 119 1454,,Conuma,8,0.99,Kaouk_R,8,0.00,Zeballos,8,0.00,Burman,8,0.00,Kennedy,8,0.00
Area127 (14) troll 119 1458,,Priest_Rapid_H,5026,0.59,Hanford_Reach,5026,0.34,Wells_H,5026,0.05,Umatilla_H_Fa,5026,0.01,Priest_Rapids_H,5026,0.00
Area127 (14) troll 119 1466,,Wells_H,5026,0.60,Priest_Rapid_H,5026,0.18,Hanford_Reach,5026,0.10,Methow_R,5026,0.07,Umatilla_H_Fa,5026,0.02
Area127 (14) troll 119 1469,,Wells_H,5026,0.82,Methow_R,5026,0.11,Hanford_Reach,5026,0.04,Umatilla_H_Fa,5026,0.01,Nez_PerceT_H,5021,0.01
Area127 (14) troll 119 1470,,Nez_PerceT_H,5021,0.55,Wells_H,5026,0.33,Methow_R,5026,0.06,Hanford_Reach,5026,0.05,Wenatchee_R_SF,5026,0.00
Area127 (14) troll 119 1474,Number of missing Loci exceeded,,,,,,,,,,,,,,,
Area127 (14) troll 119 1480,,Robertson,8,0.94,Thornton,8,0.06,Kennedy,8,0.00,Gold_R,8,0.00,,,
Area127 (14) troll 119 1492,,Wells_H,5026,0.85,Priest_Rapid_H,5026,0.06,Methow_R,5026,0.05,Wenatchee_R_SF,5026,0.03,Hanford_Reach,5026,0.01
Area127 (14) troll 119 1494,,San_Juan,8,1.00,George_Adams_H,5005,0.00,Nitinat,8,0.00,Hanford_Reach,5026,0.00,Wells_H,5026,0.00
Area127 (14) troll 119 1495,,Wells_H,5026,0.42,Hanford_Reach,5026,0.35,Umatilla_H_Fa,5026,0.17,Methow_R,5026,0.02,L_Wh_Sal_H_SF,5026,0.02
Area127 (14) troll 119 1496,,Priest_Rapid_H,5026,0.45,Wells_H,5026,0.22,Umatilla_H_Fa,5026,0.18,Hanford_Reach,5026,0.08,Methow_R,5026,0.06
Area127 (14) troll 119 1498,,Hanford_Reach,5026,0.63,L_Wh_Sal_H_SF,5026,0.13,Lyons_Ferry_H,5021,0.07,Priest_Rapid_H,5026,0.07,Umatilla_H_Fa,5026,0.05
Area127 (14) troll 119 1502,,Hanford_Reach,5026,0.87,Wells_H,5026,0.06,Priest_Rapid_H,5026,0.04,Umatilla_H_Fa,5026,0.02,L_Wh_Sal_H_SF,5026,0.01
Area127 (14) troll 119 1506,,Conuma,8,1.00,Burman,8,0.00,Tahsis,8,0.00,Zeballos,8,0.00,,,
Area127 (14) troll 119 1507,,Nanaimo_F,7,1.00,Cowichan,7,0.00,L_Qualicum,7,0.00,,,,,,
Area127 (14) troll 119 1516,,Wells_H,5026,0.48,Priest_Rapid_H,5026,0.19,Hanford_Reach,5026,0.15,Umatilla_H_Fa,5026,0.07,Nez_PerceT_H,5021,0.04
Area127 (14) troll 119 1517,,NF_Nooksack_H,5016,1.00,Skagit_R,5016,0.00,,,,,,,,,
Area127 (14) troll 119 1518,,Wells_H,5026,0.39,Priest_Rapid_H,5026,0.35,Methow_R,5026,0.10,Hanford_Reach,5026,0.10,Wenatchee_R_SF,5026,0.05
Area127 (14) troll 119 1521,,Big_Cr_H_Col,5030,0.50,Spring_Cr_col,5030,0.35,Abernathy_NFH_F,5008,0.15,Abernathy_Cr_Fa,5008,0.00,Cowlitz_H_fa,5008,0.00
Area127 (14) troll 119 1522,,Wells_H,5026,0.69,Umatilla_H_Fa,5026,0.13,Methow_R,5026,0.09,Priest_Rapid_H,5026,0.07,Hanford_Reach,5026,0.02
Area127 (14) troll 119 1531,,McKenzie_H,5029,0.65,N_Santiam_H,5029,0.35,,,,,,,,,
Area127 (14) troll 119 1532,,George_Adams_H,5005,0.95,NF_Skokomish_F,5005,0.03,Soos_H,5020,0.01,Nanaimo_F,7,0.00,Snoqualmie_R,5016,0.00
Area127 (14) troll 119 1534,,Conuma,8,1.00,Kaouk_R,8,0.00,Zeballos,8,0.00,Burman,8,0.00,Tahsis,8,0.00
Area127 (14) troll 119 1535,,Umatilla_H_Fa,5026,0.58,Hanford_Reach,5026,0.15,Priest_Rapid_H,5026,0.12,Wells_H,5026,0.07,Wenatchee_R_SF,5026,0.03
Area127 (14) troll 119 1537,,George_Adams_H,5005,0.95,S_Prairie_Cr,5020,0.03,Soos_H,5020,0.02,NF_Skokomish_F,5005,0.01,Voights_H,5020,0.00
Area127 (14) troll 119 1539,,Umatilla_H_Fa,5026,0.77,Priest_Rapid_H,5026,0.11,Hanford_Reach,5026,0.08,Methow_R,5026,0.02,Nez_PerceT_H,5021,0.01
Area127 (14) troll 119 1543,,NF_Nooksack_H,5016,1.00,Coos_H,5011,0.00,Alsea_R,5015,0.00,Conuma,8,0.00,,,
Area127 (14) troll 119 1547,,NF_Nooksack_H,5016,1.00,,,,,,,,,,,,
Area127 (14) troll 119 1550,,Priest_Rapid_H,5026,0.45,Methow_R,5026,0.31,Hanford_Reach,5026,0.08,L_Wh_Sal_H_SF,5026,0.07,Nez_PerceT_H,5021,0.05
Area127 (14) troll 119 1555,,Nez_PerceT_H,5021,0.91,Hanford_Reach,5026,0.07,Priest_Rapid_H,5026,0.01,Lyons_Ferry_H,5021,0.01,Umatilla_H_Fa,5026,0.01
Area127 (14) troll 119 1558,,L_Shuswap,5,0.99,Bessette,5,0.01,M_Shuswap,5,0.00,,,,,,
Area127 (14) troll 119 1560,,Wells_H,5026,0.61,Priest_Rapid_H,5026,0.27,Methow_R,5026,0.09,Wenatchee_R_SF,5026,0.02,Hanford_Reach,5026,0.01
Area127 (14) troll 119 1561,,NF_Nooksack_H,5016,0.97,Priest_Rapid_H,5026,0.01,Hanford_Reach,5026,0.01,Umatilla_H_Fa,5026,0.01,Wells_H,5026,0.00
Area127 (14) troll 119 1562,,Wells_H,5026,0.89,Methow_R,5026,0.07,Hanford_Reach,5026,0.02,Priest_Rapid_H,5026,0.01,Umatilla_H_Fa,5026,0.00
Area127 (14) troll 128 2301,,McKenzie_H,5029,0.88,N_Santiam_H,5029,0.08,Cowlitz_H_fa,5008,0.02,Lewis_R_Su,5008,0.02,Priest_Rapid_H,5026,0.00
Area127 (14) troll 128 2302,,Umatilla_H_Fa,5026,0.45,Priest_Rapid_H,5026,0.22,Hanford_Reach,5026,0.19,L_Wh_Sal_H_SF,5026,0.06,Wells_H,5026,0.05
Area127 (14) troll 128 2303,,McKenzie_H,5029,0.74,N_Santiam_H,5029,0.26,,,,,,,,,
Area127 (14) troll 128 2305,,Priest_Rapid_H,5026,0.79,Wells_H,5026,0.09,Nez_PerceT_H,5021,0.08,Hanford_Reach,5026,0.02,Lyons_Ferry_H,5021,0.01
Area127 (14) troll 128 2306,,Wells_H,5026,0.17,Nez_PerceT_H,5021,0.13,Umatilla_H_Fa,5026,0.13,Methow_R,5026,0.08,George_Adams_H,5005,0.08
Area127 (14) troll 128 2308,,Nez_PerceT_H,5021,0.38,Priest_Rapid_H,5026,0.30,Hanford_Reach,5026,0.17,Lyons_Ferry_H,5021,0.11,Methow_R,5026,0.02
Area127 (14) troll 128 2310,,Wells_H,5026,0.47,Methow_R,5026,0.31,Priest_Rapid_H,5026,0.11,Umatilla_H_Fa,5026,0.06,Hanford_Reach,5026,0.04
Area127 (14) troll 128 2312,,Methow_R,5026,0.37,Priest_Rapid_H,5026,0.27,Wells_H,5026,0.19,Umatilla_H_Fa,5026,0.12,Wenatchee_R_SF,5026,0.05
Area127 (14) troll 128 2313,,McKenzie_H,5029,0.79,N_Santiam_H,5029,0.21,,,,,,,,,
Area127 (14) troll 128 2314,,Kennedy,8,0.53,Robertson,8,0.37,Tranquil,8,0.07,Kaouk_R,8,0.02,Thornton,8,0.01
Area127 (14) troll 128 2315,,Priest_Rapid_H,5026,0.52,Hanford_Reach,5026,0.20,Methow_R,5026,0.09,Wells_H,5026,0.09,Umatilla_H_Fa,5026,0.05
Area127 (14) troll 128 2316,,Priest_Rapid_H,5026,0.45,Methow_R,5026,0.35,Wells_H,5026,0.07,Hanford_Reach,5026,0.05,L_Wh_Sal_H_SF,5026,0.04
Area127 (14) troll 128 2318,,Hanford_Reach,5026,0.43,Umatilla_H_Fa,5026,0.32,Priest_Rapid_H,5026,0.24,Wells_H,5026,0.01,L_Deschutes_R,5004,0.00
Area127 (14) troll 128 2319,,Methow_R,5026,0.52,Umatilla_H_Fa,5026,0.19,Priest_Rapid_H,5026,0.09,Nez_PerceT_H,5021,0.05,Wenatchee_R_SF,5026,0.04
Area127 (14) troll 128 2321,,McKenzie_H,5029,0.81,N_Santiam_H,5029,0.14,Umatilla_H_Fa,5026,0.04,Hanford_Reach,5026,0.00,Nez_PerceT_H,5021,0.00
Area127 (14) troll 128 2322,,Lewis_R_Su,5008,0.71,Coos_H,5011,0.22,Cowlitz_H_fa,5008,0.03,Washougal_R_Fa,5008,0.02,Abernathy_NFH_F,5008,0.02
Area127 (14) troll 128 2323,,NF_Nooksack_H,5016,0.88,George_Adams_H,5005,0.12,Skagit_R,5016,0.00,NF_Skokomish_F,5005,0.00,U_Sauk_R_SpSu,5016,0.00
Area127 (14) troll 128 2324,,Methow_R,5026,0.71,Priest_Rapid_H,5026,0.19,Hanford_Reach,5026,0.07,Wells_H,5026,0.02,Umatilla_H_Fa,5026,0.00
Area127 (14) troll 128 2325,,Lewis_R_Su,5008,0.50,Washougal_R_Fa,5008,0.37,Cowlitz_H_fa,5008,0.11,Skagit_R,5016,0.01,Green_R_Fa,5008,0.01
Area127 (14) troll 128 2326,,Hanford_Reach,5026,0.42,Nez_PerceT_H,5021,0.29,L_Wh_Sal_H_SF,5026,0.08,Umatilla_H_Fa,5026,0.06,Snoqualmie_R,5016,0.06
Area127 (14) troll 128 2328,,George_Adams_H,5005,0.21,U_Sauk_R_SpSu,5016,0.21,NF_Nooksack_H,5016,0.13,U_Sauk_R,5016,0.13,South_Thom,5,0.08
Area127 (14) troll 128 2329,,Priest_Rapid_H,5026,0.47,Hanford_Reach,5026,0.32,Methow_R,5026,0.13,Umatilla_H_Fa,5026,0.05,Wells_H,5026,0.03
Area127 (14) troll 128 2331,,George_Adams_H,5005,1.00,NF_Skokomish_F,5005,0.00,Snoqualmie_R,5016,0.00,Soos_H,5020,0.00,Hamma_Hamma_R,5005,0.00
Area127 (14) troll 128 2332,,Spring_Cr_col,5030,0.81,Big_Cr_H_Col,5030,0.14,Abernathy_NFH_F,5008,0.05,Cowlitz_H_fa,5008,0.00,,,
Area127 (14) troll 128 2334,,McKenzie_H,5029,0.84,N_Santiam_H,5029,0.16,Methow_R,5026,0.00,Coos_H,5011,0.00,Hanford_Reach,5026,0.00
Area127 (14) troll 128 2335,,McKenzie_H,5029,0.89,N_Santiam_H,5029,0.11,,,,,,,,,
Area127 (14) troll 128 2336,,Methow_R,5026,0.95,Wells_H,5026,0.03,Priest_Rapid_H,5026,0.01,Hanford_Reach,5026,0.01,Priest_Rapids_H,5026,0.00
Area127 (14) troll 128 2337,,Nez_PerceT_H,5021,0.72,Lyons_Ferry_H,5021,0.17,Hanford_Reach,5026,0.05,Priest_Rapid_H,5026,0.05,Wells_H,5026,0.01
Area127 (14) troll 128 2338,,Priest_Rapid_H,5026,0.48,Hanford_Reach,5026,0.27,Umatilla_H_Fa,5026,0.15,L_Wh_Sal_H_SF,5026,0.07,Methow_R,5026,0.03
Area127 (14) troll 128 2339,,Methow_R,5026,0.88,Hanford_Reach,5026,0.05,Wells_H,5026,0.03,Priest_Rapid_H,5026,0.02,Wenatchee_R_SF,5026,0.01
Area127 (14) troll 128 2341,,Wells_H,5026,0.87,Priest_Rapid_H,5026,0.09,Hanford_Reach,5026,0.01,Methow_R,5026,0.01,Umatilla_H_Fa,5026,0.01
Area127 (14) troll 128 2342,,Nez_PerceT_H,5021,0.95,Lyons_Ferry_H,5021,0.01,Hanford_Reach,5026,0.01,Umatilla_H_Fa,5026,0.01,Priest_Rapid_H,5026,0.01
Area127 (14) troll 128 2343,,Conuma,8,0.93,Burman,8,0.07,San_Juan,8,0.00,Kennedy,8,0.00,,,
Area127 (14) troll 128 2344,,Conuma,8,0.82,Nitinat,8,0.09,San_Juan,8,0.06,Burman,8,0.01,Kennedy,8,0.01
Area127 (14) troll 128 2346,,Conuma,8,1.00,Zeballos,8,0.00,Burman,8,0.00,Kaouk_R,8,0.00,,,
Area127 (14) troll 128 2348,,Conuma,8,0.96,Zeballos,8,0.02,Burman,8,0.01,Kaouk_R,8,0.01,Moyeha_R,8,0.00
Area127 (14) troll 128 2349,,Conuma,8,1.00,Moyeha_R,8,0.00,Tahsis,8,0.00,Burman,8,0.00,Zeballos,8,0.00
Area127 (14) troll 128 2351,,Methow_R,5026,0.41,Umatilla_H_Fa,5026,0.18,Wells_H,5026,0.13,L_Wh_Sal_H_SF,5026,0.09,Priest_Rapid_H,5026,0.09
Area127 (14) troll 128 2352,,Chilliwack_F,3,0.99,Craig,18,0.00,Skagit_R,5016,0.00,Snoqualmie_R,5016,0.00,U_Sauk_R_SpSu,5016,0.00
Area127 (14) troll 128 2353,,Hanford_Reach,5026,0.36,Wells_H,5026,0.31,Priest_Rapid_H,5026,0.19,Methow_R,5026,0.14,Umatilla_H_Fa,5026,0.00
Area127 (14) troll 128 2354,,Conuma,8,1.00,Zeballos,8,0.00,Burman,8,0.00,Tahsis,8,0.00,Kaouk_R,8,0.00
Area127 (14) troll 128 2356,,Conuma,8,0.98,Tahsis,8,0.01,Zeballos,8,0.00,Kaouk_R,8,0.00,Tlupana,8,0.00
Area127 (14) troll 128 2357,,Coos_H,5011,0.97,Trask_R,5015,0.03,Necanicum_H,5015,0.00,Alsea_R,5015,0.00,Millicoma_R,5011,0.00
Area127 (14) troll 128 2360,,Priest_Rapid_H,5026,0.90,Methow_R,5026,0.03,L_Wh_Sal_H_SF,5026,0.02,Wells_H,5026,0.02,Umatilla_H_Fa,5026,0.01
Area127 (14) troll 128 2362,,Nez_PerceT_H,5021,0.32,Priest_Rapid_H,5026,0.24,Lyons_Ferry_H,5021,0.19,Hanford_Reach,5026,0.15,L_Deschutes_R,5004,0.04
Area127 (14) troll 128 2365,,Priest_Rapid_H,5026,0.42,Wells_H,5026,0.26,Hanford_Reach,5026,0.20,Wenatchee_R_SF,5026,0.10,Methow_R,5026,0.02
Area127 (14) troll 128 2366,,Nez_PerceT_H,5021,0.85,Lyons_Ferry_H,5021,0.08,Priest_Rapid_H,5026,0.04,Umatilla_H_Fa,5026,0.02,Methow_R,5026,0.01
Area127 (14) troll 128 2367,,Methow_R,5026,0.39,Hanford_Reach,5026,0.32,Wells_H,5026,0.11,Priest_Rapid_H,5026,0.10,Umatilla_H_Fa,5026,0.05
Area127 (14) troll 128 2369,,Hanford_Reach,5026,0.36,Priest_Rapid_H,5026,0.33,Wells_H,5026,0.14,Methow_R,5026,0.10,Umatilla_H_Fa,5026,0.06
Area127 (14) troll 128 2370,,Robertson,8,0.65,Thornton,8,0.35,San_Juan,8,0.00,Conuma,8,0.00,Gold_R,8,0.00
Area127 (14) troll 128 2371,,Priest_Rapid_H,5026,0.93,L_Wh_Sal_H_SF,5026,0.04,Hanford_Reach,5026,0.02,Nez_PerceT_H,5021,0.01,Lyons_Ferry_H,5021,0.00
Area127 (14) troll 128 2372,,Wells_H,5026,0.28,Methow_R,5026,0.21,Hanford_Reach,5026,0.17,Priest_Rapid_H,5026,0.16,Cowlitz_H_fa,5008,0.04
Area127 (14) troll 128 2373,,Methow_R,5026,0.56,Priest_Rapid_H,5026,0.24,Hanford_Reach,5026,0.15,Wells_H,5026,0.02,Umatilla_H_Fa,5026,0.01
Area127 (14) troll 128 2374,,L_Shuswap,5,0.74,Little_R,5,0.14,L_Thompson,5,0.10,Bridge,2,0.01,L_Adams,5,0.01
Area127 (14) troll 128 2375,,Skagit_R,5016,0.21,U_Sauk_R_SpSu,5016,0.20,Priest_Rapid_H,5026,0.13,Lewis_R_Su,5008,0.10,Cowlitz_H_fa,5008,0.07
Area127 (14) troll 128 2376,,Umatilla_H_Fa,5026,0.61,Priest_Rapid_H,5026,0.16,Hanford_Reach,5026,0.13,NF_Nooksack_H,5016,0.04,Wells_H,5026,0.02
Area127 (14) troll 128 2377,,Methow_R,5026,0.52,Priest_Rapid_H,5026,0.25,Hanford_Reach,5026,0.18,Wells_H,5026,0.02,Umatilla_H_Fa,5026,0.02
Area127 (14) troll 128 2381,,Conuma,8,1.00,Zeballos,8,0.00,Tahsis,8,0.00,,,,,,
Area127 (14) troll 128 2383,,Conuma,8,1.00,Burman,8,0.00,,,,,,,,,
Area127 (14) troll 128 2384,,NF_Nooksack_H,5016,1.00,,,,,,,,,,,,
Area127 (14) troll 128 2387,,Conuma,8,1.00,Zeballos,8,0.00,Tahsis,8,0.00,Burman,8,0.00,Moyeha_R,8,0.00
Area127 (14) troll 128 2390,,NF_Nooksack_H,5016,0.36,U_Sauk_R_SpSu,5016,0.26,George_Adams_H,5005,0.10,Skagit_R,5016,0.10,U_Sauk_R,5016,0.09
Area127 (14) troll 128 2392,,Conuma,8,0.99,Zeballos,8,0.01,Burman,8,0.00,Moyeha_R,8,0.00,Kaouk_R,8,0.00
Area127 (14) troll 128 2393,,Priest_Rapid_H,5026,0.53,Methow_R,5026,0.31,Hanford_Reach,5026,0.14,Wells_H,5026,0.01,Umatilla_H_Fa,5026,0.01
Area127 (14) troll 128 2395,,Wells_H,5026,0.51,Priest_Rapid_H,5026,0.25,Hanford_Reach,5026,0.13,Wenatchee_R_SF,5026,0.04,Methow_R,5026,0.03
Area127 (14) troll 128 2397,,Lewis_R_Su,5008,0.74,Cowlitz_H_fa,5008,0.16,Hanford_Reach,5026,0.04,Washougal_R_Fa,5008,0.03,Abernathy_Cr_Fa,5008,0.01
Area127 (14) troll 128 2398,,Conuma,8,1.00,Burman,8,0.00,Kaouk_R,8,0.00,Tranquil,8,0.00,Tahsis,8,0.00
Area127 (14) troll 128 2399,,Conuma,8,0.99,Tahsis,8,0.01,Burman,8,0.00,Kaouk_R,8,0.00,Megin_R,8,0.00
Area127 (14) troll 128 2401,,Priest_Rapid_H,5026,0.30,Hanford_Reach,5026,0.20,Nez_PerceT_H,5021,0.17,L_Wh_Sal_H_SF,5026,0.11,Wells_H,5026,0.09
Area127 (14) troll 128 2403,,Conuma,8,1.00,Kaouk_R,8,0.00,Zeballos,8,0.00,Tahsis,8,0.00,,,
Area127 (14) troll 128 2404,,Conuma,8,0.98,Burman,8,0.01,Tahsis,8,0.00,Moyeha_R,8,0.00,Kaouk_R,8,0.00
Area127 (14) troll 128 2405,,Conuma,8,1.00,Zeballos,8,0.00,Kaouk_R,8,0.00,Burman,8,0.00,,,
Area127 (14) troll 135 3651,,Methow_R,5026,0.90,Priest_Rapid_H,5026,0.04,Hanford_Reach,5026,0.04,Nez_PerceT_H,5021,0.01,Lyons_Ferry_H,5021,0.01
Area127 (14) troll 135 3653,,Methow_R,5026,0.69,Wells_H,5026,0.17,Wenatchee_R_SF,5026,0.06,Umatilla_H_Fa,5026,0.04,Priest_Rapid_H,5026,0.02
Area127 (14) troll 135 3655,,Priest_Rapid_H,5026,0.31,Hanford_Reach,5026,0.22,Methow_R,5026,0.22,Umatilla_H_Fa,5026,0.11,Wells_H,5026,0.09
Area127 (14) troll 135 3656,,Methow_R,5026,0.52,Priest_Rapid_H,5026,0.16,Umatilla_H_Fa,5026,0.11,Wenatchee_R_SF,5026,0.07,Wells_H,5026,0.06
Area127 (14) troll 135 3657,,Skagit_R,5016,0.67,U_Sauk_R_SpSu,5016,0.30,L_Skagit_R_Fa,5016,0.02,Snoqualmie_R,5016,0.01,S_Prairie_Cr,5020,0.01
Area127 (14) troll 135 3658,,S_Prairie_Cr,5020,0.40,Soos_H,5020,0.37,George_Adams_H,5005,0.13,NF_Skokomish_F,5005,0.08,Snoqualmie_R,5016,0.01
Area127 (14) troll 135 3662,,N_Santiam_H,5029,0.50,McKenzie_H,5029,0.50,,,,,,,,,
Area127 (14) troll 135 3663,,Spring_Cr_col,5030,0.55,Abernathy_NFH_F,5008,0.32,Cowlitz_H_fa,5008,0.06,Big_Cr_H_Col,5030,0.06,Lewis_R_Su,5008,0.00
Area127 (14) troll 135 3664,,McKenzie_H,5029,0.90,N_Santiam_H,5029,0.10,Nez_PerceT_H,5021,0.00,,,,,,
Area127 (14) troll 135 3665,,Methow_R,5026,0.38,Priest_Rapid_H,5026,0.20,Umatilla_H_Fa,5026,0.18,Wells_H,5026,0.13,Hanford_Reach,5026,0.04
Area127 (14) troll 135 3669,,L_Shuswap,5,0.99,Bessette,5,0.01,,,,,,,,,
Area127 (14) troll 135 3670,,Wells_H,5026,0.51,Priest_Rapid_H,5026,0.12,Hanford_Reach,5026,0.09,Lyons_Ferry_H,5021,0.07,Umatilla_H_Fa,5026,0.07
Area127 (14) troll 135 3671,,George_Adams_H,5005,0.92,NF_Skokomish_F,5005,0.03,Soos_H,5020,0.03,S_Prairie_Cr,5020,0.02,Samish_H,5016,0.00
Area127 (14) troll 135 3674,,George_Adams_H,5005,0.99,Skagit_R,5016,0.00,NF_Skokomish_F,5005,0.00,Snoqualmie_R,5016,0.00,Grovers_Cr_H,5020,0.00
Area127 (14) troll 135 3675,,Big_Cr_H_Col,5030,0.54,Spring_Cr_col,5030,0.38,Abernathy_NFH_F,5008,0.04,Cowlitz_H_fa,5008,0.01,Washougal_R_Fa,5008,0.01
Area127 (14) troll 135 3676,,Umatilla_H_Fa,5026,0.46,Priest_Rapid_H,5026,0.33,Lyons_Ferry_H,5021,0.18,Hanford_Reach,5026,0.03,L_Wh_Sal_H_SF,5026,0.00
Area127 (14) troll 135 3678,,George_Adams_H,5005,0.72,S_Prairie_Cr,5020,0.15,Soos_H,5020,0.10,NF_Skokomish_F,5005,0.02,L_Skagit_R_Fa,5016,0.00
Area127 (14) troll 135 3679,,S_Umpqua_H,5011,0.30,Alsea_R,5015,0.16,Trask_R,5015,0.14,Kennedy,8,0.12,Coos_H,5011,0.12
Area127 (14) troll 135 3680,,Methow_R,5026,0.45,Wenatchee_R_SF,5026,0.14,Umatilla_H_Fa,5026,0.12,Wells_H,5026,0.10,Skagit_R,5016,0.09
Area127 (14) troll 135 3681,,George_Adams_H,5005,0.84,S_Prairie_Cr,5020,0.11,Soos_H,5020,0.04,NF_Skokomish_F,5005,0.00,Clear_Cr_H,5020,0.00
Area127 (14) troll 135 3682,,Wells_H,5026,0.82,Priest_Rapid_H,5026,0.08,Hanford_Reach,5026,0.04,Methow_R,5026,0.03,Nez_PerceT_H,5021,0.01
Area127 (14) troll 135 3801,,Wells_H,5026,0.57,Skagit_R,5016,0.12,Hanford_Reach,5026,0.12,Priest_Rapid_H,5026,0.09,Lyons_Ferry_H,5021,0.06
Area127 (14) troll 135 3802,,Cowlitz_H_fa,5008,0.65,Lewis_R_Su,5008,0.16,Abernathy_NFH_F,5008,0.11,Washougal_R_Fa,5008,0.06,Abernathy_Cr_Fa,5008,0.01
Area127 (14) troll 135 3805,,L_Shuswap,5,0.98,Bessette,5,0.02,M_Shuswap,5,0.00,,,,,,
Area127 (14) troll 135 3806,,Priest_Rapid_H,5026,0.41,Wells_H,5026,0.37,Methow_R,5026,0.08,Nez_PerceT_H,5021,0.08,Hanford_Reach,5026,0.02
Area127 (14) troll 135 3807,,Cowichan,7,0.98,L_Qualicum,7,0.02,Nanaimo_F,7,0.00,,,,,,
Area127 (14) troll 135 3809,,Conuma,8,0.97,Kaouk_R,8,0.01,Burman,8,0.01,Zeballos,8,0.00,San_Juan,8,0.00
Area127 (14) troll 135 3810,,Conuma,8,0.97,Tahsis,8,0.03,Moyeha_R,8,0.00,Burman,8,0.00,Kaouk_R,8,0.00
Area127 (14) troll 135 3811,,Wells_H,5026,0.64,Priest_Rapid_H,5026,0.13,Methow_R,5026,0.11,Hanford_Reach,5026,0.07,Wenatchee_R_SF,5026,0.03
Area127 (14) troll 135 3812,,Priest_Rapid_H,5026,0.99,Methow_R,5026,0.00,Hanford_Reach,5026,0.00,Priest_Rapids_H,5026,0.00,Wells_H,5026,0.00
Area127 (14) troll 135 3813,,Hanford_Reach,5026,0.77,Priest_Rapid_H,5026,0.08,Lyons_Ferry_H,5021,0.05,Nez_PerceT_H,5021,0.05,Umatilla_H_Fa,5026,0.04
Area127 (14) troll 135 3814,,L_Shuswap,5,0.99,Little_R,5,0.01,South_Thom,5,0.00,L_Thompson,5,0.00,Queets_R,5028,0.00
Area127 (14) troll 135 3815,,Conuma,8,0.98,Burman,8,0.01,Kaouk_R,8,0.00,Zeballos,8,0.00,Kennedy,8,0.00
Area127 (14) troll 135 3816,,NF_Nooksack_H,5016,0.99,NanaimoSu_BackX,7,0.00,L_Thompson,5,0.00,Little_R,5,0.00,Skagit_R,5016,0.00
Area127 (14) troll 135 3817,,Methow_R,5026,0.79,Hanford_Reach,5026,0.08,Priest_Rapid_H,5026,0.05,Nez_PerceT_H,5021,0.03,Wells_H,5026,0.02
Area127 (14) troll 135 3818,,NF_Nooksack_H,5016,0.96,U_Sauk_R_SpSu,5016,0.02,Skagit_R,5016,0.01,U_Sauk_R,5016,0.00,NanaimoSu_BackX,7,0.00
Area127 (14) troll 135 3821,,Priest_Rapid_H,5026,0.50,Wells_H,5026,0.47,Methow_R,5026,0.01,Hanford_Reach,5026,0.01,Priest_Rapids_H,5026,0.00
Area127 (14) troll 135 3822,,Conuma,8,1.00,Zeballos,8,0.00,Burman,8,0.00,,,,,,
Area127 (14) troll 135 3823,,Conuma,8,1.00,,,,,,,,,,,,
Area127 (14) troll 135 3824,,Hanford_Reach,5026,0.99,Priest_Rapid_H,5026,0.00,Methow_R,5026,0.00,Umatilla_H_Fa,5026,0.00,Wells_H,5026,0.00
Area127 (14) troll 135 3825,,Umatilla_H_Fa,5026,0.87,Hanford_Reach,5026,0.06,Wells_H,5026,0.05,Nez_PerceT_H,5021,0.01,Priest_Rapid_H,5026,0.00
Area127 (14) troll 135 3826,,George_Adams_H,5005,0.39,Snoqualmie_R,5016,0.26,Cowlitz_H_fa,5008,0.07,NF_Skokomish_F,5005,0.06,Lewis_R_Su,5008,0.06
Area127 (14) troll 135 3827,,Nez_PerceT_H,5021,0.32,Hanford_Reach,5026,0.31,Methow_R,5026,0.19,Priest_Rapid_H,5026,0.12,N_Santiam_H,5029,0.02
Area127 (14) troll 135 3828,,Robertson,8,0.65,Thornton,8,0.22,Conuma,8,0.12,Kennedy,8,0.01,NanaimoSu_BackX,7,0.00
Area127 (14) troll 135 3830,,Conuma,8,0.99,Kennedy,8,0.00,Kaouk_R,8,0.00,Zeballos,8,0.00,Moyeha_R,8,0.00
Area127 (14) troll 135 3831,,Nez_PerceT_H,5021,0.29,Wells_H,5026,0.22,Priest_Rapid_H,5026,0.21,Umatilla_H_Fa,5026,0.11,Hanford_Reach,5026,0.11
Area127 (14) troll 135 3834,,Conuma,8,0.79,Kennedy,8,0.15,Zeballos,8,0.02,Burman,8,0.02,Kaouk_R,8,0.01
Area127 (14) troll 135 3835,,Robertson,8,0.98,Thornton,8,0.02,Gold_R,8,0.00,,,,,,
Area127 (14) troll 135 3836,Number of missing Loci exceeded,,,,,,,,,,,,,,,
Area127 (14) troll 135 3837,,Umatilla_H_Fa,5026,0.91,Hanford_Reach,5026,0.03,Abernathy_NFH_F,5008,0.02,Spring_Cr_col,5030,0.01,Wells_H,5026,0.01
Area127 (14) troll 135 3838,,Umatilla_H_Fa,5026,0.85,Priest_Rapid_H,5026,0.09,Hanford_Reach,5026,0.04,L_Wh_Sal_H_SF,5026,0.00,Nez_PerceT_H,5021,0.00
Area127 (14) troll 135 3839,,Lyons_Ferry_H,5021,0.40,Hanford_Reach,5026,0.33,L_Wh_Sal_H_SF,5026,0.14,Nez_PerceT_H,5021,0.08,Priest_Rapid_H,5026,0.03
Area127 (14) troll 135 3840,,Thornton,8,0.95,Robertson,8,0.05,Conuma,8,0.00,Forks_Cr_H,5028,0.00,Kaouk_R,8,0.00
Area127 (14) troll 135 3842,,Hanford_Reach,5026,0.56,Priest_Rapid_H,5026,0.15,Umatilla_H_Fa,5026,0.15,Wells_H,5026,0.13,Lyons_Ferry_H,5021,0.01
Area127 (14) troll 135 3843,Dupe with 220,Conuma,8,1.00,Moyeha_R,8,0.00,Tahsis,8,0.00,Zeballos,8,0.00,Kaouk_R,8,0.00
Area127 (14) troll 135 3844,,Conuma,8,1.00,Kaouk_R,8,0.00,,,,,,,,,
Area127 (14) troll 135 3845,,Priest_Rapid_H,5026,0.64,Hanford_Reach,5026,0.15,Umatilla_H_Fa,5026,0.06,Methow_R,5026,0.05,Nez_PerceT_H,5021,0.05
Area127 (14) troll 135 3847,,Wells_H,5026,0.38,Priest_Rapid_H,5026,0.36,Umatilla_H_Fa,5026,0.15,Methow_R,5026,0.06,Wenatchee_R_SF,5026,0.05
Area127 (14) troll 135 3848,,Priest_Rapid_H,5026,0.65,Hanford_Reach,5026,0.17,Methow_R,5026,0.13,Wells_H,5026,0.03,Nez_PerceT_H,5021,0.02
Area127 (14) troll 135 3849,,Holmes,1,0.39,McGregor,1,0.35,Swift,1,0.17,L_Chilcoti,2,0.03,James,1,0.02
Area127 (14) troll 135 3851,,Hanford_Reach,5026,0.44,Priest_Rapid_H,5026,0.44,Umatilla_H_Fa,5026,0.05,L_Wh_Sal_H_SF,5026,0.03,Wells_H,5026,0.02
Area127 (14) troll 135 3852,,Skagit_R,5016,0.65,U_Sauk_R_SpSu,5016,0.35,L_Skagit_R_Fa,5016,0.00,NF_Nooksack_H,5016,0.00,,,
Area127 (14) troll 135 3854,,Conuma,8,1.00,Kaouk_R,8,0.00,Burman,8,0.00,Zeballos,8,0.00,Tahsis,8,0.00
Area127 (14) troll 135 3855,,Conuma,8,0.99,Burman,8,0.00,Moyeha_R,8,0.00,Zeballos,8,0.00,Tranquil,8,0.00
Area127 (14) troll 135 3857,,Wells_H,5026,0.47,Methow_R,5026,0.44,Wenatchee_R_SF,5026,0.06,Umatilla_H_Fa,5026,0.02,Priest_Rapid_H,5026,0.01
Area127 (14) troll 135 3858,,Conuma,8,1.00,,,,,,,,,,,,
Area127 (14) troll 135 3859,,Priest_Rapid_H,5026,0.56,Methow_R,5026,0.20,Umatilla_H_Fa,5026,0.09,Hanford_Reach,5026,0.08,Nez_PerceT_H,5021,0.02
Area127 (14) troll 135 3860,,Thornton,8,0.98,Robertson,8,0.02,Gold_R,8,0.00,,,,,,
Area127 (14) troll 135 3862,,Conuma,8,0.96,Burman,8,0.03,Kennedy,8,0.01,Robertson,8,0.00,Tranquil,8,0.00
Area127 (14) troll 135 3863,,Conuma,8,1.00,Tahsis,8,0.00,Zeballos,8,0.00,,,,,,
Area127 (14) troll 135 3864,,Priest_Rapid_H,5026,0.46,Nez_PerceT_H,5021,0.31,Hanford_Reach,5026,0.09,Umatilla_H_Fa,5026,0.07,Priest_Rapids_H,5026,0.04
Area127 (14) troll 135 3865,,Nanaimo_F,7,0.93,Cowichan,7,0.07,Puntledge_BackX,7,0.00,Puntledge_F,7,0.00,L_Qualicum,7,0.00
Area127 (14) troll 135 3866,,Priest_Rapid_H,5026,0.81,Hanford_Reach,5026,0.18,Umatilla_H,5026,0.01,L_Wh_Sal_H_SF,5026,0.01,Wells_H,5026,0.00
Area127 (14) troll 135 3867,,Priest_Rapid_H,5026,0.82,Hanford_Reach,5026,0.13,Umatilla_H_Fa,5026,0.04,L_Wh_Sal_H_SF,5026,0.01,Methow_R,5026,0.00
Area127 (14) troll 135 3869,,Conuma,8,1.00,Zeballos,8,0.00,Kaouk_R,8,0.00,Burman,8,0.00,,,
Area127 (14) troll 135 3871,,Priest_Rapid_H,5026,0.31,Wells_H,5026,0.25,Methow_R,5026,0.15,Hanford_Reach,5026,0.12,Priest_Rapids_H,5026,0.10
Area127 (14) troll 135 3872,,Conuma,8,0.99,Tahsis,8,0.01,Zeballos,8,0.00,Moyeha_R,8,0.00,Tranquil,8,0.00
Area127 (14) troll 135 3873,,Conuma,8,1.00,Moyeha_R,8,0.00,Tahsis,8,0.00,,,,,,
Area127 (14) troll 135 3874,,Conuma,8,0.99,Burman,8,0.01,Zeballos,8,0.00,,,,,,
Area127 (14) troll 135 3875,,Wells_H,5026,0.75,Methow_R,5026,0.09,Wenatchee_R_SF,5026,0.08,Hanford_Reach,5026,0.04,Priest_Rapid_H,5026,0.04
Area127 (14) troll 135 3877,,Priest_Rapid_H,5026,0.63,Umatilla_H_Fa,5026,0.16,Hanford_Reach,5026,0.15,Wells_H,5026,0.05,Methow_R,5026,0.01
Area127 (14) troll 135 3878,,Conuma,8,0.90,Burman,8,0.04,Tahsis,8,0.03,Zeballos,8,0.02,Tranquil,8,0.01
Area127 (14) troll 135 3879,,Priest_Rapid_H,5026,0.43,Umatilla_H_Fa,5026,0.22,Wells_H,5026,0.13,Hanford_Reach,5026,0.09,Methow_R,5026,0.04
Area127 (14) troll 135 3880,,Conuma,8,1.00,,,,,,,,,,,,
Area127 (14) troll 135 3882,,Conuma,8,0.99,Tahsis,8,0.01,Zeballos,8,0.00,Moyeha_R,8,0.00,Kaouk_R,8,0.00
Area127 (14) troll 135 3883,,Conuma,8,0.58,Chilliwack_F,3,0.22,Robertson,8,0.07,Thornton,8,0.04,Tahsis,8,0.02
Area127 (14) troll 135 3884,,Umatilla_H_Fa,5026,0.31,Nez_PerceT_H,5021,0.28,Methow_R,5026,0.17,Wells_H,5026,0.13,Priest_Rapid_H,5026,0.04
Area127 (14) troll 135 3885,,N_Santiam_H,5029,0.50,McKenzie_H,5029,0.50,Cowlitz_H_fa,5008,0.00,,,,,,
Area127 (14) troll 135 3887,Dupe with 186,Conuma,8,1.00,Moyeha_R,8,0.00,Tahsis,8,0.00,Zeballos,8,0.00,Gold_R,8,0.00
Area127 (14) troll 135 3888,,Lewis_R_Su,5008,0.50,Washougal_R_Fa,5008,0.23,Cowlitz_H_fa,5008,0.14,Hanford_Reach,5026,0.06,Lyons_Ferry_H,5021,0.03
Area127 (14) troll 135 3889,,Priest_Rapid_H,5026,0.45,Wells_H,5026,0.37,Methow_R,5026,0.08,Hanford_Reach,5026,0.04,Lyons_Ferry_H,5021,0.04
Area127 (14) troll 135 3893,,Methow_R,5026,0.87,Priest_Rapid_H,5026,0.10,Hanford_Reach,5026,0.01,Wells_H,5026,0.01,Wenatchee_R_SF,5026,0.00
Area127 (14) troll 135 3895,,George_Adams_H,5005,0.94,NF_Skokomish_F,5005,0.03,Soos_H,5020,0.03,S_Prairie_Cr,5020,0.00,Methow_R,5026,0.00
Area127 (14) troll 135 3898,,Methow_R,5026,0.30,Wells_H,5026,0.26,Hanford_Reach,5026,0.20,Umatilla_H_Fa,5026,0.07,Priest_Rapid_H,5026,0.06
Area127 (14) troll 135 3899,,Priest_Rapid_H,5026,0.48,Wells_H,5026,0.36,Hanford_Reach,5026,0.13,Methow_R,5026,0.02,Lyons_Ferry_H,5021,0.00
Area127 (14) troll 150 3551,,Hoh_R,5028,0.52,Queets_R,5028,0.46,L_Thompson,5,0.01,Coos_H,5011,0.00,Umatilla_H_Fa,5026,0.00
Area127 (14) troll 150 3552,,Nez_PerceT_H,5021,0.30,Lyons_Ferry_H,5021,0.22,Skagit_R,5016,0.17,Umatilla_H_Fa,5026,0.09,Priest_Rapid_H,5026,0.09
Area127 (14) troll 150 3554,,Umatilla_H_Fa,5026,0.58,Hanford_Reach,5026,0.23,Priest_Rapid_H,5026,0.11,L_Wh_Sal_H_SF,5026,0.03,Methow_R,5026,0.02
Area127 (14) troll 150 3555,,L_Shuswap,5,0.99,Conuma,8,0.00,Robertson,8,0.00,M_Shuswap,5,0.00,,,
Area127 (14) troll 150 3557,,Nanaimo_F,7,0.48,Cowichan,7,0.47,L_Qualicum,7,0.02,Puntledge_F,7,0.02,Puntledge_BackX,7,0.01
Area127 (14) troll 150 3561,,Conuma,8,1.00,Tahsis,8,0.00,Kaouk_R,8,0.00,Zeballos,8,0.00,Moyeha_R,8,0.00
Area127 (14) troll 150 3562,,Priest_Rapid_H,5026,0.41,Methow_R,5026,0.31,Hanford_Reach,5026,0.08,Wells_H,5026,0.06,Skagit_R,5016,0.03
Area127 (14) troll 150 3565,,Methow_R,5026,0.46,Priest_Rapid_H,5026,0.41,Hanford_Reach,5026,0.09,Wells_H,5026,0.04,Nez_PerceT_H,5021,0.00
Area127 (14) troll 150 3566,,Little_R,5,0.41,Bessette,5,0.19,L_Shuswap,5,0.18,L_Thompson,5,0.14,South_Thom,5,0.05
Area127 (14) troll 150 3567,,Conuma,8,0.99,Moyeha_R,8,0.00,Kaouk_R,8,0.00,Burman,8,0.00,Tahsis,8,0.00
Area127 (14) troll 150 3568,,Cowichan,7,0.96,L_Qualicum,7,0.03,Nanaimo_F,7,0.01,Puntledge_F,7,0.00,Puntledge_BackX,7,0.00
Area127 (14) troll 150 3570,,Priest_Rapid_H,5026,0.90,Hanford_Reach,5026,0.06,Nez_PerceT_H,5021,0.04,L_Wh_Sal_H_SF,5026,0.00,Lyons_Ferry_H,5021,0.00
Area127 (14) troll 150 3571,,Wells_H,5026,0.28,Priest_Rapid_H,5026,0.25,Methow_R,5026,0.16,Coos_H,5011,0.12,Hanford_Reach,5026,0.07
Area127 (14) troll 150 3572,,Priest_Rapid_H,5026,0.50,Methow_R,5026,0.27,Hanford_Reach,5026,0.14,Wells_H,5026,0.06,Umatilla_H_Fa,5026,0.01
Area127 (14) troll 150 3573,,George_Adams_H,5005,0.42,Skagit_R,5016,0.32,U_Sauk_R_SpSu,5016,0.06,Lewis_R_Su,5008,0.04,S_Prairie_Cr,5020,0.04
Area127 (14) troll 150 3574,,Dungeness_R,5006,0.36,Nez_PerceT_H,5021,0.28,Priest_Rapid_H,5026,0.17,Hanford_Reach,5026,0.05,Wells_H,5026,0.04
Area127 (14) troll 150 3575,,Conuma,8,1.00,Zeballos,8,0.00,Moyeha_R,8,0.00,,,,,,
Area127 (14) troll 150 3576,,Wells_H,5026,0.57,Methow_R,5026,0.19,Priest_Rapid_H,5026,0.16,Hanford_Reach,5026,0.06,Nez_PerceT_H,5021,0.02
Area127 (14) troll 150 3578,,Spius,6,0.79,Nicola,6,0.09,Little_R,5,0.04,U_Spius_SP,6,0.03,Bonaparte,6,0.02
Area127 (14) troll 150 3579,,Conuma,8,1.00,Moyeha_R,8,0.00,,,,,,,,,
Area127 (14) troll 150 3580,,Conuma,8,1.00,Zeballos,8,0.00,Tahsis,8,0.00,Tlupana,8,0.00,,,
Area127 (14) troll 150 3582,,Wells_H,5026,0.49,Nez_PerceT_H,5021,0.21,Hanford_Reach,5026,0.14,Priest_Rapid_H,5026,0.10,Methow_R,5026,0.02
Area127 (14) troll 150 3584,,L_Shuswap,5,0.98,Little_R,5,0.01,South_Thom,5,0.00,Bessette,5,0.00,L_Thompson,5,0.00
Area127 (14) troll 150 3585,,Wells_H,5026,0.82,Methow_R,5026,0.11,Umatilla_H_Fa,5026,0.05,Wenatchee_R_SF,5026,0.01,South_Thom,5,0.00
Area127 (14) troll 150 3587,,George_Adams_H,5005,0.94,Skagit_R,5016,0.03,NF_Skokomish_F,5005,0.01,Coos_H,5011,0.01,S_Prairie_Cr,5020,0.01
Area127 (14) troll 150 3588,,Methow_R,5026,0.90,Priest_Rapid_H,5026,0.03,Nez_PerceT_H,5021,0.02,Wells_H,5026,0.02,Lyons_Ferry_H,5021,0.01
Area127 (14) troll 150 3589,,L_Shuswap,5,0.96,Bessette,5,0.04,Duteau_Cr,5,0.00,M_Shuswap,5,0.00,,,
Area127 (14) troll 150 3592,,Nitinat,8,1.00,San_Juan,8,0.00,Toquart,8,0.00,Sooke,8,0.00,,,
Area127 (14) troll 150 3594,,Conuma,8,1.00,Nitinat,8,0.00,Moyeha_R,8,0.00,Thornton,8,0.00,Zeballos,8,0.00
Area127 (14) troll 150 3595,,Conuma,8,0.99,Kaouk_R,8,0.00,Tahsis,8,0.00,Moyeha_R,8,0.00,Burman,8,0.00
Area127 (14) troll 150 3596,,Methow_R,5026,0.34,Priest_Rapid_H,5026,0.31,Wells_H,5026,0.28,Hanford_Reach,5026,0.04,Wenatchee_R_SF,5026,0.02
Area127 (14) troll 150 3598,,Hanford_Reach,5026,0.52,Wells_H,5026,0.31,Priest_Rapid_H,5026,0.08,Wenatchee_R_SF,5026,0.06,Methow_R,5026,0.02
Area127 (14) troll 150 3599,,Hanford_Reach,5026,0.33,Priest_Rapid_H,5026,0.33,Methow_R,5026,0.31,Wells_H,5026,0.01,Umatilla_H_Fa,5026,0.01
Area127 (14) troll 150 3601,,Wells_H,5026,0.45,Methow_R,5026,0.27,Priest_Rapid_H,5026,0.17,Umatilla_H_Fa,5026,0.07,Hanford_Reach,5026,0.02
Area127 (14) troll 150 3602,,Lewis_R_Su,5008,0.70,Cowlitz_H_fa,5008,0.25,Forks_Cr_H,5028,0.03,Washougal_R_Fa,5008,0.02,Alsea_R,5015,0.00
Area127 (14) troll 150 3603,,George_Adams_H,5005,0.95,Soos_H,5020,0.03,NF_Skokomish_F,5005,0.01,Clear_Cr_H,5020,0.00,S_Prairie_Cr,5020,0.00
Area127 (14) troll 150 3604,,Priest_Rapid_H,5026,0.39,Methow_R,5026,0.24,Wells_H,5026,0.22,Hanford_Reach,5026,0.12,Umatilla_H_Fa,5026,0.02
Area127 (14) troll 150 3605,,Methow_R,5026,0.92,Wells_H,5026,0.06,Wenatchee_R_SF,5026,0.01,Hanford_Reach,5026,0.00,L_Wh_Sal_H_SF,5026,0.00
Area127 (14) troll 150 3606,,George_Adams_H,5005,0.73,Soos_H,5020,0.21,NF_Skokomish_F,5005,0.05,S_Prairie_Cr,5020,0.01,Snoqualmie_R,5016,0.00
Area127 (14) troll 150 3607,,Priest_Rapid_H,5026,0.45,Nez_PerceT_H,5021,0.26,L_Wh_Sal_H_SF,5026,0.23,Methow_R,5026,0.04,Hanford_Reach,5026,0.01
Area127 (14) troll 150 3608,,Methow_R,5026,0.49,Wells_H,5026,0.36,Wenatchee_R_SF,5026,0.05,Umatilla_H_Fa,5026,0.04,Priest_Rapid_H,5026,0.03
Area127 (14) troll 150 3609,,Priest_Rapid_H,5026,0.43,Methow_R,5026,0.25,Umatilla_H_Fa,5026,0.12,Wells_H,5026,0.06,Hanford_Reach,5026,0.05
Area127 (14) troll 150 3611,,NF_Nooksack_H,5016,1.00,,,,,,,,,,,,
Area127 (14) troll 150 3613,,Humptulips_H,5028,0.37,NanaimoSu_BackX,7,0.29,Hoh_R,5028,0.25,South_Thom,5,0.08,Queets_R,5028,0.01
Area127 (14) troll 150 3614,,Nez_PerceT_H,5021,0.84,Methow_R,5026,0.07,Lyons_Ferry_H,5021,0.03,Wells_H,5026,0.03,Wenatchee_R_SF,5026,0.01
Area127 (14) troll 150 3616,,George_Adams_H,5005,0.98,Soos_H,5020,0.01,Snoqualmie_R,5016,0.00,S_Prairie_Cr,5020,0.00,NF_Skokomish_F,5005,0.00
Area127 (14) troll 150 3618,,Cowlitz_H_fa,5008,0.67,Washougal_R_Fa,5008,0.26,Abernathy_Cr_Fa,5008,0.03,Abernathy_NFH_F,5008,0.02,Big_Cr_H_Col,5030,0.02
Area127 (14) troll 150 3619,,McKenzie_H,5029,0.68,N_Santiam_H,5029,0.14,Nez_PerceT_H,5021,0.08,Lyons_Ferry_H,5021,0.05,Priest_Rapid_H,5026,0.02
Area127 (14) troll 150 3623,,Methow_R,5026,0.85,Wells_H,5026,0.09,Umatilla_H_Fa,5026,0.03,Priest_Rapid_H,5026,0.02,Hanford_Reach,5026,0.01
Area127 (14) troll 150 3624,,Cowlitz_H_fa,5008,0.63,McKenzie_H,5029,0.32,Wells_H,5026,0.02,Methow_R,5026,0.01,Umatilla_H_Fa,5026,0.01
Area127 (14) troll 150 3625,,L_Shuswap,5,1.00,Bessette,5,0.00,,,,,,,,,
Area127 (14) troll 150 3626,,McKenzie_H,5029,0.75,N_Santiam_H,5029,0.25,Lewis_R_Su,5008,0.00,Washougal_R_Fa,5008,0.00,Hanford_Reach,5026,0.00
Area127 (14) troll 150 3628,,McKenzie_H,5029,0.58,N_Santiam_H,5029,0.42,,,,,,,,,
Area127 (14) troll 150 3629,,Priest_Rapid_H,5026,0.57,Hanford_Reach,5026,0.37,Umatilla_H_Fa,5026,0.04,L_Wh_Sal_H_SF,5026,0.01,Methow_R,5026,0.01
Area127 (14) troll 150 3632,,Wells_H,5026,0.86,Wenatchee_R_SF,5026,0.07,Priest_Rapid_H,5026,0.03,Methow_R,5026,0.01,Hanford_Reach,5026,0.01
Area127 (14) troll 150 3633,,Wells_H,5026,0.75,Priest_Rapid_H,5026,0.14,Methow_R,5026,0.08,Hanford_Reach,5026,0.01,Umatilla_H_Fa,5026,0.01
Area127 (14) troll 150 3634,,Cowlitz_H_fa,5008,0.99,Abernathy_NFH_F,5008,0.01,Spring_Cr_col,5030,0.00,Big_Cr_H_Col,5030,0.00,Lewis_R_Su,5008,0.00
Area127 (14) troll 150 3635,,Hanford_Reach,5026,0.51,Priest_Rapid_H,5026,0.47,Methow_R,5026,0.01,Wells_H,5026,0.00,Priest_Rapids_H,5026,0.00
Area127 (14) troll 150 3638,,Methow_R,5026,0.51,Wells_H,5026,0.29,L_Wh_Sal_H_SF,5026,0.05,Priest_Rapid_H,5026,0.05,Hanford_Reach,5026,0.04
Area127 (14) troll 150 3639,,Wells_H,5026,0.43,Nez_PerceT_H,5021,0.36,Wenatchee_R_SF,5026,0.10,Hanford_Reach,5026,0.08,Priest_Rapid_H,5026,0.02
Area127 (14) troll 150 3640,,Nanaimo_F,7,0.84,Cowichan,7,0.14,L_Qualicum,7,0.01,Puntledge_F,7,0.01,Puntledge_BackX,7,0.00
Area127 (14) troll 150 3641,,Wells_H,5026,0.36,Priest_Rapid_H,5026,0.36,Methow_R,5026,0.14,Hanford_Reach,5026,0.13,Nez_PerceT_H,5021,0.00
Area127 (14) troll 150 3643,,Umatilla_H_Fa,5026,0.65,Hanford_Reach,5026,0.21,Priest_Rapid_H,5026,0.13,S_Prairie_Cr,5020,0.01,Wenatchee_R_SF,5026,0.00
Area127 (14) troll 150 3645,,Lewis_R_Su,5008,0.42,Cowlitz_H_fa,5008,0.35,S_Umpqua_H,5011,0.10,San_Juan,8,0.04,Priest_Rapid_H,5026,0.03
Area127 (14) troll 150 3646,,Methow_R,5026,0.23,Priest_Rapid_H,5026,0.16,Skagit_R,5016,0.15,Wells_H,5026,0.12,Umatilla_H_Fa,5026,0.09
Area127 (14) troll 150 3647,,Methow_R,5026,0.61,Wells_H,5026,0.16,Priest_Rapid_H,5026,0.12,Wenatchee_R_SF,5026,0.04,Hanford_Reach,5026,0.04
Area127 (14) troll 150 3648,,McKenzie_H,5029,0.90,N_Santiam_H,5029,0.10,,,,,,,,,
Area127 (14) troll 210 22401,,Hanford_Reach,5026,0.25,Wells_H,5026,0.22,Lyons_Ferry_H,5021,0.19,L_Wh_Sal_H_SF,5026,0.17,Umatilla_H_Fa,5026,0.06
Area127 (14) troll 210 22403,,Abernathy_NFH_F,5008,0.32,Big_Cr_H_Col,5030,0.24,Lewis_R_Su,5008,0.21,Washougal_R_Fa,5008,0.11,Cowlitz_H_fa,5008,0.08
Area127 (14) troll 210 22404,,Hanford_Reach,5026,0.62,Priest_Rapid_H,5026,0.23,Methow_R,5026,0.12,Priest_Rapids_H,5026,0.01,Wells_H,5026,0.01
Area127 (14) troll 210 22405,,Nez_PerceT_H,5021,0.31,Lyons_Ferry_H,5021,0.26,Priest_Rapid_H,5026,0.21,L_Wh_Sal_H_SF,5026,0.08,Hanford_Reach,5026,0.08
Area127 (14) troll 210 22406,,Priest_Rapid_H,5026,0.59,Umatilla_H_Fa,5026,0.17,Hanford_Reach,5026,0.13,Nez_PerceT_H,5021,0.05,Wells_H,5026,0.04
Area127 (14) troll 210 22408,,Priest_Rapid_H,5026,0.38,Umatilla_H_Fa,5026,0.38,Hanford_Reach,5026,0.15,Wells_H,5026,0.05,Nez_PerceT_H,5021,0.02
Area127 (14) troll 210 22411,,George_Adams_H,5005,0.73,Soos_H,5020,0.22,S_Prairie_Cr,5020,0.02,Nanaimo_F,7,0.01,Cowichan,7,0.00
Area127 (14) troll 210 22412,,Priest_Rapid_H,5026,0.56,Wells_H,5026,0.23,Hanford_Reach,5026,0.17,Umatilla_H_Fa,5026,0.01,L_Wh_Sal_H_SF,5026,0.01
Area127 (14) troll 210 22416,,Hanford_Reach,5026,0.44,Nez_PerceT_H,5021,0.35,Umatilla_H_Fa,5026,0.08,Lyons_Ferry_H,5021,0.07,L_Wh_Sal_H_SF,5026,0.04
Area127 (14) troll 210 22419,,George_Adams_H,5005,1.00,NF_Skokomish_F,5005,0.00,Hamma_Hamma_R,5005,0.00,Soos_H,5020,0.00,,,
Area127 (14) troll 210 22420,,Wells_H,5026,0.50,Priest_Rapid_H,5026,0.24,Hanford_Reach,5026,0.13,Nez_PerceT_H,5021,0.06,Umatilla_H_Fa,5026,0.03
Area127 (14) troll 210 22421,,Spring_Cr_col,5030,0.56,Big_Cr_H_Col,5030,0.36,Abernathy_NFH_F,5008,0.07,Abernathy_Cr_Fa,5008,0.01,Cowlitz_H_fa,5008,0.00
Area127 (14) troll 210 22425,,NF_Nooksack_H,5016,1.00,Hanford_Reach,5026,0.00,Lyons_Ferry_H,5021,0.00,Nez_PerceT_H,5021,0.00,L_Wh_Sal_H_SF,5026,0.00
Area127 (14) troll 210 22429,,Hanford_Reach,5026,0.61,Umatilla_H_Fa,5026,0.36,Priest_Rapids_H,5026,0.01,Nez_PerceT_H,5021,0.01,Priest_Rapid_H,5026,0.01
Area127 (14) troll 210 22430,,Nanaimo_F,7,0.95,Cowichan,7,0.05,Snoqualmie_R,5016,0.00,George_Adams_H,5005,0.00,Robertson,8,0.00
Area127 (14) troll 210 22431,,Nez_PerceT_H,5021,0.63,Priest_Rapid_H,5026,0.17,Hanford_Reach,5026,0.15,Umatilla_H_Fa,5026,0.03,Wells_H,5026,0.01
Area127 (14) troll 210 22432,,Priest_Rapid_H,5026,0.41,Lyons_Ferry_H,5021,0.29,Hanford_Reach,5026,0.16,Methow_R,5026,0.06,Nez_PerceT_H,5021,0.04
Area127 (14) troll 210 22433,,Forks_Cr_H,5028,0.85,Humptulips_H,5028,0.14,Hoh_R,5028,0.00,Coos_H,5011,0.00,,,
Area127 (14) troll 210 22434,,Hanford_Reach,5026,0.47,Priest_Rapid_H,5026,0.42,Umatilla_H_Fa,5026,0.04,Methow_R,5026,0.02,Priest_Rapids_H,5026,0.02
Area127 (14) troll 210 22435,,Priest_Rapid_H,5026,0.29,Hanford_Reach,5026,0.23,Wells_H,5026,0.17,Nez_PerceT_H,5021,0.16,Methow_R,5026,0.11
Area127 (14) troll 210 22436,,Umatilla_H_Fa,5026,0.48,Hanford_Reach,5026,0.26,Priest_Rapid_H,5026,0.11,Nez_PerceT_H,5021,0.08,Lyons_Ferry_H,5021,0.03
Area127 (14) troll 210 22437,,Coos_H,5011,0.87,Forks_Cr_H,5028,0.06,S_Umpqua_H,5011,0.02,George_Adams_H,5005,0.01,L_Skagit_R_Fa,5016,0.01
Area127 (14) troll 210 22438,,George_Adams_H,5005,0.97,Soos_H,5020,0.02,NF_Skokomish_F,5005,0.00,S_Prairie_Cr,5020,0.00,Cowichan,7,0.00
Area127 (14) troll 210 22440,,Forks_Cr_H,5028,0.64,Humptulips_H,5028,0.36,,,,,,,,,
Area127 (14) troll 210 22441,,Hanford_Reach,5026,0.79,Priest_Rapid_H,5026,0.19,Wenatchee_R_SF,5026,0.01,Nez_PerceT_H,5021,0.00,Wells_H,5026,0.00
Area127 (14) troll 210 22442,,Hanford_Reach,5026,0.31,Umatilla_H_Fa,5026,0.22,Wells_H,5026,0.19,Priest_Rapid_H,5026,0.12,Methow_R,5026,0.11
Area127 (14) troll 210 22443,,Forks_Cr_H,5028,0.85,Humptulips_H,5028,0.11,L_Shuswap,5,0.02,Craig,18,0.01,Chickamin_R,5023,0.00
Area127 (14) troll 210 22444,,Hanford_Reach,5026,0.85,Methow_R,5026,0.07,Priest_Rapids_H,5026,0.05,Lyons_Ferry_H,5021,0.01,Umatilla_H_Fa,5026,0.01
Area127 (14) troll 210 22445,,Priest_Rapid_H,5026,0.47,Methow_R,5026,0.23,Umatilla_H_Fa,5026,0.11,Hanford_Reach,5026,0.09,Wells_H,5026,0.08
Area127 (14) troll 210 22446,,Priest_Rapid_H,5026,0.60,Umatilla_H_Fa,5026,0.21,Wells_H,5026,0.06,Hanford_Reach,5026,0.03,L_Deschutes_R,5004,0.03
Area127 (14) troll 210 22447,,Umatilla_H_Fa,5026,0.31,Nez_PerceT_H,5021,0.28,Hanford_Reach,5026,0.19,Priest_Rapid_H,5026,0.12,Lyons_Ferry_H,5021,0.06
Area127 (14) troll 210 22448,,Soos_H,5020,0.52,S_Prairie_Cr,5020,0.34,George_Adams_H,5005,0.09,Snoqualmie_R,5016,0.03,Samish_H,5016,0.01
Area127 (14) troll 210 22449,Dupe with 377,Soos_H,5020,0.60,S_Prairie_Cr,5020,0.34,George_Adams_H,5005,0.06,Clear_Cr_H,5020,0.00,Bear_Cr_SuFa,5020,0.00
Area127 (14) troll 210 22450,,Nitinat,8,0.88,Hoh_R,5028,0.07,NanaimoSu_BackX,7,0.03,San_Juan,8,0.01,Lewis_R_Su,5008,0.00
Area127 (14) troll 210 22451,,Priest_Rapid_H,5026,0.89,Hanford_Reach,5026,0.09,Umatilla_H_Fa,5026,0.01,Methow_R,5026,0.01,Priest_Rapids_H,5026,0.00
Area127 (14) troll 210 22452,,Nez_PerceT_H,5021,0.92,Priest_Rapids_H,5026,0.03,Lyons_Ferry_H,5021,0.02,Hanford_Reach,5026,0.01,Methow_R,5026,0.00
Area127 (14) troll 210 22453,,Priest_Rapid_H,5026,0.29,Nez_PerceT_H,5021,0.29,Lyons_Ferry_H,5021,0.12,Hanford_Reach,5026,0.08,Umatilla_H_Fa,5026,0.08
Area127 (14) troll 210 22454,,Umatilla_H_Fa,5026,0.31,Priest_Rapid_H,5026,0.19,Nez_PerceT_H,5021,0.16,Methow_R,5026,0.12,Hanford_Reach,5026,0.12
Area127 (14) troll 210 22502,,Priest_Rapid_H,5026,0.60,Wells_H,5026,0.24,Hanford_Reach,5026,0.08,Methow_R,5026,0.06,Umatilla_H_Fa,5026,0.01
Area127 (14) troll 210 22503,,George_Adams_H,5005,0.44,Chilliwack_F,3,0.37,Soos_H,5020,0.08,U_Sauk_R_SpSu,5016,0.04,Snoqualmie_R,5016,0.03
Area127 (14) troll 210 22504,,Little_R,5,0.42,South_Thom,5,0.40,L_Thompson,5,0.14,Hanford_Reach,5026,0.01,Umatilla_H_Fa,5026,0.01
Area127 (14) troll 210 22505,,Alsea_R,5015,0.63,Trask_R,5015,0.33,NanaimoSu_BackX,7,0.01,S_Umpqua_H,5011,0.01,Salmon_R_f,5015,0.01
Area127 (14) troll 210 22507,,Soos_H,5020,0.57,S_Prairie_Cr,5020,0.39,George_Adams_H,5005,0.03,NF_Skokomish_F,5005,0.01,Samish_H,5016,0.00
Area127 (14) troll 210 22508,,Nitinat,8,1.00,Toquart,8,0.00,Kaouk_R,8,0.00,San_Juan,8,0.00,,,
Area127 (14) troll 210 22510,,Hanford_Reach,5026,0.73,Umatilla_H_Fa,5026,0.12,Priest_Rapid_H,5026,0.10,L_Wh_Sal_H_SF,5026,0.04,Nez_PerceT_H,5021,0.01
Area127 (14) troll 210 22515,,Conuma,8,0.99,Burman,8,0.00,Tranquil,8,0.00,Zeballos,8,0.00,Megin_R,8,0.00
Area127 (14) troll 210 22517,,Priest_Rapid_H,5026,0.56,Methow_R,5026,0.27,Hanford_Reach,5026,0.08,Wells_H,5026,0.05,Priest_Rapids_H,5026,0.03
Area127 (14) troll 210 22518,,Nez_PerceT_H,5021,0.43,Lyons_Ferry_H,5021,0.31,Hanford_Reach,5026,0.20,Priest_Rapid_H,5026,0.04,Umatilla_H_Fa,5026,0.02
Area127 (14) troll 210 22522,,S_Umpqua_H,5011,0.80,Trask_R,5015,0.06,Queets_R,5028,0.05,Cowlitz_H_fa,5008,0.02,Humptulips_H,5028,0.02
Area127 (14) troll 210 22523,,L_Shuswap,5,0.85,South_Thom,5,0.07,Umatilla_H_Fa,5026,0.03,L_Thompson,5,0.03,Little_R,5,0.01
Area127 (14) troll 210 22526,,Skagit_R,5016,0.34,NanaimoSu_BackX,7,0.21,U_Sauk_R,5016,0.18,U_Sauk_R_SpSu,5016,0.12,Craig,18,0.05
Area127 (14) troll 210 22527,,Priest_Rapid_H,5026,0.60,Umatilla_H_Fa,5026,0.15,Hanford_Reach,5026,0.10,Nez_PerceT_H,5021,0.06,Methow_R,5026,0.03
Area127 (14) troll 210 22528,,Coos_H,5011,0.94,Forks_Cr_H,5028,0.04,Humptulips_H,5028,0.02,S_Coos_R,5011,0.01,Hoh_R,5028,0.00
Area127 (14) troll 210 22529,,L_Shuswap,5,0.98,Bessette,5,0.01,Little_R,5,0.01,Skagit_R,5016,0.00,Stuart,2,0.00
Area127 (14) troll 210 22530,,Robertson,8,0.99,Thornton,8,0.00,Conuma,8,0.00,Gold_R,8,0.00,,,
Area127 (14) troll 210 22531,,Umatilla_H_Fa,5026,0.68,Hanford_Reach,5026,0.17,Nez_PerceT_H,5021,0.08,Methow_R,5026,0.04,Wells_H,5026,0.02
Area127 (14) troll 210 22532,,Soos_H,5020,0.34,S_Prairie_Cr,5020,0.32,George_Adams_H,5005,0.31,NF_Skokomish_F,5005,0.01,Samish_H,5016,0.01
Area127 (14) troll 210 22533,,Priest_Rapid_H,5026,0.30,Hanford_Reach,5026,0.29,Umatilla_H_Fa,5026,0.25,L_Wh_Sal_H_SF,5026,0.09,Nez_PerceT_H,5021,0.04
Area127 (14) troll 210 22534,,Hanford_Reach,5026,0.84,L_Wh_Sal_H_SF,5026,0.07,Methow_R,5026,0.05,Priest_Rapids_H,5026,0.02,Priest_Rapid_H,5026,0.01
Area127 (14) troll 210 22535,,Priest_Rapid_H,5026,0.39,Umatilla_H_Fa,5026,0.31,Hanford_Reach,5026,0.17,Methow_R,5026,0.10,Wells_H,5026,0.01
Area127 (14) troll 210 22536,,Priest_Rapid_H,5026,0.77,Umatilla_H_Fa,5026,0.13,L_Wh_Sal_H_SF,5026,0.07,Wells_H,5026,0.02,Hanford_Reach,5026,0.01
Area127 (14) troll 210 22537,,Soos_H,5020,0.43,George_Adams_H,5005,0.35,S_Prairie_Cr,5020,0.21,NF_Skokomish_F,5005,0.01,Snoqualmie_R,5016,0.00
Area127 (14) troll 210 22539,,Spring_Cr_col,5030,0.58,Abernathy_NFH_F,5008,0.30,Big_Cr_H_Col,5030,0.07,Cowlitz_H_fa,5008,0.02,Lewis_R_Su,5008,0.01
Area127 (14) troll 210 22540,,Wells_H,5026,0.33,Methow_R,5026,0.32,Priest_Rapid_H,5026,0.30,Hanford_Reach,5026,0.03,Wenatchee_R_SF,5026,0.00
Area127 (14) troll 210 22541,,Nitinat,8,1.00,Toquart,8,0.00,Sooke,8,0.00,,,,,,
Area127 (14) troll 210 22543,,Little_R,5,0.45,South_Thom,5,0.37,L_Thompson,5,0.14,L_Adams,5,0.02,L_Shuswap,5,0.01
Area127 (14) troll 210 22544,,Forks_Cr_H,5028,0.33,Hoh_R,5028,0.30,Queets_R,5028,0.20,Alsea_R,5015,0.10,Humptulips_H,5028,0.06
Area127 (14) troll 210 22545,,Spring_Cr_col,5030,0.75,Abernathy_NFH_F,5008,0.15,Big_Cr_H_Col,5030,0.08,Cowlitz_H_fa,5008,0.02,Abernathy_Cr_Fa,5008,0.00
Area127 (14) troll 210 22547,,George_Adams_H,5005,0.83,Soos_H,5020,0.07,S_Prairie_Cr,5020,0.06,Cowichan,7,0.02,Snoqualmie_R,5016,0.01
Area127 (14) troll 210 22548,,Cowlitz_H_fa,5008,0.43,Lewis_R_Su,5008,0.37,Washougal_R_Fa,5008,0.13,Abernathy_NFH_F,5008,0.04,Spring_Cr_col,5030,0.02
Area127 (14) troll 210 22551,,Priest_Rapid_H,5026,0.42,Hanford_Reach,5026,0.24,Umatilla_H_Fa,5026,0.15,Nez_PerceT_H,5021,0.12,L_Wh_Sal_H_SF,5026,0.04
Area127 (14) troll 210 22554,,Methow_R,5026,0.82,Wells_H,5026,0.13,Little_R,5,0.03,Priest_Rapid_H,5026,0.01,Hanford_Reach,5026,0.01
Area127 (14) troll 210 22555,,Cowlitz_H_fa,5008,0.98,Cowlitz_H_sp,5009,0.01,Abernathy_NFH_F,5008,0.00,Abernathy_Cr_Fa,5008,0.00,Big_Cr_H_Col,5030,0.00
Area127 (14) troll 210 22556,,Stuart,2,0.42,U_Sauk_R_SpSu,5016,0.18,South_Thom,5,0.13,Little_R,5,0.10,L_Shuswap,5,0.04
Area127 (14) troll 210 22560,,Chilliwack_F,3,1.00,,,,,,,,,,,,
Area127 (14) troll 210 22561,,George_Adams_H,5005,0.59,Soos_H,5020,0.22,NF_Skokomish_F,5005,0.06,U_Sauk_R_SpSu,5016,0.06,U_Sauk_R,5016,0.03
Area127 (14) troll 210 22562,,Hanford_Reach,5026,0.22,Priest_Rapid_H,5026,0.22,Nez_PerceT_H,5021,0.13,Wells_H,5026,0.09,Skagit_R,5016,0.07
Area127 (14) troll 210 22563,,L_Shuswap,5,1.00,Bessette,5,0.00,,,,,,,,,
Area127 (14) troll 210 22565,,Conuma,8,0.99,Tahsis,8,0.01,Zeballos,8,0.00,Burman,8,0.00,Kennedy,8,0.00
Area127 (14) troll 210 22566,,Nitinat,8,0.88,U_Sauk_R_SpSu,5016,0.03,Marble@NVI,8,0.02,Skagit_R,5016,0.01,Priest_Rapid_H,5026,0.01
Area127 (14) troll 210 22567,,Nehalem_R,5015,1.00,,,,,,,,,,,,
Area127 (14) troll 210 22569,,South_Thom,5,0.30,NanaimoSu_BackX,7,0.29,Humptulips_H,5028,0.24,L_Thompson,5,0.15,Little_R,5,0.01
Area127 (14) troll 210 22571,,S_Umpqua_H,5011,0.83,Queets_R,5028,0.05,Coos_H,5011,0.04,Humptulips_H,5028,0.04,Forks_Cr_H,5028,0.02
Area127 (14) troll 210 22572,Dupe with 326,Soos_H,5020,0.60,S_Prairie_Cr,5020,0.34,George_Adams_H,5005,0.06,Hanford_Reach,5026,0.00,Clear_Cr_H,5020,0.00
Area127 (14) troll 210 22573,,L_Shuswap,5,0.99,Bessette,5,0.01,Little_R,5,0.00,South_Thom,5,0.00,L_Thompson,5,0.00
Area127 (14) troll 210 22574,,Umatilla_H_Fa,5026,0.54,Priest_Rapid_H,5026,0.22,Methow_R,5026,0.08,Nez_PerceT_H,5021,0.06,Hanford_Reach,5026,0.05
Area127 (14) troll 210 22575,,Hanford_Reach,5026,0.60,Methow_R,5026,0.18,Priest_Rapid_H,5026,0.14,Wells_H,5026,0.04,Umatilla_H_Fa,5026,0.01
Area127 (14) troll 210 22576,,Coos_H,5011,1.00,S_Coos_R,5011,0.00,San_Juan,8,0.00,Methow_R,5026,0.00,Wells_H,5026,0.00
Area127 (14) troll 210 22577,,L_Shuswap,5,0.84,Little_R,5,0.13,South_Thom,5,0.02,L_Adams,5,0.00,L_Thompson,5,0.00
Area127 (14) troll 210 22578,,San_Juan,8,1.00,Conuma,8,0.00,Robertson,8,0.00,,,,,,
Area127 (14) troll 210 22581,,Wells_H,5026,0.42,Umatilla_H_Fa,5026,0.31,Priest_Rapid_H,5026,0.21,Hanford_Reach,5026,0.04,Methow_R,5026,0.02
Area127 (14) troll 210 22582,,Forks_Cr_H,5028,0.57,Humptulips_H,5028,0.22,Trask_R,5015,0.13,S_Umpqua_H,5011,0.04,NanaimoSu_BackX,7,0.01
Area127 (14) troll 210 22584,,Cowlitz_H_fa,5008,0.78,Washougal_R_Fa,5008,0.11,Lewis_R_Su,5008,0.10,Coweeman_R_Fa,5008,0.00,Big_Cr_H_Col,5030,0.00
Area127 (14) troll 210 22586,,Conuma,8,0.95,Zeballos,8,0.02,Kaouk_R,8,0.01,Burman,8,0.01,Moyeha_R,8,0.01
Area127 (14) troll 210 22587,,Soos_H,5020,0.52,S_Prairie_Cr,5020,0.38,George_Adams_H,5005,0.07,NF_Skokomish_F,5005,0.02,Clear_Cr_H,5020,0.00
Area127 (14) troll 210 22589,,Priest_Rapid_H,5026,0.63,Hanford_Reach,5026,0.15,Nez_PerceT_H,5021,0.06,Wells_H,5026,0.05,Lyons_Ferry_H,5021,0.05
Area127 (14) troll 210 22591,,Skagit_R,5016,0.43,Hanford_Reach,5026,0.25,Priest_Rapid_H,5026,0.13,Umatilla_H_Fa,5026,0.07,Umpqua_H,5011,0.02
Area127 (14) troll 210 22592,,Priest_Rapid_H,5026,0.26,Hanford_Reach,5026,0.18,Methow_R,5026,0.14,Wells_H,5026,0.13,Nez_PerceT_H,5021,0.12
Area127 (14) troll 210 22593,,L_Shuswap,5,0.56,Little_R,5,0.18,South_Thom,5,0.15,L_Thompson,5,0.09,NanaimoSu_BackX,7,0.01
Area127 (14) troll 218 26710,,George_Adams_H,5005,0.53,S_Prairie_Cr,5020,0.26,Soos_H,5020,0.16,NF_Skokomish_F,5005,0.04,Clear_Cr_H,5020,0.00
Area127 (14) troll 218 26721,,Thornton,8,0.97,Robertson,8,0.02,Kennedy,8,0.01,Gold_R,8,0.00,Kaouk_R,8,0.00
Area127 (14) troll 218 26758,,Little_R,5,0.42,Bessette,5,0.20,L_Shuswap,5,0.18,L_Thompson,5,0.14,South_Thom,5,0.06
Area127 (14) troll 218 26773,,Coos_H,5011,0.97,Humptulips_H,5028,0.02,Yaquina_R,5015,0.01,Forks_Cr_H,5028,0.00,Alsea_R,5015,0.00
Area127 (14) troll 218 26783,,Little_R,5,0.46,South_Thom,5,0.39,L_Thompson,5,0.14,Bessette,5,0.00,L_Shuswap,5,0.00
Area127 (14) troll 261 27101,Number of missing Loci exceeded,,,,,,,,,,,,,,,
Area127 (14) troll 261 27102,Number of missing Loci exceeded,,,,,,,,,,,,,,,
Area127 (14) troll 261 27112,,Priest_Rapid_H,5026,0.51,Hanford_Reach,5026,0.25,Umatilla_H_Fa,5026,0.16,Wells_H,5026,0.04,McKenzie_H,5029,0.03
Area127 (14) troll 261 27114,,Chilliwack_F,3,0.69,Spring_Cr_col,5030,0.09,S_Prairie_Cr,5020,0.07,Big_Cr_H_Col,5030,0.03,Craig,18,0.02
Area127 (14) troll 261 27115,Number of missing Loci exceeded,,,,,,,,,,,,,,,
Area127 (14) troll 261 27119,Number of missing Loci exceeded,,,,,,,,,,,,,,,
Area127 (14) troll 261 27122,Number of missing Loci exceeded,,,,,,,,,,,,,,,
Area127 (14) troll 261 27123,,Nehalem_R,5015,0.41,Trask_R,5015,0.22,Hanford_Reach,5026,0.11,L_Wh_Sal_H_SF,5026,0.07,Alsea_R,5015,0.05
Area127 (14) troll 261 27128,,Hanford_Reach,5026,0.38,Umatilla_H_Fa,5026,0.34,Priest_Rapid_H,5026,0.11,Methow_R,5026,0.05,L_Wh_Sal_H_SF,5026,0.03
Area127 (14) troll 261 27132,,Nehalem_R,5015,1.00,,,,,,,,,,,,
Area127 (14) troll 261 27136,,Humptulips_H,5028,0.39,Trask_R,5015,0.21,NanaimoSu_BackX,7,0.20,Forks_Cr_H,5028,0.19,Craig,18,0.01
Area127 (14) troll 261 27142,,Nez_PerceT_H,5021,0.56,Hanford_Reach,5026,0.25,Umatilla_H_Fa,5026,0.08,Wells_H,5026,0.03,L_Wh_Sal_H_SF,5026,0.02
Area127 (14) troll 261 27143,,Alsea_R,5015,0.65,Trask_R,5015,0.26,S_Umpqua_H,5011,0.02,Coos_H,5011,0.02,Craig,18,0.01
Area127 (14) troll 261 27145,,Hanford_Reach,5026,0.79,Priest_Rapid_H,5026,0.16,Nez_PerceT_H,5021,0.01,Wells_H,5026,0.01,Umatilla_H_Fa,5026,0.01
Area127 (14) troll 261 27148,,U_Sauk_R,5016,0.44,U_Sauk_R_SpSu,5016,0.33,Skagit_R,5016,0.16,Snoqualmie_R,5016,0.03,Methow_R,5026,0.03
Area127 (14) troll 261 27150,,Humptulips_H,5028,0.33,Trask_R,5015,0.27,Coos_H,5011,0.25,Washougal_R_Fa,5008,0.03,S_Coos_R,5011,0.03
Area127 (14) troll 261 27156,,Queets_R,5028,0.36,Hoh_R,5028,0.32,Skagit_R,5016,0.15,Snoqualmie_R,5016,0.09,Humptulips_H,5028,0.01
Area127 (14) troll 261 27206,,Washougal_R_Fa,5008,0.27,Cowlitz_H_fa,5008,0.21,Spring_Cr_col,5030,0.17,Lewis_R_Su,5008,0.11,Abernathy_NFH_F,5008,0.11
Area127 (14) troll 261 27208,,Hanford_Reach,5026,0.52,Umatilla_H_Fa,5026,0.25,L_Wh_Sal_H_SF,5026,0.16,Wells_H,5026,0.02,Lyons_Ferry_H,5021,0.02
Area127 (14) troll 261 27211,,George_Adams_H,5005,0.72,Soos_H,5020,0.24,S_Prairie_Cr,5020,0.03,Snoqualmie_R,5016,0.00,Samish_H,5016,0.00
Area127 (14) troll 261 27213,,Spring_Cr_col,5030,0.67,Cowlitz_H_fa,5008,0.15,Big_Cr_H_Col,5030,0.14,Washougal_R_Fa,5008,0.02,Abernathy_NFH_F,5008,0.01
Area127 (14) troll 261 27215,,Craig,18,0.60,NanaimoSu_BackX,7,0.24,Hoh_R,5028,0.07,Queets_R,5028,0.06,Cowlitz_H_fa,5008,0.01
Area127 (14) troll 261 27223,,Nanaimo_F,7,0.67,Cowichan,7,0.24,L_Qualicum,7,0.04,Puntledge_BackX,7,0.03,Umatilla_H_Fa,5026,0.01
Area127 (14) troll 261 27226,,Spring_Cr_col,5030,0.57,Abernathy_NFH_F,5008,0.27,Big_Cr_H_Col,5030,0.16,,,,,,
Area127 (14) troll 261 27233,,Spring_Cr_col,5030,0.57,Abernathy_NFH_F,5008,0.26,Big_Cr_H_Col,5030,0.16,Abernathy_Cr_Fa,5008,0.00,,,
Area127 (14) troll 261 27235,,George_Adams_H,5005,0.94,NF_Skokomish_F,5005,0.06,Snoqualmie_R,5016,0.00,Hamma_Hamma_R,5005,0.00,Cedar_R_SuFa,5020,0.00
Area127 (14) troll 261 27238,,Snoqualmie_R,5016,0.29,Skagit_R,5016,0.25,U_Sauk_R_SpSu,5016,0.18,Craig,18,0.08,L_Skagit_R_Fa,5016,0.05
,,,,,,,,,,,,,,,,
Sample: 54, Area123,2015, troll, Sep18-Sep30,,,,,,,,,,,,
Area123 (15) troll 261 42152,,Stanislaus_R,5001,1.00,Butte_Cr_f,5001,0.00,Feather_H_fa,5001,0.00,,,,,,
Area123 (15) troll 261 42158,,Harrison,3,0.82,L_Skagit_R_Fa,5016,0.16,Chilliwac@Stav,3,0.02,Skykomish_R,5016,0.00,Snoqualmie_R,5016,0.00
Area123 (15) troll 261 42159,,Trask_R,5015,0.67,Alsea_R,5015,0.24,Cowlitz_H_fa,5008,0.05,Abernathy_Cr_Fa,5008,0.02,Abernathy_NFH_F,5008,0.01
Area123 (15) troll 261 42165,,Cowlitz_H_fa,5008,0.44,Lewis_R_Su,5008,0.32,Cowlitz_H_sp,5009,0.07,Abernathy_Cr_Fa,5008,0.07,Abernathy_NFH_F,5008,0.03
Area123 (15) troll 261 42166,,Nehalem_R,5015,1.00,Trask_R,5015,0.00,,,,,,,,,
Area123 (15) troll 261 42167,,Stanislaus_R,5001,0.99,Feather_H_fa,5001,0.00,U_Deschutes_R,5004,0.00,L_Deschutes_R,5004,0.00,L_Skagit_R_Fa,5016,0.00
Area123 (15) troll 261 42171,,Soos_H,5020,0.43,George_Adams_H,5005,0.30,Cedar_R_SuFa,5020,0.10,Bear_Cr_SuFa,5020,0.07,NF_Skokomish_F,5005,0.04
Area123 (15) troll 261 42177,,Cowlitz_H_fa,5008,0.41,Lewis_R_Su,5008,0.37,Spring_Cr_col,5030,0.07,Abernathy_NFH_F,5008,0.05,Umpqua_H,5011,0.05
Area123 (15) troll 261 42179,,Soos_H,5020,0.52,L_Skagit_R_Fa,5016,0.17,Bear_Cr_SuFa,5020,0.13,Hanford_Reach,5026,0.09,Cedar_R_SuFa,5020,0.05
Area123 (15) troll 261 42186,,Cowlitz_H_sp,5009,0.91,Big_Cr_H_Col,5030,0.03,Hanford_Reach,5026,0.03,Cowlitz_H_fa,5008,0.02,Lewis_R_f,5008,0.00
Area123 (15) troll 261 42190,,Hanford_Reach,5026,0.73,Lyons_Ferry_H,5021,0.23,L_Deschutes_R,5004,0.01,Nez_PerceT_H,5021,0.01,Umpqua_H,5011,0.01
Area123 (15) troll 261 42194,,George_Adams_H,5005,0.91,NF_Skokomish_F,5005,0.07,L_Skagit_R_Fa,5016,0.02,Snoqualmie_R,5016,0.00,Hamma_Hamma_R,5005,0.00
Area123 (15) troll 261 42197,,Spring_Cr_col,5030,0.99,Cowlitz_H_fa,5008,0.00,Abernathy_NFH_F,5008,0.00,Big_Cr_H_Col,5030,0.00,Cowlitz_H_sp,5009,0.00
Area123 (15) troll 261 42199,,Soos_H,5020,0.40,George_Adams_H,5005,0.27,Cedar_R_SuFa,5020,0.12,Bear_Cr_SuFa,5020,0.10,L_Skagit_R_Fa,5016,0.07
Area123 (15) troll 261 42200,,Spring_Cr_col,5030,0.99,Abernathy_NFH_F,5008,0.00,Abernathy_Cr_Fa,5008,0.00,Big_Cr_H_Col,5030,0.00,,,
Area123 (15) troll 261 42202,,Spring_Cr_col,5030,1.00,Abernathy_NFH_F,5008,0.00,Cowlitz_H_sp,5009,0.00,Lyons_Ferry_H,5021,0.00,,,
Area123 (15) troll 261 42203,,Spring_Cr_col,5030,1.00,Big_Cr_H_Col,5030,0.00,Cowlitz_H_fa,5008,0.00,Abernathy_NFH_F,5008,0.00,Lewis_R_Su,5008,0.00
Area123 (15) troll 261 42214,,Spring_Cr_col,5030,0.98,Abernathy_NFH_F,5008,0.01,Big_Cr_H_Col,5030,0.01,Elochoman_H,5030,0.00,,,
Area123 (15) troll 261 42215,,George_Adams_H,5005,0.71,Soos_H,5020,0.24,Cedar_R_SuFa,5020,0.02,NF_Skokomish_F,5005,0.02,Snoqualmie_R,5016,0.01
Area123 (15) troll 261 42216,,Spring_Cr_col,5030,0.94,Big_Cr_H_Col,5030,0.06,Abernathy_NFH_F,5008,0.00,,,,,,
Area123 (15) troll 262 42226,,Spring_Cr_col,5030,1.00,Abernathy_NFH_F,5008,0.00,Cowlitz_H_fa,5008,0.00,,,,,,
Area123 (15) troll 262 42232,,Soos_H,5020,0.53,George_Adams_H,5005,0.17,Cedar_R_SuFa,5020,0.16,Bear_Cr_SuFa,5020,0.13,L_Skagit_R_Fa,5016,0.00
Area123 (15) troll 262 42238,,Hanford_Reach,5026,0.85,Wells_H,5026,0.10,Lyons_Ferry_H,5021,0.03,George_Adams_H,5005,0.01,Skagit_R,5016,0.00
Area123 (15) troll 262 42243,,Trask_R,5015,0.70,Alsea_R,5015,0.29,Necanicum_H,5015,0.00,S_Coos_R,5011,0.00,Salmon_R_f,5015,0.00
Area123 (15) troll 262 42244,,Lewis_R_Su,5008,0.46,Cowlitz_H_fa,5008,0.46,Spring_Cr_col,5030,0.04,Washougal_R_Fa,5008,0.01,Abernathy_Cr_Fa,5008,0.01
Area123 (15) troll 263 42246,,Spring_Cr_col,5030,0.89,Abernathy_NFH_F,5008,0.11,Big_Cr_H_Col,5030,0.00,Elochoman_H,5030,0.00,Elochoman_R_Fa,5008,0.00
Area123 (15) troll 263 42247,,NF_Nooksack_H,5016,1.00,Skagit_R,5016,0.00,,,,,,,,,
Area123 (15) troll 263 42249,,Spring_Cr_col,5030,0.94,Big_Cr_H_Col,5030,0.05,Abernathy_NFH_F,5008,0.01,,,,,,
Area123 (15) troll 263 42250,,L_Skagit_R_Fa,5016,0.70,Soos_H,5020,0.18,Skagit_R,5016,0.04,Hanford_Reach,5026,0.04,NF_Skokomish_F,5005,0.03
Area123 (15) troll 263 42258,,Spring_Cr_col,5030,0.99,Cowlitz_H_sp,5009,0.00,Hanford_Reach,5026,0.00,Abernathy_NFH_F,5008,0.00,George_Adams_H,5005,0.00
Area123 (15) troll 263 42259,,Spring_Cr_col,5030,0.96,Abernathy_NFH_F,5008,0.03,Abernathy_Cr_Fa,5008,0.00,,,,,,
Area123 (15) troll 263 42263,,Hanford_Reach,5026,1.00,Lyons_Ferry_H,5021,0.00,L_Wh_Sal_H_SF,5026,0.00,Nez_PerceT_H,5021,0.00,,,
Area123 (15) troll 263 42264,,Lyons_Ferry_H,5021,0.81,Wells_H,5026,0.14,Hanford_Reach,5026,0.03,Nez_PerceT_H,5021,0.01,Methow_R,5026,0.01
Area123 (15) troll 263 42266,,Hanford_Reach,5026,0.96,Wells_H,5026,0.04,Methow_R,5026,0.00,,,,,,
Area123 (15) troll 263 42270,,George_Adams_H,5005,0.80,Snoqualmie_R,5016,0.08,NF_Skokomish_F,5005,0.05,L_Skagit_R_Fa,5016,0.04,Hanford_Reach,5026,0.02
Area123 (15) troll 263 42271,,Spring_Cr_col,5030,1.00,,,,,,,,,,,,
Area123 (15) troll 263 42273,,Spring_Cr_col,5030,1.00,Abernathy_NFH_F,5008,0.00,,,,,,,,,
Area123 (15) troll 263 42275,,Cowlitz_H_fa,5008,0.41,Spring_Cr_col,5030,0.28,Lewis_R_Su,5008,0.20,Abernathy_NFH_F,5008,0.06,Abernathy_Cr_Fa,5008,0.04
Area123 (15) troll 263 42277,,Spring_Cr_col,5030,0.91,Abernathy_NFH_F,5008,0.06,Big_Cr_H_Col,5030,0.01,Abernathy_Cr_Fa,5008,0.01,Cowlitz_H_fa,5008,0.01
Area123 (15) troll 263 42279,,Spring_Cr_col,5030,0.99,Big_Cr_H_Col,5030,0.00,Abernathy_NFH_F,5008,0.00,Abernathy_Cr_Fa,5008,0.00,,,
Area123 (15) troll 263 42287,,George_Adams_H,5005,0.47,Soos_H,5020,0.25,L_Skagit_R_Fa,5016,0.13,Bear_Cr_SuFa,5020,0.07,NF_Skokomish_F,5005,0.04
Area123 (15) troll 263 42291,,Hanford_Reach,5026,0.87,Lyons_Ferry_H,5021,0.09,Marion_Drain_Fa,5026,0.02,Wells_H,5026,0.02,Wenatchee_R_SF,5026,0.00
Area123 (15) troll 263 42292,,Hanford_Reach,5026,1.00,Wells_H,5026,0.00,L_Wh_Sal_H_SF,5026,0.00,,,,,,
Area123 (15) troll 263 42294,,Spring_Cr_col,5030,0.99,Big_Cr_H_Col,5030,0.01,Abernathy_NFH_F,5008,0.00,Elochoman_H,5030,0.00,,,
Area123 (15) troll 263 42295,,Spring_Cr_col,5030,0.92,Big_Cr_H_Col,5030,0.05,Abernathy_NFH_F,5008,0.02,Cowlitz_H_sp,5009,0.00,Cowlitz_H_fa,5008,0.00
Area123 (15) troll 263 42368,,Harrison,3,0.95,Chilliwack_F,3,0.03,Chilliwac@Stav,3,0.02,L_Skagit_R_Fa,5016,0.00,Kitimat,10,0.00
Area123 (15) troll 263 42374,,Kennedy,8,0.23,Kaouk_R,8,0.22,Gold_R,8,0.19,Robertson,8,0.09,Megin_R,8,0.07
Area123 (15) troll 263 42376,,Hanford_Reach,5026,0.96,Lyons_Ferry_H,5021,0.04,Marion_Drain_Fa,5026,0.00,Nez_PerceT_H,5021,0.00,Wells_H,5026,0.00
Area123 (15) troll 263 42378,,Hanford_Reach,5026,0.92,Skagit_R,5016,0.03,L_Skagit_R_Fa,5016,0.02,Skykomish_R,5016,0.01,Wells_H,5026,0.01
Area123 (15) troll 263 42379,,Stanislaus_R,5001,1.00,,,,,,,,,,,,
Area123 (15) troll 263 42380,,NF_Nooksack_H,5016,1.00,,,,,,,,,,,,
Area123 (15) troll 263 42386,,Lewis_R_Su,5008,0.72,Cowlitz_H_fa,5008,0.27,Coweeman_R_Fa,5008,0.01,Washougal_R_Fa,5008,0.00,Cowlitz_H_sp,5009,0.00
Area123 (15) troll 263 42396,,Hanford_Reach,5026,0.97,Wells_H,5026,0.02,Lyons_Ferry_H,5021,0.00,Priest_Rapid_H,5026,0.00,Priest_Rapids_H,5026,0.00
Area123 (15) troll 263 42397,,Trask_R,5015,0.33,Coquille_R,5011,0.31,Alsea_R,5015,0.27,Sixes_R,5011,0.04,S_Coos_R,5011,0.02
Area123 (15) troll 269 33703,,Soos_H,5020,0.56,Bear_Cr_SuFa,5020,0.15,Cedar_R_SuFa,5020,0.15,George_Adams_H,5005,0.14,NF_Skokomish_F,5005,0.00
Area123 (15) troll 269 33704,,L_Skagit_R_Fa,5016,0.73,Snoqualmie_R,5016,0.12,Harrison,3,0.05,Soos_H,5020,0.04,George_Adams_H,5005,0.02
Area123 (15) troll 269 33716,,Lyons_Ferry_H,5021,0.57,Hanford_Reach,5026,0.43,Wells_H,5026,0.00,Nez_PerceT_H,5021,0.00,ClearwaterRFa,5021,0.00
Area123 (15) troll 269 33717,,Spring_Cr_col,5030,0.93,Abernathy_NFH_F,5008,0.03,Big_Cr_H_Col,5030,0.03,Abernathy_Cr_Fa,5008,0.00,Cowlitz_H_sp,5009,0.00
Area123 (15) troll 269 33718,,Spring_Cr_col,5030,0.97,Abernathy_NFH_F,5008,0.02,Hanford_Reach,5026,0.00,Cowlitz_H_fa,5008,0.00,Abernathy_Cr_Fa,5008,0.00
Area123 (15) troll 269 33723,,Spring_Cr_col,5030,0.98,Big_Cr_H_Col,5030,0.01,Abernathy_NFH_F,5008,0.01,,,,,,
Area123 (15) troll 269 33724,,George_Adams_H,5005,0.74,Soos_H,5020,0.15,Cedar_R_SuFa,5020,0.05,NF_Skokomish_F,5005,0.05,L_Skagit_R_Fa,5016,0.02
Area123 (15) troll 272 33906,,Lyons_Ferry_H,5021,1.00,Cowlitz_H_fa,5008,0.00,,,,,,,,,
Area123 (15) troll 272 33909,,Cowlitz_H_sp,5009,0.96,N_Santiam_H,5029,0.02,McKenzie_H,5029,0.02,Cowlitz_H_fa,5008,0.00,Lewis_R_Su,5008,0.00
Area123 (15) troll 272 33915,,Lyons_Ferry_H,5021,0.87,Hanford_Reach,5026,0.11,Wells_H,5026,0.03,L_Skagit_R_Fa,5016,0.00,L_Deschutes_R,5004,0.00
Area123 (15) troll 272 33922,,Lyons_Ferry_H,5021,0.99,Hanford_Reach,5026,0.01,Nez_PerceT_H,5021,0.00,U_Deschutes_R,5004,0.00,,,
Area123 (15) troll 272 33926,,Hanford_Reach,5026,0.75,Spring_Cr_col,5030,0.18,Wells_H,5026,0.02,Cowlitz_H_fa,5008,0.02,Abernathy_NFH_F,5008,0.01
Area123 (15) troll 272 33928,,Lyons_Ferry_H,5021,0.47,Applegate_Cr,5019,0.31,Umpqua_H,5011,0.12,Coquille_R,5011,0.04,Wells_H,5026,0.02
Area123 (15) troll 272 33929,,Cowichan,7,0.95,Puntledge_F,7,0.02,Puntledge_BackX,7,0.02,L_Qualicum,7,0.01,Cheakamus_F,9,0.00
Area123 (15) troll 272 33934,,Soos_H,5020,0.58,George_Adams_H,5005,0.16,Bear_Cr_SuFa,5020,0.14,Cedar_R_SuFa,5020,0.12,Voights_H,5020,0.00
Area123 (15) troll 272 33936,,Lewis_R_Su,5008,0.64,Cowlitz_H_fa,5008,0.24,Umpqua_H,5011,0.09,Hanford_Reach,5026,0.01,Elochoman_R_Fa,5008,0.00
Area123 (15) troll 272 33939,,Spring_Cr_col,5030,1.00,,,,,,,,,,,,
Area123 (15) troll 272 33944,,Hanford_Reach,5026,1.00,L_Wh_Sal_H_SF,5026,0.00,Lyons_Ferry_H,5021,0.00,Umatilla_H_Fa,5026,0.00,Marion_Drain_Fa,5026,0.00
Area123 (15) troll 272 33947,,Spring_Cr_col,5030,0.92,Abernathy_NFH_F,5008,0.05,Big_Cr_H_Col,5030,0.03,Cowlitz_H_sp,5009,0.00,Lewis_R_Su,5008,0.00
Area123 (15) troll 272 33948,,Soos_H,5020,0.65,Bear_Cr_SuFa,5020,0.15,Cedar_R_SuFa,5020,0.14,George_Adams_H,5005,0.06,L_Skagit_R_Fa,5016,0.00
Area123 (15) troll 272 33950,,George_Adams_H,5005,0.84,Cedar_R_SuFa,5020,0.07,NF_Skokomish_F,5005,0.06,Grovers_Cr_H,5020,0.03,Bear_Cr_SuFa,5020,0.00
Area123 (15) troll 272 33951,,Spring_Cr_col,5030,0.99,Big_Cr_H_Col,5030,0.01,Abernathy_NFH_F,5008,0.00,,,,,,
Area123 (15) troll 272 33959,,Spring_Cr_col,5030,1.00,Cowlitz_H_fa,5008,0.00,Abernathy_Cr_Fa,5008,0.00,Abernathy_NFH_F,5008,0.00,Lewis_R_f,5008,0.00
Area123 (15) troll 272 33960,,Spring_Cr_col,5030,1.00,Cowlitz_H_sp,5009,0.00,Big_Cr_H_Col,5030,0.00,Abernathy_NFH_F,5008,0.00,,,
Area123 (15) troll 272 33962,,Spring_Cr_col,5030,1.00,Big_Cr_H_Col,5030,0.00,Abernathy_NFH_F,5008,0.00,,,,,,
Area123 (15) troll 272 33963,,George_Adams_H,5005,0.93,NF_Skokomish_F,5005,0.07,L_Skagit_R_Fa,5016,0.00,Snoqualmie_R,5016,0.00,Bear_Cr_SuFa,5020,0.00
Area123 (15) troll 272 33970,,Spring_Cr_col,5030,1.00,,,,,,,,,,,,
Area123 (15) troll 272 33971,,Big_Cr_H_Col,5030,0.65,Spring_Cr_col,5030,0.32,Cowlitz_H_fa,5008,0.01,Abernathy_NFH_F,5008,0.01,Abernathy_Cr_Fa,5008,0.01
Area123 (15) troll 272 33972,,Cowlitz_H_sp,5009,0.95,Cowlitz_H_fa,5008,0.02,Abernathy_NFH_F,5008,0.02,Lewis_R_Su,5008,0.00,Wells_H,5026,0.00
Area123 (15) troll 272 33977,,George_Adams_H,5005,0.72,L_Skagit_R_Fa,5016,0.07,Skagit_R,5016,0.07,Soos_H,5020,0.05,U_Skagit_R,5016,0.02
Area123 (15) troll 272 33982,,Spring_Cr_col,5030,0.93,Abernathy_NFH_F,5008,0.07,Abernathy_Cr_Fa,5008,0.00,Cowlitz_H_fa,5008,0.00,Cowlitz_H_sp,5009,0.00
Area123 (15) troll 272 33983,,L_Skagit_R_Fa,5016,0.55,George_Adams_H,5005,0.23,Soos_H,5020,0.07,NF_Skokomish_F,5005,0.06,Skagit_R,5016,0.05
Area123 (15) troll 272 33989,,Spring_Cr_col,5030,0.96,Abernathy_NFH_F,5008,0.03,Big_Cr_H_Col,5030,0.01,George_Adams_H,5005,0.00,Umpqua_H,5011,0.00
Area123 (15) troll 272 33993,,Spring_Cr_col,5030,0.84,Big_Cr_H_Col,5030,0.15,Abernathy_NFH_F,5008,0.00,Cowlitz_H_fa,5008,0.00,,,
Area123 (15) troll 272 33997,,Spring_Cr_col,5030,0.97,Big_Cr_H_Col,5030,0.02,Abernathy_NFH_F,5008,0.01,Abernathy_Cr_Fa,5008,0.00,,,
Area123 (15) troll 272 34000,,Spring_Cr_col,5030,0.95,Abernathy_NFH_F,5008,0.05,,,,,,,,,
Area123 (15) troll 272 34701,,Spring_Cr_col,5030,0.92,Abernathy_NFH_F,5008,0.06,Big_Cr_H_Col,5030,0.01,Cowlitz_H_sp,5009,0.00,Abernathy_Cr_Fa,5008,0.00
Area123 (15) troll 272 34703,,George_Adams_H,5005,0.82,Soos_H,5020,0.14,L_Skagit_R_Fa,5016,0.02,NF_Skokomish_F,5005,0.01,Grovers_Cr_H,5020,0.01
Area123 (15) troll 272 34704,,George_Adams_H,5005,0.54,Soos_H,5020,0.17,Cedar_R_SuFa,5020,0.08,Bear_Cr_SuFa,5020,0.08,NF_Skokomish_F,5005,0.05
Area123 (15) troll 272 34712,,Cowlitz_H_sp,5009,1.00,Cowlitz_H_fa,5008,0.00,Lewis_R_Su,5008,0.00,,,,,,
Area123 (15) troll 272 34717,,Spring_Cr_col,5030,0.99,Abernathy_NFH_F,5008,0.00,Big_Cr_H_Col,5030,0.00,Abernathy_Cr_Fa,5008,0.00,Cowlitz_H_fa,5008,0.00
Area123 (15) troll 273 34718,,Spring_Cr_col,5030,0.83,Abernathy_NFH_F,5008,0.12,Cowlitz_H_fa,5008,0.02,Big_Cr_H_Col,5030,0.02,Lewis_R_Su,5008,0.01
Area123 (15) troll 273 34720,,Wells_H,5026,0.42,Hanford_Reach,5026,0.32,Lyons_Ferry_H,5021,0.24,Harrison,3,0.01,Marion_Drain_Fa,5026,0.00
Area123 (15) troll 273 34722,,Spring_Cr_col,5030,1.00,Abernathy_Cr_Fa,5008,0.00,Abernathy_NFH_F,5008,0.00,,,,,,
Area123 (15) troll 273 34723,,NF_Nooksack_H,5016,1.00,Skagit_R,5016,0.00,,,,,,,,,
Area123 (15) troll 273 34727,,Spring_Cr_col,5030,0.98,Big_Cr_H_Col,5030,0.01,Abernathy_NFH_F,5008,0.01,Abernathy_Cr_Fa,5008,0.00,Elochoman_H,5030,0.00
Area123 (15) troll 273 34736,,Spring_Cr_col,5030,0.99,Big_Cr_H_Col,5030,0.01,Abernathy_NFH_F,5008,0.00,,,,,,
Area123 (15) troll 273 34738,,George_Adams_H,5005,0.40,Soos_H,5020,0.27,L_Skagit_R_Fa,5016,0.07,Cedar_R_SuFa,5020,0.07,Bear_Cr_SuFa,5020,0.05
Area123 (15) troll 273 34739,,Hanford_Reach,5026,0.77,Wells_H,5026,0.21,Methow_R,5026,0.01,Umpqua_H,5011,0.01,Wenatchee_R_SF,5026,0.00
Area123 (15) troll 273 34740,,Spring_Cr_col,5030,1.00,Abernathy_NFH_F,5008,0.00,Big_Cr_H_Col,5030,0.00,Elochoman_H,5030,0.00,,,
Area123 (15) troll 273 34742,,Big_Cr_H_Col,5030,0.68,Abernathy_NFH_F,5008,0.26,Cowlitz_H_fa,5008,0.05,Spring_Cr_col,5030,0.01,Harrison,3,0.00
Area123 (15) troll 273 34743,,Spring_Cr_col,5030,0.99,Abernathy_NFH_F,5008,0.01,Big_Cr_H_Col,5030,0.00,,,,,,
Area123 (15) troll 273 34744,,Spring_Cr_col,5030,0.98,Abernathy_NFH_F,5008,0.01,Cowlitz_H_sp,5009,0.01,Cowlitz_H_fa,5008,0.00,Big_Cr_H_Col,5030,0.00
Area123 (15) troll 273 34745,,Spring_Cr_col,5030,1.00,Cowlitz_H_fa,5008,0.00,Abernathy_NFH_F,5008,0.00,Big_Cr_H_Col,5030,0.00,Abernathy_Cr_Fa,5008,0.00
Area123 (15) troll 273 34747,,L_Skagit_R_Fa,5016,0.53,George_Adams_H,5005,0.11,Cowichan,7,0.10,Skagit_R,5016,0.09,NF_Skokomish_F,5005,0.06
Area123 (15) troll 273 34754,,Spring_Cr_col,5030,0.95,Abernathy_NFH_F,5008,0.04,Big_Cr_H_Col,5030,0.00,Stanislaus_R,5001,0.00,,,
Area123 (15) troll 273 34756,,George_Adams_H,5005,0.22,Soos_H,5020,0.22,Cedar_R_SuFa,5020,0.18,Bear_Cr_SuFa,5020,0.16,Snoqualmie_R,5016,0.05
Area123 (15) troll 273 34760,,Spring_Cr_col,5030,0.94,Abernathy_NFH_F,5008,0.06,Abernathy_Cr_Fa,5008,0.00,Big_Cr_H_Col,5030,0.00,,,
Area123 (15) troll 273 34767,,Spring_Cr_col,5030,0.99,Abernathy_NFH_F,5008,0.01,Abernathy_Cr_Fa,5008,0.00,Big_Cr_H_Col,5030,0.00,,,
Area123 (15) troll 273 34768,,Spring_Cr_col,5030,1.00,Abernathy_NFH_F,5008,0.00,Big_Cr_H_Col,5030,0.00,,,,,,
Area123 (15) troll 273 34770,,Spring_Cr_col,5030,1.00,Abernathy_NFH_F,5008,0.00,,,,,,,,,
Area123 (15) troll 273 34771,,Spring_Cr_col,5030,0.96,Big_Cr_H_Col,5030,0.02,Abernathy_NFH_F,5008,0.02,Cowlitz_H_fa,5008,0.01,Lewis_R_Su,5008,0.00
Area123 (15) troll 273 34774,,Spring_Cr_col,5030,1.00,Abernathy_NFH_F,5008,0.00,Big_Cr_H_Col,5030,0.00,Elochoman_H,5030,0.00,,,
Area123 (15) troll 273 34776,,Hanford_Reach,5026,0.62,Wells_H,5026,0.37,Priest_Rapids_H,5026,0.00,Methow_R,5026,0.00,L_Wh_Sal_H_SF,5026,0.00
Area123 (15) troll 273 34779,,Trask_R,5015,0.28,Soos_H,5020,0.25,L_Skagit_R_Fa,5016,0.20,NF_Nooksack_H,5016,0.12,Skagit_R,5016,0.07
Area123 (15) troll 273 34780,,Lewis_R_Su,5008,0.52,Cowlitz_H_fa,5008,0.41,Abernathy_Cr_Fa,5008,0.06,Washougal_R_Fa,5008,0.01,Sandy_R,5008,0.00
Area123 (15) troll 273 34782,,Wells_H,5026,0.38,Hanford_Reach,5026,0.28,Soos_H,5020,0.16,George_Adams_H,5005,0.08,Marion_Drain_Fa,5026,0.06
Area123 (15) troll 273 34786,,Spring_Cr_col,5030,1.00,Abernathy_NFH_F,5008,0.00,Cowlitz_H_fa,5008,0.00,Big_Cr_H_Col,5030,0.00,,,
Area123 (15) troll 273 34794,,Spring_Cr_col,5030,0.97,Abernathy_Cr_Fa,5008,0.03,Abernathy_NFH_F,5008,0.00,Lewis_R_Su,5008,0.00,,,
Area123 (15) troll 273 34799,,Lyons_Ferry_H,5021,0.93,Hanford_Reach,5026,0.05,Marion_Drain_Fa,5026,0.01,Nez_PerceT_H,5021,0.01,Umatilla_H_Fa,5026,0.00
,,,,,,,,,,,,,,,,
Sample: 55, Area123Comm,2015, troll, May29-Aug09,,,,,,,,,,,,
Area123Comm (15) troll 149 1005,,Cedar_R_SuFa,5020,0.62,U_Skagit_R,5016,0.34,Snoqualmie_R,5016,0.03,George_Adams_H,5005,0.00,Skagit_R,5016,0.00
Area123Comm (15) troll 149 1008,,Spring_Cr_col,5030,1.00,Elochoman_H,5030,0.00,Abernathy_NFH_F,5008,0.00,,,,,,
Area123Comm (15) troll 149 1010,,Spring_Cr_col,5030,0.95,Elochoman_H,5030,0.04,Abernathy_Cr_Fa,5008,0.01,Cowlitz_H_fa,5008,0.01,Cowlitz_H_sp,5009,0.00
Area123Comm (15) troll 149 1011,,Conuma,8,0.99,Zeballos,8,0.01,Tlupana,8,0.00,Gold_R,8,0.00,Moyeha_R,8,0.00
Area123Comm (15) troll 149 1015,,Spring_Cr_col,5030,0.99,Elochoman_H,5030,0.00,Cowlitz_H_fa,5008,0.00,Abernathy_NFH_F,5008,0.00,Abernathy_Cr_Fa,5008,0.00
Area123Comm (15) troll 149 1019,,Spring_Cr_col,5030,0.94,Elochoman_H,5030,0.05,Abernathy_Cr_Fa,5008,0.01,Cowlitz_H_fa,5008,0.00,Abernathy_NFH_F,5008,0.00
Area123Comm (15) troll 149 1021,,Spring_Cr_col,5030,0.95,Elochoman_H,5030,0.03,Abernathy_Cr_Fa,5008,0.02,Cowlitz_H_fa,5008,0.00,Abernathy_NFH_F,5008,0.00
Area123Comm (15) troll 149 1022,,Spring_Cr_col,5030,0.99,Elochoman_H,5030,0.01,Washougal_R_Fa,5008,0.00,Abernathy_NFH_F,5008,0.00,,,
Area123Comm (15) troll 149 1027,,Spring_Cr_col,5030,1.00,Elochoman_H,5030,0.00,Abernathy_NFH_F,5008,0.00,,,,,,
Area123Comm (15) troll 149 1028,,Spring_Cr_col,5030,1.00,Abernathy_NFH_F,5008,0.00,,,,,,,,,
Area123Comm (15) troll 149 1029,,Spring_Cr_col,5030,0.97,Abernathy_Cr_Fa,5008,0.02,Elochoman_H,5030,0.01,Washougal_R_Fa,5008,0.00,Cowlitz_H_fa,5008,0.00
Area123Comm (15) troll 149 1031,,Cedar_R_SuFa,5020,1.00,Clear_Cr_H,5020,0.00,George_Adams_H,5005,0.00,Hamma_Hamma_R,5005,0.00,,,
Area123Comm (15) troll 149 1033,,Hanford_Reach,5026,0.90,Priest_Rapid_H,5026,0.07,Umatilla_H_Fa,5026,0.02,Lyons_Ferry_H,5021,0.02,Wells_H,5026,0.00
Area123Comm (15) troll 149 1036,,Spring_Cr_col,5030,1.00,Elochoman_H,5030,0.00,Abernathy_NFH_F,5008,0.00,,,,,,
Area123Comm (15) troll 149 1040,,Lyons_Ferry_H,5021,0.53,Wells_H,5026,0.13,Little_R,5,0.08,Hanford_Reach,5026,0.07,Methow_R,5026,0.06
Area123Comm (15) troll 149 1042,,Conuma,8,0.99,Zeballos,8,0.01,Kaouk_R,8,0.00,,,,,,
Area123Comm (15) troll 149 1045,,Spring_Cr_col,5030,1.00,Elochoman_H,5030,0.00,Cowlitz_H_fa,5008,0.00,Abernathy_Cr_Fa,5008,0.00,,,
Area123Comm (15) troll 149 1046,,Conuma,8,0.99,Kaouk_R,8,0.00,Zeballos,8,0.00,,,,,,
Area123Comm (15) troll 149 1047,,U_Skagit_R,5016,0.62,Marblemount_Hsu,5016,0.34,Skagit_R,5016,0.03,Lyons_Ferry_H,5021,0.01,U_Sauk_R_SpSu,5016,0.00
Area123Comm (15) troll 149 1050,,Conuma,8,1.00,Tlupana,8,0.00,Moyeha_R,8,0.00,Kaouk_R,8,0.00,,,
Area123Comm (15) troll 149 1061,,Spring_Cr_col,5030,0.99,Elochoman_H,5030,0.01,Abernathy_NFH_F,5008,0.00,,,,,,
Area123Comm (15) troll 149 1066,,Conuma,8,0.99,Zeballos,8,0.00,Tlupana,8,0.00,Tahsis,8,0.00,Moyeha_R,8,0.00
Area123Comm (15) troll 149 1067,,Cedar_R_SuFa,5020,0.57,Marblemount_Hsu,5016,0.29,Abernathy_Cr_Fa,5008,0.03,Cowlitz_H_fa,5008,0.03,Elochoman_H,5030,0.02
Area123Comm (15) troll 221 40201,Dupe with 52,Spring_Cr_col,5030,1.00,,,,,,,,,,,,
Area123Comm (15) troll 221 40202,,Spring_Cr_col,5030,1.00,Cowlitz_H_fa,5008,0.00,Washougal_R_Fa,5008,0.00,Elochoman_H,5030,0.00,,,
Area123Comm (15) troll 221 40203,Dupe with 55,Spring_Cr_col,5030,1.00,,,,,,,,,,,,
Area123Comm (15) troll 221 40204,,Spring_Cr_col,5030,0.97,Elochoman_H,5030,0.01,Abernathy_NFH_F,5008,0.01,Abernathy_Cr_Fa,5008,0.01,Washougal_R_Fa,5008,0.00
Area123Comm (15) troll 221 40205,,Cedar_R_SuFa,5020,0.96,Clear_Cr_H,5020,0.02,Soos_H,5020,0.01,S_Prairie_Cr,5020,0.00,NanaimoSu_BackX,7,0.00
Area123Comm (15) troll 221 40206,Dupe with 31,Hanford_Reach,5026,0.89,Priest_Rapid_H,5026,0.06,Umatilla_H_Fa,5026,0.04,Marion_Drain_Fa,5026,0.00,Lyons_Ferry_H,5021,0.00
Area123Comm (15) troll 221 40207,,Spring_Cr_col,5030,1.00,,,,,,,,,,,,
Area123Comm (15) troll 221 40208,Dupe with 29,Hanford_Reach,5026,0.89,Priest_Rapid_H,5026,0.06,Umatilla_H_Fa,5026,0.04,Marion_Drain_Fa,5026,0.00,Lyons_Ferry_H,5021,0.00
Area123Comm (15) troll 221 40209,,Spring_Cr_col,5030,1.00,Elochoman_H,5030,0.00,Abernathy_NFH_F,5008,0.00,Abernathy_Cr_Fa,5008,0.00,Big_Cr_H_Col,5030,0.00
Area123Comm (15) troll 221 40210,,Cedar_R_SuFa,5020,0.99,S_Prairie_Cr,5020,0.00,Soos_H,5020,0.00,UW_H_SuFa,5020,0.00,Snoqualmie_R,5016,0.00
Area123Comm (15) troll 221 40211,,South_Thom,5,0.37,Little_R,5,0.35,Cedar_R_SuFa,5020,0.19,L_Adams,5,0.08,Clear_Cr_H,5020,0.01
Area123Comm (15) troll 221 40212,Dupe with 57,Lyons_Ferry_H,5021,0.91,Priest_Rapid_H,5026,0.05,Umatilla_H_Fa,5026,0.04,Hanford_Reach,5026,0.00,Umatilla_H,5026,0.00
Area123Comm (15) troll 221 40213,,Spring_Cr_col,5030,0.99,Elochoman_H,5030,0.00,Abernathy_Cr_Fa,5008,0.00,Cedar_R_SuFa,5020,0.00,Abernathy_NFH_F,5008,0.00
Area123Comm (15) troll 221 40214,,Lyons_Ferry_H,5021,0.48,Forks_Cr_H,5028,0.29,Nestucca_H,5015,0.16,Hanford_Reach,5026,0.03,Umpqua_H,5011,0.02
Area123Comm (15) troll 221 40215,,Cedar_R_SuFa,5020,0.97,Clear_Cr_H,5020,0.02,Voights_H,5020,0.00,Bear_Cr_SuFa,5020,0.00,Samish_H,5016,0.00
Area123Comm (15) troll 221 40216,,Spring_Cr_col,5030,0.99,Elochoman_H,5030,0.01,Cowlitz_H_fa,5008,0.00,,,,,,
Area123Comm (15) troll 221 40217,,Cowlitz_H_fa,5008,0.88,Spring_Cr_col,5030,0.06,Abernathy_Cr_Fa,5008,0.03,Elochoman_H,5030,0.02,Washougal_R_Fa,5008,0.01
Area123Comm (15) troll 221 40218,,Spring_Cr_col,5030,1.00,Elochoman_H,5030,0.00,Abernathy_Cr_Fa,5008,0.00,,,,,,
Area123Comm (15) troll 221 40219,,Spring_Cr_col,5030,0.92,Elochoman_H,5030,0.04,Washougal_R_Fa,5008,0.01,Abernathy_Cr_Fa,5008,0.01,NanaimoSu_BackX,7,0.01
Area123Comm (15) troll 221 40220,,Cowlitz_H_fa,5008,0.41,Washougal_R_Fa,5008,0.31,Spring_Cr_col,5030,0.15,Elochoman_H,5030,0.09,Abernathy_Cr_Fa,5008,0.02
Area123Comm (15) troll 221 40221,,Spring_Cr_col,5030,1.00,Elochoman_H,5030,0.00,Abernathy_Cr_Fa,5008,0.00,,,,,,
Area123Comm (15) troll 221 40222,Dupe with 60,NanaimoSu_BackX,7,0.50,Spring_Cr_col,5030,0.15,Cowlitz_H_fa,5008,0.13,Elochoman_H,5030,0.08,Washougal_R_Fa,5008,0.06
Area123Comm (15) troll 221 40223,,Spring_Cr_col,5030,1.00,,,,,,,,,,,,
Area123Comm (15) troll 221 40224,,Spring_Cr_col,5030,0.44,Washougal_R_Fa,5008,0.37,Abernathy_Cr_Fa,5008,0.06,Elochoman_H,5030,0.06,Coweeman_R_Fa,5008,0.02
Area123Comm (15) troll 221 40225,,Cowlitz_H_fa,5008,0.94,Abernathy_Cr_Fa,5008,0.04,Elochoman_H,5030,0.02,Washougal_R_Fa,5008,0.00,Cowlitz_H_sp,5009,0.00
Area123Comm (15) troll 221 40226,,Cedar_R_SuFa,5020,0.99,Voights_H,5020,0.00,Soos_H,5020,0.00,Clear_Cr_H,5020,0.00,Grovers_Cr_H,5020,0.00
Area123Comm (15) troll 221 40227,,Spring_Cr_col,5030,0.81,Elochoman_H,5030,0.07,Washougal_R_Fa,5008,0.06,Abernathy_Cr_Fa,5008,0.02,Harrison,3,0.01
Area123Comm (15) troll 221 40228,,Spring_Cr_col,5030,0.99,Elochoman_H,5030,0.01,Abernathy_NFH_F,5008,0.00,Abernathy_Cr_Fa,5008,0.00,,,
Area123Comm (15) troll 221 40229,Dupe with 24,Spring_Cr_col,5030,1.00,,,,,,,,,,,,
Area123Comm (15) troll 221 40230,,NanaimoSu_BackX,7,0.50,Harrison,3,0.50,,,,,,,,,
Area123Comm (15) troll 221 40231,,Spring_Cr_col,5030,0.92,Elochoman_H,5030,0.07,Abernathy_NFH_F,5008,0.00,Abernathy_Cr_Fa,5008,0.00,Cowlitz_H_sp,5009,0.00
Area123Comm (15) troll 221 40232,Dupe with 26,Spring_Cr_col,5030,1.00,,,,,,,,,,,,
Area123Comm (15) troll 221 40233,,Lyons_Ferry_H,5021,0.88,Priest_Rapid_H,5026,0.05,Umatilla_H_Fa,5026,0.04,Hanford_Reach,5026,0.03,Wells_H,5026,0.00
Area123Comm (15) troll 221 40234,Dupe with 35,Lyons_Ferry_H,5021,0.91,Priest_Rapid_H,5026,0.05,Umatilla_H_Fa,5026,0.04,Hanford_Reach,5026,0.00,Marion_Drain_Fa,5026,0.00
Area123Comm (15) troll 221 40235,,Spring_Cr_col,5030,1.00,Abernathy_NFH_F,5008,0.00,Elochoman_H,5030,0.00,Big_Cr_H_Col,5030,0.00,,,
Area123Comm (15) troll 221 40236,,Feather_H_fa,5001,0.56,Butte_Cr_f,5001,0.43,Feather_H_sp,5002,0.01,Hanford_Reach,5026,0.00,,,
Area123Comm (15) troll 221 40237,Dupe with 45,NanaimoSu_BackX,7,0.50,Spring_Cr_col,5030,0.15,Cowlitz_H_fa,5008,0.13,Elochoman_H,5030,0.08,Washougal_R_Fa,5008,0.06
Area123Comm (15) troll 221 40238,,Spring_Cr_col,5030,0.99,Elochoman_H,5030,0.01,Abernathy_NFH_F,5008,0.00,Abernathy_Cr_Fa,5008,0.00,Big_Cr_H_Col,5030,0.00
Area123Comm (15) troll 221 40239,,Hanford_Reach,5026,0.93,Priest_Rapid_H,5026,0.06,Lyons_Ferry_H,5021,0.00,Washougal_R_Fa,5008,0.00,Marion_Drain_Fa,5026,0.00
Area123Comm (15) troll 221 40240,,Cedar_R_SuFa,5020,1.00,Grovers_Cr_H,5020,0.00,Bear_Cr_SuFa,5020,0.00,George_Adams_H,5005,0.00,Clear_Cr_H,5020,0.00
Area123Comm (15) troll 221 40241,,Little_R,5,0.34,South_Thom,5,0.31,Duteau_Cr,5,0.14,M_Shuswap,5,0.11,L_Adams,5,0.06
Area123Comm (15) troll 221 40242,,Robertson,8,0.52,Gold_R,8,0.47,Thornton,8,0.01,Kaouk_R,8,0.00,,,
Area123Comm (15) troll 221 40243,,Washougal_R_Fa,5008,0.40,Cowlitz_H_fa,5008,0.33,Lyons_Ferry_H,5021,0.06,Hanford_Reach,5026,0.05,Abernathy_Cr_Fa,5008,0.03
,,,,,,,,,,,,,,,,
Sample: 56, Area124Comm,2015, troll, May04-May30,,,,,,,,,,,,
Area124Comm (15) troll 124 7206,,Samish_H,5016,0.49,Clear_Cr_H,5020,0.21,L_Skagit_R_Fa,5016,0.09,U_Sauk_R_SpSu,5016,0.09,Hamma_Hamma_R,5005,0.05
Area124Comm (15) troll 124 7212,,Spring_Cr_col,5030,0.97,Abernathy_NFH_F,5008,0.02,Big_Cr_H_Col,5030,0.01,Cowlitz_H_fa,5008,0.00,Abernathy_Cr_Fa,5008,0.00
Area124Comm (15) troll 124 7214,,NF_Nooksack_H,5016,1.00,,,,,,,,,,,,
Area124Comm (15) troll 124 7232,,Spring_Cr_col,5030,0.72,Big_Cr_H_Col,5030,0.22,Cowlitz_H_fa,5008,0.02,Abernathy_NFH_F,5008,0.01,Lewis_R_Su,5008,0.01
Area124Comm (15) troll 124 7235,,Cowichan,7,0.88,Puntledge_BackX,7,0.07,L_Qualicum,7,0.02,Big_Qualicum,7,0.02,Puntledge_F,7,0.01
Area124Comm (15) troll 124 7238,,Clear_Cr_H,5020,0.44,Soos_H,5020,0.21,Cedar_R_SuFa,5020,0.15,Voights_H,5020,0.14,Hamma_Hamma_R,5005,0.02
Area124Comm (15) troll 124 7239,,Spring_Cr_col,5030,0.90,Big_Cr_H_Col,5030,0.10,Elochoman_H,5030,0.00,,,,,,
Area124Comm (15) troll 124 7240,,U_Sauk_R_SpSu,5016,0.66,Skykomish_R,5016,0.22,Marblemount_Hsu,5016,0.05,Cedar_R_SuFa,5020,0.02,Skagit_R,5016,0.02
Area124Comm (15) troll 124 7242,,Skykomish_R,5016,0.23,Voights_H,5020,0.18,Clear_Cr_H,5020,0.13,U_Sauk_R_SpSu,5016,0.11,Bear_Cr_SuFa,5020,0.08
Area124Comm (15) troll 124 7243,,Spring_Cr_col,5030,0.99,Big_Cr_H_Col,5030,0.01,Abernathy_NFH_F,5008,0.00,Elochoman_H,5030,0.00,,,
Area124Comm (15) troll 124 7244,,Spring_Cr_col,5030,0.98,Big_Cr_H_Col,5030,0.02,Clear_Cr_H,5020,0.00,Abernathy_NFH_F,5008,0.00,,,
Area124Comm (15) troll 124 7263,,Soos_H,5020,0.39,Clear_Cr_H,5020,0.23,Cedar_R_SuFa,5020,0.16,Bear_Cr_SuFa,5020,0.10,Samish_H,5016,0.10
Area124Comm (15) troll 124 7267,,Spring_Cr_col,5030,0.86,Big_Cr_H_Col,5030,0.05,Hanford_Reach,5026,0.04,Nez_PerceT_H,5021,0.02,Priest_Rapid_H,5026,0.01
Area124Comm (15) troll 124 7270,,NF_Skokomish_F,5005,0.39,Samish_H,5016,0.15,Cedar_R_SuFa,5020,0.12,Clear_Cr_H,5020,0.09,L_Skagit_R_Fa,5016,0.08
Area124Comm (15) troll 124 7281,,Spring_Cr_col,5030,1.00,Abernathy_NFH_F,5008,0.00,,,,,,,,,
Area124Comm (15) troll 124 7288,,Clear_Cr_H,5020,0.29,Voights_H,5020,0.27,Samish_H,5016,0.23,Bear_Cr_SuFa,5020,0.10,Cedar_R_SuFa,5020,0.08
Area124Comm (15) troll 124 7294,,Spring_Cr_col,5030,0.99,Big_Cr_H_Col,5030,0.00,Abernathy_NFH_F,5008,0.00,,,,,,
Area124Comm (15) troll 124 7303,,Soos_H,5020,0.34,Clear_Cr_H,5020,0.27,Cedar_R_SuFa,5020,0.19,Bear_Cr_SuFa,5020,0.14,Voights_H,5020,0.04
Area124Comm (15) troll 124 7314,,Feather_H_fa,5001,0.52,Battle_Cr,5001,0.41,Butte_Cr_f,5001,0.05,Feather_H_sp,5002,0.02,Spring_Cr_col,5030,0.01
Area124Comm (15) troll 124 7318,,Big_Cr_H_Col,5030,0.82,Spring_Cr_col,5030,0.18,Abernathy_NFH_F,5008,0.00,,,,,,
Area124Comm (15) troll 124 7322,,Spring_Cr_col,5030,0.99,Big_Cr_H_Col,5030,0.01,,,,,,,,,
Area124Comm (15) troll 124 7331,,Spring_Cr_col,5030,0.54,Big_Cr_H_Col,5030,0.45,Abernathy_NFH_F,5008,0.00,,,,,,
Area124Comm (15) troll 124 7338,,Spring_Cr_col,5030,0.62,Big_Cr_H_Col,5030,0.37,Abernathy_NFH_F,5008,0.00,Elochoman_H,5030,0.00,,,
Area124Comm (15) troll 124 7350,,Samish_H,5016,0.54,Soos_H,5020,0.16,Cedar_R_SuFa,5020,0.12,Bear_Cr_SuFa,5020,0.06,Clear_Cr_H,5020,0.05
Area124Comm (15) troll 124 7353,,Soos_H,5020,0.24,Bear_Cr_SuFa,5020,0.24,Samish_H,5016,0.16,NF_Skokomish_F,5005,0.16,Cedar_R_SuFa,5020,0.14
Area124Comm (15) troll 124 7359,,Spring_Cr_col,5030,0.96,Big_Cr_H_Col,5030,0.04,,,,,,,,,
Area124Comm (15) troll 124 7361,,Spring_Cr_col,5030,1.00,Big_Cr_H_Col,5030,0.00,Abernathy_NFH_F,5008,0.00,Elochoman_H,5030,0.00,,,
Area124Comm (15) troll 124 7363,,Spring_Cr_col,5030,1.00,Big_Cr_H_Col,5030,0.00,Abernathy_NFH_F,5008,0.00,,,,,,
Area124Comm (15) troll 124 7369,,Spring_Cr_col,5030,0.84,Big_Cr_H_Col,5030,0.16,Abernathy_NFH_F,5008,0.00,,,,,,
Area124Comm (15) troll 124 7370,,Nez_PerceT_H,5021,0.26,Skykomish_R,5016,0.21,Harrison,3,0.15,Lewis_R_Su,5008,0.06,Methow_R,5026,0.04
Area124Comm (15) troll 124 7377,,Bear_Cr_SuFa,5020,0.33,NF_Skokomish_F,5005,0.23,Samish_H,5016,0.12,Cedar_R_SuFa,5020,0.12,Soos_H,5020,0.07
Area124Comm (15) troll 129 38805,,Cowichan,7,0.89,Puntledge_BackX,7,0.06,Robertson,8,0.03,Big_Qualicum,7,0.01,Puntledge_F,7,0.01
Area124Comm (15) troll 129 38808,,Spring_Cr_col,5030,0.98,Big_Cr_H_Col,5030,0.02,Abernathy_NFH_F,5008,0.00,Cowlitz_H_fa,5008,0.00,Bear_Cr_SuFa,5020,0.00
Area124Comm (15) troll 129 38810,,Spring_Cr_col,5030,0.97,Big_Cr_H_Col,5030,0.02,Cowlitz_H_fa,5008,0.00,Abernathy_NFH_F,5008,0.00,,,
Area124Comm (15) troll 129 38816,,Spring_Cr_col,5030,1.00,Big_Cr_H_Col,5030,0.00,Abernathy_NFH_F,5008,0.00,,,,,,
Area124Comm (15) troll 129 38817,,Spring_Cr_col,5030,0.54,Big_Cr_H_Col,5030,0.46,Abernathy_NFH_F,5008,0.00,,,,,,
Area124Comm (15) troll 129 38821,,Spring_Cr_col,5030,0.99,Big_Cr_H_Col,5030,0.01,Abernathy_NFH_F,5008,0.00,,,,,,
Area124Comm (15) troll 129 38823,,Samish_H,5016,0.54,Soos_H,5020,0.25,Bear_Cr_SuFa,5020,0.07,L_Skagit_R_Fa,5016,0.07,Cedar_R_SuFa,5020,0.03
Area124Comm (15) troll 129 38831,,Spring_Cr_col,5030,0.95,Big_Cr_H_Col,5030,0.05,,,,,,,,,
Area124Comm (15) troll 129 38833,,Spring_Cr_col,5030,0.82,Big_Cr_H_Col,5030,0.18,Abernathy_NFH_F,5008,0.00,Cedar_R_SuFa,5020,0.00,Samish_H,5016,0.00
Area124Comm (15) troll 129 38834,,Spring_Cr_col,5030,1.00,Abernathy_NFH_F,5008,0.00,,,,,,,,,
Area124Comm (15) troll 129 38841,,Spring_Cr_col,5030,0.94,Big_Cr_H_Col,5030,0.04,Abernathy_NFH_F,5008,0.02,,,,,,
Area124Comm (15) troll 129 38849,,Spring_Cr_col,5030,0.98,Big_Cr_H_Col,5030,0.01,Abernathy_NFH_F,5008,0.01,,,,,,
Area124Comm (15) troll 129 38850,,Spring_Cr_col,5030,1.00,Big_Cr_H_Col,5030,0.00,,,,,,,,,
Area124Comm (15) troll 134 32603,,Spring_Cr_col,5030,0.99,Abernathy_NFH_F,5008,0.01,Cowlitz_H_fa,5008,0.00,Elochoman_R_Fa,5008,0.00,Abernathy_Cr_Fa,5008,0.00
Area124Comm (15) troll 134 32604,,Spring_Cr_col,5030,0.99,Big_Cr_H_Col,5030,0.01,Abernathy_NFH_F,5008,0.00,,,,,,
Area124Comm (15) troll 134 32612,,Andrew_Cr,5024,0.57,Harrison,3,0.30,L_Skagit_R_Fa,5016,0.04,Nangeese_R,22,0.02,Shakes_Cr,18,0.02
Area124Comm (15) troll 134 32615,,Spring_Cr_col,5030,0.99,Big_Cr_H_Col,5030,0.01,Lewis_R_Su,5008,0.00,Abernathy_Cr_Fa,5008,0.00,Elochoman_H,5030,0.00
Area124Comm (15) troll 134 32617,,Soos_H,5020,0.27,Voights_H,5020,0.16,Clear_Cr_H,5020,0.15,Skykomish_R,5016,0.10,U_Sauk_R_SpSu,5016,0.07
Area124Comm (15) troll 134 32619,,NF_Skokomish_F,5005,0.46,Bear_Cr_SuFa,5020,0.27,Hamma_Hamma_R,5005,0.26,Cedar_R_SuFa,5020,0.01,Soos_H,5020,0.00
Area124Comm (15) troll 134 32620,,Robertson,8,0.96,Gold_R,8,0.03,Kaouk_R,8,0.01,Conuma,8,0.00,Tranquil,8,0.00
Area124Comm (15) troll 134 32629,,Spring_Cr_col,5030,1.00,Big_Cr_H_Col,5030,0.00,Abernathy_NFH_F,5008,0.00,,,,,,
Area124Comm (15) troll 134 32636,,Spring_Cr_col,5030,0.95,Big_Cr_H_Col,5030,0.05,,,,,,,,,
Area124Comm (15) troll 134 32638,,Spring_Cr_col,5030,0.85,Big_Cr_H_Col,5030,0.15,Abernathy_NFH_F,5008,0.00,,,,,,
Area124Comm (15) troll 134 32639,,Spring_Cr_col,5030,1.00,Big_Cr_H_Col,5030,0.00,Abernathy_NFH_F,5008,0.00,,,,,,
Area124Comm (15) troll 134 32643,,Spring_Cr_col,5030,0.97,Big_Cr_H_Col,5030,0.02,Abernathy_NFH_F,5008,0.00,,,,,,
Area124Comm (15) troll 134 32646,,Spring_Cr_col,5030,0.89,Big_Cr_H_Col,5030,0.11,Elochoman_R_Fa,5008,0.00,Cowlitz_H_fa,5008,0.00,Abernathy_NFH_F,5008,0.00
Area124Comm (15) troll 134 32651,,Spring_Cr_col,5030,1.00,Big_Cr_H_Col,5030,0.00,Abernathy_NFH_F,5008,0.00,Abernathy_Cr_Fa,5008,0.00,,,
Area124Comm (15) troll 134 32653,,Spring_Cr_col,5030,0.94,Abernathy_NFH_F,5008,0.05,Big_Cr_H_Col,5030,0.01,,,,,,
Area124Comm (15) troll 134 32669,,Clear_Cr_H,5020,0.63,Hamma_Hamma_R,5005,0.20,Soos_H,5020,0.07,Bear_Cr_SuFa,5020,0.06,Cedar_R_SuFa,5020,0.03
Area124Comm (15) troll 134 32676,,Spring_Cr_col,5030,1.00,Big_Cr_H_Col,5030,0.00,,,,,,,,,
Area124Comm (15) troll 134 32679,,Spring_Cr_col,5030,1.00,Big_Cr_H_Col,5030,0.00,Abernathy_NFH_F,5008,0.00,,,,,,
Area124Comm (15) troll 134 32680,,Spring_Cr_col,5030,0.70,Big_Cr_H_Col,5030,0.30,Abernathy_NFH_F,5008,0.00,Elochoman_H,5030,0.00,,,
Area124Comm (15) troll 134 32694,,Spring_Cr_col,5030,1.00,Abernathy_NFH_F,5008,0.00,Big_Cr_H_Col,5030,0.00,Elochoman_H,5030,0.00,,,
Area124Comm (15) troll 134 32705,,Clear_Cr_H,5020,0.38,NF_Skokomish_F,5005,0.18,Cedar_R_SuFa,5020,0.14,Soos_H,5020,0.10,Bear_Cr_SuFa,5020,0.10
Area124Comm (15) troll 134 32725,,Spring_Cr_col,5030,1.00,,,,,,,,,,,,
Area124Comm (15) troll 134 32726,,Spring_Cr_col,5030,0.94,Big_Cr_H_Col,5030,0.04,Abernathy_NFH_F,5008,0.01,Lewis_R_Su,5008,0.00,,,
Area124Comm (15) troll 134 32727,,Samish_H,5016,0.35,Bear_Cr_SuFa,5020,0.17,Soos_H,5020,0.17,Hamma_Hamma_R,5005,0.15,NF_Skokomish_F,5005,0.14
Area124Comm (15) troll 134 32736,,Big_Cr_H_Col,5030,0.54,Spring_Cr_col,5030,0.46,Lyons_Ferry_H,5021,0.00,Lewis_R_f,5008,0.00,Nez_PerceT_H,5021,0.00
Area124Comm (15) troll 134 32740,,Spring_Cr_col,5030,0.97,Big_Cr_H_Col,5030,0.01,Abernathy_NFH_F,5008,0.01,Elochoman_H,5030,0.00,,,
Area124Comm (15) troll 134 32742,,Samish_H,5016,0.57,Soos_H,5020,0.17,Clear_Cr_H,5020,0.12,Cedar_R_SuFa,5020,0.07,Bear_Cr_SuFa,5020,0.06
Area124Comm (15) troll 134 32744,,Nez_PerceT_H,5021,0.44,Lyons_Ferry_H,5021,0.43,U_Deschutes_R,5004,0.08,L_Deschutes_R,5004,0.02,Hanford_Reach,5026,0.01
Area124Comm (15) troll 134 32745,,Spring_Cr_col,5030,0.58,Big_Cr_H_Col,5030,0.41,Abernathy_NFH_F,5008,0.01,Cowlitz_H_fa,5008,0.00,,,
Area124Comm (15) troll 134 32754,,Soos_H,5020,0.36,Clear_Cr_H,5020,0.23,Hamma_Hamma_R,5005,0.12,Cedar_R_SuFa,5020,0.11,Voights_H,5020,0.07
Area124Comm (15) troll 134 32761,,Spring_Cr_col,5030,0.94,Big_Cr_H_Col,5030,0.06,,,,,,,,,
Area124Comm (15) troll 134 32763,,Spring_Cr_col,5030,0.96,Big_Cr_H_Col,5030,0.04,,,,,,,,,
Area124Comm (15) troll 134 32765,,Spring_Cr_col,5030,0.97,Big_Cr_H_Col,5030,0.03,Abernathy_NFH_F,5008,0.00,,,,,,
Area124Comm (15) troll 134 32789,,Spring_Cr_col,5030,0.84,Big_Cr_H_Col,5030,0.16,Abernathy_NFH_F,5008,0.00,Sandy_R,5008,0.00,,,
Area124Comm (15) troll 134 32791,,Spring_Cr_col,5030,1.00,Big_Cr_H_Col,5030,0.00,Abernathy_NFH_F,5008,0.00,,,,,,
Area124Comm (15) troll 134 32804,,Big_Cr_H_Col,5030,0.75,Spring_Cr_col,5030,0.24,Sandy_R,5008,0.00,Abernathy_Cr_Fa,5008,0.00,Abernathy_NFH_F,5008,0.00
Area124Comm (15) troll 134 32806,,Spring_Cr_col,5030,0.96,Abernathy_NFH_F,5008,0.03,Big_Cr_H_Col,5030,0.01,,,,,,
Area124Comm (15) troll 134 32810,,Big_Cr_H_Col,5030,0.54,Spring_Cr_col,5030,0.45,Abernathy_NFH_F,5008,0.00,Elochoman_H,5030,0.00,,,
Area124Comm (15) troll 138 33104,,Big_Cr_H_Col,5030,0.80,Spring_Cr_col,5030,0.20,Abernathy_NFH_F,5008,0.00,,,,,,
Area124Comm (15) troll 138 33108,,Spring_Cr_col,5030,0.91,Big_Cr_H_Col,5030,0.08,Abernathy_NFH_F,5008,0.01,Cowlitz_H_fa,5008,0.00,,,
Area124Comm (15) troll 138 33112,,Spring_Cr_col,5030,1.00,Big_Cr_H_Col,5030,0.00,Abernathy_NFH_F,5008,0.00,,,,,,
Area124Comm (15) troll 138 33115,,Spring_Cr_col,5030,0.93,Big_Cr_H_Col,5030,0.06,Abernathy_NFH_F,5008,0.00,,,,,,
Area124Comm (15) troll 138 33121,,NF_Skokomish_F,5005,0.30,Bear_Cr_SuFa,5020,0.22,Samish_H,5016,0.14,Hamma_Hamma_R,5005,0.10,Clear_Cr_H,5020,0.09
Area124Comm (15) troll 138 33124,,Spring_Cr_col,5030,1.00,Nez_PerceT_H,5021,0.00,Big_Cr_H_Col,5030,0.00,U_Deschutes_R,5004,0.00,Lyons_Ferry_H,5021,0.00
Area124Comm (15) troll 138 33126,,Spring_Cr_col,5030,1.00,Big_Cr_H_Col,5030,0.00,,,,,,,,,
Area124Comm (15) troll 138 33128,,NF_Skokomish_F,5005,0.35,Clear_Cr_H,5020,0.23,Bear_Cr_SuFa,5020,0.20,Cedar_R_SuFa,5020,0.18,Hamma_Hamma_R,5005,0.02
Area124Comm (15) troll 138 33133,,Spring_Cr_col,5030,1.00,,,,,,,,,,,,
Area124Comm (15) troll 140 33506,,Spring_Cr_col,5030,1.00,Big_Cr_H_Col,5030,0.00,,,,,,,,,
Area124Comm (15) troll 140 33511,,Spring_Cr_col,5030,0.98,Big_Cr_H_Col,5030,0.01,Abernathy_NFH_F,5008,0.01,Samish_H,5016,0.00,U_Sauk_R_SpSu,5016,0.00
Area124Comm (15) troll 140 33524,,Spring_Cr_col,5030,0.79,Big_Cr_H_Col,5030,0.21,,,,,,,,,
Area124Comm (15) troll 140 33529,,Spring_Cr_col,5030,0.86,Big_Cr_H_Col,5030,0.14,Abernathy_NFH_F,5008,0.00,,,,,,
Area124Comm (15) troll 140 33535,,Spring_Cr_col,5030,0.99,Big_Cr_H_Col,5030,0.01,Abernathy_NFH_F,5008,0.00,,,,,,
Area124Comm (15) troll 140 33537,,Spring_Cr_col,5030,1.00,Abernathy_NFH_F,5008,0.00,Big_Cr_H_Col,5030,0.00,,,,,,
Area124Comm (15) troll 140 33542,,Conuma,8,1.00,Zeballos,8,0.00,Tahsis,8,0.00,Kaouk_R,8,0.00,,,
Area124Comm (15) troll 140 33546,,Conuma,8,0.97,Kaouk_R,8,0.02,Tahsis,8,0.01,Megin_R,8,0.00,Robertson,8,0.00
Area124Comm (15) troll 140 33551,,Clear_Cr_H,5020,0.60,Cedar_R_SuFa,5020,0.19,Bear_Cr_SuFa,5020,0.06,Soos_H,5020,0.05,NF_Skokomish_F,5005,0.04
Area124Comm (15) troll 140 33553,,U_Sauk_R_SpSu,5016,0.34,Skykomish_R,5016,0.17,NF_Skokomish_F,5005,0.11,Bear_Cr_SuFa,5020,0.09,Harrison,3,0.06
Area124Comm (15) troll 140 33555,,NF_Nooksack_H,5016,1.00,,,,,,,,,,,,
Area124Comm (15) troll 140 33556,,Lyons_Ferry_H,5021,0.35,Hanford_Reach,5026,0.30,U_Deschutes_R,5004,0.14,Cedar_R_SuFa,5020,0.07,Samish_H,5016,0.04
Area124Comm (15) troll 140 33559,,NF_Skokomish_F,5005,0.49,Samish_H,5016,0.16,L_Skagit_R_Fa,5016,0.09,Cedar_R_SuFa,5020,0.08,Bear_Cr_SuFa,5020,0.07
Area124Comm (15) troll 140 33572,,Soos_H,5020,0.29,NF_Skokomish_F,5005,0.14,Cedar_R_SuFa,5020,0.12,Clear_Cr_H,5020,0.10,Bear_Cr_SuFa,5020,0.10
Area124Comm (15) troll 140 33586,,U_Sauk_R_SpSu,5016,0.52,Bear_Cr_SuFa,5020,0.22,Cedar_R_SuFa,5020,0.11,Samish_H,5016,0.09,Lyons_Ferry_H,5021,0.03
Area124Comm (15) troll 150 1304,,Methow_R,5026,0.35,Lyons_Ferry_H,5021,0.17,Hanford_Reach,5026,0.17,Nez_PerceT_H,5021,0.14,Priest_Rapid_H,5026,0.07
Area124Comm (15) troll 150 1305,,Big_Cr_H_Col,5030,0.71,Spring_Cr_col,5030,0.29,Abernathy_NFH_F,5008,0.01,,,,,,
Area124Comm (15) troll 150 1314,,Spring_Cr_col,5030,0.95,Big_Cr_H_Col,5030,0.05,,,,,,,,,
Area124Comm (15) troll 150 1319,,Spring_Cr_col,5030,0.54,Big_Cr_H_Col,5030,0.46,,,,,,,,,
Area124Comm (15) troll 150 1327,,Conuma,8,0.98,Tahsis,8,0.02,Burman,8,0.00,Zeballos,8,0.00,Moyeha_R,8,0.00
Area124Comm (15) troll 150 1339,,Conuma,8,0.99,Burman,8,0.00,Tahsis,8,0.00,Tlupana,8,0.00,Zeballos,8,0.00
Area124Comm (15) troll 150 1342,,Conuma,8,1.00,Bowron,1,0.00,Burman,8,0.00,Dome,1,0.00,,,
Area124Comm (15) troll 150 1345,,Samish_H,5016,0.34,Soos_H,5020,0.29,Clear_Cr_H,5020,0.17,Skykomish_R,5016,0.05,Hamma_Hamma_R,5005,0.04
Area124Comm (15) troll 150 1352,,Conuma,8,1.00,Megin_R,8,0.00,Kaouk_R,8,0.00,Tahsis,8,0.00,,,
Area124Comm (15) troll 150 1353,,Spring_Cr_col,5030,0.99,Big_Cr_H_Col,5030,0.00,Abernathy_NFH_F,5008,0.00,,,,,,
Area124Comm (15) troll 150 1357,,Conuma,8,0.99,Kaouk_R,8,0.00,Zeballos,8,0.00,Megin_R,8,0.00,Tahsis,8,0.00
Area124Comm (15) troll 150 1358,,Spring_Cr_col,5030,0.99,Big_Cr_H_Col,5030,0.01,Abernathy_NFH_F,5008,0.00,,,,,,
Area124Comm (15) troll 150 1370,,U_Sauk_R_SpSu,5016,0.56,Cedar_R_SuFa,5020,0.14,Skykomish_R,5016,0.08,Soos_H,5020,0.07,Clear_Cr_H,5020,0.06
Area124Comm (15) troll 150 1374,,Conuma,8,0.99,Tlupana,8,0.00,Tahsis,8,0.00,Kaouk_R,8,0.00,Moyeha_R,8,0.00
Area124Comm (15) troll 150 1387,,Samish_H,5016,0.58,Bear_Cr_SuFa,5020,0.17,Soos_H,5020,0.08,Clear_Cr_H,5020,0.07,Cedar_R_SuFa,5020,0.06
Area124Comm (15) troll 150 1394,,Spring_Cr_col,5030,1.00,Big_Cr_H_Col,5030,0.00,,,,,,,,,
Area124Comm (15) troll 150 1396,,Clear_Cr_H,5020,0.32,Hamma_Hamma_R,5005,0.17,Soos_H,5020,0.16,Bear_Cr_SuFa,5020,0.15,Samish_H,5016,0.05
Area124Comm (15) troll 150 1403,,Spring_Cr_col,5030,0.99,Big_Cr_H_Col,5030,0.01,Abernathy_NFH_F,5008,0.00,,,,,,
Area124Comm (15) troll 150 1407,,Big_Cr_H_Col,5030,0.90,Spring_Cr_col,5030,0.09,Abernathy_NFH_F,5008,0.00,Green_R_Fa,5008,0.00,Lewis_R_Su,5008,0.00
Area124Comm (15) troll 150 1414,,Samish_H,5016,0.63,Bear_Cr_SuFa,5020,0.12,NF_Skokomish_F,5005,0.12,Soos_H,5020,0.06,Voights_H,5020,0.02
Area124Comm (15) troll 150 1428,,Spring_Cr_col,5030,0.99,Big_Cr_H_Col,5030,0.00,Abernathy_NFH_F,5008,0.00,,,,,,
Area124Comm (15) troll 150 1437,,Spring_Cr_col,5030,0.51,Big_Cr_H_Col,5030,0.49,Elochoman_H,5030,0.00,,,,,,
Area124Comm (15) troll 150 1438,,Spring_Cr_col,5030,0.99,Big_Cr_H_Col,5030,0.01,Abernathy_NFH_F,5008,0.00,,,,,,
Area124Comm (15) troll 150 1439,,Spring_Cr_col,5030,1.00,Big_Cr_H_Col,5030,0.00,,,,,,,,,
Area124Comm (15) troll 150 1440,,Clear_Cr_H,5020,0.35,Soos_H,5020,0.21,Bear_Cr_SuFa,5020,0.11,Cedar_R_SuFa,5020,0.11,L_Skagit_R_Fa,5016,0.08
Area124Comm (15) troll 150 1445,,Spring_Cr_col,5030,0.97,Big_Cr_H_Col,5030,0.03,Elochoman_R_Fa,5008,0.00,,,,,,
Area124Comm (15) troll 150 1446,,NF_Skokomish_F,5005,0.50,Hamma_Hamma_R,5005,0.26,Clear_Cr_H,5020,0.09,Cowichan,7,0.03,Bear_Cr_SuFa,5020,0.03
Area124Comm (15) troll 150 33604,,Robertson,8,1.00,Thornton,8,0.00,,,,,,,,,
Area124Comm (15) troll 150 33606,,U_Spius_SP,6,0.90,Nicola,6,0.08,Spius,6,0.01,,,,,,
Area124Comm (15) troll 150 33609,,Conuma,8,1.00,Moyeha_R,8,0.00,Kaouk_R,8,0.00,,,,,,
Area124Comm (15) troll 150 33625,,Conuma,8,1.00,Tahsis,8,0.00,,,,,,,,,
Area124Comm (15) troll 150 33634,,Methow_R,5026,0.49,Hanford_Reach,5026,0.28,Lyons_Ferry_H,5021,0.09,Priest_Rapid_H,5026,0.04,Umatilla_H_Fa,5026,0.02
Area124Comm (15) troll 150 33636,,Conuma,8,1.00,Kaouk_R,8,0.00,Zeballos,8,0.00,Moyeha_R,8,0.00,Tahsis,8,0.00
Area124Comm (15) troll 150 33641,,Clear_Cr_H,5020,0.32,Hamma_Hamma_R,5005,0.25,NF_Skokomish_F,5005,0.24,Bear_Cr_SuFa,5020,0.06,Little_R,5,0.05
Area124Comm (15) troll 150 33644,,Methow_R,5026,0.48,Little_R,5,0.15,Hanford_Reach,5026,0.10,Clear_Cr_H,5020,0.08,Priest_Rapid_H,5026,0.07
Area124Comm (15) troll 150 33647,,N_Santiam_H,5029,0.92,McKenzie_H,5029,0.08,Kalama_H_sp,5009,0.00,,,,,,
Area124Comm (15) troll 150 33656,,Methow_R,5026,0.40,Hanford_Reach,5026,0.26,Lyons_Ferry_H,5021,0.10,Priest_Rapid_H,5026,0.10,Nez_PerceT_H,5021,0.06
Area124Comm (15) troll 150 33658,,South_Thom,5,0.67,Little_R,5,0.33,L_Thompson,5,0.00,,,,,,
Area124Comm (15) troll 150 33661,,South_Thom,5,0.63,Little_R,5,0.35,Hanford_Reach,5026,0.01,L_Thompson,5,0.00,Seymour@Thomp,5,0.00
Area124Comm (15) troll 150 33664,,Conuma,8,1.00,,,,,,,,,,,,
Area124Comm (15) troll 150 33668,,Conuma,8,0.96,Burman,8,0.01,Tlupana,8,0.01,Andrew_Cr,5024,0.00,Megin_R,8,0.00
Area124Comm (15) troll 150 33669,,Conuma,8,1.00,Tahsis,8,0.00,Megin_R,8,0.00,Zeballos,8,0.00,Tlupana,8,0.00
Area124Comm (15) troll 150 33672,,Conuma,8,0.99,Tahsis,8,0.01,Tlupana,8,0.00,Megin_R,8,0.00,Burman,8,0.00
,,,,,,,,,,,,,,,,
Sample: 57, Area125,2015, troll, Apr23-Aug09,,,,,,,,,,,,
Area125 (15) troll 113 34101,,Hanford_Reach,5026,0.46,Priest_Rapid_H,5026,0.38,Nez_PerceT_H,5021,0.14,Lyons_Ferry_H,5021,0.01,Umatilla_H_Fa,5026,0.01
Area125 (15) troll 113 34102,,Hoko_H_Fa,5028,0.96,Cedar_R_SuFa,5020,0.04,,,,,,,,,
Area125 (15) troll 113 34103,,Spring_Cr_col,5030,1.00,Cowlitz_H_fa,5008,0.00,Elochoman_H,5030,0.00,,,,,,
Area125 (15) troll 113 34104,Dupe with 13,Hanford_Reach,5026,0.29,Nez_PerceT_H,5021,0.22,Priest_Rapid_H,5026,0.17,ClearwaterRFa,5021,0.14,Lyons_Ferry_H,5021,0.08
Area125 (15) troll 113 34105,,Spring_Cr_col,5030,1.00,,,,,,,,,,,,
Area125 (15) troll 113 34106,,Hanford_Reach,5026,0.61,Nez_PerceT_H,5021,0.33,Lyons_Ferry_H,5021,0.02,Priest_Rapid_H,5026,0.02,Umatilla_H_Fa,5026,0.01
Area125 (15) troll 113 34107,,Spring_Cr_col,5030,1.00,Abernathy_NFH_F,5008,0.00,Cowlitz_H_fa,5008,0.00,Elochoman_R_Fa,5008,0.00,Cowlitz_H_sp,5009,0.00
Area125 (15) troll 113 34108,,Hanford_Reach,5026,0.19,Trask_R,5015,0.12,Priest_Rapid_H,5026,0.11,S_Coos_R,5011,0.09,Priest_Rapids_H,5026,0.08
Area125 (15) troll 113 34109,,Voights_H,5020,0.41,Clear_Cr_H,5020,0.29,S_Prairie_Cr,5020,0.18,Cedar_R_SuFa,5020,0.07,Soos_H,5020,0.03
Area125 (15) troll 113 34110,,Hanford_Reach,5026,0.69,Nez_PerceT_H,5021,0.29,Umatilla_H_Fa,5026,0.00,Priest_Rapid_H,5026,0.00,Lyons_Ferry_H,5021,0.00
Area125 (15) troll 113 34111,,Battle_Cr,5001,0.76,Butte_Cr_f,5001,0.19,Mill_Cr_sp,5002,0.03,Feather_H_fa,5001,0.01,Feather_H_sp,5002,0.01
Area125 (15) troll 113 34112,,N_Santiam_H,5029,1.00,McKenzie_H,5029,0.00,Wells_H,5026,0.00,,,,,,
Area125 (15) troll 113 34113,Dupe with 4,Hanford_Reach,5026,0.30,Nez_PerceT_H,5021,0.22,Priest_Rapid_H,5026,0.17,ClearwaterRFa,5021,0.14,Lyons_Ferry_H,5021,0.08
Area125 (15) troll 113 34114,,N_Santiam_H,5029,0.92,Cowlitz_H_sp,5009,0.08,S_Coos_R,5011,0.00,L_Deschutes_R,5004,0.00,Cowlitz_H_fa,5008,0.00
Area125 (15) troll 113 34115,,Hanford_Reach,5026,0.92,Wells_H,5026,0.03,Priest_Rapid_H,5026,0.03,Priest_Rapids_H,5026,0.02,Umatilla_H_Fa,5026,0.00
Area125 (15) troll 113 34116,,N_Santiam_H,5029,1.00,,,,,,,,,,,,
Area125 (15) troll 113 34117,,NF_Skokomish_F,5005,0.79,Voights_H,5020,0.07,Cedar_R_SuFa,5020,0.06,Samish_H,5016,0.04,Grovers_Cr_H,5020,0.02
Area125 (15) troll 113 34118,,Hanford_Reach,5026,0.63,Priest_Rapid_H,5026,0.08,Nez_PerceT_H,5021,0.08,U_Sauk_R,5016,0.03,Lewis_R_Su,5008,0.03
Area125 (15) troll 125 36306,,Spring_Cr_col,5030,1.00,,,,,,,,,,,,
Area125 (15) troll 125 36318,,NF_Skokomish_F,5005,0.75,Samish_H,5016,0.10,Grovers_Cr_H,5020,0.05,Soos_H,5020,0.03,S_Prairie_Cr,5020,0.03
Area125 (15) troll 125 36338,,Spring_Cr_col,5030,1.00,Elochoman_H,5030,0.00,Abernathy_NFH_F,5008,0.00,Big_Cr_H_Col,5030,0.00,Cowlitz_H_fa,5008,0.00
Area125 (15) troll 125 36373,,Hanford_Reach,5026,0.99,Priest_Rapids_H,5026,0.01,Umatilla_H_Fa,5026,0.00,Priest_Rapid_H,5026,0.00,,,
Area125 (15) troll 125 36396,,Spring_Cr_col,5030,1.00,,,,,,,,,,,,
Area125 (15) troll 221 40901,,Little_R,5,0.71,L_Thompson,5,0.20,Chilliwack_F,3,0.05,Kateen,10,0.01,Kilbella,10,0.01
Area125 (15) troll 221 40902,,Hanford_Reach,5026,0.62,Nez_PerceT_H,5021,0.14,Wells_H,5026,0.09,Priest_Rapid_H,5026,0.07,Lyons_Ferry_H,5021,0.06
Area125 (15) troll 221 40906,,Hanford_Reach,5026,0.69,Priest_Rapid_H,5026,0.28,ClearwaterRFa,5021,0.01,Umatilla_H_Fa,5026,0.01,Priest_Rapids_H,5026,0.01
Area125 (15) troll 221 40909,,S_Coos_R,5011,0.93,Cowlitz_H_fa,5008,0.04,Millicoma_R,5011,0.01,Lewis_R_Su,5008,0.01,Coos_H,5011,0.00
Area125 (15) troll 221 40910,,Hanford_Reach,5026,0.88,Priest_Rapid_H,5026,0.07,Nez_PerceT_H,5021,0.03,ClearwaterRFa,5021,0.02,L_Deschutes_R,5004,0.00
Area125 (15) troll 221 40919,,Little_R,5,1.00,Lyons_Ferry_H,5021,0.00,L_Thompson,5,0.00,,,,,,
Area125 (15) troll 221 40922,,Little_R,5,0.94,L_Thompson,5,0.06,L_Adams,5,0.00,South_Thom,5,0.00,,,
Area125 (15) troll 221 40927,,Forks_Cr_H,5028,0.65,L_Thompson,5,0.24,Lyons_Ferry_H,5021,0.05,S_Coos_R,5011,0.03,ClearwaterRFa,5021,0.02
Area125 (15) troll 221 40930,,Little_R,5,0.68,L_Thompson,5,0.29,Hanford_Reach,5026,0.01,South_Thom,5,0.01,NanaimoSu_BackX,7,0.00
Area125 (15) troll 221 40936,,Trask_R,5015,0.95,Elk_H,5011,0.02,Wilson_R,5015,0.02,S_Coos_R,5011,0.01,Coos_H,5011,0.01
Area125 (15) troll 221 40941,,Hanford_Reach,5026,0.88,Priest_Rapids_H,5026,0.10,Priest_Rapid_H,5026,0.01,Lyons_Ferry_H,5021,0.00,Umatilla_H_Fa,5026,0.00
Area125 (15) troll 221 40943,,Hanford_Reach,5026,0.56,Priest_Rapid_H,5026,0.18,Umatilla_H_Fa,5026,0.11,Priest_Rapids_H,5026,0.08,Wells_H,5026,0.06
Area125 (15) troll 221 40945,,Chilliwack_F,3,1.00,,,,,,,,,,,,
Area125 (15) troll 221 40948,,Priest_Rapid_H,5026,0.48,Hanford_Reach,5026,0.35,Nez_PerceT_H,5021,0.06,Priest_Rapids_H,5026,0.06,Wells_H,5026,0.04
Area125 (15) troll 221 40951,,Little_R,5,0.96,L_Thompson,5,0.03,Wells_H,5026,0.00,Hanford_Reach,5026,0.00,Priest_Rapid_H,5026,0.00
Area125 (15) troll 221 40953,,Chilliwack_F,3,0.97,Chilliwac@Stav,3,0.02,Harrison,3,0.00,NanaimoSu_BackX,7,0.00,Kateen,10,0.00
Area125 (15) troll 221 40956,,Little_R,5,0.32,L_Thompson,5,0.24,Hanford_Reach,5026,0.14,Voights_H,5020,0.05,Nez_PerceT_H,5021,0.04
Area125 (15) troll 221 40958,,Little_R,5,0.69,L_Thompson,5,0.29,Gold_R,8,0.01,South_Thom,5,0.01,NanaimoSu_BackX,7,0.00
Area125 (15) troll 221 40959,,Nez_PerceT_H,5021,0.36,Lyons_Ferry_H,5021,0.31,ClearwaterRFa,5021,0.18,Priest_Rapid_H,5026,0.13,L_Deschutes_R,5004,0.01
Area125 (15) troll 221 40960,,S_Coos_R,5011,1.00,Wells_H,5026,0.00,,,,,,,,,
Area125 (15) troll 221 40966,,Trask_R,5015,0.67,Elk_H,5011,0.17,Nehalem_R,5015,0.12,Sixes_R,5011,0.02,S_Coos_R,5011,0.01
Area125 (15) troll 221 40976,,Cowlitz_H_fa,5008,0.49,Elk_H,5011,0.18,S_Coos_R,5011,0.13,Cowlitz_H_sp,5009,0.13,Lewis_R_Su,5008,0.06
Area125 (15) troll 221 40980,,Nehalem_R,5015,1.00,,,,,,,,,,,,
Area125 (15) troll 221 40983,,Trask_R,5015,0.98,Wilson_R,5015,0.01,Salmon_R_f,5015,0.00,Alsea_R,5015,0.00,,,
Area125 (15) troll 221 40985,,Trask_R,5015,0.88,S_Coos_R,5011,0.08,Wilson_R,5015,0.02,Elk_H,5011,0.00,NanaimoSu_BackX,7,0.00
Area125 (15) troll 221 40997,,Little_R,5,0.99,Hanford_Reach,5026,0.01,Priest_Rapids_H,5026,0.00,Priest_Rapid_H,5026,0.00,ClearwaterRFa,5021,0.00
Area125 (15) troll 221 41000,,Priest_Rapid_H,5026,0.60,Nez_PerceT_H,5021,0.15,Hanford_Reach,5026,0.13,Wells_H,5026,0.06,Umatilla_H_Fa,5026,0.03
Area125 (15) troll 221 41005,,Priest_Rapid_H,5026,0.57,Hanford_Reach,5026,0.37,Lyons_Ferry_H,5021,0.02,Wells_H,5026,0.02,Nez_PerceT_H,5021,0.02
Area125 (15) troll 221 41006,,Cowlitz_H_fa,5008,0.59,Cowlitz_H_sp,5009,0.13,Lewis_R_Su,5008,0.11,Lewis_R_f,5008,0.08,L_Thompson,5,0.06
Area125 (15) troll 221 41008,,Hanford_Reach,5026,0.44,Nez_PerceT_H,5021,0.30,Priest_Rapid_H,5026,0.09,Priest_Rapids_H,5026,0.05,ClearwaterRFa,5021,0.05
Area125 (15) troll 221 41013,,Priest_Rapid_H,5026,0.24,Priest_Rapids_H,5026,0.24,NanaimoSu_BackX,7,0.10,Kateen,10,0.08,Hanford_Reach,5026,0.05
Area125 (15) troll 221 41019,,Nehalem_R,5015,1.00,,,,,,,,,,,,
Area125 (15) troll 221 41020,,Hanford_Reach,5026,0.84,Nez_PerceT_H,5021,0.09,Priest_Rapid_H,5026,0.03,L_Deschutes_R,5004,0.01,Umatilla_H_Fa,5026,0.01
Area125 (15) troll 221 41021,,Hanford_Reach,5026,0.53,Priest_Rapid_H,5026,0.34,Nez_PerceT_H,5021,0.06,Lyons_Ferry_H,5021,0.05,ClearwaterRFa,5021,0.01
Area125 (15) troll 221 41022,,Little_R,5,0.81,L_Thompson,5,0.19,South_Thom,5,0.00,,,,,,
Area125 (15) troll 221 41023,,Hanford_Reach,5026,0.85,Priest_Rapid_H,5026,0.13,L_Deschutes_R,5004,0.01,Nez_PerceT_H,5021,0.00,Clear_Cr_H,5020,0.00
Area125 (15) troll 221 41025,,Trask_R,5015,0.98,Wilson_R,5015,0.01,Kilchis_R,5015,0.01,,,,,,
Area125 (15) troll 221 41029,,Baker_Cr,2,0.39,Nazko,2,0.11,Little_R,5,0.11,NanaimoSu_BackX,7,0.06,Westroad,2,0.06
Area125 (15) troll 221 41040,,Hanford_Reach,5026,0.94,Priest_Rapid_H,5026,0.02,Nez_PerceT_H,5021,0.02,Wells_H,5026,0.01,ClearwaterRFa,5021,0.00
Area125 (15) troll 221 41041,,Little_R,5,0.96,L_Thompson,5,0.03,Raft_R,4,0.00,N_Thom@Main,4,0.00,South_Thom,5,0.00
Area125 (15) troll 221 41042,,Hanford_Reach,5026,0.91,Nez_PerceT_H,5021,0.06,Lyons_Ferry_H,5021,0.02,Wells_H,5026,0.01,Priest_Rapid_H,5026,0.00
Area125 (15) troll 221 41043,,Little_R,5,0.99,L_Thompson,5,0.01,L_Adams,5,0.00,Duteau_Cr,5,0.00,,,
Area125 (15) troll 221 41045,,Priest_Rapids_H,5026,0.35,Hanford_Reach,5026,0.31,Priest_Rapid_H,5026,0.16,Wells_H,5026,0.10,Umatilla_H_Fa,5026,0.07
Area125 (15) troll 221 41046,,Hanford_Reach,5026,0.47,Priest_Rapid_H,5026,0.29,Lyons_Ferry_H,5021,0.09,ClearwaterRFa,5021,0.09,Nez_PerceT_H,5021,0.05
Area125 (15) troll 221 41052,,S_Coos_R,5011,0.95,Trask_R,5015,0.01,NanaimoSu_BackX,7,0.01,Coos_H,5011,0.01,Forks_Cr_H,5028,0.00
Area125 (15) troll 221 41053,,Little_R,5,0.74,Voights_H,5020,0.13,L_Thompson,5,0.06,Clear_Cr_H,5020,0.05,S_Prairie_Cr,5020,0.01
Area125 (15) troll 221 41058,,Little_R,5,0.99,L_Thompson,5,0.01,L_Adams,5,0.00,,,,,,
Area125 (15) troll 221 41064,,Cowlitz_H_fa,5008,0.63,Spring_Cr_col,5030,0.18,Lewis_R_f,5008,0.07,Lewis_R_Su,5008,0.07,Cowlitz_H_sp,5009,0.05
Area125 (15) troll 221 41068,,Forks_Cr_H,5028,1.00,,,,,,,,,,,,
Area125 (15) troll 221 41069,,Clear_Cr_H,5020,0.42,S_Prairie_Cr,5020,0.16,Grovers_Cr_H,5020,0.15,NF_Skokomish_F,5005,0.10,Cedar_R_SuFa,5020,0.08
Area125 (15) troll 221 41073,,Spring_Cr_col,5030,1.00,Cowlitz_H_fa,5008,0.00,Washougal_R_Fa,5008,0.00,Green_R_Fa,5008,0.00,ClearwaterRFa,5021,0.00
Area125 (15) troll 221 41074,,Forks_Cr_H,5028,1.00,Humptulips_H,5028,0.00,Trask_R,5015,0.00,,,,,,
Area125 (15) troll 221 41084,,Nehalem_R,5015,0.98,Trask_R,5015,0.02,Kilchis_R,5015,0.00,,,,,,
Area125 (15) troll 221 41085,,S_Coos_R,5011,0.79,Forks_Cr_H,5028,0.19,Millicoma_R,5011,0.01,Kateen,10,0.00,Lewis_R_Su,5008,0.00
Area125 (15) troll 221 41086,,Cowlitz_H_fa,5008,0.36,S_Coos_R,5011,0.34,Lewis_R_Su,5008,0.09,Chilliwack_F,3,0.05,Lewis_R_f,5008,0.02
Area125 (15) troll 221 41090,,Chilliwack_F,3,1.00,,,,,,,,,,,,
,,,,,,,,,,,,,,,,
Sample: 58, Area126,2015, troll, Mar05-Aug09,,,,,,,,,,,,
Area126 (15) troll 112 34001,,Cowlitz_H_sp,5009,0.96,Lewis_R_Su,5008,0.04,Cowlitz_H_fa,5008,0.00,,,,,,
Area126 (15) troll 112 34004,,George_Adams_H,5005,0.47,Clear_Cr_H,5020,0.23,Bear_Cr_SuFa,5020,0.18,Cedar_R_SuFa,5020,0.05,Samish_H,5016,0.04
Area126 (15) troll 112 34005,,Spring_Cr_col,5030,1.00,Lewis_R_Su,5008,0.00,Abernathy_NFH_F,5008,0.00,Big_Cr_H_Col,5030,0.00,Cowlitz_H_fa,5008,0.00
Area126 (15) troll 112 34007,,Priest_Rapid_H,5026,0.63,Hanford_Reach,5026,0.23,Spring_Cr_col,5030,0.10,Sandy_R,5008,0.03,Umatilla_H_Fa,5026,0.00
Area126 (15) troll 112 34009,,Spring_Cr_col,5030,1.00,Big_Cr_H_Col,5030,0.00,,,,,,,,,
Area126 (15) troll 112 34010,,Washougal_R_Fa,5008,0.72,Spring_Cr_col,5030,0.13,Lewis_R_Su,5008,0.07,Kalama_H_sp,5009,0.07,Cowlitz_H_fa,5008,0.01
Area126 (15) troll 112 34012,,Cowlitz_H_sp,5009,0.99,Washougal_R_Fa,5008,0.01,Cowlitz_H_fa,5008,0.00,Spring_Cr_col,5030,0.00,Kalama_H_sp,5009,0.00
Area126 (15) troll 112 34015,,Wells_H,5026,0.76,Priest_Rapid_H,5026,0.11,Hanford_Reach,5026,0.07,Umatilla_H_Fa,5026,0.05,Priest_Rapids_H,5026,0.00
Area126 (15) troll 112 34019,,Stanislaus_R,5001,0.88,Battle_Cr,5001,0.03,Feather_H_fa,5001,0.03,Feather_H_sp,5002,0.03,Butte_Cr_f,5001,0.02
Area126 (15) troll 112 34022,,Spring_Cr_col,5030,0.81,Washougal_R_Fa,5008,0.19,Big_Cr_H_Col,5030,0.00,Lewis_R_Su,5008,0.00,Lewis_R_f,5008,0.00
Area126 (15) troll 112 34023,,Spring_Cr_col,5030,1.00,Abernathy_NFH_F,5008,0.00,Big_Cr_H_Col,5030,0.00,Washougal_R_Fa,5008,0.00,Cowlitz_H_fa,5008,0.00
Area126 (15) troll 112 34025,,Washougal_R_Fa,5008,0.91,Spring_Cr_col,5030,0.05,Sandy_R,5008,0.02,Cowlitz_H_fa,5008,0.01,Abernathy_NFH_F,5008,0.01
Area126 (15) troll 112 34026,,Spring_Cr_col,5030,0.93,Washougal_R_Fa,5008,0.05,Elochoman_H,5030,0.01,Big_Cr_H_Col,5030,0.00,Sandy_R,5008,0.00
Area126 (15) troll 112 34027,,N_Santiam_H,5029,0.99,Lyons_Ferry_H,5021,0.01,McKenzie_H,5029,0.00,Umatilla_H_Fa,5026,0.00,Kalama_H_sp,5009,0.00
Area126 (15) troll 112 34031,,George_Adams_H,5005,0.80,Clear_Cr_H,5020,0.09,Cedar_R_SuFa,5020,0.05,Samish_H,5016,0.04,Hamma_Hamma_R,5005,0.01
Area126 (15) troll 112 34032,,Lyons_Ferry_H,5021,0.26,Hanford_Reach,5026,0.22,Wells_H,5026,0.14,Wenatchee_R_SF,5026,0.14,Priest_Rapid_H,5026,0.11
Area126 (15) troll 112 34033,,Wells_H,5026,0.61,Wenatchee_R_SF,5026,0.21,Hanford_Reach,5026,0.13,Umatilla_H_Fa,5026,0.04,Lyons_Ferry_H,5021,0.01
Area126 (15) troll 112 34035,,Hanford_Reach,5026,0.31,Priest_Rapid_H,5026,0.23,Umatilla_H_Fa,5026,0.20,Wells_H,5026,0.15,Lyons_Ferry_H,5021,0.08
Area126 (15) troll 112 34037,,Conuma,8,0.68,Tlupana,8,0.20,Burman,8,0.10,Zeballos,8,0.02,Kaouk_R,8,0.01
Area126 (15) troll 112 34038,,U_Sauk_R_SpSu,5016,0.37,Skagit_R,5016,0.26,Washougal_R_Fa,5008,0.22,Skykomish_R,5016,0.05,Lewis_R_Su,5008,0.04
Area126 (15) troll 112 34039,,Spring_Cr_col,5030,1.00,Cowlitz_H_sp,5009,0.00,Big_Cr_H_Col,5030,0.00,Lewis_R_Su,5008,0.00,Washougal_R_Fa,5008,0.00
Area126 (15) troll 112 34041,,Bear_Cr_SuFa,5020,0.56,Cedar_R_SuFa,5020,0.33,Samish_H,5016,0.04,George_Adams_H,5005,0.03,Soos_H,5020,0.02
Area126 (15) troll 112 34042,,Umatilla_H_Fa,5026,0.71,Wells_H,5026,0.12,Hanford_Reach,5026,0.07,Priest_Rapid_H,5026,0.07,Lyons_Ferry_H,5021,0.03
Area126 (15) troll 112 34043,,Spring_Cr_col,5030,1.00,Washougal_R_Fa,5008,0.00,Big_Cr_H_Col,5030,0.00,Abernathy_NFH_F,5008,0.00,,,
Area126 (15) troll 112 34045,,Cedar_R_SuFa,5020,0.39,Clear_Cr_H,5020,0.20,Samish_H,5016,0.15,George_Adams_H,5005,0.12,Skykomish_R,5016,0.06
Area126 (15) troll 112 34048,,Spring_Cr_col,5030,1.00,,,,,,,,,,,,
Area126 (15) troll 112 34049,,Hanford_Reach,5026,0.61,Priest_Rapid_H,5026,0.20,Sandy_R,5008,0.15,Wells_H,5026,0.02,Forks_Cr_H,5028,0.02
Area126 (15) troll 112 34050,,Spring_Cr_col,5030,0.99,Lewis_R_Su,5008,0.01,Big_Cr_H_Col,5030,0.00,Trask_R,5015,0.00,Hanford_Reach,5026,0.00
Area126 (15) troll 112 34051,,McKenzie_H,5029,0.83,N_Santiam_H,5029,0.17,,,,,,,,,
Area126 (15) troll 112 34055,,N_Santiam_H,5029,0.99,McKenzie_H,5029,0.01,Hanford_Reach,5026,0.01,Cedar_R_SuFa,5020,0.00,,,
Area126 (15) troll 112 34056,,Lyons_Ferry_H,5021,1.00,Priest_Rapid_H,5026,0.00,Umatilla_H_Fa,5026,0.00,Marion_Drain_Fa,5026,0.00,,,
Area126 (15) troll 112 34057,,Spring_Cr_col,5030,1.00,Big_Cr_H_Col,5030,0.00,Abernathy_NFH_F,5008,0.00,Washougal_R_Fa,5008,0.00,Lewis_R_Su,5008,0.00
Area126 (15) troll 112 34059,,Spring_Cr_col,5030,1.00,Big_Cr_H_Col,5030,0.00,,,,,,,,,
Area126 (15) troll 112 34062,,Spring_Cr_col,5030,1.00,Washougal_R_Fa,5008,0.00,Cowlitz_H_fa,5008,0.00,Abernathy_Cr_Fa,5008,0.00,Big_Cr_H_Col,5030,0.00
Area126 (15) troll 112 34063,,Spring_Cr_col,5030,0.99,Abernathy_NFH_F,5008,0.01,Elochoman_H,5030,0.00,Big_Cr_H_Col,5030,0.00,Wells_H,5026,0.00
Area126 (15) troll 112 34064,,Spring_Cr_col,5030,0.86,Wells_H,5026,0.09,Hanford_Reach,5026,0.02,Umatilla_H_Fa,5026,0.01,Washougal_R_Fa,5008,0.01
Area126 (15) troll 112 34065,,Spring_Cr_col,5030,1.00,Abernathy_NFH_F,5008,0.00,,,,,,,,,
Area126 (15) troll 112 34068,,Spring_Cr_col,5030,0.98,Big_Cr_H_Col,5030,0.01,Abernathy_NFH_F,5008,0.01,Abernathy_Cr_Fa,5008,0.00,Washougal_R_Fa,5008,0.00
Area126 (15) troll 112 34070,,Spring_Cr_col,5030,1.00,Big_Cr_H_Col,5030,0.00,Abernathy_NFH_F,5008,0.00,,,,,,
Area126 (15) troll 112 34071,,Spring_Cr_col,5030,1.00,Abernathy_NFH_F,5008,0.00,Big_Cr_H_Col,5030,0.00,Washougal_R_Fa,5008,0.00,,,
Area126 (15) troll 112 34072,,Washougal_R_Fa,5008,0.96,Spring_Cr_col,5030,0.02,Lewis_R_Su,5008,0.02,Elochoman_H,5030,0.00,,,
Area126 (15) troll 112 34073,,George_Adams_H,5005,0.76,Bear_Cr_SuFa,5020,0.12,Clear_Cr_H,5020,0.08,Soos_H,5020,0.02,Hamma_Hamma_R,5005,0.01
Area126 (15) troll 112 34078,,U_Sauk_R_SpSu,5016,0.40,Skagit_R,5016,0.23,NF_Nooksack_H,5016,0.11,Wenatchee_R_SF,5026,0.08,Marblemount_Hsu,5016,0.07
Area126 (15) troll 112 34080,,Wenatchee_R_SF,5026,0.65,Hanford_Reach,5026,0.24,Priest_Rapid_H,5026,0.10,Wells_H,5026,0.01,Umatilla_H_Fa,5026,0.00
Area126 (15) troll 112 34084,,Priest_Rapid_H,5026,0.67,Hanford_Reach,5026,0.27,Wells_H,5026,0.05,Umatilla_H_Fa,5026,0.01,Lyons_Ferry_H,5021,0.00
Area126 (15) troll 112 34085,,Priest_Rapid_H,5026,0.74,Hanford_Reach,5026,0.11,Lyons_Ferry_H,5021,0.10,Umatilla_H_Fa,5026,0.05,Nez_PerceT_H,5021,0.00
Area126 (15) troll 112 34086,,Conuma,8,0.65,Tlupana,8,0.28,Zeballos,8,0.06,Burman,8,0.01,Kaouk_R,8,0.00
Area126 (15) troll 112 34087,,Priest_Rapid_H,5026,0.68,Wenatchee_R_SF,5026,0.19,Hanford_Reach,5026,0.12,Wells_H,5026,0.00,Umatilla_H_Fa,5026,0.00
Area126 (15) troll 112 34089,,Lyons_Ferry_H,5021,0.71,Priest_Rapid_H,5026,0.24,Hanford_Reach,5026,0.04,Umatilla_H_Fa,5026,0.00,Methow_R,5026,0.00
Area126 (15) troll 112 34091,,Priest_Rapid_H,5026,0.85,Hanford_Reach,5026,0.12,Wenatchee_R_SF,5026,0.01,Umatilla_H_Fa,5026,0.01,Lyons_Ferry_H,5021,0.00
Area126 (15) troll 112 34094,,U_Sauk_R,5016,0.41,Skagit_R,5016,0.25,U_Sauk_R_SpSu,5016,0.15,Puntledge_BackX,7,0.11,George_Adams_H,5005,0.05
Area126 (15) troll 112 34098,,Umatilla_H_Fa,5026,0.81,Priest_Rapid_H,5026,0.12,Hanford_Reach,5026,0.07,Lyons_Ferry_H,5021,0.00,Wells_H,5026,0.00
Area126 (15) troll 112 34099,,Cedar_R_SuFa,5020,0.45,George_Adams_H,5005,0.34,Bear_Cr_SuFa,5020,0.10,Cowichan,7,0.04,Hanford_Reach,5026,0.02
Area126 (15) troll 113 34119,,Priest_Rapid_H,5026,0.47,Wells_H,5026,0.40,Hanford_Reach,5026,0.07,Umatilla_H_Fa,5026,0.06,Methow_R,5026,0.01
Area126 (15) troll 113 34120,,NF_Nooksack_H,5016,1.00,Puntledge_BackX,7,0.00,Clear_Cr_H,5020,0.00,Skykomish_R,5016,0.00,U_Sauk_R_SpSu,5016,0.00
Area126 (15) troll 113 34126,,Washougal_R_Fa,5008,0.91,Marblemount_Hsu,5016,0.05,Skagit_R,5016,0.01,U_Sauk_R_SpSu,5016,0.01,Lewis_R_Su,5008,0.00
Area126 (15) troll 113 34128,,Skagit_R,5016,0.39,Marblemount_Hsu,5016,0.27,U_Sauk_R_SpSu,5016,0.18,S_Umpqua_H,5011,0.10,Coquille_R,5011,0.04
Area126 (15) troll 113 37201,,McKenzie_H,5029,0.82,N_Santiam_H,5029,0.16,Umpqua_H,5011,0.01,L_Thompson,5,0.01,S_Umpqua_H,5011,0.00
Area126 (15) troll 113 37202,,Wenatchee_R_SF,5026,0.69,Priest_Rapid_H,5026,0.18,Bear_Cr_SuFa,5020,0.05,Hanford_Reach,5026,0.04,Wells_H,5026,0.01
Area126 (15) troll 113 37204,,Spring_Cr_col,5030,1.00,Cowlitz_H_sp,5009,0.00,Washougal_R_Fa,5008,0.00,Elochoman_H,5030,0.00,,,
Area126 (15) troll 113 37210,,Hanford_Reach,5026,0.77,Priest_Rapid_H,5026,0.21,Umatilla_H_Fa,5026,0.02,Cedar_R_SuFa,5020,0.00,Wells_H,5026,0.00
Area126 (15) troll 113 37211,,Spring_Cr_col,5030,1.00,Abernathy_NFH_F,5008,0.00,Capilano,9,0.00,Elochoman_H,5030,0.00,Big_Cr_H_Col,5030,0.00
Area126 (15) troll 113 37217,,Spring_Cr_col,5030,1.00,Abernathy_NFH_F,5008,0.00,Big_Cr_H_Col,5030,0.00,,,,,,
Area126 (15) troll 113 37218,,Washougal_R_Fa,5008,0.89,Lewis_R_Su,5008,0.07,Cowlitz_H_fa,5008,0.04,Lewis_R_f,5008,0.00,Cowlitz_H_sp,5009,0.00
Area126 (15) troll 113 37220,,Spring_Cr_col,5030,1.00,Abernathy_NFH_F,5008,0.00,,,,,,,,,
Area126 (15) troll 113 37222,,Spring_Cr_col,5030,1.00,Big_Cr_H_Col,5030,0.00,Cowlitz_H_fa,5008,0.00,Abernathy_NFH_F,5008,0.00,Cowlitz_H_sp,5009,0.00
Area126 (15) troll 113 37224,,Spring_Cr_col,5030,1.00,Washougal_R_Fa,5008,0.00,,,,,,,,,
Area126 (15) troll 113 37226,,Spring_Cr_col,5030,1.00,Big_Cr_H_Col,5030,0.00,,,,,,,,,
Area126 (15) troll 113 37228,,Spring_Cr_col,5030,1.00,,,,,,,,,,,,
Area126 (15) troll 113 37230,,Spring_Cr_col,5030,1.00,Abernathy_NFH_F,5008,0.00,,,,,,,,,
Area126 (15) troll 113 37231,,Lyons_Ferry_H,5021,0.40,Priest_Rapid_H,5026,0.39,Hanford_Reach,5026,0.15,Wenatchee_R_SF,5026,0.02,Umatilla_H_Fa,5026,0.01
Area126 (15) troll 113 37232,,Umatilla_H_Fa,5026,0.39,Hanford_Reach,5026,0.34,Lyons_Ferry_H,5021,0.13,Priest_Rapid_H,5026,0.11,Sandy_R,5008,0.01
Area126 (15) troll 113 37233,,Umatilla_H_Fa,5026,0.89,Lyons_Ferry_H,5021,0.08,Priest_Rapid_H,5026,0.01,Hanford_Reach,5026,0.01,Methow_R,5026,0.01
Area126 (15) troll 113 37238,,Spring_Cr_col,5030,1.00,Big_Cr_H_Col,5030,0.00,Abernathy_NFH_F,5008,0.00,Washougal_R_Fa,5008,0.00,,,
Area126 (15) troll 113 37239,,Spring_Cr_col,5030,0.99,Lewis_R_Su,5008,0.00,Washougal_R_Fa,5008,0.00,Abernathy_NFH_F,5008,0.00,Lewis_R_f,5008,0.00
Area126 (15) troll 113 37240,,Spring_Cr_col,5030,1.00,Big_Cr_H_Col,5030,0.00,Abernathy_NFH_F,5008,0.00,Washougal_R_Fa,5008,0.00,Elochoman_H,5030,0.00
Area126 (15) troll 113 37243,,Spring_Cr_col,5030,1.00,Abernathy_NFH_F,5008,0.00,Big_Cr_H_Col,5030,0.00,,,,,,
Area126 (15) troll 113 37246,,George_Adams_H,5005,0.65,Bear_Cr_SuFa,5020,0.13,Clear_Cr_H,5020,0.09,Cedar_R_SuFa,5020,0.07,Skykomish_R,5016,0.02
Area126 (15) troll 113 37252,,Washougal_R_Fa,5008,0.53,Spring_Cr_col,5030,0.38,Lewis_R_Su,5008,0.04,U_Sauk_R,5016,0.02,Cowlitz_H_sp,5009,0.01
Area126 (15) troll 113 37259,,Spring_Cr_col,5030,1.00,,,,,,,,,,,,
Area126 (15) troll 113 37263,,Lewis_R_Su,5008,0.98,Cowlitz_H_fa,5008,0.01,Washougal_R_Fa,5008,0.01,Lewis_R_f,5008,0.00,Cowlitz_H_sp,5009,0.00
Area126 (15) troll 113 37268,,Spring_Cr_col,5030,1.00,,,,,,,,,,,,
Area126 (15) troll 113 37270,,NF_Nooksack_H,5016,1.00,Skagit_R,5016,0.00,Skykomish_R,5016,0.00,U_Sauk_R_SpSu,5016,0.00,,,
Area126 (15) troll 113 37273,,Priest_Rapid_H,5026,0.54,Umatilla_H_Fa,5026,0.28,Hanford_Reach,5026,0.14,Wells_H,5026,0.03,Lyons_Ferry_H,5021,0.00
Area126 (15) troll 113 37277,,Washougal_R_Fa,5008,0.54,Lewis_R_Su,5008,0.46,Skagit_R,5016,0.00,U_Sauk_R_SpSu,5016,0.00,Spring_Cr_col,5030,0.00
Area126 (15) troll 113 37279,,Spring_Cr_col,5030,1.00,,,,,,,,,,,,
Area126 (15) troll 113 37280,,Spring_Cr_col,5030,0.97,Big_Cr_H_Col,5030,0.02,Elochoman_H,5030,0.00,Washougal_R_Fa,5008,0.00,Abernathy_NFH_F,5008,0.00
Area126 (15) troll 113 37281,,Spring_Cr_col,5030,1.00,Abernathy_NFH_F,5008,0.00,Washougal_R_Fa,5008,0.00,Big_Cr_H_Col,5030,0.00,Cowlitz_H_fa,5008,0.00
Area126 (15) troll 113 37284,,Wells_H,5026,0.67,Priest_Rapid_H,5026,0.23,Umatilla_H_Fa,5026,0.08,Hanford_Reach,5026,0.03,Wenatchee_R_SF,5026,0.00
Area126 (15) troll 113 37286,,Spring_Cr_col,5030,0.97,Big_Cr_H_Col,5030,0.03,Elochoman_H,5030,0.00,Sandy_R,5008,0.00,Lewis_R_Su,5008,0.00
Area126 (15) troll 113 37287,,Bear_Cr_SuFa,5020,0.70,George_Adams_H,5005,0.17,Cedar_R_SuFa,5020,0.11,Clear_Cr_H,5020,0.02,Skykomish_R,5016,0.00
Area126 (15) troll 113 37289,,Spring_Cr_col,5030,1.00,Big_Cr_H_Col,5030,0.00,Abernathy_Cr_Fa,5008,0.00,,,,,,
Area126 (15) troll 113 37290,,Bear_Cr_SuFa,5020,0.45,George_Adams_H,5005,0.41,Cedar_R_SuFa,5020,0.13,Soos_H,5020,0.01,Clear_Cr_H,5020,0.00
Area126 (15) troll 113 37293,,Spring_Cr_col,5030,1.00,Abernathy_NFH_F,5008,0.00,,,,,,,,,
Area126 (15) troll 113 37294,,N_Santiam_H,5029,1.00,McKenzie_H,5029,0.00,,,,,,,,,
Area126 (15) troll 113 37297,,Spring_Cr_col,5030,0.84,Washougal_R_Fa,5008,0.05,Cowlitz_H_sp,5009,0.04,Big_Cr_H_Col,5030,0.02,Lewis_R_Su,5008,0.02
Area126 (15) troll 113 37299,,Spring_Cr_col,5030,0.99,Coos_H,5011,0.00,Wells_H,5026,0.00,,,,,,
Area126 (15) troll 113 37300,,Spring_Cr_col,5030,1.00,Big_Cr_H_Col,5030,0.00,Abernathy_NFH_F,5008,0.00,,,,,,
Area126 (15) troll 113 37303,,Spring_Cr_col,5030,1.00,,,,,,,,,,,,
Area126 (15) troll 113 37308,,Priest_Rapid_H,5026,0.47,Hanford_Reach,5026,0.26,Wells_H,5026,0.11,Lyons_Ferry_H,5021,0.08,Umatilla_H_Fa,5026,0.08
Area126 (15) troll 113 37309,,Spring_Cr_col,5030,1.00,Lewis_R_Su,5008,0.00,Big_Cr_H_Col,5030,0.00,Abernathy_NFH_F,5008,0.00,Washougal_R_Fa,5008,0.00
Area126 (15) troll 113 37311,,Spring_Cr_col,5030,1.00,Abernathy_NFH_F,5008,0.00,Big_Cr_H_Col,5030,0.00,,,,,,
Area126 (15) troll 113 37312,,Spring_Cr_col,5030,1.00,Washougal_R_Fa,5008,0.00,Big_Cr_H_Col,5030,0.00,,,,,,
Area126 (15) troll 113 37313,,Spring_Cr_col,5030,0.97,Abernathy_NFH_F,5008,0.03,Big_Cr_H_Col,5030,0.00,Lewis_R_Su,5008,0.00,,,
Area126 (15) troll 113 37314,,Lyons_Ferry_H,5021,0.93,Hanford_Reach,5026,0.05,Priest_Rapid_H,5026,0.01,Marion_Drain_Fa,5026,0.01,ClearwaterRFa,5021,0.00
Area126 (15) troll 113 37315,,Stanislaus_R,5001,0.44,Feather_H_fa,5001,0.35,Battle_Cr,5001,0.15,Butte_Cr_f,5001,0.06,Feather_H_sp,5002,0.00
Area126 (15) troll 113 37318,,Wells_H,5026,0.78,Wenatchee_R_SF,5026,0.20,Hanford_Reach,5026,0.01,Priest_Rapid_H,5026,0.00,Lyons_Ferry_H,5021,0.00
Area126 (15) troll 113 37319,,Conuma,8,0.96,Burman,8,0.02,Kaouk_R,8,0.01,Zeballos,8,0.00,Tlupana,8,0.00
Area126 (15) troll 113 37323,,Spring_Cr_col,5030,1.00,Big_Cr_H_Col,5030,0.00,Abernathy_NFH_F,5008,0.00,,,,,,
Area126 (15) troll 113 37327,,Wenatchee_R_SF,5026,0.60,Wells_H,5026,0.19,Umatilla_H_Fa,5026,0.11,Hanford_Reach,5026,0.08,Lyons_Ferry_H,5021,0.01
Area126 (15) troll 113 37328,,Hanford_Reach,5026,0.46,U_Deschutes_R,5004,0.18,Lyons_Ferry_H,5021,0.15,Priest_Rapid_H,5026,0.13,Wells_H,5026,0.03
Area126 (15) troll 113 37329,,Feather_H_fa,5001,0.41,Stanislaus_R,5001,0.29,Battle_Cr,5001,0.27,Butte_Cr_f,5001,0.04,,,
Area126 (15) troll 113 37332,,Priest_Rapid_H,5026,0.68,Hanford_Reach,5026,0.14,Umatilla_H_Fa,5026,0.10,Wenatchee_R_SF,5026,0.04,S_Umpqua_H,5011,0.02
Area126 (15) troll 113 37334,,Wells_H,5026,0.33,Lyons_Ferry_H,5021,0.30,Hanford_Reach,5026,0.27,Priest_Rapid_H,5026,0.07,Wenatchee_R_SF,5026,0.01
Area126 (15) troll 113 37337,,Hanford_Reach,5026,0.49,Lyons_Ferry_H,5021,0.28,Priest_Rapid_H,5026,0.20,Nez_PerceT_H,5021,0.02,Wells_H,5026,0.00
Area126 (15) troll 113 37338,,Wells_H,5026,0.57,Priest_Rapid_H,5026,0.09,Battle_Cr,5001,0.08,Stanislaus_R,5001,0.07,Feather_H_fa,5001,0.06
Area126 (15) troll 113 37341,,Stanislaus_R,5001,0.34,Battle_Cr,5001,0.19,Lyons_Ferry_H,5021,0.16,Hanford_Reach,5026,0.09,Feather_H_fa,5001,0.04
Area126 (15) troll 113 37343,,Spring_Cr_col,5030,1.00,,,,,,,,,,,,
Area126 (15) troll 113 37345,,Wells_H,5026,0.59,Hanford_Reach,5026,0.33,Wenatchee_R_SF,5026,0.07,Priest_Rapid_H,5026,0.01,Umatilla_H_Fa,5026,0.01
Area126 (15) troll 125 36510,,Conuma,8,0.97,Zeballos,8,0.02,Burman,8,0.01,Tlupana,8,0.00,Kaouk_R,8,0.00
Area126 (15) troll 125 36513,,Umatilla_H_Fa,5026,0.44,Wells_H,5026,0.32,Hanford_Reach,5026,0.08,Lewis_R_Su,5008,0.06,Washougal_R_Fa,5008,0.04
Area126 (15) troll 125 36514,,NF_Nooksack_H,5016,1.00,,,,,,,,,,,,
Area126 (15) troll 125 36538,,Feather_H_fa,5001,0.48,Stanislaus_R,5001,0.38,Battle_Cr,5001,0.07,Butte_Cr_f,5001,0.05,Mill_Cr_sp,5002,0.02
Area126 (15) troll 125 36550,,Stanislaus_R,5001,0.28,Feather_H_fa,5001,0.26,Priest_Rapid_H,5026,0.14,Battle_Cr,5001,0.10,Hanford_Reach,5026,0.05
Area126 (15) troll 125 36558,,Conuma,8,0.95,Burman,8,0.03,Tlupana,8,0.01,Kaouk_R,8,0.00,Zeballos,8,0.00
Area126 (15) troll 125 36581,,Spring_Cr_col,5030,1.00,Wenatchee_R_SF,5026,0.00,Hanford_Reach,5026,0.00,Washougal_R_Fa,5008,0.00,Umatilla_H_Fa,5026,0.00
Area126 (15) troll 125 36595,,Spring_Cr_col,5030,1.00,Abernathy_NFH_F,5008,0.00,Washougal_R_Fa,5008,0.00,,,,,,
Area126 (15) troll 129 32304,,Spring_Cr_col,5030,0.83,Washougal_R_Fa,5008,0.15,Lewis_R_Su,5008,0.01,Cowlitz_H_fa,5008,0.00,Elochoman_H,5030,0.00
Area126 (15) troll 129 32338,,Spring_Cr_col,5030,0.99,Abernathy_NFH_F,5008,0.00,Big_Cr_H_Col,5030,0.00,Washougal_R_Fa,5008,0.00,Elochoman_H,5030,0.00
Area126 (15) troll 129 32349,,Wells_H,5026,0.44,Priest_Rapid_H,5026,0.20,Lyons_Ferry_H,5021,0.15,Hanford_Reach,5026,0.11,Lewis_R_f,5008,0.04
Area126 (15) troll 129 32355,,N_Santiam_H,5029,0.58,McKenzie_H,5029,0.40,Lyons_Ferry_H,5021,0.02,Priest_Rapid_H,5026,0.00,Kalama_H_sp,5009,0.00
Area126 (15) troll 129 32384,Number of missing Loci exceeded,,,,,,,,,,,,,,,
Area126 (15) troll 129 32396,,U_Sauk_R,5016,0.88,Skagit_R,5016,0.04,Hanford_Reach,5026,0.03,Wenatchee_R_SF,5026,0.01,Wells_H,5026,0.01
Area126 (15) troll 129 32510,,Puntledge_BackX,7,0.62,Cowichan,7,0.34,Chemainus,7,0.01,Puntledge_F,7,0.01,Gold_R,8,0.01
Area126 (15) troll 129 32514,,S_Umpqua_H,5011,0.37,Coos_H,5011,0.26,Marblemount_Hsu,5016,0.20,Skagit_R,5016,0.06,Umpqua_H,5011,0.06
Area126 (15) troll 139 33219,,George_Adams_H,5005,0.38,Harrison,3,0.21,U_Sauk_R_SpSu,5016,0.10,Cedar_R_SuFa,5020,0.09,Bear_Cr_SuFa,5020,0.05
Area126 (15) troll 139 33220,,Coquille_R,5011,0.85,S_Umpqua_H,5011,0.10,Elk_H,5011,0.04,Alsea_R,5015,0.01,S_Coos_R,5011,0.00
Area126 (15) troll 139 33225,,George_Adams_H,5005,0.57,Bear_Cr_SuFa,5020,0.27,Cedar_R_SuFa,5020,0.12,Soos_H,5020,0.01,Hamma_Hamma_R,5005,0.01
Area126 (15) troll 139 33231,,Hanford_Reach,5026,0.36,Wenatchee_R_SF,5026,0.23,Wells_H,5026,0.21,Priest_Rapid_H,5026,0.10,Stanislaus_R,5001,0.03
Area126 (15) troll 139 33232,,Clear_Cr_H,5020,0.38,George_Adams_H,5005,0.37,Bear_Cr_SuFa,5020,0.13,Cedar_R_SuFa,5020,0.07,Soos_H,5020,0.01
Area126 (15) troll 139 33237,,Spring_Cr_col,5030,1.00,Abernathy_NFH_F,5008,0.00,Lewis_R_Su,5008,0.00,Big_Cr_H_Col,5030,0.00,Cowlitz_H_fa,5008,0.00
Area126 (15) troll 139 33252,,U_Sauk_R_SpSu,5016,0.40,Skykomish_R,5016,0.23,U_Sauk_R,5016,0.22,Skagit_R,5016,0.12,Hoko_H_Fa,5028,0.01
Area126 (15) troll 139 33266,,Priest_Rapid_H,5026,0.39,Wells_H,5026,0.29,Hanford_Reach,5026,0.24,Umatilla_H_Fa,5026,0.06,Methow_R,5026,0.01
Area126 (15) troll 139 33273,,Hanford_Reach,5026,0.32,McKenzie_H,5029,0.28,Lyons_Ferry_H,5021,0.14,Kalama_H_sp,5009,0.12,N_Santiam_H,5029,0.12
Area126 (15) troll 139 33279,,Burman,8,0.30,Conuma,8,0.29,Tlupana,8,0.11,Kaouk_R,8,0.05,L_Thompson,5,0.05
Area126 (15) troll 139 33281,,U_Sauk_R,5016,0.87,Skagit_R,5016,0.07,U_Sauk_R_SpSu,5016,0.05,Skykomish_R,5016,0.00,L_Skagit_R_Fa,5016,0.00
Area126 (15) troll 139 33283,,Puntledge_BackX,7,0.67,Cowichan,7,0.32,Puntledge_Su,7,0.01,Nanaimo_SP,7,0.00,Nanaimo_F,7,0.00
Area126 (15) troll 139 33288,,Conuma,8,0.98,Burman,8,0.01,Tlupana,8,0.01,Zeballos,8,0.00,Kaouk_R,8,0.00
Area126 (15) troll 139 33291,,Conuma,8,0.98,Burman,8,0.01,Tlupana,8,0.01,Kaouk_R,8,0.00,Zeballos,8,0.00
Area126 (15) troll 139 33293,,Conuma,8,0.60,Tlupana,8,0.31,Zeballos,8,0.09,Kaouk_R,8,0.00,Burman,8,0.00
Area126 (15) troll 139 33314,,Conuma,8,0.67,Burman,8,0.29,Tlupana,8,0.03,Zeballos,8,0.00,Kaouk_R,8,0.00
Area126 (15) troll 139 33341,,Conuma,8,0.56,Tlupana,8,0.34,Zeballos,8,0.09,Kaouk_R,8,0.01,Burman,8,0.00
Area126 (15) troll 139 33369,,Conuma,8,0.30,Burman,8,0.21,Robertson,8,0.15,Gold_R,8,0.14,Tlupana,8,0.10
Area126 (15) troll 139 33371,,Conuma,8,0.58,Tlupana,8,0.32,Zeballos,8,0.10,L_Thompson,5,0.00,,,
Area126 (15) troll 139 33383,,Conuma,8,0.84,Tlupana,8,0.11,Zeballos,8,0.02,Burman,8,0.01,Kaouk_R,8,0.01
Area126 (15) troll 139 33405,,Conuma,8,0.94,Kaouk_R,8,0.04,Zeballos,8,0.02,Gold_R,8,0.00,Burman,8,0.00
Area126 (15) troll 139 33412,,Conuma,8,0.90,Tlupana,8,0.07,Kaouk_R,8,0.01,Zeballos,8,0.01,Tahsis,8,0.00
Area126 (15) troll 150 10053,,Conuma,8,0.83,Tlupana,8,0.09,Burman,8,0.05,Zeballos,8,0.02,Kaouk_R,8,0.00
Area126 (15) troll 150 10087,,Robertson,8,0.59,Gold_R,8,0.41,Trask_R,5015,0.00,Thornton,8,0.00,Humptulips_H,5028,0.00
Area126 (15) troll 150 10093,,South_Thom,5,0.51,L_Thompson,5,0.45,Bear_Cr_SuFa,5020,0.01,Harrison,3,0.01,U_Sauk_R_SpSu,5016,0.01
Area126 (15) troll 150 10701,,Burman,8,0.50,Conuma,8,0.31,Kaouk_R,8,0.10,Tlupana,8,0.05,Zeballos,8,0.03
Area126 (15) troll 150 10702,,Conuma,8,0.86,Burman,8,0.12,Tlupana,8,0.01,Kaouk_R,8,0.01,Zeballos,8,0.00
Area126 (15) troll 150 10703,,Conuma,8,0.83,Tlupana,8,0.15,Zeballos,8,0.02,Burman,8,0.00,Kaouk_R,8,0.00
Area126 (15) troll 150 10714,,Conuma,8,0.94,Tlupana,8,0.05,Zeballos,8,0.00,Kaouk_R,8,0.00,,,
Area126 (15) troll 150 10725,,Burman,8,0.83,Tlupana,8,0.09,Kaouk_R,8,0.05,Conuma,8,0.01,Zeballos,8,0.01
Area126 (15) troll 150 10726,,Conuma,8,0.83,Tlupana,8,0.13,Kaouk_R,8,0.02,Burman,8,0.01,Tahsis,8,0.00
Area126 (15) troll 150 10805,Dupe with 391,NF_Nooksack_H,5016,1.00,,,,,,,,,,,,
Area126 (15) troll 150 10822,Dupe with 390,NF_Nooksack_H,5016,1.00,,,,,,,,,,,,
Area126 (15) troll 150 1505,,Conuma,8,0.74,Burman,8,0.16,Tlupana,8,0.08,Kaouk_R,8,0.02,Zeballos,8,0.00
Area126 (15) troll 150 1511,,Burman,8,0.83,Kaouk_R,8,0.12,Tlupana,8,0.04,Conuma,8,0.01,Megin_R,8,0.00
Area126 (15) troll 150 1512,,Spring_Cr_col,5030,1.00,,,,,,,,,,,,
Area126 (15) troll 150 1520,,Conuma,8,0.79,Tlupana,8,0.14,Burman,8,0.05,Zeballos,8,0.01,Kaouk_R,8,0.00
Area126 (15) troll 150 1526,,Cranberry,11,0.48,Chilliwack_F,3,0.16,Harrison,3,0.11,Kiteen,11,0.07,Snowbank,11,0.06
Area126 (15) troll 150 1532,,Conuma,8,0.93,Burman,8,0.06,Zeballos,8,0.01,Tlupana,8,0.00,Kaouk_R,8,0.00
Area126 (15) troll 150 1548,,Lewis_R_Su,5008,0.72,Lewis_R_f,5008,0.07,Sandy_R,5008,0.06,U_Sauk_R_SpSu,5016,0.06,Washougal_R_Fa,5008,0.05
Area126 (15) troll 150 1553,,Burman,8,0.69,Conuma,8,0.13,Tlupana,8,0.11,Kaouk_R,8,0.04,Zeballos,8,0.02
Area126 (15) troll 150 1565,,Conuma,8,0.71,Tlupana,8,0.20,Zeballos,8,0.05,Burman,8,0.04,Tahsis,8,0.00
Area126 (15) troll 150 1581,,Nitinat,8,0.33,Gold_R,8,0.25,Toquart,8,0.24,Kaouk_R,8,0.09,San_Juan,8,0.08
Area126 (15) troll 150 1584,,Harrison,3,0.92,Skykomish_R,5016,0.04,Chilliwack_F,3,0.02,Clear_Cr_H,5020,0.00,Dean,10,0.00
Area126 (15) troll 150 1587,,Burman,8,0.35,Conuma,8,0.33,Tlupana,8,0.22,Zeballos,8,0.09,Tahsis,8,0.00
Area126 (15) troll 150 1621,,Robertson,8,0.53,Gold_R,8,0.41,Kaouk_R,8,0.04,Megin_R,8,0.02,Conuma,8,0.00
Area126 (15) troll 150 1623,,Conuma,8,0.92,Tlupana,8,0.06,Burman,8,0.02,Zeballos,8,0.00,Kaouk_R,8,0.00
Area126 (15) troll 150 1643,,Burman,8,0.82,Kaouk_R,8,0.13,Conuma,8,0.02,Zeballos,8,0.01,Megin_R,8,0.01
Area126 (15) troll 150 1648,,Conuma,8,0.95,Tlupana,8,0.02,Burman,8,0.01,Kaouk_R,8,0.01,Zeballos,8,0.00
Area126 (15) troll 150 1652,,Conuma,8,0.91,Coquille_R,5011,0.08,U_Sauk_R_SpSu,5016,0.00,Zeballos,8,0.00,Coos_H,5011,0.00
Area126 (15) troll 150 1657,,N_Santiam_H,5029,1.00,McKenzie_H,5029,0.00,Kalama_H_sp,5009,0.00,,,,,,
Area126 (15) troll 150 1665,,George_Adams_H,5005,0.80,Cedar_R_SuFa,5020,0.08,Bear_Cr_SuFa,5020,0.05,Samish_H,5016,0.02,Hamma_Hamma_R,5005,0.01
Area126 (15) troll 221 10461,,Hanford_Reach,5026,0.53,Priest_Rapid_H,5026,0.39,Wells_H,5026,0.03,Wenatchee_R_SF,5026,0.03,Umatilla_H_Fa,5026,0.02
Area126 (15) troll 221 10464,,Hanford_Reach,5026,0.72,Priest_Rapid_H,5026,0.18,Wenatchee_R_SF,5026,0.04,Umatilla_H_Fa,5026,0.04,Wells_H,5026,0.01
Area126 (15) troll 221 10466,,Wells_H,5026,0.39,Priest_Rapid_H,5026,0.24,Hanford_Reach,5026,0.22,Umatilla_H_Fa,5026,0.07,Wenatchee_R_SF,5026,0.03
Area126 (15) troll 221 10467,,Trask_R,5015,0.87,Coos_H,5011,0.09,Wilson_R,5015,0.02,Alsea_R,5015,0.01,Humptulips_H,5028,0.01
Area126 (15) troll 221 10468,,Forks_Cr_H,5028,1.00,Coos_H,5011,0.00,S_Umpqua_H,5011,0.00,Skagit_R,5016,0.00,Umatilla_H_Fa,5026,0.00
Area126 (15) troll 221 10469,,Forks_Cr_H,5028,0.99,Trask_R,5015,0.01,Alsea_R,5015,0.00,Hoko_H_Fa,5028,0.00,S_Umpqua_H,5011,0.00
Area126 (15) troll 221 10470,,Spring_Cr_col,5030,0.98,Abernathy_NFH_F,5008,0.01,Big_Cr_H_Col,5030,0.01,Washougal_R_Fa,5008,0.00,Elochoman_H,5030,0.00
Area126 (15) troll 221 10471,,Forks_Cr_H,5028,1.00,Humptulips_H,5028,0.00,,,,,,,,,
Area126 (15) troll 221 10472,,Forks_Cr_H,5028,0.98,Washougal_R_Fa,5008,0.01,Coos_H,5011,0.01,Trask_R,5015,0.00,Sandy_R,5008,0.00
Area126 (15) troll 221 10473,,Lyons_Ferry_H,5021,1.00,Umatilla_H_Fa,5026,0.00,Priest_Rapid_H,5026,0.00,McKenzie_H,5029,0.00,Nez_PerceT_H,5021,0.00
Area126 (15) troll 221 10474,,Hanford_Reach,5026,0.57,Wells_H,5026,0.22,Priest_Rapid_H,5026,0.18,Lyons_Ferry_H,5021,0.02,Washougal_R_Fa,5008,0.00
Area126 (15) troll 221 10478,,Spring_Cr_col,5030,0.92,Washougal_R_Fa,5008,0.07,Big_Cr_H_Col,5030,0.00,Cowlitz_H_fa,5008,0.00,Abernathy_Cr_Fa,5008,0.00
Area126 (15) troll 221 10481,,Lewis_R_Su,5008,0.67,Washougal_R_Fa,5008,0.26,Lewis_R_f,5008,0.07,Cowlitz_H_fa,5008,0.00,,,
Area126 (15) troll 221 10486,,Priest_Rapid_H,5026,0.54,Hanford_Reach,5026,0.34,Wells_H,5026,0.10,Umatilla_H_Fa,5026,0.01,Wenatchee_R_SF,5026,0.01
Area126 (15) troll 221 10488,,Spring_Cr_col,5030,1.00,Cowlitz_H_sp,5009,0.00,Cowlitz_H_fa,5008,0.00,Elochoman_H,5030,0.00,Big_Cr_H_Col,5030,0.00
Area126 (15) troll 221 10489,,Wenatchee_R_SF,5026,0.71,Wells_H,5026,0.25,Hanford_Reach,5026,0.03,Priest_Rapid_H,5026,0.00,Lyons_Ferry_H,5021,0.00
Area126 (15) troll 221 10493,,Priest_Rapid_H,5026,0.83,Hanford_Reach,5026,0.16,Umatilla_H_Fa,5026,0.01,Wells_H,5026,0.00,Lyons_Ferry_H,5021,0.00
Area126 (15) troll 221 10496,,Spring_Cr_col,5030,1.00,Big_Cr_H_Col,5030,0.00,,,,,,,,,
Area126 (15) troll 221 10497,,Forks_Cr_H,5028,0.99,Humptulips_H,5028,0.01,,,,,,,,,
Area126 (15) troll 221 10499,,Washougal_R_Fa,5008,0.97,Cowlitz_H_sp,5009,0.02,Lewis_R_Su,5008,0.00,Lewis_R_f,5008,0.00,Elochoman_R_Fa,5008,0.00
Area126 (15) troll 221 10505,,Trask_R,5015,0.99,Salmon_R_f,5015,0.00,Alsea_R,5015,0.00,Kilchis_R,5015,0.00,Wilson_R,5015,0.00
Area126 (15) troll 221 10508,,Umatilla_H_Fa,5026,0.65,Priest_Rapid_H,5026,0.22,Hanford_Reach,5026,0.13,Lyons_Ferry_H,5021,0.00,Umatilla_H,5026,0.00
Area126 (15) troll 221 10514,,Lyons_Ferry_H,5021,0.46,Hanford_Reach,5026,0.25,Umatilla_H_Fa,5026,0.21,Priest_Rapid_H,5026,0.05,Sandy_R,5008,0.02
Area126 (15) troll 221 10515,,Forks_Cr_H,5028,0.99,Trask_R,5015,0.01,Humptulips_H,5028,0.00,S_Umpqua_H,5011,0.00,,,
Area126 (15) troll 221 10518,,Priest_Rapid_H,5026,0.38,Hanford_Reach,5026,0.32,Wenatchee_R_SF,5026,0.20,Wells_H,5026,0.06,Umatilla_H_Fa,5026,0.01
Area126 (15) troll 221 10520,,Forks_Cr_H,5028,1.00,,,,,,,,,,,,
Area126 (15) troll 221 10521,,Hanford_Reach,5026,0.62,Umatilla_H_Fa,5026,0.16,Wells_H,5026,0.12,Priest_Rapid_H,5026,0.07,Lyons_Ferry_H,5021,0.02
Area126 (15) troll 221 10523,,Spring_Cr_col,5030,1.00,,,,,,,,,,,,
Area126 (15) troll 221 10524,,Forks_Cr_H,5028,1.00,Humptulips_H,5028,0.00,Alsea_R,5015,0.00,,,,,,
Area126 (15) troll 221 10526,,Washougal_R_Fa,5008,0.97,Lewis_R_f,5008,0.02,Cowlitz_H_fa,5008,0.01,Lewis_R_Su,5008,0.00,Abernathy_NFH_F,5008,0.00
Area126 (15) troll 221 10528,,Bear_Cr_SuFa,5020,0.57,Cedar_R_SuFa,5020,0.34,George_Adams_H,5005,0.05,Samish_H,5016,0.02,Clear_Cr_H,5020,0.01
Area126 (15) troll 221 10529,,Hoko_H_Fa,5028,0.55,Forks_Cr_H,5028,0.26,Lewis_R_Su,5008,0.05,Skagit_R,5016,0.03,Humptulips_H,5028,0.02
Area126 (15) troll 221 10531,,Makah_H,5028,1.00,,,,,,,,,,,,
Area126 (15) troll 221 10534,,Forks_Cr_H,5028,0.75,Coquille_R,5011,0.20,Coos_H,5011,0.04,Humptulips_H,5028,0.00,Lewis_R_Su,5008,0.00
Area126 (15) troll 221 10535,,Spring_Cr_col,5030,1.00,Big_Cr_H_Col,5030,0.00,Washougal_R_Fa,5008,0.00,Cowlitz_H_fa,5008,0.00,Abernathy_Cr_Fa,5008,0.00
Area126 (15) troll 221 10538,,U_Sauk_R_SpSu,5016,0.20,Marblemount_Hsu,5016,0.19,Skykomish_R,5016,0.11,Umpqua_H,5011,0.11,Skagit_R,5016,0.10
Area126 (15) troll 221 10539,,S_Umpqua_H,5011,0.92,Sandy_R,5008,0.07,Hanford_Reach,5026,0.01,Priest_Rapid_H,5026,0.00,,,
Area126 (15) troll 221 10540,,Washougal_R_Fa,5008,0.58,Sandy_R,5008,0.21,Lewis_R_f,5008,0.08,Coquille_R,5011,0.05,Lewis_R_Su,5008,0.03
Area126 (15) troll 221 10541,,Spring_Cr_col,5030,0.97,Washougal_R_Fa,5008,0.01,Lewis_R_Su,5008,0.01,Big_Cr_H_Col,5030,0.00,Cowlitz_H_sp,5009,0.00
Area126 (15) troll 221 10543,,Hanford_Reach,5026,0.48,Wells_H,5026,0.30,Priest_Rapid_H,5026,0.17,Wenatchee_R_SF,5026,0.03,Umatilla_H_Fa,5026,0.02
Area126 (15) troll 221 10546,,Spring_Cr_col,5030,1.00,,,,,,,,,,,,
Area126 (15) troll 221 10548,,Spring_Cr_col,5030,1.00,Big_Cr_H_Col,5030,0.00,Abernathy_NFH_F,5008,0.00,Washougal_R_Fa,5008,0.00,,,
Area126 (15) troll 221 10556,,Hanford_Reach,5026,0.59,Umatilla_H_Fa,5026,0.30,Priest_Rapid_H,5026,0.07,Wells_H,5026,0.04,Lyons_Ferry_H,5021,0.00
Area126 (15) troll 221 10557,,Humptulips_H,5028,0.78,Forks_Cr_H,5028,0.21,L_Thompson,5,0.00,Coos_H,5011,0.00,Skykomish_R,5016,0.00
Area126 (15) troll 221 10560,,Forks_Cr_H,5028,0.89,Lewis_R_Su,5008,0.04,Skagit_R,5016,0.02,Umpqua_H,5011,0.01,Umatilla_H_Fa,5026,0.00
Area126 (15) troll 221 10561,,Hanford_Reach,5026,0.66,Umatilla_H_Fa,5026,0.15,Wells_H,5026,0.10,Priest_Rapid_H,5026,0.08,Lyons_Ferry_H,5021,0.00
Area126 (15) troll 221 10562,,Hanford_Reach,5026,0.52,Umatilla_H_Fa,5026,0.26,Lyons_Ferry_H,5021,0.18,Wenatchee_R_SF,5026,0.03,Priest_Rapid_H,5026,0.00
Area126 (15) troll 221 10563,,Coquille_R,5011,0.57,Trask_R,5015,0.28,Washougal_R_Fa,5008,0.04,Coos_H,5011,0.03,Alsea_R,5015,0.03
Area126 (15) troll 221 10565,,Priest_Rapid_H,5026,0.47,Wenatchee_R_SF,5026,0.37,Hanford_Reach,5026,0.13,Lyons_Ferry_H,5021,0.01,Umatilla_H_Fa,5026,0.01
Area126 (15) troll 221 10570,,Forks_Cr_H,5028,1.00,Humptulips_H,5028,0.00,Makah_H,5028,0.00,,,,,,
Area126 (15) troll 221 10576,,Coquille_R,5011,0.51,Coos_H,5011,0.47,S_Coos_R,5011,0.01,S_Umpqua_H,5011,0.00,Washougal_R_Fa,5008,0.00
Area126 (15) troll 221 10585,,Chilliwack_F,3,1.00,Harrison,3,0.00,,,,,,,,,
Area126 (15) troll 221 10588,,Spring_Cr_col,5030,0.99,Abernathy_Cr_Fa,5008,0.00,Sandy_R,5008,0.00,Hanford_Reach,5026,0.00,Big_Cr_H_Col,5030,0.00
Area126 (15) troll 221 10589,,Umatilla_H_Fa,5026,0.48,Hanford_Reach,5026,0.32,Wenatchee_R_SF,5026,0.11,Lyons_Ferry_H,5021,0.05,Priest_Rapid_H,5026,0.04
Area126 (15) troll 221 10590,,Trask_R,5015,0.98,Nehalem_R,5015,0.01,Lewis_R_Su,5008,0.01,Wilson_R,5015,0.00,Alsea_R,5015,0.00
Area126 (15) troll 221 10594,,Spring_Cr_col,5030,0.99,Big_Cr_H_Col,5030,0.00,Abernathy_NFH_F,5008,0.00,,,,,,
Area126 (15) troll 221 10600,,S_Umpqua_H,5011,0.51,Alsea_R,5015,0.22,Coquille_R,5011,0.11,Trask_R,5015,0.07,Coos_H,5011,0.04
Area126 (15) troll 221 10601,Dupe with 483,Little_R,5,0.59,L_Thompson,5,0.29,South_Thom,5,0.11,L_Adams,5,0.00,,,
Area126 (15) troll 221 10602,,South_Thom,5,0.38,Little_R,5,0.36,L_Thompson,5,0.26,L_Adams,5,0.00,Cedar_R_SuFa,5020,0.00
Area126 (15) troll 221 10607,,Conuma,8,0.31,Tlupana,8,0.20,Burman,8,0.19,Robertson,8,0.13,Zeballos,8,0.07
Area126 (15) troll 221 10608,,S_Umpqua_H,5011,0.91,Sandy_R,5008,0.06,Lyons_Ferry_H,5021,0.02,Coos_H,5011,0.00,Hanford_Reach,5026,0.00
Area126 (15) troll 221 10611,,South_Thom,5,0.92,Little_R,5,0.05,L_Thompson,5,0.03,Priest_Rapid_H,5026,0.00,Umatilla_H_Fa,5026,0.00
Area126 (15) troll 221 10615,,Wells_H,5026,0.38,Wenatchee_R_SF,5026,0.35,Little_R,5,0.15,Hanford_Reach,5026,0.04,Umatilla_H_Fa,5026,0.03
Area126 (15) troll 221 10618,,L_Thompson,5,0.98,South_Thom,5,0.01,Cedar_R_SuFa,5020,0.00,Bear_Cr_SuFa,5020,0.00,Samish_H,5016,0.00
Area126 (15) troll 221 10619,,Umatilla_H_Fa,5026,0.66,Priest_Rapid_H,5026,0.22,Hanford_Reach,5026,0.11,Sandy_R,5008,0.00,Methow_R,5026,0.00
Area126 (15) troll 221 10621,,Trask_R,5015,0.89,Lewis_R_Su,5008,0.10,Washougal_R_Fa,5008,0.01,Sandy_R,5008,0.00,Lewis_R_f,5008,0.00
Area126 (15) troll 221 10624,,Little_R,5,0.80,South_Thom,5,0.14,L_Thompson,5,0.06,Umatilla_H_Fa,5026,0.00,,,
Area126 (15) troll 221 10625,Dupe with 476,Umatilla_H_Fa,5026,0.66,Priest_Rapid_H,5026,0.25,Hanford_Reach,5026,0.08,Lewis_R_Su,5008,0.00,Wells_H,5026,0.00
Area126 (15) troll 221 10626,,Conuma,8,0.63,Burman,8,0.28,Tlupana,8,0.04,Kaouk_R,8,0.03,Zeballos,8,0.02
Area126 (15) troll 221 10627,,Chilliwack_F,3,0.99,Chilliwac@Stav,3,0.01,Harrison,3,0.00,Nechako,2,0.00,,,
Area126 (15) troll 221 10629,,Little_R,5,0.96,South_Thom,5,0.04,L_Thompson,5,0.00,L_Adams,5,0.00,Priest_Rapid_H,5026,0.00
Area126 (15) troll 221 10630,,Lewis_R_Su,5008,0.36,Washougal_R_Fa,5008,0.33,Sandy_R,5008,0.22,Cowlitz_H_fa,5008,0.05,Lewis_R_f,5008,0.04
Area126 (15) troll 221 10637,,L_Thompson,5,0.90,South_Thom,5,0.07,Little_R,5,0.03,L_Adams,5,0.01,Umatilla_H_Fa,5026,0.00
Area126 (15) troll 221 10640,,Skagit_R,5016,0.55,U_Sauk_R_SpSu,5016,0.30,Marblemount_Hsu,5016,0.11,U_Sauk_R,5016,0.02,L_Sauk_R,5016,0.01
Area126 (15) troll 221 10642,,Forks_Cr_H,5028,0.65,Coquille_R,5011,0.28,Sandy_R,5008,0.03,Washougal_R_Fa,5008,0.02,Trask_R,5015,0.01
Area126 (15) troll 221 10644,,L_Thompson,5,0.57,U_Sauk_R_SpSu,5016,0.27,Little_R,5,0.10,Battle_Cr,5001,0.04,South_Thom,5,0.01
Area126 (15) troll 221 10648,,Maria_Slough,13,1.00,,,,,,,,,,,,
Area126 (15) troll 221 10649,,Coquille_R,5011,0.52,S_Umpqua_H,5011,0.21,Hanford_Reach,5026,0.10,Wells_H,5026,0.07,Wenatchee_R_SF,5026,0.07
Area126 (15) troll 221 10651,,S_Umpqua_H,5011,0.88,Coos_H,5011,0.05,Humptulips_H,5028,0.03,Elk_H,5011,0.01,Coquille_R,5011,0.01
Area126 (15) troll 221 10653,,Hanford_Reach,5026,0.53,Priest_Rapid_H,5026,0.27,Lyons_Ferry_H,5021,0.11,Wenatchee_R_SF,5026,0.04,Umatilla_H_Fa,5026,0.04
Area126 (15) troll 221 10654,,South_Thom,5,0.55,Little_R,5,0.44,L_Thompson,5,0.01,,,,,,
Area126 (15) troll 221 10656,,Harrison,3,0.94,Chilliwack_F,3,0.04,L_Thompson,5,0.01,Little_R,5,0.00,U_Sauk_R_SpSu,5016,0.00
Area126 (15) troll 221 10658,,Priest_Rapid_H,5026,0.83,Hanford_Reach,5026,0.11,Lyons_Ferry_H,5021,0.03,Umatilla_H_Fa,5026,0.02,U_Deschutes_R,5004,0.01
Area126 (15) troll 221 10659,,Coos_H,5011,0.47,Coquille_R,5011,0.47,S_Umpqua_H,5011,0.04,Trask_R,5015,0.01,Lewis_R_f,5008,0.01
Area126 (15) troll 221 10663,Dupe with 459,Umatilla_H_Fa,5026,0.66,Priest_Rapid_H,5026,0.25,Hanford_Reach,5026,0.08,Lewis_R_Su,5008,0.01,Wells_H,5026,0.00
Area126 (15) troll 221 10665,,L_Thompson,5,0.29,Wells_H,5026,0.18,Wenatchee_R_SF,5026,0.18,Priest_Rapid_H,5026,0.11,Hanford_Reach,5026,0.08
Area126 (15) troll 221 10666,,Umatilla_H_Fa,5026,0.88,Lewis_R_Su,5008,0.12,Lewis_R_f,5008,0.00,Washougal_R_Fa,5008,0.00,Priest_Rapid_H,5026,0.00
Area126 (15) troll 221 10669,,Nehalem_R,5015,0.99,Trask_R,5015,0.01,Alsea_R,5015,0.00,Forks_Cr_H,5028,0.00,S_Umpqua_H,5011,0.00
Area126 (15) troll 221 10670,,Hanford_Reach,5026,0.40,Priest_Rapid_H,5026,0.20,Wells_H,5026,0.14,Wenatchee_R_SF,5026,0.14,Umatilla_H_Fa,5026,0.07
Area126 (15) troll 221 10675,,South_Thom,5,0.94,L_Thompson,5,0.03,Little_R,5,0.02,L_Adams,5,0.00,,,
Area126 (15) troll 221 10676,,Little_R,5,0.98,South_Thom,5,0.02,L_Thompson,5,0.00,L_Adams,5,0.00,Wells_H,5026,0.00
Area126 (15) troll 221 10678,Dupe with 449,Little_R,5,0.59,L_Thompson,5,0.29,South_Thom,5,0.11,L_Adams,5,0.00,,,
Area126 (15) troll 221 10679,,L_Thompson,5,0.48,Priest_Rapid_H,5026,0.24,Umpqua_H,5011,0.07,Hanford_Reach,5026,0.07,Wells_H,5026,0.04
Area126 (15) troll 221 10680,,Coos_H,5011,0.50,Forks_Cr_H,5028,0.24,Coquille_R,5011,0.17,Alsea_R,5015,0.05,Trask_R,5015,0.03
Area126 (15) troll 221 10683,,Alsea_R,5015,0.79,Trask_R,5015,0.21,Coos_H,5011,0.00,Wilson_R,5015,0.00,Salmon_R_f,5015,0.00
Area126 (15) troll 221 10684,,Skykomish_R,5016,0.51,Harrison,3,0.37,Chilliwac@Stav,3,0.03,Bear_Cr_SuFa,5020,0.01,Cedar_R_SuFa,5020,0.01
Area126 (15) troll 221 10685,,Coquille_R,5011,0.40,U_Sauk_R_SpSu,5016,0.24,Skagit_R,5016,0.18,Marblemount_Hsu,5016,0.11,Washougal_R_Fa,5008,0.03
Area126 (15) troll 221 10687,,Lyons_Ferry_H,5021,0.95,Umatilla_H_Fa,5026,0.01,S_Umpqua_H,5011,0.01,Hanford_Reach,5026,0.01,Sandy_R,5008,0.01
Area126 (15) troll 221 10690,,Lewis_R_Su,5008,0.53,Washougal_R_Fa,5008,0.19,Coquille_R,5011,0.10,Sandy_R,5008,0.06,U_Sauk_R_SpSu,5016,0.04
Area126 (15) troll 221 10693,,Trask_R,5015,0.43,Coos_H,5011,0.34,Coquille_R,5011,0.18,Salmon_R_f,5015,0.02,Alsea_R,5015,0.01
Area126 (15) troll 221 10694,,Little_R,5,0.69,South_Thom,5,0.30,L_Thompson,5,0.00,,,,,,
Area126 (15) troll 221 10695,,Little_R,5,0.49,South_Thom,5,0.48,L_Thompson,5,0.02,L_Adams,5,0.00,Priest_Rapid_H,5026,0.00
Area126 (15) troll 221 10697,,Gold_R,8,0.40,Robertson,8,0.32,L_Thompson,5,0.17,Little_R,5,0.05,Tlupana,8,0.02
Area126 (15) troll 221 10700,,Little_R,5,0.75,South_Thom,5,0.24,L_Thompson,5,0.01,L_Adams,5,0.00,,,
Area126 (15) troll 221 40002,,Priest_Rapid_H,5026,0.25,Wenatchee_R_SF,5026,0.16,Wells_H,5026,0.16,Umatilla_H_Fa,5026,0.15,Hanford_Reach,5026,0.14
Area126 (15) troll 221 40003,,Forks_Cr_H,5028,0.91,Humptulips_H,5028,0.07,S_Umpqua_H,5011,0.01,Trask_R,5015,0.01,Umatilla_H_Fa,5026,0.00
Area126 (15) troll 221 40006,,Washougal_R_Fa,5008,0.33,Sandy_R,5008,0.30,Hanford_Reach,5026,0.15,Lewis_R_Su,5008,0.15,Priest_Rapid_H,5026,0.04
Area126 (15) troll 221 40007,Dupe with 507,Hanford_Reach,5026,0.45,Wells_H,5026,0.32,Priest_Rapid_H,5026,0.18,Umatilla_H_Fa,5026,0.04,Lyons_Ferry_H,5021,0.00
Area126 (15) troll 221 40011,,Umatilla_H_Fa,5026,0.32,Priest_Rapid_H,5026,0.31,Hanford_Reach,5026,0.22,Wenatchee_R_SF,5026,0.08,Lyons_Ferry_H,5021,0.06
Area126 (15) troll 221 40013,,Priest_Rapid_H,5026,0.63,Hanford_Reach,5026,0.20,Wenatchee_R_SF,5026,0.07,Wells_H,5026,0.05,Umatilla_H_Fa,5026,0.04
Area126 (15) troll 221 40015,,Makah_H,5028,0.91,Hoko_H_Fa,5028,0.09,Humptulips_H,5028,0.00,L_Thompson,5,0.00,Nakina_R,5025,0.00
Area126 (15) troll 221 40017,,Spring_Cr_col,5030,1.00,Washougal_R_Fa,5008,0.00,Big_Cr_H_Col,5030,0.00,Cowlitz_H_sp,5009,0.00,Abernathy_NFH_F,5008,0.00
Area126 (15) troll 221 40018,,Priest_Rapid_H,5026,0.45,Wells_H,5026,0.40,Hanford_Reach,5026,0.07,Wenatchee_R_SF,5026,0.07,Methow_R,5026,0.00
Area126 (15) troll 221 40019,,Little_R,5,0.67,Umatilla_H_Fa,5026,0.19,South_Thom,5,0.08,L_Adams,5,0.03,Priest_Rapid_H,5026,0.01
Area126 (15) troll 221 40020,,Priest_Rapid_H,5026,0.62,Hanford_Reach,5026,0.36,Umatilla_H_Fa,5026,0.02,Wells_H,5026,0.01,Lyons_Ferry_H,5021,0.00
Area126 (15) troll 221 40021,Dupe with 499,Hanford_Reach,5026,0.43,Wells_H,5026,0.33,Priest_Rapid_H,5026,0.18,Umatilla_H_Fa,5026,0.04,Lyons_Ferry_H,5021,0.00
Area126 (15) troll 221 40024,,South_Thom,5,0.98,L_Thompson,5,0.01,Little_R,5,0.01,,,,,,
Area126 (15) troll 221 40028,,Forks_Cr_H,5028,0.97,Humptulips_H,5028,0.02,Skykomish_R,5016,0.00,Trask_R,5015,0.00,Lewis_R_Su,5008,0.00
Area126 (15) troll 221 40030,,L_Thompson,5,0.57,Little_R,5,0.34,South_Thom,5,0.08,L_Adams,5,0.00,Lyons_Ferry_H,5021,0.00
Area126 (15) troll 221 40034,,Priest_Rapid_H,5026,0.63,Hanford_Reach,5026,0.17,Wenatchee_R_SF,5026,0.09,Wells_H,5026,0.06,Umatilla_H_Fa,5026,0.02
Area126 (15) troll 221 40035,,Harrison,3,0.96,S_Umpqua_H,5011,0.02,Chilliwack_F,3,0.00,Skykomish_R,5016,0.00,Hanford_Reach,5026,0.00
Area126 (15) troll 221 40038,,L_Thompson,5,0.50,Hanford_Reach,5026,0.24,Washougal_R_Fa,5008,0.14,Priest_Rapid_H,5026,0.04,Wells_H,5026,0.03
Area126 (15) troll 221 40040,,Lewis_R_Su,5008,0.49,Spring_Cr_col,5030,0.21,Umatilla_H_Fa,5026,0.13,Stanislaus_R,5001,0.09,Hanford_Reach,5026,0.03
Area126 (15) troll 221 40041,,Spring_Cr_col,5030,1.00,Big_Cr_H_Col,5030,0.00,,,,,,,,,
Area126 (15) troll 221 40043,,Sandy_R,5008,0.44,Trask_R,5015,0.21,Lewis_R_Su,5008,0.15,Salmon_R_f,5015,0.09,Coos_H,5011,0.09
Area126 (15) troll 221 40045,,Washougal_R_Fa,5008,0.81,Lewis_R_f,5008,0.08,Spring_Cr_col,5030,0.05,Lewis_R_Su,5008,0.02,Cowlitz_H_sp,5009,0.02
Area126 (15) troll 221 40048,,Nehalem_R,5015,1.00,,,,,,,,,,,,
Area126 (15) troll 221 40050,,Trask_R,5015,0.91,Alsea_R,5015,0.03,Wilson_R,5015,0.03,Forks_Cr_H,5028,0.02,Salmon_R_f,5015,0.01
Area126 (15) troll 221 40052,,Alsea_R,5015,0.43,Trask_R,5015,0.26,Coquille_R,5011,0.26,Wilson_R,5015,0.04,Coos_H,5011,0.01
Area126 (15) troll 221 40054,,S_Umpqua_H,5011,0.50,Sandy_R,5008,0.12,Hanford_Reach,5026,0.08,Lewis_R_f,5008,0.07,Battle_Cr,5001,0.05
Area126 (15) troll 221 40055,,Alsea_R,5015,0.68,Forks_Cr_H,5028,0.23,Trask_R,5015,0.06,Coquille_R,5011,0.01,Wilson_R,5015,0.01
Area126 (15) troll 221 40056,,Lyons_Ferry_H,5021,0.81,Hanford_Reach,5026,0.10,Priest_Rapid_H,5026,0.05,Wells_H,5026,0.02,Nez_PerceT_H,5021,0.01
Area126 (15) troll 221 40058,,Harrison,3,0.44,Puntledge_BackX,7,0.20,Hanford_Reach,5026,0.06,U_Sauk_R,5016,0.05,Umatilla_H_Fa,5026,0.05
Area126 (15) troll 221 40059,,Hanford_Reach,5026,0.56,Priest_Rapid_H,5026,0.40,Wenatchee_R_SF,5026,0.01,Umatilla_H_Fa,5026,0.01,Wells_H,5026,0.01
Area126 (15) troll 221 40060,,Coquille_R,5011,0.96,Coos_H,5011,0.04,Alsea_R,5015,0.00,Umpqua_H,5011,0.00,,,
Area126 (15) troll 221 40061,Dupe with 543,South_Thom,5,0.53,Little_R,5,0.36,L_Thompson,5,0.11,L_Adams,5,0.00,,,
Area126 (15) troll 221 40063,,L_Thompson,5,0.83,Little_R,5,0.13,South_Thom,5,0.03,N_Thom@Main,4,0.02,L_Adams,5,0.00
Area126 (15) troll 221 40064,,Little_R,5,0.99,L_Thompson,5,0.01,Hanford_Reach,5026,0.00,Priest_Rapid_H,5026,0.00,Bear_Cr_SuFa,5020,0.00
Area126 (15) troll 221 40065,,Priest_Rapid_H,5026,0.44,Umatilla_H_Fa,5026,0.40,Hanford_Reach,5026,0.15,Wenatchee_R_SF,5026,0.01,Wells_H,5026,0.00
Area126 (15) troll 221 40067,,Trask_R,5015,0.91,Coquille_R,5011,0.07,Wilson_R,5015,0.01,Alsea_R,5015,0.01,Forks_Cr_H,5028,0.00
Area126 (15) troll 221 40071,,Priest_Rapid_H,5026,0.91,Umatilla_H_Fa,5026,0.09,Hanford_Reach,5026,0.00,L_Wh_Sal_H_SF,5026,0.00,Wells_H,5026,0.00
Area126 (15) troll 221 40072,,Harrison,3,0.93,Spring_Cr_col,5030,0.03,Chilliwack_F,3,0.01,Little_R,5,0.01,L_Thompson,5,0.01
Area126 (15) troll 221 40074,,Humptulips_H,5028,0.98,Coquille_R,5011,0.00,S_Umpqua_H,5011,0.00,Trask_R,5015,0.00,Forks_Cr_H,5028,0.00
Area126 (15) troll 221 40078,,Coquille_R,5011,1.00,,,,,,,,,,,,
Area126 (15) troll 221 40080,,South_Thom,5,0.88,Little_R,5,0.09,L_Thompson,5,0.02,L_Adams,5,0.00,,,
Area126 (15) troll 221 40081,,S_Umpqua_H,5011,0.48,Trask_R,5015,0.22,Alsea_R,5015,0.17,Wilson_R,5015,0.09,Coos_H,5011,0.02
Area126 (15) troll 221 40082,,Trask_R,5015,0.50,Nehalem_R,5015,0.50,Coos_H,5011,0.00,Salmon_R_f,5015,0.00,Wilson_R,5015,0.00
Area126 (15) troll 221 40091,,Hanford_Reach,5026,0.33,Priest_Rapid_H,5026,0.19,Wells_H,5026,0.19,Lewis_R_Su,5008,0.11,Lewis_R_f,5008,0.06
Area126 (15) troll 221 40092,,South_Thom,5,0.56,Little_R,5,0.37,L_Thompson,5,0.07,L_Adams,5,0.00,,,
Area126 (15) troll 221 40094,,Lewis_R_Su,5008,0.86,U_Sauk_R_SpSu,5016,0.05,Cranberry,11,0.04,U_Sauk_R,5016,0.01,Washougal_R_Fa,5008,0.01
Area126 (15) troll 221 40096,,Little_R,5,0.72,South_Thom,5,0.27,L_Thompson,5,0.02,L_Adams,5,0.00,,,
Area126 (15) troll 221 40101,Dupe with 527,South_Thom,5,0.52,Little_R,5,0.37,L_Thompson,5,0.11,L_Adams,5,0.00,,,
Area126 (15) troll 221 40103,,Umatilla_H_Fa,5026,0.82,Priest_Rapid_H,5026,0.15,Hanford_Reach,5026,0.02,Lyons_Ferry_H,5021,0.01,ClearwaterRFa,5021,0.00
Area126 (15) troll 221 40104,,Lewis_R_Su,5008,0.57,Lewis_R_f,5008,0.15,Cowlitz_H_sp,5009,0.13,Umatilla_H_Fa,5026,0.06,Sandy_R,5008,0.03
Area126 (15) troll 221 40108,,Priest_Rapid_H,5026,0.70,Wells_H,5026,0.19,Umatilla_H_Fa,5026,0.08,Hanford_Reach,5026,0.03,Lyons_Ferry_H,5021,0.01
Area126 (15) troll 221 40110,Dupe with 567,Forks_Cr_H,5028,0.95,Humptulips_H,5028,0.03,Coos_H,5011,0.01,Millicoma_R,5011,0.00,Hoh_R,5028,0.00
Area126 (15) troll 221 40111,,South_Thom,5,0.54,Little_R,5,0.25,L_Thompson,5,0.20,L_Adams,5,0.00,U_Sauk_R_SpSu,5016,0.00
Area126 (15) troll 221 40112,,Conuma,8,0.87,Zeballos,8,0.05,Burman,8,0.04,Kaouk_R,8,0.03,Tlupana,8,0.01
Area126 (15) troll 221 40124,,L_Thompson,5,0.51,Lewis_R_Su,5008,0.38,Lewis_R_f,5008,0.05,Skagit_R,5016,0.02,Little_R,5,0.02
Area126 (15) troll 221 40127,,Cowlitz_H_sp,5009,0.72,Washougal_R_Fa,5008,0.16,Lewis_R_Su,5008,0.10,Sandy_R,5008,0.01,Lewis_R_f,5008,0.00
Area126 (15) troll 221 40131,,Hoko_H_Fa,5028,0.95,Marblemount_Hsu,5016,0.03,George_Adams_H,5005,0.02,Skagit_R,5016,0.00,U_Sauk_R,5016,0.00
Area126 (15) troll 221 40135,,Lewis_R_Su,5008,0.96,Washougal_R_Fa,5008,0.04,Cowlitz_H_fa,5008,0.00,Lewis_R_f,5008,0.00,Wells_H,5026,0.00
Area126 (15) troll 221 40136,,Alsea_R,5015,0.47,Trask_R,5015,0.37,Coquille_R,5011,0.10,Coos_H,5011,0.04,S_Umpqua_H,5011,0.01
Area126 (15) troll 221 40140,,Puntledge_BackX,7,0.65,Cowichan,7,0.32,Bear_Cr_SuFa,5020,0.01,Cedar_R_SuFa,5020,0.00,Makah_H,5028,0.00
Area126 (15) troll 221 40142,,Forks_Cr_H,5028,1.00,,,,,,,,,,,,
Area126 (15) troll 221 40144,,Hanford_Reach,5026,0.60,Priest_Rapid_H,5026,0.27,Lyons_Ferry_H,5021,0.12,Wenatchee_R_SF,5026,0.00,Marion_Drain_Fa,5026,0.00
Area126 (15) troll 221 40146,,Trask_R,5015,0.43,Alsea_R,5015,0.37,Coos_H,5011,0.11,Forks_Cr_H,5028,0.04,S_Umpqua_H,5011,0.02
Area126 (15) troll 221 40148,,Wenatchee_R_SF,5026,0.85,Priest_Rapid_H,5026,0.07,Hanford_Reach,5026,0.06,Lyons_Ferry_H,5021,0.01,Umatilla_H_Fa,5026,0.00
Area126 (15) troll 221 40149,,Umatilla_H_Fa,5026,0.65,Priest_Rapid_H,5026,0.30,Hanford_Reach,5026,0.04,Wells_H,5026,0.01,L_Deschutes_R,5004,0.00
Area126 (15) troll 221 40151,,South_Thom,5,0.57,L_Thompson,5,0.35,Little_R,5,0.08,L_Adams,5,0.00,Harrison,3,0.00
Area126 (15) troll 221 40153,,S_Umpqua_H,5011,0.81,Stanislaus_R,5001,0.09,Umatilla_H_Fa,5026,0.02,Hanford_Reach,5026,0.02,N_Santiam_H,5029,0.02
Area126 (15) troll 221 40154,,South_Thom,5,0.62,Little_R,5,0.22,L_Thompson,5,0.16,L_Adams,5,0.00,,,
Area126 (15) troll 221 40155,,Priest_Rapid_H,5026,0.33,Hanford_Reach,5026,0.29,Lyons_Ferry_H,5021,0.19,Umatilla_H_Fa,5026,0.08,Feather_H_fa,5001,0.05
Area126 (15) troll 221 40158,,South_Thom,5,0.46,L_Thompson,5,0.44,Priest_Rapid_H,5026,0.04,Umatilla_H_Fa,5026,0.03,Hanford_Reach,5026,0.01
Area126 (15) troll 221 40161,,Hanford_Reach,5026,0.55,Priest_Rapid_H,5026,0.33,Wells_H,5026,0.07,Umatilla_H_Fa,5026,0.03,Coquille_R,5011,0.01
Area126 (15) troll 221 40164,Dupe with 547,Forks_Cr_H,5028,0.95,Humptulips_H,5028,0.03,Coos_H,5011,0.01,Millicoma_R,5011,0.00,Hoh_R,5028,0.00
Area126 (15) troll 221 40172,,Spring_Cr_col,5030,0.99,Big_Cr_H_Col,5030,0.00,Abernathy_NFH_F,5008,0.00,Washougal_R_Fa,5008,0.00,,,
Area126 (15) troll 221 40174,,Priest_Rapid_H,5026,0.43,Wells_H,5026,0.24,Wenatchee_R_SF,5026,0.16,Hanford_Reach,5026,0.13,Umatilla_H_Fa,5026,0.03
Area126 (15) troll 221 40176,,Umatilla_H_Fa,5026,0.56,Priest_Rapid_H,5026,0.26,Hanford_Reach,5026,0.18,Lyons_Ferry_H,5021,0.00,Methow_R,5026,0.00
Area126 (15) troll 221 40179,,Priest_Rapid_H,5026,0.59,Hanford_Reach,5026,0.19,Wells_H,5026,0.04,Umatilla_H_Fa,5026,0.03,Coquille_R,5011,0.03
Area126 (15) troll 221 40184,,Trask_R,5015,0.98,Wilson_R,5015,0.01,Alsea_R,5015,0.00,Forks_Cr_H,5028,0.00,Salmon_R_f,5015,0.00
Area126 (15) troll 221 40189,,Forks_Cr_H,5028,1.00,,,,,,,,,,,,
Area126 (15) troll 221 40190,,Little_R,5,0.46,South_Thom,5,0.45,L_Thompson,5,0.09,Goat_Cr,24,0.00,Tahltan_R,18,0.00
Area126 (15) troll 221 40192,,Trask_R,5015,0.95,Alsea_R,5015,0.03,Salmon_R_f,5015,0.01,Kilchis_R,5015,0.00,Washougal_R_Fa,5008,0.00
Area126 (15) troll 221 40193,,L_Thompson,5,0.39,Little_R,5,0.36,South_Thom,5,0.20,Wenatchee_R_SF,5026,0.03,Priest_Rapid_H,5026,0.01
Area126 (15) troll 221 40195,,Cowlitz_H_sp,5009,0.43,Little_R,5,0.17,Umatilla_H_Fa,5026,0.11,Wells_H,5026,0.08,Washougal_R_Fa,5008,0.05
Area126 (15) troll 221 41101,,Lyons_Ferry_H,5021,0.47,Hanford_Reach,5026,0.22,Priest_Rapid_H,5026,0.13,Wenatchee_R_SF,5026,0.11,Lewis_R_Su,5008,0.04
Area126 (15) troll 221 41103,,Hanford_Reach,5026,0.37,Priest_Rapid_H,5026,0.21,Stanislaus_R,5001,0.20,Lyons_Ferry_H,5021,0.09,Battle_Cr,5001,0.04
Area126 (15) troll 221 41105,,Little_R,5,0.43,South_Thom,5,0.41,Wenatchee_R_SF,5026,0.05,Wells_H,5026,0.04,Umatilla_H_Fa,5026,0.04
Area126 (15) troll 221 41108,,Coquille_R,5011,0.63,Trask_R,5015,0.27,Washougal_R_Fa,5008,0.05,Coos_H,5011,0.01,Lewis_R_Su,5008,0.01
Area126 (15) troll 221 41109,,Wenatchee_R_SF,5026,0.27,Hanford_Reach,5026,0.25,Priest_Rapid_H,5026,0.15,George_Adams_H,5005,0.11,Lyons_Ferry_H,5021,0.06
Area126 (15) troll 221 41110,,Humptulips_H,5028,1.00,Trask_R,5015,0.00,Forks_Cr_H,5028,0.00,,,,,,
Area126 (15) troll 221 41112,,South_Thom,5,0.47,Little_R,5,0.42,L_Thompson,5,0.09,L_Adams,5,0.02,,,
Area126 (15) troll 221 41114,,Conuma,8,0.95,Tlupana,8,0.02,Zeballos,8,0.01,Burman,8,0.01,Kaouk_R,8,0.00
Area126 (15) troll 221 41116,,Little_R,5,0.40,South_Thom,5,0.37,L_Thompson,5,0.23,Wenatchee_R_SF,5026,0.01,Hanford_Reach,5026,0.00
Area126 (15) troll 221 41117,,South_Thom,5,0.81,Little_R,5,0.19,L_Thompson,5,0.00,Cedar_R_SuFa,5020,0.00,U_Sauk_R_SpSu,5016,0.00
Area126 (15) troll 221 41121,,Lyons_Ferry_H,5021,0.25,Hanford_Reach,5026,0.25,U_Deschutes_R,5004,0.22,Priest_Rapid_H,5026,0.11,Harrison,3,0.09
Area126 (15) troll 221 41122,,NF_Nooksack_H,5016,0.66,Priest_Rapid_H,5026,0.13,Coquille_R,5011,0.07,Hanford_Reach,5026,0.07,Wenatchee_R_SF,5026,0.02
Area126 (15) troll 221 41123,,Priest_Rapid_H,5026,0.68,Hanford_Reach,5026,0.13,U_Deschutes_R,5004,0.09,Feather_H_fa,5001,0.04,Lyons_Ferry_H,5021,0.01
Area126 (15) troll 221 41124,,Coquille_R,5011,0.92,Coos_H,5011,0.06,Trask_R,5015,0.01,S_Umpqua_H,5011,0.01,S_Coos_R,5011,0.00
Area126 (15) troll 221 41126,,U_Sauk_R,5016,0.27,Hanford_Reach,5026,0.25,Wenatchee_R_SF,5026,0.24,Wells_H,5026,0.13,Priest_Rapid_H,5026,0.06
Area126 (15) troll 221 41128,,Little_R,5,0.41,South_Thom,5,0.40,L_Thompson,5,0.18,L_Adams,5,0.00,Harrison,3,0.00
Area126 (15) troll 221 41137,,Little_R,5,0.57,South_Thom,5,0.38,L_Shuswap,5,0.03,L_Thompson,5,0.02,Bessette,5,0.00
Area126 (15) troll 221 41139,,L_Thompson,5,0.59,Little_R,5,0.24,South_Thom,5,0.16,Hanford_Reach,5026,0.00,L_Adams,5,0.00
Area126 (15) troll 221 41141,,Trask_R,5015,0.84,Coos_H,5011,0.12,Coquille_R,5011,0.03,Salmon_R_f,5015,0.00,Wilson_R,5015,0.00
Area126 (15) troll 221 41144,,Robertson,8,0.56,Gold_R,8,0.36,U_Sauk_R_SpSu,5016,0.05,Forks_Cr_H,5028,0.01,Kaouk_R,8,0.00
Area126 (15) troll 221 41147,,Forks_Cr_H,5028,0.99,Humptulips_H,5028,0.01,S_Umpqua_H,5011,0.00,Trask_R,5015,0.00,,,
Area126 (15) troll 221 41148,,Humptulips_H,5028,0.53,Trask_R,5015,0.40,Wilson_R,5015,0.05,Salmon_R_f,5015,0.01,Coquille_R,5011,0.01
Area126 (15) troll 221 41152,,Priest_Rapid_H,5026,0.51,Hanford_Reach,5026,0.32,Umatilla_H_Fa,5026,0.15,Lyons_Ferry_H,5021,0.01,Wells_H,5026,0.00
Area126 (15) troll 221 41155,,S_Umpqua_H,5011,0.70,Little_R,5,0.21,L_Thompson,5,0.05,South_Thom,5,0.03,Coquille_R,5011,0.01
Area126 (15) troll 221 41159,,Alsea_R,5015,0.68,Trask_R,5015,0.30,Humptulips_H,5028,0.02,Coquille_R,5011,0.00,Wilson_R,5015,0.00
Area126 (15) troll 221 41162,,South_Thom,5,0.62,Little_R,5,0.20,L_Thompson,5,0.18,,,,,,
Area126 (15) troll 221 41164,,Wenatchee_R_SF,5026,0.30,Hanford_Reach,5026,0.28,Priest_Rapid_H,5026,0.13,Wells_H,5026,0.11,Lyons_Ferry_H,5021,0.09
Area126 (15) troll 221 41167,,Lewis_R_Su,5008,0.98,Washougal_R_Fa,5008,0.01,Lewis_R_f,5008,0.00,Cowlitz_H_fa,5008,0.00,Elochoman_R_Fa,5008,0.00
Area126 (15) troll 221 41168,,Alsea_R,5015,0.66,Trask_R,5015,0.27,Coquille_R,5011,0.03,S_Umpqua_H,5011,0.01,Wilson_R,5015,0.01
Area126 (15) troll 221 41169,,Wenatchee_R_SF,5026,0.36,Hanford_Reach,5026,0.30,Priest_Rapid_H,5026,0.16,Wells_H,5026,0.06,George_Adams_H,5005,0.04
Area126 (15) troll 221 41170,,Nehalem_R,5015,1.00,,,,,,,,,,,,
Area126 (15) troll 221 41173,,Little_R,5,0.39,L_Thompson,5,0.21,Chilliwack_F,3,0.11,South_Thom,5,0.09,Cedar_R_SuFa,5020,0.06
Area126 (15) troll 221 41174,,South_Thom,5,0.93,Little_R,5,0.05,L_Thompson,5,0.02,Priest_Rapid_H,5026,0.00,Hanford_Reach,5026,0.00
Area126 (15) troll 221 41178,,Lewis_R_Su,5008,0.68,Lewis_R_f,5008,0.16,Washougal_R_Fa,5008,0.15,Sandy_R,5008,0.01,Cowlitz_H_fa,5008,0.01
Area126 (15) troll 221 41181,,Lewis_R_Su,5008,0.99,Sandy_R,5008,0.01,Washougal_R_Fa,5008,0.00,Cowlitz_H_fa,5008,0.00,Lewis_R_f,5008,0.00
Area126 (15) troll 221 41182,,Maria_Slough,13,1.00,L_Thompson,5,0.00,,,,,,,,,
Area126 (15) troll 221 41184,,S_Umpqua_H,5011,0.67,Coquille_R,5011,0.23,Coos_H,5011,0.06,Trask_R,5015,0.01,Hanford_Reach,5026,0.01
Area126 (15) troll 221 41185,,South_Thom,5,0.48,L_Thompson,5,0.31,Little_R,5,0.20,Priest_Rapid_H,5026,0.00,Wenatchee_R_SF,5026,0.00
Area126 (15) troll 221 41187,,Hoko_H_Fa,5028,0.97,Skykomish_R,5016,0.02,Trask_R,5015,0.01,Makah_H,5028,0.01,Forks_Cr_H,5028,0.00
Area126 (15) troll 221 41190,,L_Thompson,5,0.70,Little_R,5,0.25,South_Thom,5,0.04,L_Adams,5,0.00,Umatilla_H_Fa,5026,0.00
Area126 (15) troll 221 41192,,Robertson,8,0.57,Gold_R,8,0.43,Thornton,8,0.00,,,,,,
Area126 (15) troll 221 41193,,Lyons_Ferry_H,5021,0.21,Lewis_R_Su,5008,0.17,Hanford_Reach,5026,0.14,Wenatchee_R_SF,5026,0.13,N_Santiam_H,5029,0.11
Area126 (15) troll 221 41194,,South_Thom,5,0.51,Little_R,5,0.39,L_Thompson,5,0.09,Bessette,5,0.00,L_Shuswap,5,0.00
Area126 (15) troll 64 31801,,Priest_Rapid_H,5026,0.41,Wells_H,5026,0.25,Hanford_Reach,5026,0.14,Wenatchee_R_SF,5026,0.13,Umatilla_H_Fa,5026,0.05
Area126 (15) troll 64 31802,,Spring_Cr_col,5030,1.00,Big_Cr_H_Col,5030,0.00,Abernathy_NFH_F,5008,0.00,Cowlitz_H_sp,5009,0.00,,,
Area126 (15) troll 64 31803,,Stanislaus_R,5001,0.92,Feather_H_fa,5001,0.07,Battle_Cr,5001,0.02,Butte_Cr_f,5001,0.00,,,
Area126 (15) troll 64 31804,Dupe with 6,NF_Nooksack_H,5016,1.00,Hoko_H_Fa,5028,0.00,Skagit_R,5016,0.00,U_Sauk_R,5016,0.00,,,
Area126 (15) troll 64 31805,,Stanislaus_R,5001,0.78,Feather_H_fa,5001,0.10,Priest_Rapid_H,5026,0.03,Wells_H,5026,0.02,Butte_Cr_f,5001,0.02
Area126 (15) troll 64 31806,Dupe with 4,NF_Nooksack_H,5016,1.00,Hoko_H_Fa,5028,0.00,,,,,,,,,
Area126 (15) troll 64 31807,,Spring_Cr_col,5030,1.00,Big_Cr_H_Col,5030,0.00,,,,,,,,,
Area126 (15) troll 64 31808,,Skykomish_R,5016,0.48,Wells_H,5026,0.28,Priest_Rapid_H,5026,0.11,Hanford_Reach,5026,0.05,Forks_Cr_H,5028,0.04
Area126 (15) troll 64 31809,,Priest_Rapid_H,5026,0.27,Wenatchee_R_SF,5026,0.27,Wells_H,5026,0.22,Hanford_Reach,5026,0.19,Umatilla_H_Fa,5026,0.03
Area126 (15) troll 64 31810,,N_Santiam_H,5029,0.95,McKenzie_H,5029,0.05,,,,,,,,,
Area126 (15) troll 64 31811,,Spring_Cr_col,5030,1.00,Washougal_R_Fa,5008,0.00,,,,,,,,,
Area126 (15) troll 64 31812,,Bear_Cr_SuFa,5020,0.47,George_Adams_H,5005,0.45,Cedar_R_SuFa,5020,0.03,U_Sauk_R,5016,0.01,Soos_H,5020,0.01
Area126 (15) troll 64 31813,,Lyons_Ferry_H,5021,0.91,Hanford_Reach,5026,0.05,Priest_Rapid_H,5026,0.01,Butte_Cr_f,5001,0.01,Umatilla_H_Fa,5026,0.01
Area126 (15) troll 64 31814,,Sandy_R,5008,0.29,Washougal_R_Fa,5008,0.19,Hanford_Reach,5026,0.15,Lyons_Ferry_H,5021,0.12,Lewis_R_Su,5008,0.10
Area126 (15) troll 64 31815,,Wenatchee_R_SF,5026,0.56,Hanford_Reach,5026,0.24,Priest_Rapid_H,5026,0.15,Wells_H,5026,0.02,Lyons_Ferry_H,5021,0.02
Area126 (15) troll 64 31816,,Harrison,3,0.81,Chilliwack_F,3,0.11,South_Thom,5,0.03,L_Thompson,5,0.03,Little_R,5,0.01
Area126 (15) troll 64 31817,,Stanislaus_R,5001,0.89,Butte_Cr_f,5001,0.02,Battle_Cr,5001,0.01,Feather_H_fa,5001,0.01,Alsea_R,5015,0.01
Area126 (15) troll 64 31818,,Spring_Cr_col,5030,1.00,Washougal_R_Fa,5008,0.00,Lewis_R_Su,5008,0.00,,,,,,
Area126 (15) troll 64 31819,,Priest_Rapid_H,5026,0.44,Lyons_Ferry_H,5021,0.29,Umatilla_H_Fa,5026,0.21,Hanford_Reach,5026,0.03,Wells_H,5026,0.03
Area126 (15) troll 64 31820,,Wenatchee_R_SF,5026,0.76,Wells_H,5026,0.20,Priest_Rapid_H,5026,0.03,Hanford_Reach,5026,0.01,Umatilla_H_Fa,5026,0.00
Area126 (15) troll 71 31901,,Bear_Cr_SuFa,5020,0.24,Clear_Cr_H,5020,0.21,Samish_H,5016,0.13,U_Sauk_R,5016,0.12,Soos_H,5020,0.08
Area126 (15) troll 71 31902,,N_Santiam_H,5029,0.94,McKenzie_H,5029,0.06,,,,,,,,,
Area126 (15) troll 71 31903,,Spring_Cr_col,5030,0.99,Lewis_R_Su,5008,0.01,Cowlitz_H_sp,5009,0.00,Washougal_R_Fa,5008,0.00,Abernathy_NFH_F,5008,0.00
Area126 (15) troll 71 31904,,Spring_Cr_col,5030,0.99,Big_Cr_H_Col,5030,0.00,Washougal_R_Fa,5008,0.00,Abernathy_NFH_F,5008,0.00,,,
Area126 (15) troll 71 31905,,Lyons_Ferry_H,5021,0.98,Nez_PerceT_H,5021,0.01,Priest_Rapid_H,5026,0.01,Marblemount_Hsu,5016,0.00,Hanford_Reach,5026,0.00
Area126 (15) troll 71 31906,,Washougal_R_Fa,5008,0.94,Lewis_R_Su,5008,0.03,Spring_Cr_col,5030,0.02,Lewis_R_f,5008,0.00,Sandy_R,5008,0.00
Area126 (15) troll 71 31907,,Spring_Cr_col,5030,1.00,Abernathy_NFH_F,5008,0.00,Big_Cr_H_Col,5030,0.00,,,,,,
Area126 (15) troll 71 31908,,Wells_H,5026,0.73,Umatilla_H_Fa,5026,0.17,Priest_Rapid_H,5026,0.04,Hanford_Reach,5026,0.02,Forks_Cr_H,5028,0.02
Area126 (15) troll 71 31909,,George_Adams_H,5005,0.68,Cedar_R_SuFa,5020,0.15,Bear_Cr_SuFa,5020,0.11,Samish_H,5016,0.03,Clear_Cr_H,5020,0.01
Area126 (15) troll 71 31910,,Spring_Cr_col,5030,1.00,Big_Cr_H_Col,5030,0.00,Abernathy_NFH_F,5008,0.00,,,,,,
Area126 (15) troll 71 31911,,Bear_Cr_SuFa,5020,0.59,Cedar_R_SuFa,5020,0.31,George_Adams_H,5005,0.05,U_Sauk_R_SpSu,5016,0.02,Clear_Cr_H,5020,0.01
Area126 (15) troll 71 31912,,Spring_Cr_col,5030,0.96,Washougal_R_Fa,5008,0.01,Big_Cr_H_Col,5030,0.01,Kalama_H_sp,5009,0.01,Cowlitz_H_sp,5009,0.01
Area126 (15) troll 71 31913,,N_Santiam_H,5029,0.95,McKenzie_H,5029,0.05,S_Umpqua_H,5011,0.00,,,,,,
Area126 (15) troll 71 31914,,NF_Nooksack_H,5016,1.00,Skykomish_R,5016,0.00,Skagit_R,5016,0.00,U_Sauk_R_SpSu,5016,0.00,,,
Area126 (15) troll 71 31915,,Spring_Cr_col,5030,0.99,Big_Cr_H_Col,5030,0.01,Elochoman_H,5030,0.00,,,,,,
Area126 (15) troll 71 31916,,Lewis_R_Su,5008,0.69,Washougal_R_Fa,5008,0.10,Cowlitz_H_sp,5009,0.10,Spring_Cr_col,5030,0.07,Kalama_H_sp,5009,0.02
Area126 (15) troll 71 31917,,NF_Nooksack_H,5016,1.00,,,,,,,,,,,,
Area126 (15) troll 71 31918,,Spring_Cr_col,5030,1.00,Big_Cr_H_Col,5030,0.00,Washougal_R_Fa,5008,0.00,Elochoman_H,5030,0.00,,,
Area126 (15) troll 71 31919,,Spring_Cr_col,5030,1.00,Big_Cr_H_Col,5030,0.00,Abernathy_NFH_F,5008,0.00,,,,,,
Area126 (15) troll 71 31920,,Spring_Cr_col,5030,0.98,Big_Cr_H_Col,5030,0.02,Washougal_R_Fa,5008,0.01,Abernathy_NFH_F,5008,0.00,Cowlitz_H_fa,5008,0.00
Area126 (15) troll 71 31921,,George_Adams_H,5005,0.92,Cedar_R_SuFa,5020,0.04,Clear_Cr_H,5020,0.02,Bear_Cr_SuFa,5020,0.01,Hanford_Reach,5026,0.00
Area126 (15) troll 71 31922,,Spring_Cr_col,5030,1.00,Big_Cr_H_Col,5030,0.00,Abernathy_NFH_F,5008,0.00,Washougal_R_Fa,5008,0.00,,,
Area126 (15) troll 71 31923,,Hanford_Reach,5026,0.46,Priest_Rapid_H,5026,0.29,Wenatchee_R_SF,5026,0.18,Wells_H,5026,0.05,Umatilla_H_Fa,5026,0.01
Area126 (15) troll 71 31924,,Spring_Cr_col,5030,1.00,Big_Cr_H_Col,5030,0.00,Abernathy_NFH_F,5008,0.00,Kalama_H_sp,5009,0.00,,,
Area126 (15) troll 71 31925,,N_Santiam_H,5029,0.83,Kalama_H_sp,5009,0.16,Cowlitz_H_sp,5009,0.01,Umpqua_H,5011,0.00,McKenzie_H,5029,0.00
Area126 (15) troll 71 31926,,Spring_Cr_col,5030,1.00,Big_Cr_H_Col,5030,0.00,,,,,,,,,
Area126 (15) troll 71 31927,,Umatilla_H_Fa,5026,0.48,Spring_Cr_col,5030,0.18,Hanford_Reach,5026,0.15,Wells_H,5026,0.10,Wenatchee_R_SF,5026,0.05
Area126 (15) troll 71 31928,,Washougal_R_Fa,5008,0.81,Spring_Cr_col,5030,0.17,Lewis_R_Su,5008,0.02,Abernathy_NFH_F,5008,0.00,Big_Cr_H_Col,5030,0.00
Area126 (15) troll 71 31929,,Bear_Cr_SuFa,5020,0.54,Cedar_R_SuFa,5020,0.21,Clear_Cr_H,5020,0.19,George_Adams_H,5005,0.04,Samish_H,5016,0.01
Area126 (15) troll 71 31930,,Washougal_R_Fa,5008,0.94,Spring_Cr_col,5030,0.03,Big_Cr_H_Col,5030,0.01,Cowlitz_H_fa,5008,0.01,Lewis_R_f,5008,0.01
Area126 (15) troll 71 31931,,Stanislaus_R,5001,0.63,Battle_Cr,5001,0.20,Feather_H_fa,5001,0.04,Lewis_R_Su,5008,0.04,Butte_Cr_f,5001,0.04
Area126 (15) troll 71 31932,,Spring_Cr_col,5030,0.99,Abernathy_NFH_F,5008,0.00,Big_Cr_H_Col,5030,0.00,Cowlitz_H_fa,5008,0.00,Washougal_R_Fa,5008,0.00
Area126 (15) troll 71 31933,,Spring_Cr_col,5030,1.00,Big_Cr_H_Col,5030,0.00,Abernathy_NFH_F,5008,0.00,,,,,,
Area126 (15) troll 71 31934,,Umatilla_H_Fa,5026,0.47,Hanford_Reach,5026,0.20,Wenatchee_R_SF,5026,0.11,Wells_H,5026,0.09,Lyons_Ferry_H,5021,0.07
Area126 (15) troll 71 31935,,Washougal_R_Fa,5008,0.82,Spring_Cr_col,5030,0.10,Lewis_R_Su,5008,0.04,Kalama_H_sp,5009,0.03,Sandy_R,5008,0.01
Area126 (15) troll 71 31936,,George_Adams_H,5005,0.71,Bear_Cr_SuFa,5020,0.20,Clear_Cr_H,5020,0.07,Cedar_R_SuFa,5020,0.02,Samish_H,5016,0.00
Area126 (15) troll 71 31937,,Hanford_Reach,5026,0.65,Umatilla_H_Fa,5026,0.23,Priest_Rapid_H,5026,0.11,Priest_Rapids_H,5026,0.00,Wenatchee_R_SF,5026,0.00
Area126 (15) troll 71 31938,,Spring_Cr_col,5030,0.98,Big_Cr_H_Col,5030,0.02,Abernathy_NFH_F,5008,0.00,Washougal_R_Fa,5008,0.00,Lewis_R_f,5008,0.00
Area126 (15) troll 71 31939,,Spring_Cr_col,5030,0.97,Big_Cr_H_Col,5030,0.03,Cowlitz_H_fa,5008,0.00,Abernathy_NFH_F,5008,0.00,,,
Area126 (15) troll 71 31940,,N_Santiam_H,5029,1.00,McKenzie_H,5029,0.00,,,,,,,,,
Area126 (15) troll 71 31941,,Washougal_R_Fa,5008,0.99,Lewis_R_Su,5008,0.01,Sandy_R,5008,0.00,,,,,,
Area126 (15) troll 71 31942,,Lyons_Ferry_H,5021,0.87,Priest_Rapid_H,5026,0.06,Hanford_Reach,5026,0.03,Wells_H,5026,0.01,Wenatchee_R_SF,5026,0.01
Area126 (15) troll 71 31943,,Spring_Cr_col,5030,1.00,Abernathy_NFH_F,5008,0.00,,,,,,,,,
Area126 (15) troll 71 31944,,Spring_Cr_col,5030,0.92,Washougal_R_Fa,5008,0.07,Big_Cr_H_Col,5030,0.01,Abernathy_NFH_F,5008,0.00,Lewis_R_Su,5008,0.00
Area126 (15) troll 71 31945,,Spring_Cr_col,5030,1.00,Abernathy_NFH_F,5008,0.00,Cowlitz_H_fa,5008,0.00,Big_Cr_H_Col,5030,0.00,,,
Area126 (15) troll 71 31946,,Spring_Cr_col,5030,1.00,,,,,,,,,,,,
Area126 (15) troll 71 31947,,Spring_Cr_col,5030,1.00,,,,,,,,,,,,
Area126 (15) troll 71 31948,,McKenzie_H,5029,0.95,N_Santiam_H,5029,0.05,Kalama_H_sp,5009,0.00,,,,,,
Area126 (15) troll 71 31949,,George_Adams_H,5005,0.53,Clear_Cr_H,5020,0.24,NF_Nooksack_H,5016,0.19,Cedar_R_SuFa,5020,0.02,Bear_Cr_SuFa,5020,0.02
Area126 (15) troll 71 31950,,Wells_H,5026,0.78,Priest_Rapid_H,5026,0.08,Hanford_Reach,5026,0.05,Bear_Cr_SuFa,5020,0.02,L_Thompson,5,0.02
Area126 (15) troll 71 31951,,N_Santiam_H,5029,1.00,McKenzie_H,5029,0.00,,,,,,,,,
Area126 (15) troll 71 31952,,Spring_Cr_col,5030,1.00,Abernathy_NFH_F,5008,0.00,Big_Cr_H_Col,5030,0.00,,,,,,
Area126 (15) troll 71 31953,,Stanislaus_R,5001,0.58,Battle_Cr,5001,0.25,Feather_H_fa,5001,0.13,Butte_Cr_f,5001,0.04,Feather_H_sp,5002,0.01
Area126 (15) troll 71 31954,,Skykomish_R,5016,0.30,Bear_Cr_SuFa,5020,0.24,Cedar_R_SuFa,5020,0.19,Clear_Cr_H,5020,0.07,George_Adams_H,5005,0.07
Area126 (15) troll 71 31955,,N_Santiam_H,5029,0.93,McKenzie_H,5029,0.07,,,,,,,,,
Area126 (15) troll 71 31956,,Bear_Cr_SuFa,5020,0.52,Cedar_R_SuFa,5020,0.23,George_Adams_H,5005,0.17,Clear_Cr_H,5020,0.07,Soos_H,5020,0.01
Area126 (15) troll 71 31957,,Spring_Cr_col,5030,1.00,Big_Cr_H_Col,5030,0.00,Abernathy_NFH_F,5008,0.00,Abernathy_Cr_Fa,5008,0.00,,,
Area126 (15) troll 71 31958,,Spring_Cr_col,5030,0.99,Abernathy_NFH_F,5008,0.00,Big_Cr_H_Col,5030,0.00,Abernathy_Cr_Fa,5008,0.00,Washougal_R_Fa,5008,0.00
Area126 (15) troll 71 31959,,Spring_Cr_col,5030,1.00,,,,,,,,,,,,
Area126 (15) troll 71 31960,,Lewis_R_Su,5008,0.96,Cowlitz_H_fa,5008,0.01,Coquille_R,5011,0.01,Washougal_R_Fa,5008,0.01,Sandy_R,5008,0.00
Area126 (15) troll 71 31961,,Spring_Cr_col,5030,1.00,,,,,,,,,,,,
Area126 (15) troll 71 31962,,Spring_Cr_col,5030,1.00,Big_Cr_H_Col,5030,0.00,Abernathy_NFH_F,5008,0.00,Cowlitz_H_sp,5009,0.00,,,
Area126 (15) troll 71 31963,,Wells_H,5026,0.46,Priest_Rapid_H,5026,0.15,Hanford_Reach,5026,0.15,Wenatchee_R_SF,5026,0.15,George_Adams_H,5005,0.03
Area126 (15) troll 71 31964,,Wenatchee_R_SF,5026,0.75,Wells_H,5026,0.14,Hanford_Reach,5026,0.06,Priest_Rapid_H,5026,0.05,Umatilla_H_Fa,5026,0.01
Area126 (15) troll 71 31965,,Spring_Cr_col,5030,0.99,Lewis_R_Su,5008,0.01,Abernathy_NFH_F,5008,0.00,Elochoman_H,5030,0.00,Abernathy_Cr_Fa,5008,0.00
Area126 (15) troll 71 31966,,Spring_Cr_col,5030,0.99,Washougal_R_Fa,5008,0.00,Big_Cr_H_Col,5030,0.00,Elochoman_H,5030,0.00,Green_R_Fa,5008,0.00
Area126 (15) troll 71 31967,,Spring_Cr_col,5030,1.00,Big_Cr_H_Col,5030,0.00,Elochoman_H,5030,0.00,,,,,,
Area126 (15) troll 71 31968,,Stanislaus_R,5001,0.99,Battle_Cr,5001,0.00,Feather_H_fa,5001,0.00,,,,,,
Area126 (15) troll 71 31969,,U_Sauk_R,5016,0.69,Skykomish_R,5016,0.11,NF_Nooksack_H,5016,0.03,Skagit_R,5016,0.03,Lewis_R_Su,5008,0.03
Area126 (15) troll 71 31970,,Spring_Cr_col,5030,0.99,Washougal_R_Fa,5008,0.00,Abernathy_NFH_F,5008,0.00,Big_Cr_H_Col,5030,0.00,Abernathy_Cr_Fa,5008,0.00
Area126 (15) troll 71 31971,,Bear_Cr_SuFa,5020,0.71,Cedar_R_SuFa,5020,0.24,Clear_Cr_H,5020,0.04,George_Adams_H,5005,0.00,Samish_H,5016,0.00
Area126 (15) troll 71 31972,,Priest_Rapid_H,5026,0.56,Hanford_Reach,5026,0.31,Lyons_Ferry_H,5021,0.04,Wenatchee_R_SF,5026,0.03,NF_Nooksack_H,5016,0.02
Area126 (15) troll 71 31973,,N_Santiam_H,5029,1.00,McKenzie_H,5029,0.00,,,,,,,,,
Area126 (15) troll 71 31974,,Spring_Cr_col,5030,0.97,Chilliwack_F,3,0.02,Harrison,3,0.01,Skykomish_R,5016,0.00,Washougal_R_Fa,5008,0.00
Area126 (15) troll 71 31975,,Priest_Rapid_H,5026,0.88,Wells_H,5026,0.08,Lyons_Ferry_H,5021,0.01,Hanford_Reach,5026,0.01,Nez_PerceT_H,5021,0.01
Area126 (15) troll 71 31976,,George_Adams_H,5005,0.73,Cedar_R_SuFa,5020,0.13,Bear_Cr_SuFa,5020,0.11,Samish_H,5016,0.02,Washougal_R_Fa,5008,0.01
Area126 (15) troll 71 31977,,Bear_Cr_SuFa,5020,0.75,Soos_H,5020,0.11,Samish_H,5016,0.03,Cedar_R_SuFa,5020,0.03,Harrison,3,0.02
Area126 (15) troll 71 31978,,Bear_Cr_SuFa,5020,0.78,George_Adams_H,5005,0.10,Cedar_R_SuFa,5020,0.09,Soos_H,5020,0.02,Clear_Cr_H,5020,0.01
Area126 (15) troll 71 31979,,Bear_Cr_SuFa,5020,0.57,George_Adams_H,5005,0.19,Cedar_R_SuFa,5020,0.12,Clear_Cr_H,5020,0.10,Samish_H,5016,0.02
Area126 (15) troll 71 31980,,Spring_Cr_col,5030,1.00,Big_Cr_H_Col,5030,0.00,L_Thompson,5,0.00,Hanford_Reach,5026,0.00,,,
Area126 (15) troll 71 31981,,S_Umpqua_H,5011,0.86,Humptulips_H,5028,0.10,Kalama_H_sp,5009,0.02,Lewis_R_f,5008,0.01,Umpqua_H,5011,0.00
Area126 (15) troll 71 31982,,McKenzie_H,5029,0.91,N_Santiam_H,5029,0.08,Lewis_R_Su,5008,0.00,Kalama_H_sp,5009,0.00,L_Deschutes_R,5004,0.00
Area126 (15) troll 71 31983,,Spring_Cr_col,5030,0.99,Lewis_R_Su,5008,0.00,Hanford_Reach,5026,0.00,Umatilla_H_Fa,5026,0.00,Priest_Rapid_H,5026,0.00
Area126 (15) troll 71 31984,,Spring_Cr_col,5030,1.00,Lewis_R_Su,5008,0.00,Abernathy_NFH_F,5008,0.00,Umatilla_H_Fa,5026,0.00,Wells_H,5026,0.00
Area126 (15) troll 71 31985,,Spring_Cr_col,5030,0.48,Washougal_R_Fa,5008,0.09,Cowlitz_H_sp,5009,0.09,Sandy_R,5008,0.09,Hanford_Reach,5026,0.05
Area126 (15) troll 71 31986,,Spring_Cr_col,5030,1.00,Abernathy_NFH_F,5008,0.00,,,,,,,,,
Area126 (15) troll 71 31987,,Bear_Cr_SuFa,5020,0.57,Cedar_R_SuFa,5020,0.35,George_Adams_H,5005,0.05,Skykomish_R,5016,0.01,Samish_H,5016,0.01
Area126 (15) troll 71 31988,,Bear_Cr_SuFa,5020,0.70,Cedar_R_SuFa,5020,0.23,George_Adams_H,5005,0.02,Soos_H,5020,0.01,Hanford_Reach,5026,0.01
Area126 (15) troll 71 31989,,Spring_Cr_col,5030,0.98,Abernathy_NFH_F,5008,0.02,Big_Cr_H_Col,5030,0.00,Washougal_R_Fa,5008,0.00,,,
Area126 (15) troll 71 31990,,Stanislaus_R,5001,0.54,Feather_H_fa,5001,0.31,Feather_H_sp,5002,0.05,Battle_Cr,5001,0.05,Hoko_H_Fa,5028,0.02
Area126 (15) troll 71 31991,,Spring_Cr_col,5030,0.99,Big_Cr_H_Col,5030,0.01,Washougal_R_Fa,5008,0.00,Cedar_R_SuFa,5020,0.00,Lewis_R_Su,5008,0.00
Area126 (15) troll 71 31992,,Spring_Cr_col,5030,0.99,Abernathy_NFH_F,5008,0.01,Washougal_R_Fa,5008,0.00,Wells_H,5026,0.00,Abernathy_Cr_Fa,5008,0.00
Area126 (15) troll 71 31993,,Spring_Cr_col,5030,0.99,Big_Cr_H_Col,5030,0.01,Washougal_R_Fa,5008,0.00,Abernathy_NFH_F,5008,0.00,Cowlitz_H_fa,5008,0.00
Area126 (15) troll 71 31994,,Priest_Rapid_H,5026,0.80,Hanford_Reach,5026,0.18,Lyons_Ferry_H,5021,0.01,Nez_PerceT_H,5021,0.00,Umatilla_H_Fa,5026,0.00
Area126 (15) troll 71 31995,,Spring_Cr_col,5030,1.00,Big_Cr_H_Col,5030,0.00,,,,,,,,,
Area126 (15) troll 71 31996,,Spring_Cr_col,5030,1.00,Washougal_R_Fa,5008,0.00,Abernathy_Cr_Fa,5008,0.00,Lyons_Ferry_H,5021,0.00,,,
Area126 (15) troll 71 31997,,Priest_Rapid_H,5026,0.35,Hanford_Reach,5026,0.29,Umatilla_H_Fa,5026,0.21,Wells_H,5026,0.08,Lyons_Ferry_H,5021,0.05
Area126 (15) troll 71 31998,,Spring_Cr_col,5030,1.00,Big_Cr_H_Col,5030,0.00,Abernathy_Cr_Fa,5008,0.00,Abernathy_NFH_F,5008,0.00,Elochoman_H,5030,0.00
Area126 (15) troll 71 31999,,Bear_Cr_SuFa,5020,0.39,Clear_Cr_H,5020,0.33,George_Adams_H,5005,0.13,Soos_H,5020,0.08,Samish_H,5016,0.06
Area126 (15) troll 71 32000,,N_Santiam_H,5029,0.94,McKenzie_H,5029,0.05,Priest_Rapid_H,5026,0.01,Wenatchee_R_SF,5026,0.00,Wells_H,5026,0.00
Area126 (15) troll 71 32001,,Spring_Cr_col,5030,1.00,Washougal_R_Fa,5008,0.00,,,,,,,,,
Area126 (15) troll 71 32002,,Spring_Cr_col,5030,0.95,Big_Cr_H_Col,5030,0.02,Washougal_R_Fa,5008,0.02,Cowlitz_H_sp,5009,0.00,Abernathy_NFH_F,5008,0.00
Area126 (15) troll 71 32003,,Spring_Cr_col,5030,0.99,Big_Cr_H_Col,5030,0.01,Elochoman_H,5030,0.00,Abernathy_NFH_F,5008,0.00,,,
Area126 (15) troll 71 32004,,Cowlitz_H_sp,5009,1.00,Lewis_R_f,5008,0.00,Kalama_H_sp,5009,0.00,Lewis_R_Su,5008,0.00,Sandy_R,5008,0.00
Area126 (15) troll 71 32005,,Spring_Cr_col,5030,1.00,Big_Cr_H_Col,5030,0.00,,,,,,,,,
Area126 (15) troll 71 32006,,Spring_Cr_col,5030,1.00,Abernathy_NFH_F,5008,0.00,Big_Cr_H_Col,5030,0.00,Elochoman_H,5030,0.00,,,
Area126 (15) troll 71 32007,,Spring_Cr_col,5030,0.99,Lewis_R_Su,5008,0.00,Hanford_Reach,5026,0.00,Abernathy_Cr_Fa,5008,0.00,Umatilla_H_Fa,5026,0.00
Area126 (15) troll 71 32008,,Spring_Cr_col,5030,1.00,Big_Cr_H_Col,5030,0.00,Sandy_R,5008,0.00,Abernathy_NFH_F,5008,0.00,Elochoman_H,5030,0.00
Area126 (15) troll 71 32010,,George_Adams_H,5005,0.25,Bear_Cr_SuFa,5020,0.21,Hanford_Reach,5026,0.15,Lyons_Ferry_H,5021,0.13,Priest_Rapid_H,5026,0.11
Area126 (15) troll 71 32011,,Spring_Cr_col,5030,0.99,Abernathy_NFH_F,5008,0.01,Big_Cr_H_Col,5030,0.00,Elochoman_H,5030,0.00,,,
Area126 (15) troll 71 32012,,Cowlitz_H_sp,5009,0.60,Kalama_H_sp,5009,0.18,Lewis_R_f,5008,0.09,Sandy_R,5008,0.06,Lewis_R_Su,5008,0.04
Area126 (15) troll 71 32013,,Spring_Cr_col,5030,1.00,Elochoman_H,5030,0.00,Abernathy_NFH_F,5008,0.00,Lewis_R_f,5008,0.00,Lewis_R_Su,5008,0.00
Area126 (15) troll 71 32014,,Spring_Cr_col,5030,1.00,Abernathy_NFH_F,5008,0.00,Washougal_R_Fa,5008,0.00,Abernathy_Cr_Fa,5008,0.00,Priest_Rapid_H,5026,0.00
Area126 (15) troll 71 32015,,McKenzie_H,5029,0.72,N_Santiam_H,5029,0.27,Kalama_H_sp,5009,0.01,Washougal_R_Fa,5008,0.00,Umpqua_H,5011,0.00
Area126 (15) troll 71 32016,,Spring_Cr_col,5030,0.98,Big_Cr_H_Col,5030,0.01,Washougal_R_Fa,5008,0.01,Abernathy_NFH_F,5008,0.00,Elochoman_H,5030,0.00
Area126 (15) troll 71 32017,,Spring_Cr_col,5030,0.99,Abernathy_NFH_F,5008,0.01,Big_Cr_H_Col,5030,0.00,Washougal_R_Fa,5008,0.00,,,
Area126 (15) troll 71 32018,,Spring_Cr_col,5030,0.94,Washougal_R_Fa,5008,0.05,Big_Cr_H_Col,5030,0.00,Lewis_R_Su,5008,0.00,Sandy_R,5008,0.00
Area126 (15) troll 71 32019,,Spring_Cr_col,5030,1.00,Cowlitz_H_sp,5009,0.00,Abernathy_NFH_F,5008,0.00,Lewis_R_Su,5008,0.00,Washougal_R_Fa,5008,0.00
Area126 (15) troll 71 32020,,Spring_Cr_col,5030,0.99,Big_Cr_H_Col,5030,0.00,Abernathy_NFH_F,5008,0.00,Cowlitz_H_sp,5009,0.00,Washougal_R_Fa,5008,0.00
Area126 (15) troll 71 32021,,Lyons_Ferry_H,5021,0.63,Priest_Rapid_H,5026,0.19,Hanford_Reach,5026,0.16,Umatilla_H_Fa,5026,0.02,Wells_H,5026,0.00
Area126 (15) troll 71 32022,,Spring_Cr_col,5030,0.98,Cowlitz_H_sp,5009,0.01,Big_Cr_H_Col,5030,0.01,Abernathy_Cr_Fa,5008,0.00,,,
Area126 (15) troll 71 32023,,Trask_R,5015,0.67,U_Sauk_R,5016,0.27,U_Sauk_R_SpSu,5016,0.02,L_Sauk_R,5016,0.01,Skagit_R,5016,0.01
Area126 (15) troll 71 32024,,Priest_Rapid_H,5026,0.67,Hanford_Reach,5026,0.21,Wells_H,5026,0.09,Wenatchee_R_SF,5026,0.02,Umatilla_H_Fa,5026,0.01
Area126 (15) troll 71 32025,,Puntledge_BackX,7,0.43,Cowichan,7,0.33,Skykomish_R,5016,0.07,Lyons_Ferry_H,5021,0.04,South_Thom,5,0.03
Area126 (15) troll 71 32026,,Priest_Rapid_H,5026,0.43,Lyons_Ferry_H,5021,0.36,Hanford_Reach,5026,0.16,Wells_H,5026,0.02,Umatilla_H_Fa,5026,0.02
Area126 (15) troll 71 32028,,Bear_Cr_SuFa,5020,0.43,Cedar_R_SuFa,5020,0.36,Samish_H,5016,0.10,George_Adams_H,5005,0.03,Wells_H,5026,0.03
Area126 (15) troll 71 32029,,Lewis_R_Su,5008,0.96,Lewis_R_f,5008,0.02,Sandy_R,5008,0.01,Wells_H,5026,0.01,Washougal_R_Fa,5008,0.00
Area126 (15) troll 71 32030,,Hanford_Reach,5026,0.77,Priest_Rapid_H,5026,0.13,Lyons_Ferry_H,5021,0.07,Wells_H,5026,0.02,Bear_Cr_SuFa,5020,0.00
Area126 (15) troll 71 32031,,Priest_Rapid_H,5026,0.88,Wells_H,5026,0.06,L_Deschutes_R,5004,0.02,Lyons_Ferry_H,5021,0.01,Hanford_Reach,5026,0.01
Area126 (15) troll 71 32032,,McKenzie_H,5029,0.35,Skagit_R,5016,0.26,Umpqua_H,5011,0.21,Marblemount_Hsu,5016,0.11,Lyons_Ferry_H,5021,0.03
Area126 (15) troll 71 32033,,NF_Nooksack_H,5016,0.72,Skagit_R,5016,0.09,Umatilla_H_Fa,5026,0.07,U_Sauk_R_SpSu,5016,0.05,Lyons_Ferry_H,5021,0.03
Area126 (15) troll 71 32034,,Harrison,3,0.80,Chilliwack_F,3,0.19,Skykomish_R,5016,0.01,Cedar_R_SuFa,5020,0.00,Chilliwac@Stav,3,0.00
Area126 (15) troll 71 32035,,U_Cariboo,2,0.30,N_Thom@Main,4,0.27,Little_R,5,0.26,Kuzkwa_Cr,2,0.04,Stuart,2,0.03
Area126 (15) troll 71 32036,,Cowlitz_H_sp,5009,0.49,Lewis_R_Su,5008,0.45,Lewis_R_f,5008,0.06,Cowlitz_H_fa,5008,0.00,Battle_Cr,5001,0.00
Area126 (15) troll 71 32037,,Spring_Cr_col,5030,1.00,Big_Cr_H_Col,5030,0.00,,,,,,,,,
Area126 (15) troll 71 32038,,Lyons_Ferry_H,5021,0.64,Priest_Rapid_H,5026,0.16,Umatilla_H_Fa,5026,0.11,Hanford_Reach,5026,0.05,Wenatchee_R_SF,5026,0.03
Area126 (15) troll 71 32039,,Wenatchee_R_SF,5026,0.67,Hanford_Reach,5026,0.13,Lyons_Ferry_H,5021,0.07,Priest_Rapid_H,5026,0.06,Wells_H,5026,0.04
Area126 (15) troll 71 32040,,Priest_Rapid_H,5026,0.91,Hanford_Reach,5026,0.04,Lyons_Ferry_H,5021,0.03,Umatilla_H_Fa,5026,0.01,L_Thompson,5,0.01
Area126 (15) troll 71 32041,,Spring_Cr_col,5030,1.00,,,,,,,,,,,,
Area126 (15) troll 71 32042,,Priest_Rapid_H,5026,0.89,Hanford_Reach,5026,0.07,Lyons_Ferry_H,5021,0.02,Wenatchee_R_SF,5026,0.01,Wells_H,5026,0.00
Area126 (15) troll 71 32043,,N_Santiam_H,5029,0.97,Spring_Cr_col,5030,0.02,Big_Cr_H_Col,5030,0.00,Hanford_Reach,5026,0.00,Cowlitz_H_fa,5008,0.00
Area126 (15) troll 71 32044,,Priest_Rapid_H,5026,0.56,Hanford_Reach,5026,0.38,Wells_H,5026,0.05,Umatilla_H_Fa,5026,0.00,Umatilla_H,5026,0.00
Area126 (15) troll 71 32045,,Skagit_R,5016,0.46,U_Sauk_R_SpSu,5016,0.31,Marblemount_Hsu,5016,0.17,Stanislaus_R,5001,0.03,Skykomish_R,5016,0.02
Area126 (15) troll 71 32046,,Lyons_Ferry_H,5021,0.71,Priest_Rapid_H,5026,0.15,Umatilla_H_Fa,5026,0.10,Hanford_Reach,5026,0.03,L_Deschutes_R,5004,0.00
Area126 (15) troll 71 32047,,Skagit_R,5016,0.46,U_Sauk_R_SpSu,5016,0.36,Marblemount_Hsu,5016,0.10,U_Sauk_R,5016,0.06,Skykomish_R,5016,0.01
Area126 (15) troll 71 32048,,NF_Nooksack_H,5016,1.00,Coquille_R,5011,0.00,,,,,,,,,
Area126 (15) troll 71 32049,,Feather_H_fa,5001,0.39,Battle_Cr,5001,0.31,Stanislaus_R,5001,0.26,Butte_Cr_f,5001,0.04,Feather_H_sp,5002,0.00
Area126 (15) troll 71 32050,,Chilliwack_F,3,0.81,Harrison,3,0.19,Chilliwac@Stav,3,0.00,Washougal_R_Fa,5008,0.00,Salmon_R_f,5015,0.00
Area126 (15) troll 71 32051,,Lewis_R_Su,5008,0.28,Lewis_R_f,5008,0.28,Washougal_R_Fa,5008,0.18,Priest_Rapid_H,5026,0.10,Cowlitz_H_fa,5008,0.05
Area126 (15) troll 71 32052,,Skagit_R,5016,0.45,U_Sauk_R,5016,0.41,Marblemount_Hsu,5016,0.08,U_Sauk_R_SpSu,5016,0.03,Little_R,5,0.01
Area126 (15) troll 71 32053,,Wells_H,5026,0.48,Hanford_Reach,5026,0.32,Wenatchee_R_SF,5026,0.11,Priest_Rapid_H,5026,0.06,Methow_R,5026,0.02
Area126 (15) troll 71 32054,,Chilliwack_F,3,0.85,Harrison,3,0.10,Chilliwac@Stav,3,0.03,Kalama_H_sp,5009,0.01,South_Thom,5,0.00
Area126 (15) troll 71 32055,,Harrison,3,0.99,Chilliwac@Stav,3,0.01,,,,,,,,,
Area126 (15) troll 71 32056,,Skykomish_R,5016,0.49,NF_Nooksack_H,5016,0.16,Cowichan,7,0.16,Puntledge_BackX,7,0.08,George_Adams_H,5005,0.04
Area126 (15) troll 71 32057,,Harrison,3,0.98,Stanislaus_R,5001,0.02,Skagit_R,5016,0.00,Kalama_H_sp,5009,0.00,N_Thom@Main,4,0.00
Area126 (15) troll 71 32058,,Lyons_Ferry_H,5021,0.98,Priest_Rapid_H,5026,0.01,Nez_PerceT_H,5021,0.00,Hanford_Reach,5026,0.00,ClearwaterRFa,5021,0.00
Area126 (15) troll 71 32060,,Priest_Rapid_H,5026,0.73,Umatilla_H_Fa,5026,0.25,Hanford_Reach,5026,0.01,Wells_H,5026,0.00,Wenatchee_R_SF,5026,0.00
Area126 (15) troll 71 32063,,Spring_Cr_col,5030,0.97,Washougal_R_Fa,5008,0.01,Abernathy_NFH_F,5008,0.01,Big_Cr_H_Col,5030,0.00,Lewis_R_Su,5008,0.00
Area126 (15) troll 71 32064,,Harrison,3,0.85,Chilliwack_F,3,0.14,L_Thompson,5,0.00,Skykomish_R,5016,0.00,South_Thom,5,0.00
Area126 (15) troll 71 32065,,Sandy_R,5008,0.50,Washougal_R_Fa,5008,0.29,Lewis_R_f,5008,0.19,Lewis_R_Su,5008,0.01,Lewis_R_LSu,5008,0.00
Area126 (15) troll 71 32066,,Skykomish_R,5016,0.37,Bear_Cr_SuFa,5020,0.16,S_Umpqua_H,5011,0.07,Cedar_R_SuFa,5020,0.05,George_Adams_H,5005,0.05
Area126 (15) troll 71 32067,,Hanford_Reach,5026,0.43,Umatilla_H_Fa,5026,0.28,Priest_Rapid_H,5026,0.27,Umpqua_H,5011,0.01,Lyons_Ferry_H,5021,0.00
Area126 (15) troll 71 32068,,NF_Nooksack_H,5016,1.00,Harrison,3,0.00,,,,,,,,,
Area126 (15) troll 71 32069,,Chilliwack_F,3,0.93,Harrison,3,0.07,Skagit_R,5016,0.00,Capilano,9,0.00,,,
Area126 (15) troll 71 32070,,Priest_Rapid_H,5026,0.32,Wenatchee_R_SF,5026,0.32,Hanford_Reach,5026,0.30,Lyons_Ferry_H,5021,0.05,Nez_PerceT_H,5021,0.00
Area126 (15) troll 71 32072,,Umatilla_H_Fa,5026,0.67,Hanford_Reach,5026,0.20,Priest_Rapid_H,5026,0.09,Lyons_Ferry_H,5021,0.03,S_Umpqua_H,5011,0.01
Area126 (15) troll 71 32073,,Hanford_Reach,5026,0.32,Umatilla_H_Fa,5026,0.29,Wenatchee_R_SF,5026,0.20,Priest_Rapid_H,5026,0.10,Lyons_Ferry_H,5021,0.05
Area126 (15) troll 71 32074,,Stanislaus_R,5001,0.83,Feather_H_fa,5001,0.11,Battle_Cr,5001,0.05,Butte_Cr_f,5001,0.00,Lewis_R_Su,5008,0.00
Area126 (15) troll 71 32075,,Wells_H,5026,0.66,Spring_Cr_col,5030,0.20,Hanford_Reach,5026,0.10,Wenatchee_R_SF,5026,0.02,Priest_Rapid_H,5026,0.01
Area126 (15) troll 71 32076,,Lyons_Ferry_H,5021,0.61,Hanford_Reach,5026,0.22,Umatilla_H_Fa,5026,0.09,Priest_Rapid_H,5026,0.06,Wells_H,5026,0.01
Area126 (15) troll 71 32077,,Spring_Cr_col,5030,0.98,Washougal_R_Fa,5008,0.01,Lewis_R_Su,5008,0.01,Abernathy_NFH_F,5008,0.00,Cowlitz_H_fa,5008,0.00
Area126 (15) troll 71 32078,,Puntledge_BackX,7,0.57,Cowichan,7,0.27,Harrison,3,0.10,U_Sauk_R,5016,0.03,Hanford_Reach,5026,0.01
Area126 (15) troll 71 32080,,Priest_Rapid_H,5026,0.37,Bear_Cr_SuFa,5020,0.28,Hanford_Reach,5026,0.17,Cedar_R_SuFa,5020,0.08,Wenatchee_R_SF,5026,0.05
Area126 (15) troll 71 32081,,Stanislaus_R,5001,0.28,Hanford_Reach,5026,0.21,Feather_H_fa,5001,0.13,U_Deschutes_R,5004,0.08,McKenzie_H,5029,0.05
Area126 (15) troll 71 32083,,Hanford_Reach,5026,0.41,Priest_Rapid_H,5026,0.36,Wells_H,5026,0.13,Lyons_Ferry_H,5021,0.08,Wenatchee_R_SF,5026,0.02
Area126 (15) troll 71 32084,,Hanford_Reach,5026,0.40,Priest_Rapid_H,5026,0.27,Wells_H,5026,0.19,Umatilla_H_Fa,5026,0.09,Lyons_Ferry_H,5021,0.03
Area126 (15) troll 71 32085,,Priest_Rapid_H,5026,0.34,Washougal_R_Fa,5008,0.32,Umatilla_H_Fa,5026,0.19,Hanford_Reach,5026,0.07,Lewis_R_Su,5008,0.04
Area126 (15) troll 71 32086,,Harrison,3,0.58,South_Thom,5,0.19,L_Thompson,5,0.04,Chilliwack_F,3,0.03,Chilliwac@Stav,3,0.03
Area126 (15) troll 71 32087,,Priest_Rapid_H,5026,0.66,Hanford_Reach,5026,0.33,Umatilla_H_Fa,5026,0.01,Sandy_R,5008,0.00,Lyons_Ferry_H,5021,0.00
Area126 (15) troll 71 32088,,Bear_Cr_SuFa,5020,0.49,Skagit_R,5016,0.33,Cedar_R_SuFa,5020,0.05,Skykomish_R,5016,0.04,Clear_Cr_H,5020,0.01
Area126 (15) troll 71 32089,,Cowlitz_H_sp,5009,0.96,Washougal_R_Fa,5008,0.01,Lewis_R_f,5008,0.01,Lewis_R_Su,5008,0.01,Cowlitz_H_fa,5008,0.00
Area126 (15) troll 71 32090,,Coquille_R,5011,0.35,Lyons_Ferry_H,5021,0.32,Priest_Rapid_H,5026,0.13,Hanford_Reach,5026,0.06,N_Santiam_H,5029,0.04
Area126 (15) troll 71 32091,,Priest_Rapid_H,5026,0.64,Hanford_Reach,5026,0.33,Wells_H,5026,0.01,Umatilla_H_Fa,5026,0.01,Nez_PerceT_H,5021,0.01
Area126 (15) troll 71 32092,,Washougal_R_Fa,5008,0.74,Sandy_R,5008,0.21,Lewis_R_f,5008,0.03,Lewis_R_Su,5008,0.02,,,
Area126 (15) troll 71 32093,,Battle_Cr,5001,0.37,Stanislaus_R,5001,0.30,Feather_H_fa,5001,0.28,Butte_Cr_f,5001,0.05,Feather_H_sp,5002,0.00
,,,,,,,,,,,,,,,,
Sample: 59, Area127,2015, troll, Apr25-Sep30,,,,,,,,,,,,
Area127 (15) troll 115 36104,,Spring_Cr_col,5030,0.57,Big_Cr_H_Col,5030,0.43,Abernathy_NFH_F,5008,0.00,,,,,,
Area127 (15) troll 115 36105,,Priest_Rapid_H,5026,0.29,Hanford_Reach,5026,0.27,Lyons_Ferry_H,5021,0.11,Priest_Rapids_H,5026,0.10,Wells_H,5026,0.07
Area127 (15) troll 115 36111,,Bessette,5,0.98,Kitsumkalum_R,23,0.01,Skagit_R,5016,0.00,NanaimoSu_BackX,7,0.00,L_Shuswap,5,0.00
Area127 (15) troll 115 36112,,Hanford_Reach,5026,0.59,Methow_R,5026,0.40,Umatilla_H_Fa,5026,0.01,Priest_Rapids_H,5026,0.00,Priest_Rapid_H,5026,0.00
Area127 (15) troll 115 36116,,Puntledge_F,7,0.87,Cowichan,7,0.13,L_Qualicum,7,0.00,Nanaimo_F,7,0.00,,,
Area127 (15) troll 115 36120,,NF_Nooksack_H,5016,0.98,Hanford_Reach,5026,0.01,Lewis_R_Su,5008,0.01,Skagit_R,5016,0.00,Lyons_Ferry_H,5021,0.00
Area127 (15) troll 115 36128,,Spring_Cr_col,5030,0.96,Big_Cr_H_Col,5030,0.04,,,,,,,,,
Area127 (15) troll 115 36131,,Big_Cr_H_Col,5030,0.55,Spring_Cr_col,5030,0.45,Abernathy_NFH_F,5008,0.00,Elochoman_H,5030,0.00,,,
Area127 (15) troll 115 36135,,Samish_H,5016,0.39,Cedar_R_SuFa,5020,0.26,Soos_H,5020,0.13,NF_Skokomish_F,5005,0.12,George_Adams_H,5005,0.03
Area127 (15) troll 115 36160,,Spring_Cr_col,5030,0.87,Big_Cr_H_Col,5030,0.11,Washougal_R_Fa,5008,0.01,Umpqua_H,5011,0.00,Lewis_R_Su,5008,0.00
Area127 (15) troll 115 36178,,Spring_Cr_col,5030,0.60,Big_Cr_H_Col,5030,0.40,,,,,,,,,
Area127 (15) troll 115 36181,,Spring_Cr_col,5030,1.00,Big_Cr_H_Col,5030,0.00,,,,,,,,,
Area127 (15) troll 115 36184,,Spring_Cr_col,5030,0.95,Big_Cr_H_Col,5030,0.05,,,,,,,,,
Area127 (15) troll 115 36188,,Hanford_Reach,5026,0.86,Umatilla_H_Fa,5026,0.09,Priest_Rapid_H,5026,0.03,Wells_H,5026,0.02,Lyons_Ferry_H,5021,0.00
Area127 (15) troll 115 36191,,Methow_R,5026,0.48,Wells_H,5026,0.25,Priest_Rapid_H,5026,0.14,Hanford_Reach,5026,0.06,Wenatchee_R_SF,5026,0.02
Area127 (15) troll 115 36192,,McKenzie_H,5029,0.78,N_Santiam_H,5029,0.22,,,,,,,,,
Area127 (15) troll 115 36198,,Battle_Cr,5001,0.51,Butte_Cr_f,5001,0.44,Feather_H_fa,5001,0.04,Hanford_Reach,5026,0.00,Feather_H_sp,5002,0.00
Area127 (15) troll 115 36199,,Methow_R,5026,0.85,Wells_H,5026,0.05,Hanford_Reach,5026,0.04,Priest_Rapid_H,5026,0.04,Umatilla_H_Fa,5026,0.01
Area127 (15) troll 115 36200,,Wells_H,5026,0.55,Hanford_Reach,5026,0.26,Methow_R,5026,0.16,Priest_Rapid_H,5026,0.03,Wenatchee_R_SF,5026,0.01
Area127 (15) troll 115 36203,,Spring_Cr_col,5030,0.98,Big_Cr_H_Col,5030,0.02,Washougal_R_Fa,5008,0.00,Abernathy_NFH_F,5008,0.00,,,
Area127 (15) troll 115 36212,,Lewis_R_Su,5008,0.53,Cowlitz_H_sp,5009,0.41,Spring_Cr_col,5030,0.03,Big_Cr_H_Col,5030,0.01,Butte_Cr_f,5001,0.01
Area127 (15) troll 115 36214,,McKenzie_H,5029,0.85,N_Santiam_H,5029,0.15,,,,,,,,,
Area127 (15) troll 115 36217,,N_Santiam_H,5029,0.58,McKenzie_H,5029,0.41,Kalama_H_sp,5009,0.01,Umpqua_H,5011,0.00,S_Umpqua_H,5011,0.00
Area127 (15) troll 115 36219,,Big_Cr_H_Col,5030,0.54,Spring_Cr_col,5030,0.46,Lewis_R_Su,5008,0.00,,,,,,
Area127 (15) troll 115 36224,,Skagit_R,5016,0.45,NF_Skokomish_F,5005,0.21,George_Adams_H,5005,0.15,Soos_H,5020,0.09,Cedar_R_SuFa,5020,0.03
Area127 (15) troll 115 36232,,N_Santiam_H,5029,0.85,McKenzie_H,5029,0.15,,,,,,,,,
Area127 (15) troll 115 36241,,Soos_H,5020,0.42,Cedar_R_SuFa,5020,0.21,Hanford_Reach,5026,0.15,Voights_H,5020,0.06,Methow_R,5026,0.05
Area127 (15) troll 115 36242,,Conuma,8,0.73,Zeballos,8,0.26,Kaouk_R,8,0.01,Gold_R,8,0.00,Tlupana,8,0.00
Area127 (15) troll 115 36244,,Conuma,8,0.71,Zeballos,8,0.23,Tlupana,8,0.06,Moyeha_R,8,0.00,Kaouk_R,8,0.00
Area127 (15) troll 115 36247,,Wells_H,5026,0.65,Wenatchee_R_SF,5026,0.12,Hanford_Reach,5026,0.09,Methow_R,5026,0.04,Skagit_R,5016,0.04
Area127 (15) troll 115 36249,,Conuma,8,0.78,Zeballos,8,0.17,Tlupana,8,0.04,Kaouk_R,8,0.01,Burman,8,0.00
Area127 (15) troll 115 36258,,Big_Cr_H_Col,5030,0.74,Spring_Cr_col,5030,0.26,Harrison,3,0.00,Lewis_R_LSu,5008,0.00,Abernathy_NFH_F,5008,0.00
Area127 (15) troll 115 36260,,Hanford_Reach,5026,0.73,Methow_R,5026,0.05,Priest_Rapids_H,5026,0.05,Priest_Rapid_H,5026,0.05,Umatilla_H_Fa,5026,0.03
Area127 (15) troll 115 36261,,Conuma,8,0.93,Tlupana,8,0.07,Zeballos,8,0.00,,,,,,
Area127 (15) troll 115 36263,,Spring_Cr_col,5030,1.00,Big_Cr_H_Col,5030,0.00,Abernathy_NFH_F,5008,0.00,,,,,,
Area127 (15) troll 115 36277,,Spring_Cr_col,5030,1.00,Big_Cr_H_Col,5030,0.00,Elochoman_H,5030,0.00,,,,,,
Area127 (15) troll 115 36285,,Soos_H,5020,0.65,Cedar_R_SuFa,5020,0.32,George_Adams_H,5005,0.01,Clear_Cr_H,5020,0.01,Bear_Cr_SuFa,5020,0.01
Area127 (15) troll 115 36286,,Spring_Cr_col,5030,0.95,Big_Cr_H_Col,5030,0.05,Abernathy_NFH_F,5008,0.00,,,,,,
Area127 (15) troll 115 36287,,Big_Cr_H_Col,5030,0.89,Spring_Cr_col,5030,0.11,Cowlitz_H_sp,5009,0.00,,,,,,
Area127 (15) troll 115 36290,,Spring_Cr_col,5030,0.92,Big_Cr_H_Col,5030,0.08,Elochoman_H,5030,0.00,,,,,,
Area127 (15) troll 115 36293,,Spring_Cr_col,5030,0.82,Big_Cr_H_Col,5030,0.18,Abernathy_NFH_F,5008,0.00,,,,,,
Area127 (15) troll 115 36401,,Hanford_Reach,5026,0.59,Priest_Rapid_H,5026,0.27,Wells_H,5026,0.07,Methow_R,5026,0.06,Umatilla_H_Fa,5026,0.01
Area127 (15) troll 115 36405,,Trask_R,5015,0.26,Alsea_R,5015,0.25,S_Coos_R,5011,0.12,Nestucca_H,5015,0.11,Wilson_R,5015,0.07
Area127 (15) troll 115 36407,,Spring_Cr_col,5030,1.00,Big_Cr_H_Col,5030,0.00,Elochoman_H,5030,0.00,,,,,,
Area127 (15) troll 115 36413,,Hanford_Reach,5026,0.73,Methow_R,5026,0.09,Wenatchee_R_SF,5026,0.03,Wells_H,5026,0.03,Priest_Rapid_H,5026,0.03
Area127 (15) troll 115 36415,,Sol_Duc_H,5028,0.78,Umpqua_H,5011,0.22,NanaimoSu_BackX,7,0.01,Lewis_R_Su,5008,0.00,Cowlitz_H_sp,5009,0.00
Area127 (15) troll 115 36425,,Hanford_Reach,5026,0.79,Nez_PerceT_H,5021,0.05,Priest_Rapid_H,5026,0.04,Umatilla_H_Fa,5026,0.03,Harrison,3,0.03
Area127 (15) troll 115 36426,,Harrison,3,0.94,Chilliwack_F,3,0.06,,,,,,,,,
Area127 (15) troll 115 36436,,Wells_H,5026,0.38,Priest_Rapids_H,5026,0.17,Hanford_Reach,5026,0.17,Priest_Rapid_H,5026,0.15,Umatilla_H,5026,0.07
Area127 (15) troll 115 36437,,N_Santiam_H,5029,0.99,Kalama_H_sp,5009,0.01,Lewis_R_Su,5008,0.00,McKenzie_H,5029,0.00,Big_Cr_H_Col,5030,0.00
Area127 (15) troll 115 36438,,NF_Nooksack_H,5016,1.00,Cedar_R_SuFa,5020,0.00,Skagit_R,5016,0.00,,,,,,
Area127 (15) troll 125 37402,,Spring_Cr_col,5030,1.00,Big_Cr_H_Col,5030,0.00,,,,,,,,,
Area127 (15) troll 125 37403,,Big_Cr_H_Col,5030,0.79,Spring_Cr_col,5030,0.17,Lewis_R_Su,5008,0.03,Elochoman_H,5030,0.00,Washougal_R_Fa,5008,0.00
Area127 (15) troll 125 37406,,Spring_Cr_col,5030,1.00,Big_Cr_H_Col,5030,0.00,,,,,,,,,
Area127 (15) troll 125 37409,,Spring_Cr_col,5030,0.80,Big_Cr_H_Col,5030,0.20,Abernathy_NFH_F,5008,0.00,,,,,,
Area127 (15) troll 125 37414,,Big_Cr_H_Col,5030,0.55,Spring_Cr_col,5030,0.45,Washougal_R_Fa,5008,0.00,Elochoman_H,5030,0.00,Abernathy_Cr_Fa,5008,0.00
Area127 (15) troll 125 37416,,Hanford_Reach,5026,0.27,Methow_R,5026,0.27,Priest_Rapids_H,5026,0.15,Wells_H,5026,0.15,Priest_Rapid_H,5026,0.14
Area127 (15) troll 125 37420,,Washougal_R_Fa,5008,0.50,Lewis_R_Su,5008,0.39,Spring_Cr_col,5030,0.06,Big_Cr_H_Col,5030,0.04,Cowlitz_H_sp,5009,0.00
Area127 (15) troll 125 37421,,Cedar_R_SuFa,5020,0.58,Soos_H,5020,0.33,Samish_H,5016,0.01,Bear_Cr_SuFa,5020,0.01,Skagit_R,5016,0.01
Area127 (15) troll 125 37433,,Spring_Cr_col,5030,0.98,Big_Cr_H_Col,5030,0.02,Abernathy_Cr_Fa,5008,0.00,Abernathy_NFH_F,5008,0.00,,,
Area127 (15) troll 125 37436,,NF_Nooksack_H,5016,1.00,,,,,,,,,,,,
Area127 (15) troll 125 37441,,Big_Cr_H_Col,5030,0.66,Spring_Cr_col,5030,0.34,Washougal_R_Fa,5008,0.00,Lewis_R_Su,5008,0.00,Abernathy_NFH_F,5008,0.00
Area127 (15) troll 125 37446,,Spring_Cr_col,5030,1.00,Elochoman_H,5030,0.00,,,,,,,,,
Area127 (15) troll 125 37447,,Spring_Cr_col,5030,0.95,Big_Cr_H_Col,5030,0.04,Lewis_R_Su,5008,0.00,Washougal_R_Fa,5008,0.00,Cowlitz_H_sp,5009,0.00
Area127 (15) troll 125 37455,,Soos_H,5020,0.80,Skagit_R,5016,0.06,Samish_H,5016,0.05,Hanford_Reach,5026,0.04,Cedar_R_SuFa,5020,0.02
Area127 (15) troll 125 37457,,Spring_Cr_col,5030,1.00,Big_Cr_H_Col,5030,0.00,,,,,,,,,
Area127 (15) troll 125 37463,,Methow_R,5026,0.55,Hanford_Reach,5026,0.19,Wells_H,5026,0.17,Wenatchee_R_SF,5026,0.03,Umpqua_H,5011,0.02
Area127 (15) troll 125 37468,,Spring_Cr_col,5030,0.97,Big_Cr_H_Col,5030,0.03,Washougal_R_Fa,5008,0.00,Lewis_R_Su,5008,0.00,Abernathy_Cr_Fa,5008,0.00
Area127 (15) troll 125 37470,,Battle_Cr,5001,0.49,Butte_Cr_f,5001,0.22,Feather_H_sp,5002,0.08,Feather_H_fa,5001,0.07,Hanford_Reach,5026,0.07
Area127 (15) troll 125 37480,,Battle_Cr,5001,0.52,Butte_Cr_f,5001,0.46,Feather_H_fa,5001,0.02,Stanislaus_R,5001,0.00,Feather_H_sp,5002,0.00
Area127 (15) troll 125 37484,,Lyons_Ferry_H,5021,0.72,L_Deschutes_R,5004,0.13,Umatilla_H_Fa,5026,0.10,Nez_PerceT_H,5021,0.03,Hanford_Reach,5026,0.03
Area127 (15) troll 125 37486,,Big_Cr_H_Col,5030,0.59,Spring_Cr_col,5030,0.41,Washougal_R_Fa,5008,0.00,Abernathy_NFH_F,5008,0.00,,,
Area127 (15) troll 125 37490,,Spring_Cr_col,5030,0.99,Big_Cr_H_Col,5030,0.00,Abernathy_NFH_F,5008,0.00,,,,,,
Area127 (15) troll 125 37491,,N_Santiam_H,5029,0.70,McKenzie_H,5029,0.30,,,,,,,,,
Area127 (15) troll 125 37493,,Soos_H,5020,0.59,Voights_H,5020,0.11,NF_Skokomish_F,5005,0.08,Skagit_R,5016,0.07,Snoqualmie_R,5016,0.05
Area127 (15) troll 125 37494,,Spring_Cr_col,5030,1.00,Big_Cr_H_Col,5030,0.00,,,,,,,,,
Area127 (15) troll 125 37495,,Soos_H,5020,0.49,Samish_H,5016,0.25,Cedar_R_SuFa,5020,0.13,Voights_H,5020,0.10,Bear_Cr_SuFa,5020,0.01
Area127 (15) troll 125 37499,,Spring_Cr_col,5030,0.98,Big_Cr_H_Col,5030,0.01,Lewis_R_Su,5008,0.00,Elochoman_H,5030,0.00,Abernathy_NFH_F,5008,0.00
Area127 (15) troll 125 37500,,Big_Cr_H_Col,5030,1.00,Spring_Cr_col,5030,0.00,Washougal_R_Fa,5008,0.00,,,,,,
Area127 (15) troll 125 37603,,Wells_H,5026,0.48,Methow_R,5026,0.29,Hanford_Reach,5026,0.18,Priest_Rapid_H,5026,0.03,Wenatchee_R_SF,5026,0.01
Area127 (15) troll 125 37607,,Spring_Cr_col,5030,0.45,Lewis_R_Su,5008,0.21,Hoh_R,5028,0.14,Washougal_R_Fa,5008,0.10,S_Umpqua_H,5011,0.04
Area127 (15) troll 125 37614,,Harrison,3,0.98,Hanford_Reach,5026,0.01,Chilliwack_F,3,0.00,S_Coos_R,5011,0.00,Lyons_Ferry_H,5021,0.00
Area127 (15) troll 125 37618,,Battle_Cr,5001,0.47,Butte_Cr_f,5001,0.37,Feather_H_fa,5001,0.14,Feather_H_sp,5002,0.02,Stanislaus_R,5001,0.00
Area127 (15) troll 125 37622,,Methow_R,5026,0.96,Nez_PerceT_H,5021,0.02,Priest_Rapid_H,5026,0.01,L_Deschutes_R,5004,0.01,Wells_H,5026,0.00
Area127 (15) troll 125 37623,,L_Deschutes_R,5004,0.29,S_Coos_R,5011,0.22,Lyons_Ferry_H,5021,0.21,Priest_Rapids_H,5026,0.11,Hanford_Reach,5026,0.10
Area127 (15) troll 125 37628,,Lyons_Ferry_H,5021,0.95,Nez_PerceT_H,5021,0.03,Priest_Rapids_H,5026,0.01,Umatilla_H,5026,0.01,Hanford_Reach,5026,0.01
Area127 (15) troll 125 37629,,Chilliwack_F,3,1.00,Harrison,3,0.00,,,,,,,,,
Area127 (15) troll 125 37630,,Hanford_Reach,5026,0.81,Lyons_Ferry_H,5021,0.06,Wells_H,5026,0.05,Priest_Rapid_H,5026,0.04,Methow_R,5026,0.03
Area127 (15) troll 125 37633,,Hanford_Reach,5026,0.96,Lyons_Ferry_H,5021,0.02,Wells_H,5026,0.02,Priest_Rapid_H,5026,0.00,Priest_Rapids_H,5026,0.00
Area127 (15) troll 125 37637,,Hanford_Reach,5026,0.74,Priest_Rapid_H,5026,0.10,Umatilla_H_Fa,5026,0.06,Priest_Rapids_H,5026,0.05,Wells_H,5026,0.02
Area127 (15) troll 125 37651,,Skagit_R,5016,1.00,NF_Nooksack_H,5016,0.00,Cowichan,7,0.00,Puntledge_F,7,0.00,Soos_H,5020,0.00
Area127 (15) troll 125 37654,,Zeballos,8,0.53,Conuma,8,0.24,Tlupana,8,0.08,Nitinat,8,0.05,Kaouk_R,8,0.04
Area127 (15) troll 125 37667,,Hanford_Reach,5026,0.71,L_Deschutes_R,5004,0.09,Umpqua_H,5011,0.06,Nez_PerceT_H,5021,0.02,Battle_Cr,5001,0.02
Area127 (15) troll 125 37670,,Spring_Cr_col,5030,0.97,Big_Cr_H_Col,5030,0.03,Washougal_R_Fa,5008,0.00,Methow_R,5026,0.00,Cowlitz_H_sp,5009,0.00
Area127 (15) troll 125 37681,,Wells_H,5026,0.63,Wenatchee_R_SF,5026,0.13,Hanford_Reach,5026,0.12,Methow_R,5026,0.08,Priest_Rapid_H,5026,0.03
Area127 (15) troll 125 37703,,Hanford_Reach,5026,0.86,Lyons_Ferry_H,5021,0.08,Wenatchee_R_SF,5026,0.03,Wells_H,5026,0.02,Umatilla_H_Fa,5026,0.01
Area127 (15) troll 125 37705,,Granite_Cr,5010,0.59,Naches_Sp,5010,0.19,Dworshak_H,5022,0.12,LittleNaches_Sp,5010,0.04,L_Wh_Sal_H_sp,5010,0.02
Area127 (15) troll 125 37706,,Spring_Cr_col,5030,0.99,Big_Cr_H_Col,5030,0.01,,,,,,,,,
Area127 (15) troll 125 37707,,Spring_Cr_col,5030,1.00,,,,,,,,,,,,
Area127 (15) troll 125 37712,,Lewis_R_Su,5008,0.74,Washougal_R_Fa,5008,0.20,Coweeman_R_Fa,5008,0.03,Trask_R,5015,0.01,S_Coos_R,5011,0.01
Area127 (15) troll 125 37729,,Spring_Cr_col,5030,0.93,Big_Cr_H_Col,5030,0.04,Samish_H,5016,0.02,Sol_Duc_H,5028,0.00,Bear_Cr_SuFa,5020,0.00
Area127 (15) troll 125 37733,,Spring_Cr_col,5030,0.70,Big_Cr_H_Col,5030,0.19,Lewis_R_Su,5008,0.11,Elochoman_H,5030,0.00,Cowlitz_H_sp,5009,0.00
Area127 (15) troll 125 37738,,Spring_Cr_col,5030,0.98,Big_Cr_H_Col,5030,0.02,Washougal_R_Fa,5008,0.00,Abernathy_NFH_F,5008,0.00,,,
Area127 (15) troll 125 37739,,Methow_R,5026,0.76,Wenatchee_R_SF,5026,0.08,Priest_Rapid_H,5026,0.07,Hanford_Reach,5026,0.07,Priest_Rapids_H,5026,0.01
Area127 (15) troll 125 37741,,Big_Cr_H_Col,5030,0.77,Spring_Cr_col,5030,0.13,Lewis_R_Su,5008,0.08,Washougal_R_Fa,5008,0.01,Coweeman_R_Fa,5008,0.01
Area127 (15) troll 129 37901,,Big_Cr_H_Col,5030,0.91,Spring_Cr_col,5030,0.09,,,,,,,,,
Area127 (15) troll 129 37904,,Spring_Cr_col,5030,0.94,Big_Cr_H_Col,5030,0.06,,,,,,,,,
Area127 (15) troll 129 37912,,Methow_R,5026,0.60,Priest_Rapid_H,5026,0.13,Wells_H,5026,0.12,Lyons_Ferry_H,5021,0.09,Priest_Rapids_H,5026,0.02
Area127 (15) troll 129 37914,,Spring_Cr_col,5030,0.99,Big_Cr_H_Col,5030,0.01,,,,,,,,,
Area127 (15) troll 129 37916,,Lyons_Ferry_H,5021,0.35,Methow_R,5026,0.30,Wells_H,5026,0.13,Priest_Rapid_H,5026,0.08,Hanford_Reach,5026,0.08
Area127 (15) troll 129 37918,,Sol_Duc_H,5028,0.72,Lewis_R_Su,5008,0.08,Harrison,3,0.05,Washougal_R_Fa,5008,0.05,Skagit_R,5016,0.03
Area127 (15) troll 129 37926,,Methow_R,5026,0.70,Priest_Rapid_H,5026,0.12,Wells_H,5026,0.11,Hanford_Reach,5026,0.04,Wenatchee_R_SF,5026,0.01
Area127 (15) troll 129 37929,,Spring_Cr_col,5030,0.99,Big_Cr_H_Col,5030,0.01,Washougal_R_Fa,5008,0.00,Lewis_R_Su,5008,0.00,Elochoman_H,5030,0.00
Area127 (15) troll 129 37930,,Spring_Cr_col,5030,0.85,Big_Cr_H_Col,5030,0.15,Elochoman_H,5030,0.00,,,,,,
Area127 (15) troll 129 37931,,McKenzie_H,5029,0.80,N_Santiam_H,5029,0.20,Methow_R,5026,0.00,Wells_H,5026,0.00,Hanford_Reach,5026,0.00
Area127 (15) troll 129 37938,,Wells_H,5026,0.40,Methow_R,5026,0.22,Priest_Rapids_H,5026,0.15,Wenatchee_R_SF,5026,0.12,Hanford_Reach,5026,0.05
Area127 (15) troll 129 37941,,Methow_R,5026,0.84,Hanford_Reach,5026,0.16,Lyons_Ferry_H,5021,0.00,Wells_H,5026,0.00,Umatilla_H_Fa,5026,0.00
Area127 (15) troll 129 37943,,Big_Cr_H_Col,5030,0.82,Spring_Cr_col,5030,0.18,Elochoman_H,5030,0.00,,,,,,
Area127 (15) troll 129 37945,,Bessette,5,0.81,Little_R,5,0.18,L_Shuswap,5,0.01,L_Thompson,5,0.00,Nez_PerceT_H,5021,0.00
Area127 (15) troll 129 38024,,Methow_R,5026,0.77,Hanford_Reach,5026,0.16,Priest_Rapid_H,5026,0.07,L_Deschutes_R,5004,0.00,Wenatchee_R_SF,5026,0.00
Area127 (15) troll 129 38025,,Skagit_R,5016,0.96,Soos_H,5020,0.02,Cedar_R_SuFa,5020,0.01,Samish_H,5016,0.00,Voights_H,5020,0.00
Area127 (15) troll 129 38026,,Conuma,8,0.46,Zeballos,8,0.41,Tlupana,8,0.13,Tahsis,8,0.00,Burman,8,0.00
Area127 (15) troll 129 38027,,Snoqualmie_R,5016,0.33,Puntledge_F,7,0.22,Cedar_R_SuFa,5020,0.10,Skagit_R,5016,0.08,Skykomish_R,5016,0.06
Area127 (15) troll 129 38030,,Skagit_R,5016,0.97,Snoqualmie_R,5016,0.02,U_Sauk_R_SpSu,5016,0.00,Puntledge_F,7,0.00,Chilliwack_F,3,0.00
Area127 (15) troll 129 38045,,Cedar_R_SuFa,5020,0.49,Priest_Rapids_H,5026,0.19,Hanford_Reach,5026,0.15,Umatilla_H,5026,0.06,Wells_H,5026,0.04
Area127 (15) troll 129 38065,,Little_R,5,0.71,Baezaeko,2,0.08,L_Thompson,5,0.08,L_Adams,5,0.02,Baker_Cr,2,0.02
Area127 (15) troll 129 38072,,Marble@NVI,8,0.97,Gold_R,8,0.02,Kaouk_R,8,0.00,Conuma,8,0.00,Toquart,8,0.00
Area127 (15) troll 129 38077,,Hanford_Reach,5026,0.59,Battle_Cr,5001,0.23,Umatilla_H_Fa,5026,0.12,Lyons_Ferry_H,5021,0.03,Lewis_R_Su,5008,0.01
Area127 (15) troll 130 38201,,Spring_Cr_col,5030,0.88,Big_Cr_H_Col,5030,0.12,Washougal_R_Fa,5008,0.00,Abernathy_NFH_F,5008,0.00,,,
Area127 (15) troll 130 38202,,Spring_Cr_col,5030,0.92,Big_Cr_H_Col,5030,0.03,Methow_R,5026,0.03,Wells_H,5026,0.01,Lewis_R_Su,5008,0.00
Area127 (15) troll 130 38206,,Spring_Cr_col,5030,1.00,Big_Cr_H_Col,5030,0.00,Lewis_R_Su,5008,0.00,Abernathy_NFH_F,5008,0.00,,,
Area127 (15) troll 130 38212,,Soos_H,5020,0.62,Snoqualmie_R,5016,0.07,Voights_H,5020,0.06,George_Adams_H,5005,0.06,Cedar_R_SuFa,5020,0.05
Area127 (15) troll 130 38213,,Big_Cr_H_Col,5030,0.89,Spring_Cr_col,5030,0.09,Hanford_Reach,5026,0.01,Lewis_R_Su,5008,0.00,Sol_Duc_H,5028,0.00
Area127 (15) troll 130 38215,,N_Santiam_H,5029,0.99,McKenzie_H,5029,0.01,,,,,,,,,
Area127 (15) troll 130 38217,,Spring_Cr_col,5030,0.94,Big_Cr_H_Col,5030,0.06,Elochoman_H,5030,0.00,Abernathy_NFH_F,5008,0.00,,,
Area127 (15) troll 130 38225,,Spring_Cr_col,5030,1.00,Big_Cr_H_Col,5030,0.00,Washougal_R_Fa,5008,0.00,,,,,,
Area127 (15) troll 130 38232,,Conuma,8,0.89,Tlupana,8,0.09,Zeballos,8,0.02,Kaouk_R,8,0.00,Tahsis,8,0.00
Area127 (15) troll 130 38233,,Methow_R,5026,0.78,Hanford_Reach,5026,0.11,Priest_Rapid_H,5026,0.03,Wells_H,5026,0.03,Wenatchee_R_SF,5026,0.02
Area127 (15) troll 130 38251,,Spring_Cr_col,5030,1.00,Big_Cr_H_Col,5030,0.00,,,,,,,,,
Area127 (15) troll 130 38252,,Spring_Cr_col,5030,1.00,,,,,,,,,,,,
Area127 (15) troll 130 38264,,Spring_Cr_col,5030,0.97,Big_Cr_H_Col,5030,0.03,,,,,,,,,
Area127 (15) troll 130 38265,,N_Santiam_H,5029,0.69,McKenzie_H,5029,0.31,,,,,,,,,
Area127 (15) troll 130 38267,,Methow_R,5026,0.39,Wells_H,5026,0.30,Little_R,5,0.12,Hanford_Reach,5026,0.09,Harrison,3,0.04
Area127 (15) troll 130 38272,,N_Santiam_H,5029,0.72,L_Deschutes_R,5004,0.12,McKenzie_H,5029,0.08,Hanford_Reach,5026,0.03,Priest_Rapid_H,5026,0.01
Area127 (15) troll 130 38284,,N_Santiam_H,5029,0.79,McKenzie_H,5029,0.21,,,,,,,,,
Area127 (15) troll 130 38285,,Wells_H,5026,0.65,Priest_Rapid_H,5026,0.15,Methow_R,5026,0.12,Hanford_Reach,5026,0.06,Wenatchee_R_SF,5026,0.01
Area127 (15) troll 130 38288,,Hanford_Reach,5026,0.69,Priest_Rapids_H,5026,0.11,Priest_Rapid_H,5026,0.09,L_Deschutes_R,5004,0.05,Umatilla_H,5026,0.02
Area127 (15) troll 130 38289,,N_Santiam_H,5029,0.88,McKenzie_H,5029,0.12,,,,,,,,,
Area127 (15) troll 130 38401,,Hanford_Reach,5026,0.94,Lyons_Ferry_H,5021,0.03,Priest_Rapid_H,5026,0.02,Umatilla_H_Fa,5026,0.00,Nez_PerceT_H,5021,0.00
Area127 (15) troll 130 38402,,Hanford_Reach,5026,0.58,Wells_H,5026,0.21,Priest_Rapid_H,5026,0.09,Methow_R,5026,0.05,Umatilla_H_Fa,5026,0.02
Area127 (15) troll 130 38409,,Harrison,3,0.79,Little_R,5,0.12,L_Thompson,5,0.05,Chilliwack_F,3,0.03,South_Thom,5,0.01
Area127 (15) troll 130 38411,,Hanford_Reach,5026,0.72,Priest_Rapid_H,5026,0.13,Umatilla_H_Fa,5026,0.08,Methow_R,5026,0.02,Wells_H,5026,0.02
Area127 (15) troll 130 38413,,Methow_R,5026,0.85,Priest_Rapids_H,5026,0.04,Wells_H,5026,0.03,L_Deschutes_R,5004,0.02,Priest_Rapid_H,5026,0.02
Area127 (15) troll 130 38416,Number of missing Loci exceeded,,,,,,,,,,,,,,,
Area127 (15) troll 130 38418,,Kitsumkalum_R,23,0.87,Exstew_R,23,0.05,Thomas_Cr,23,0.02,Kateen,10,0.02,Kasiks_R,23,0.01
Area127 (15) troll 130 38424,,Hanford_Reach,5026,0.54,Wells_H,5026,0.16,Priest_Rapids_H,5026,0.10,Priest_Rapid_H,5026,0.08,Butte_Cr_f,5001,0.04
Area127 (15) troll 130 38429,,Soos_H,5020,0.61,Voights_H,5020,0.17,Cedar_R_SuFa,5020,0.17,Bear_Cr_SuFa,5020,0.02,Samish_H,5016,0.02
Area127 (15) troll 130 38435,,S_Coos_R,5011,0.79,Alsea_R,5015,0.15,Trask_R,5015,0.02,Umpqua_H,5011,0.02,Humptulips_H,5028,0.01
Area127 (15) troll 130 38437,,Samish_H,5016,0.35,Cedar_R_SuFa,5020,0.19,NF_Skokomish_F,5005,0.18,Soos_H,5020,0.16,Snoqualmie_R,5016,0.03
Area127 (15) troll 130 38445,,Wells_H,5026,0.43,Methow_R,5026,0.32,Priest_Rapid_H,5026,0.10,Hanford_Reach,5026,0.09,Wenatchee_R_SF,5026,0.04
Area127 (15) troll 130 38446,,Samish_H,5016,0.25,NF_Skokomish_F,5005,0.25,Voights_H,5020,0.13,Soos_H,5020,0.12,George_Adams_H,5005,0.12
Area127 (15) troll 130 38447,,Wells_H,5026,0.30,Priest_Rapid_H,5026,0.23,Wenatchee_R_SF,5026,0.19,Methow_R,5026,0.15,Hanford_Reach,5026,0.08
Area127 (15) troll 130 38453,,Spring_Cr_col,5030,1.00,Big_Cr_H_Col,5030,0.00,Cowlitz_H_sp,5009,0.00,Washougal_R_Fa,5008,0.00,Hanford_Reach,5026,0.00
Area127 (15) troll 130 38458,,Baezaeko,2,0.17,Little_Tahltan,18,0.12,Umpqua_H,5011,0.11,Torpy,1,0.08,Indianpoint,1,0.07
Area127 (15) troll 130 38464,,Puntledge_F,7,0.84,Lyons_Ferry_H,5021,0.08,Soos_H,5020,0.03,Cedar_R_SuFa,5020,0.02,Cowichan,7,0.01
Area127 (15) troll 130 38467,,Hanford_Reach,5026,0.58,Wells_H,5026,0.30,Priest_Rapid_H,5026,0.04,Umatilla_H,5026,0.03,Priest_Rapids_H,5026,0.02
Area127 (15) troll 130 38470,,Holmes,1,0.41,L_Cariboo,2,0.24,Nechako,2,0.15,U_Cariboo,2,0.10,Quesnel,2,0.08
Area127 (15) troll 130 38472,,Methow_R,5026,0.51,Wells_H,5026,0.36,Wenatchee_R_SF,5026,0.13,Hanford_Reach,5026,0.00,Priest_Rapids_H,5026,0.00
Area127 (15) troll 130 38482,,S_Coos_R,5011,0.84,Alsea_R,5015,0.09,Trask_R,5015,0.04,Coquille_R,5011,0.02,Necanicum_H,5015,0.01
Area127 (15) troll 130 38483,,Wells_H,5026,0.74,Hanford_Reach,5026,0.12,Priest_Rapid_H,5026,0.04,Lyons_Ferry_H,5021,0.04,Priest_Rapids_H,5026,0.03
Area127 (15) troll 134 32813,,Bessette,5,0.98,Little_R,5,0.01,L_Shuswap,5,0.01,South_Thom,5,0.00,,,
Area127 (15) troll 134 32817,,Nehalem_R,5015,0.99,Trask_R,5015,0.01,Kilchis_R,5015,0.01,Necanicum_H,5015,0.00,Alsea_R,5015,0.00
Area127 (15) troll 134 32818,,Wells_H,5026,0.78,Wenatchee_R_SF,5026,0.17,Methow_R,5026,0.04,Hanford_Reach,5026,0.01,Umatilla_H_Fa,5026,0.00
Area127 (15) troll 134 32824,,Skagit_R,5016,0.99,Puntledge_F,7,0.01,Cedar_R_SuFa,5020,0.00,U_Sauk_R_SpSu,5016,0.00,Voights_H,5020,0.00
Area127 (15) troll 134 32840,,Kitsumkalum_R,23,0.90,Thomas_Cr,23,0.06,Nechako,2,0.03,Kasiks_R,23,0.00,Little_Tahltan,18,0.00
Area127 (15) troll 134 32842,,Lewis_R_Su,5008,0.97,Lewis_R_LSu,5008,0.02,Washougal_R_Fa,5008,0.01,Big_Cr_H_Col,5030,0.00,Lyons_Ferry_H,5021,0.00
Area127 (15) troll 134 32843,,Lewis_R_Su,5008,0.73,Washougal_R_Fa,5008,0.27,Necanicum_H,5015,0.00,Lewis_R_f,5008,0.00,Little_Tahltan,18,0.00
Area127 (15) troll 134 32847,,Washougal_R_Fa,5008,0.76,Lewis_R_Su,5008,0.22,Coweeman_R_Fa,5008,0.01,San_Juan,8,0.00,Coquille_R,5011,0.00
Area127 (15) troll 134 32848,,Spring_Cr_col,5030,0.80,Big_Cr_H_Col,5030,0.19,N_Santiam_H,5029,0.00,Washougal_R_Fa,5008,0.00,Lewis_R_Su,5008,0.00
Area127 (15) troll 134 32858,,Wells_H,5026,0.77,Methow_R,5026,0.11,Priest_Rapid_H,5026,0.08,Hanford_Reach,5026,0.02,Wenatchee_R_SF,5026,0.01
Area127 (15) troll 134 32860,,Spring_Cr_col,5030,0.83,Big_Cr_H_Col,5030,0.17,Lewis_R_Su,5008,0.00,Elochoman_H,5030,0.00,,,
Area127 (15) troll 134 32863,,Puntledge_F,7,0.90,Cowichan,7,0.10,Big_Qualicum,7,0.00,,,,,,
Area127 (15) troll 134 32865,,Spring_Cr_col,5030,1.00,Big_Cr_H_Col,5030,0.00,Elochoman_H,5030,0.00,,,,,,
Area127 (15) troll 134 32873,,Spring_Cr_col,5030,1.00,Big_Cr_H_Col,5030,0.00,Abernathy_NFH_F,5008,0.00,,,,,,
Area127 (15) troll 134 32875,,NF_Nooksack_H,5016,1.00,,,,,,,,,,,,
Area127 (15) troll 134 32876,,Priest_Rapid_H,5026,0.39,Hanford_Reach,5026,0.20,Methow_R,5026,0.17,Priest_Rapids_H,5026,0.12,Umatilla_H,5026,0.04
Area127 (15) troll 135 38603,,Little_R,5,0.96,Hanford_Reach,5026,0.02,South_Thom,5,0.02,L_Thompson,5,0.00,Skagit_R,5016,0.00
Area127 (15) troll 135 38616,,Lewis_R_Su,5008,0.82,Washougal_R_Fa,5008,0.07,Cowlitz_H_sp,5009,0.06,Lewis_R_LSu,5008,0.02,S_Coos_R,5011,0.02
Area127 (15) troll 135 38619,,Conuma,8,0.81,Zeballos,8,0.15,Tlupana,8,0.02,Robertson,8,0.01,Gold_R,8,0.00
Area127 (15) troll 135 38626,,Snoqualmie_R,5016,0.38,Kitsumkalum_R,23,0.18,Harrison,3,0.12,Soos_H,5020,0.06,Samish_H,5016,0.04
Area127 (15) troll 135 38630,,Wells_H,5026,0.36,Hanford_Reach,5026,0.35,Methow_R,5026,0.21,Priest_Rapid_H,5026,0.05,Wenatchee_R_SF,5026,0.01
Area127 (15) troll 135 38631,,Granite_Cr,5010,0.47,Kitsumkalum_R,23,0.37,Morice_R,21,0.03,Dworshak_H,5022,0.02,NanaimoSu_BackX,7,0.01
Area127 (15) troll 135 38640,,Conuma,8,0.59,Tlupana,8,0.32,Zeballos,8,0.04,Burman,8,0.03,Kaouk_R,8,0.01
Area127 (15) troll 135 38647,,Hanford_Reach,5026,0.75,Methow_R,5026,0.19,Priest_Rapids_H,5026,0.04,Priest_Rapid_H,5026,0.02,Wells_H,5026,0.01
Area127 (15) troll 135 38653,,S_Coos_R,5011,0.68,Lewis_R_Su,5008,0.19,Washougal_R_Fa,5008,0.07,S_Umpqua_H,5011,0.01,Wells_H,5026,0.01
Area127 (15) troll 135 38654,,Quilayute_R,5028,0.50,Hoh_R,5028,0.25,Robertson,8,0.18,Gold_R,8,0.04,Kilchis_R,5015,0.01
Area127 (15) troll 135 38656,,Hanford_Reach,5026,0.72,Priest_Rapid_H,5026,0.16,Wells_H,5026,0.09,Wenatchee_R_SF,5026,0.02,Priest_Rapids_H,5026,0.02
Area127 (15) troll 135 38658,,Bessette,5,0.99,L_Shuswap,5,0.00,Little_R,5,0.00,M_Shuswap,5,0.00,L_Thompson,5,0.00
Area127 (15) troll 135 38659,,Harrison,3,0.61,Chilliwack_F,3,0.38,Kateen,10,0.00,Kitsumkalum_R,23,0.00,Nechako,2,0.00
Area127 (15) troll 135 38663,,Priest_Rapid_H,5026,0.34,Priest_Rapids_H,5026,0.21,Hanford_Reach,5026,0.21,Methow_R,5026,0.15,Umatilla_H,5026,0.03
Area127 (15) troll 135 38667,,S_Coos_R,5011,0.69,Lyons_Ferry_H,5021,0.11,Priest_Rapids_H,5026,0.09,Hanford_Reach,5026,0.04,Skagit_R,5016,0.02
Area127 (15) troll 135 38668,,Hanford_Reach,5026,0.60,L_Deschutes_R,5004,0.14,Lyons_Ferry_H,5021,0.06,Priest_Rapid_H,5026,0.06,Umatilla_H_Fa,5026,0.04
Area127 (15) troll 135 38672,,Priest_Rapid_H,5026,0.53,Lyons_Ferry_H,5021,0.32,Umatilla_H,5026,0.08,Nez_PerceT_H,5021,0.05,Hanford_Reach,5026,0.02
Area127 (15) troll 135 38676,,Lyons_Ferry_H,5021,0.48,Hanford_Reach,5026,0.22,Priest_Rapids_H,5026,0.15,Nez_PerceT_H,5021,0.05,Umatilla_H,5026,0.04
Area127 (15) troll 135 38677,,L_Cariboo,2,0.25,Nechako,2,0.16,Quesnel,2,0.14,Holmes,1,0.06,L_Wh_Sal_H_sp,5010,0.06
Area127 (15) troll 135 38678,,U_Atnarko,10,0.93,LowAtnarko,10,0.06,Atnarko,10,0.01,Harrison,3,0.00,Kitsumkalum_R,23,0.00
Area127 (15) troll 135 38680,,Kitsumkalum_R,23,0.81,Kateen,10,0.05,Quesnel,2,0.03,Zymogotitz_R,23,0.03,Nechako,2,0.02
Area127 (15) troll 135 38682,,Harrison,3,0.94,Chilliwack_F,3,0.06,Voights_H,5020,0.00,Kitsumkalum_R,23,0.00,Hanford_Reach,5026,0.00
Area127 (15) troll 135 38684,,Little_R,5,0.61,L_Thompson,5,0.17,South_Thom,5,0.15,Methow_R,5026,0.06,Harrison,3,0.01
Area127 (15) troll 135 38685,,Methow_R,5026,0.64,Hanford_Reach,5026,0.17,Priest_Rapid_H,5026,0.12,Wells_H,5026,0.04,Priest_Rapids_H,5026,0.02
Area127 (15) troll 135 38689,,Hanford_Reach,5026,0.59,Priest_Rapid_H,5026,0.16,L_Deschutes_R,5004,0.11,Methow_R,5026,0.07,Lyons_Ferry_H,5021,0.04
Area127 (15) troll 135 38695,,Priest_Rapid_H,5026,0.50,Hanford_Reach,5026,0.13,South_Thom,5,0.10,L_Thompson,5,0.06,Priest_Rapids_H,5026,0.04
Area127 (15) troll 135 38911,,Hanford_Reach,5026,0.95,Priest_Rapid_H,5026,0.03,Lyons_Ferry_H,5021,0.01,Umatilla_H_Fa,5026,0.01,Wells_H,5026,0.00
Area127 (15) troll 135 38915,,NF_Nooksack_H,5016,0.84,Skagit_R,5016,0.07,Soos_H,5020,0.04,Cedar_R_SuFa,5020,0.02,U_Atnarko,10,0.01
Area127 (15) troll 135 38916,,Soos_H,5020,0.48,Cedar_R_SuFa,5020,0.30,Samish_H,5016,0.18,Bear_Cr_SuFa,5020,0.02,Hamma_Hamma_R,5005,0.01
Area127 (15) troll 135 38919,,McKenzie_H,5029,0.85,N_Santiam_H,5029,0.15,,,,,,,,,
Area127 (15) troll 135 38922,,Wells_H,5026,0.39,Hanford_Reach,5026,0.38,Priest_Rapid_H,5026,0.13,Methow_R,5026,0.08,Battle_Cr,5001,0.01
Area127 (15) troll 135 38929,,Lyons_Ferry_H,5021,0.53,Hanford_Reach,5026,0.35,Nez_PerceT_H,5021,0.05,Wells_H,5026,0.03,Priest_Rapid_H,5026,0.01
Area127 (15) troll 135 38936,,Spring_Cr_col,5030,0.94,Big_Cr_H_Col,5030,0.05,Lewis_R_Su,5008,0.01,Washougal_R_Fa,5008,0.00,Abernathy_NFH_F,5008,0.00
Area127 (15) troll 135 38939,,Washougal_R_Fa,5008,0.49,Lewis_R_Su,5008,0.10,Voights_H,5020,0.07,NF_Skokomish_F,5005,0.07,Spring_Cr_col,5030,0.06
Area127 (15) troll 135 38943,,Spring_Cr_col,5030,0.94,Big_Cr_H_Col,5030,0.06,Lewis_R_Su,5008,0.00,Washougal_R_Fa,5008,0.00,Hanford_Reach,5026,0.00
Area127 (15) troll 135 38954,,Lewis_R_Su,5008,0.99,Washougal_R_Fa,5008,0.01,Cowlitz_H_sp,5009,0.00,Green_R_Fa,5008,0.00,Priest_Rapid_H,5026,0.00
Area127 (15) troll 135 38955,,Spring_Cr_col,5030,0.92,Big_Cr_H_Col,5030,0.08,Abernathy_NFH_F,5008,0.00,,,,,,
Area127 (15) troll 135 38958,,Skagit_R,5016,0.98,L_Sauk_R,5016,0.01,Snoqualmie_R,5016,0.00,Hanford_Reach,5026,0.00,U_Sauk_R_SpSu,5016,0.00
Area127 (15) troll 135 38962,,Spring_Cr_col,5030,1.00,Big_Cr_H_Col,5030,0.00,Abernathy_NFH_F,5008,0.00,,,,,,
Area127 (15) troll 135 38963,,Spring_Cr_col,5030,0.77,Big_Cr_H_Col,5030,0.23,Washougal_R_Fa,5008,0.00,Lewis_R_Su,5008,0.00,,,
Area127 (15) troll 135 38966,,Spring_Cr_col,5030,0.98,Big_Cr_H_Col,5030,0.02,,,,,,,,,
Area127 (15) troll 135 38967,,Spring_Cr_col,5030,0.84,Big_Cr_H_Col,5030,0.16,,,,,,,,,
Area127 (15) troll 135 38970,,Spring_Cr_col,5030,0.67,Big_Cr_H_Col,5030,0.32,Washougal_R_Fa,5008,0.01,Elochoman_H,5030,0.00,Methow_R,5026,0.00
Area127 (15) troll 135 38982,,Spring_Cr_col,5030,0.98,Big_Cr_H_Col,5030,0.02,Washougal_R_Fa,5008,0.00,Hoh_R,5028,0.00,Elochoman_H,5030,0.00
Area127 (15) troll 135 38984,,Spring_Cr_col,5030,1.00,Big_Cr_H_Col,5030,0.00,,,,,,,,,
Area127 (15) troll 135 38988,,Cowlitz_H_sp,5009,0.38,Kalama_H_sp,5009,0.22,S_Coos_R,5011,0.09,Lyons_Ferry_H,5021,0.07,Hanford_Reach,5026,0.05
Area127 (15) troll 135 38991,,Cedar_R_SuFa,5020,0.39,Wells_H,5026,0.32,Soos_H,5020,0.13,Methow_R,5026,0.08,Lyons_Ferry_H,5021,0.02
Area127 (15) troll 135 39003,,Hanford_Reach,5026,0.96,Priest_Rapid_H,5026,0.02,Wells_H,5026,0.01,Lyons_Ferry_H,5021,0.00,Methow_R,5026,0.00
Area127 (15) troll 135 39012,,Spring_Cr_col,5030,0.94,Big_Cr_H_Col,5030,0.06,Elochoman_H,5030,0.00,Sol_Duc_H,5028,0.00,S_Coos_R,5011,0.00
Area127 (15) troll 135 39014,,Holmes,1,0.88,Indianpoint,1,0.07,U_Cariboo,2,0.03,Bowron,1,0.01,McGregor,1,0.00
Area127 (15) troll 135 39019,,Cedar_R_SuFa,5020,0.18,Soos_H,5020,0.16,Voights_H,5020,0.14,Samish_H,5016,0.12,NF_Skokomish_F,5005,0.12
Area127 (15) troll 135 39021,,Chilliwack_F,3,0.99,Harrison,3,0.01,,,,,,,,,
Area127 (15) troll 135 39022,,Chilliwack_F,3,1.00,Harrison,3,0.00,,,,,,,,,
Area127 (15) troll 135 39023,,Little_R,5,0.80,L_Thompson,5,0.10,South_Thom,5,0.08,L_Adams,5,0.02,Methow_R,5026,0.00
Area127 (15) troll 135 39036,,Methow_R,5026,0.84,Wells_H,5026,0.11,Hanford_Reach,5026,0.02,Priest_Rapids_H,5026,0.02,Priest_Rapid_H,5026,0.01
Area127 (15) troll 135 39038,,U_Atnarko,10,0.93,LowAtnarko,10,0.06,Skagit_R,5016,0.00,Atnarko,10,0.00,Kitsumkalum_R,23,0.00
Area127 (15) troll 135 39041,,Conuma,8,1.00,Zeballos,8,0.00,Kaouk_R,8,0.00,,,,,,
Area127 (15) troll 135 39042,,Hanford_Reach,5026,0.82,Lyons_Ferry_H,5021,0.15,Priest_Rapid_H,5026,0.02,Umatilla_H_Fa,5026,0.00,Wells_H,5026,0.00
Area127 (15) troll 135 39045,,Hanford_Reach,5026,0.56,Methow_R,5026,0.33,Wells_H,5026,0.05,Wenatchee_R_SF,5026,0.02,Lyons_Ferry_H,5021,0.02
Area127 (15) troll 135 39049,,Lyons_Ferry_H,5021,0.95,Hanford_Reach,5026,0.04,Priest_Rapid_H,5026,0.00,Nez_PerceT_H,5021,0.00,Umatilla_H,5026,0.00
Area127 (15) troll 135 39051,,Hanford_Reach,5026,0.87,Umatilla_H_Fa,5026,0.09,Puntledge_F,7,0.01,Umatilla_H,5026,0.01,Nez_PerceT_H,5021,0.01
Area127 (15) troll 135 39052,,Hanford_Reach,5026,0.42,Priest_Rapid_H,5026,0.29,Umatilla_H,5026,0.11,Wells_H,5026,0.07,Priest_Rapids_H,5026,0.05
Area127 (15) troll 135 39057,,Hanford_Reach,5026,0.36,Wells_H,5026,0.36,Methow_R,5026,0.10,Priest_Rapids_H,5026,0.09,Lyons_Ferry_H,5021,0.04
Area127 (15) troll 135 39110,,Spring_Cr_col,5030,0.99,Big_Cr_H_Col,5030,0.01,Cowlitz_H_sp,5009,0.00,Abernathy_Cr_Fa,5008,0.00,Abernathy_NFH_F,5008,0.00
Area127 (15) troll 135 39121,,Spring_Cr_col,5030,0.83,Big_Cr_H_Col,5030,0.17,Elochoman_H,5030,0.00,Priest_Rapid_H,5026,0.00,Washougal_R_Fa,5008,0.00
Area127 (15) troll 135 39124,,Soos_H,5020,0.34,Cedar_R_SuFa,5020,0.33,George_Adams_H,5005,0.14,Skagit_R,5016,0.08,Samish_H,5016,0.04
Area127 (15) troll 135 39131,,Umpqua_H,5011,0.41,Quilayute_R,5028,0.26,Trask_R,5015,0.12,S_Umpqua_H,5011,0.06,Humptulips_H,5028,0.05
Area127 (15) troll 139 39203,,Cowlitz_H_sp,5009,0.85,Lewis_R_Su,5008,0.15,Big_Cr_H_Col,5030,0.00,Washougal_R_Fa,5008,0.00,Hanford_Reach,5026,0.00
Area127 (15) troll 139 39205,,Spring_Cr_col,5030,0.90,Big_Cr_H_Col,5030,0.10,,,,,,,,,
Area127 (15) troll 139 39210,,Skagit_R,5016,0.70,Priest_Rapids_H,5026,0.12,Umpqua_H,5011,0.08,Hanford_Reach,5026,0.03,NF_Nooksack_H,5016,0.02
Area127 (15) troll 139 39218,,Bessette,5,1.00,M_Shuswap,5,0.00,Duteau_Cr,5,0.00,Little_R,5,0.00,South_Thom,5,0.00
Area127 (15) troll 139 39219,,Hanford_Reach,5026,0.38,Methow_R,5026,0.20,Battle_Cr,5001,0.16,Priest_Rapid_H,5026,0.11,Lyons_Ferry_H,5021,0.04
Area127 (15) troll 139 39221,,L_Deschutes_R,5004,0.23,Hanford_Reach,5026,0.19,Umpqua_H,5011,0.18,Priest_Rapids_H,5026,0.15,Lyons_Ferry_H,5021,0.09
Area127 (15) troll 139 39246,,Hanford_Reach,5026,0.33,Priest_Rapid_H,5026,0.21,Methow_R,5026,0.20,Priest_Rapids_H,5026,0.17,Umatilla_H,5026,0.04
Area127 (15) troll 139 9201,,S_Coos_R,5011,0.77,S_Umpqua_H,5011,0.13,Trask_R,5015,0.04,Humptulips_H,5028,0.02,Sixes_R,5011,0.02
Area127 (15) troll 139 9203,,Soos_H,5020,0.54,Voights_H,5020,0.21,Samish_H,5016,0.12,Cedar_R_SuFa,5020,0.04,NF_Skokomish_F,5005,0.02
Area127 (15) troll 139 9205,,Spring_Cr_col,5030,0.99,Big_Cr_H_Col,5030,0.01,,,,,,,,,
Area127 (15) troll 139 9206,,Little_R,5,0.63,Umpqua_H,5011,0.12,L_Thompson,5,0.08,Hanford_Reach,5026,0.04,Umatilla_H,5026,0.02
Area127 (15) troll 139 9207,,Little_R,5,1.00,Naches_Sp,5010,0.00,,,,,,,,,
Area127 (15) troll 139 9213,,Little_R,5,0.88,South_Thom,5,0.09,L_Adams,5,0.03,L_Thompson,5,0.00,Bessette,5,0.00
Area127 (15) troll 139 9220,,Sixes_R,5011,0.43,S_Coos_R,5011,0.23,Umpqua_H,5011,0.18,S_Umpqua_H,5011,0.16,Elk_H,5011,0.01
Area127 (15) troll 139 9241,,Lewis_R_Su,5008,0.94,Sol_Duc_H,5028,0.04,Cowlitz_H_sp,5009,0.01,Lewis_R_LSu,5008,0.01,Kalama_H_sp,5009,0.00
Area127 (15) troll 139 9246,,Cedar_R_SuFa,5020,0.64,Puntledge_F,7,0.12,Samish_H,5016,0.08,Soos_H,5020,0.06,Snoqualmie_R,5016,0.03
Area127 (15) troll 139 9247,,Lyons_Ferry_H,5021,0.92,Priest_Rapid_H,5026,0.03,Nez_PerceT_H,5021,0.02,Methow_R,5026,0.02,Hanford_Reach,5026,0.01
Area127 (15) troll 139 9250,,Conuma,8,0.56,Tlupana,8,0.41,Zeballos,8,0.03,Tahsis,8,0.00,Burman,8,0.00
Area127 (15) troll 139 9253,,Alsea_R,5015,0.46,Trask_R,5015,0.33,Kilchis_R,5015,0.10,Nestucca_H,5015,0.04,S_Coos_R,5011,0.03
Area127 (15) troll 139 9254,,Hanford_Reach,5026,0.65,Feather_H_fa,5001,0.14,Feather_H_sp,5002,0.13,Butte_Cr_f,5001,0.07,Battle_Cr,5001,0.00
Area127 (15) troll 139 9258,,Wells_H,5026,0.35,Lyons_Ferry_H,5021,0.32,Hanford_Reach,5026,0.12,Priest_Rapids_H,5026,0.11,Priest_Rapid_H,5026,0.04
Area127 (15) troll 139 9262,,Holmes,1,0.88,Indianpoint,1,0.07,U_Cariboo,2,0.03,Bowron,1,0.01,McGregor,1,0.00
Area127 (15) troll 139 9306,,Trask_R,5015,0.54,S_Coos_R,5011,0.39,Salmon_R_f,5015,0.01,Kilchis_R,5015,0.01,S_Umpqua_H,5011,0.01
Area127 (15) troll 139 9319,,Soos_H,5020,0.30,Voights_H,5020,0.21,Samish_H,5016,0.15,George_Adams_H,5005,0.14,NF_Skokomish_F,5005,0.14
Area127 (15) troll 139 9322,,Hanford_Reach,5026,0.90,Priest_Rapids_H,5026,0.06,Battle_Cr,5001,0.02,Methow_R,5026,0.01,Priest_Rapid_H,5026,0.01
Area127 (15) troll 139 9339,,Methow_R,5026,0.99,Wells_H,5026,0.00,Hanford_Reach,5026,0.00,Umatilla_H_Fa,5026,0.00,Wenatchee_R_SF,5026,0.00
Area127 (15) troll 140 39306,,Zeballos,8,0.58,Conuma,8,0.38,Tlupana,8,0.02,Kaouk_R,8,0.01,Tahsis,8,0.00
Area127 (15) troll 140 39307,,Conuma,8,0.85,Tlupana,8,0.07,Zeballos,8,0.07,Kaouk_R,8,0.00,Moyeha_R,8,0.00
Area127 (15) troll 140 39308,,Conuma,8,0.95,Tlupana,8,0.03,Zeballos,8,0.02,Kaouk_R,8,0.00,,,
Area127 (15) troll 140 39311,,Conuma,8,0.97,Tlupana,8,0.01,Zeballos,8,0.01,Tahsis,8,0.00,Kaouk_R,8,0.00
Area127 (15) troll 140 39313,,Conuma,8,0.77,Zeballos,8,0.15,Tlupana,8,0.06,Kaouk_R,8,0.03,Tahsis,8,0.00
Area127 (15) troll 140 39314,,Conuma,8,0.73,Zeballos,8,0.26,Tlupana,8,0.00,Bowron,1,0.00,Kaouk_R,8,0.00
Area127 (15) troll 140 39317,,Conuma,8,0.89,Zeballos,8,0.08,Tlupana,8,0.03,Moyeha_R,8,0.00,Kaouk_R,8,0.00
Area127 (15) troll 140 39322,,Lyons_Ferry_H,5021,0.44,Hanford_Reach,5026,0.31,Methow_R,5026,0.18,Priest_Rapids_H,5026,0.04,Nez_PerceT_H,5021,0.01
Area127 (15) troll 140 39323,,Conuma,8,0.91,Zeballos,8,0.08,Kaouk_R,8,0.00,Tlupana,8,0.00,Tahsis,8,0.00
Area127 (15) troll 140 39324,,Conuma,8,0.96,Tlupana,8,0.03,Zeballos,8,0.01,Tahsis,8,0.00,Kaouk_R,8,0.00
Area127 (15) troll 140 39330,,Conuma,8,0.71,Zeballos,8,0.28,Tlupana,8,0.00,Kaouk_R,8,0.00,Moyeha_R,8,0.00
Area127 (15) troll 140 39336,,BlueCr_UpPitt,12,1.00,,,,,,,,,,,,
Area127 (15) troll 140 39342,,Skagit_R,5016,0.97,Snoqualmie_R,5016,0.01,Skykomish_R,5016,0.01,Holmes,1,0.01,Puntledge_F,7,0.00
Area127 (15) troll 140 39345,,Hanford_Reach,5026,0.92,Nez_PerceT_H,5021,0.03,Priest_Rapids_H,5026,0.02,Priest_Rapid_H,5026,0.02,Wells_H,5026,0.01
Area127 (15) troll 140 39347,,Conuma,8,0.93,Tlupana,8,0.05,Zeballos,8,0.02,Kaouk_R,8,0.00,,,
Area127 (15) troll 140 39352,,Conuma,8,0.96,Zeballos,8,0.03,Tlupana,8,0.01,Kaouk_R,8,0.00,Burman,8,0.00
Area127 (15) troll 140 39353,,Conuma,8,0.81,Tlupana,8,0.10,Zeballos,8,0.08,Kaouk_R,8,0.00,Burman,8,0.00
Area127 (15) troll 140 39355,,Conuma,8,0.59,Zeballos,8,0.36,Burman,8,0.03,Tlupana,8,0.02,Kaouk_R,8,0.00
Area127 (15) troll 140 39357,,Chilliwack_F,3,0.61,Harrison,3,0.39,Samish_H,5016,0.00,,,,,,
Area127 (15) troll 140 39361,,Methow_R,5026,0.90,Hanford_Reach,5026,0.05,Wenatchee_R_SF,5026,0.02,Umatilla_H_Fa,5026,0.01,Wells_H,5026,0.01
Area127 (15) troll 140 39364,,Conuma,8,0.64,Zeballos,8,0.34,Tlupana,8,0.01,Burman,8,0.00,Kaouk_R,8,0.00
Area127 (15) troll 140 39367,,Conuma,8,0.54,Zeballos,8,0.22,Tlupana,8,0.19,Kaouk_R,8,0.03,Burman,8,0.01
Area127 (15) troll 140 39377,,Zeballos,8,0.62,Conuma,8,0.37,Tlupana,8,0.00,Kaouk_R,8,0.00,,,
Area127 (15) troll 140 39383,,Harrison,3,0.99,Chilliwack_F,3,0.01,Andrew_MedH,5024,0.00,Craig,18,0.00,NF_Skokomish_F,5005,0.00
Area127 (15) troll 140 39385,,Cowlitz_H_sp,5009,0.93,Lewis_R_Su,5008,0.03,Battle_Cr,5001,0.02,Kalama_H_sp,5009,0.01,Washougal_R_Fa,5008,0.01
Area127 (15) troll 140 39392,,Conuma,8,0.87,Tlupana,8,0.06,Zeballos,8,0.05,Kaouk_R,8,0.01,Burman,8,0.01
Area127 (15) troll 140 39405,,Conuma,8,0.74,Zeballos,8,0.25,Kaouk_R,8,0.00,Tlupana,8,0.00,Tahsis,8,0.00
Area127 (15) troll 140 39407,,Conuma,8,0.86,Zeballos,8,0.06,Tlupana,8,0.05,Kaouk_R,8,0.03,Burman,8,0.00
Area127 (15) troll 140 39412,,Conuma,8,0.65,Zeballos,8,0.26,Tlupana,8,0.07,Burman,8,0.01,Kaouk_R,8,0.00
Area127 (15) troll 140 39414,,Spring_Cr_col,5030,0.94,Big_Cr_H_Col,5030,0.06,Abernathy_NFH_F,5008,0.00,,,,,,
Area127 (15) troll 140 39416,,Conuma,8,0.91,Tlupana,8,0.06,Zeballos,8,0.03,Tahsis,8,0.00,Kaouk_R,8,0.00
Area127 (15) troll 140 39417,,S_Coos_R,5011,0.60,Coquille_R,5011,0.26,Umpqua_H,5011,0.04,S_Umpqua_H,5011,0.03,Coos_H,5011,0.03
Area127 (15) troll 140 39423,,Conuma,8,0.96,Zeballos,8,0.02,Tlupana,8,0.01,Tahsis,8,0.01,Burman,8,0.00
Area127 (15) troll 140 39426,,Marble@NVI,8,1.00,,,,,,,,,,,,
Area127 (15) troll 140 39429,,Methow_R,5026,0.58,Wells_H,5026,0.22,Wenatchee_R_SF,5026,0.13,Hanford_Reach,5026,0.04,Priest_Rapids_H,5026,0.02
Area127 (15) troll 140 39440,,Hanford_Reach,5026,0.74,Wells_H,5026,0.09,Priest_Rapid_H,5026,0.07,Methow_R,5026,0.07,Umatilla_H,5026,0.01
Area127 (15) troll 140 39455,,Conuma,8,0.87,Tlupana,8,0.12,Zeballos,8,0.01,Tahsis,8,0.00,Moyeha_R,8,0.00
Area127 (15) troll 140 39456,,Conuma,8,0.90,Zeballos,8,0.07,Tlupana,8,0.02,Kaouk_R,8,0.00,Burman,8,0.00
Area127 (15) troll 140 39460,,S_Coos_R,5011,0.60,Sixes_R,5011,0.28,Lewis_R_Su,5008,0.04,Hoh_R,5028,0.02,Coquille_R,5011,0.02
Area127 (15) troll 140 39466,,Zeballos,8,0.51,Conuma,8,0.48,Tlupana,8,0.01,Burman,8,0.00,Kaouk_R,8,0.00
Area127 (15) troll 140 39467,,S_Coos_R,5011,0.59,Trask_R,5015,0.19,Alsea_R,5015,0.07,Hoh_R,5028,0.06,S_Umpqua_H,5011,0.03
Area127 (15) troll 140 39472,,Chilliwack_F,3,0.98,Harrison,3,0.02,Hanford_Reach,5026,0.00,Priest_Rapid_H,5026,0.00,Gold_R,8,0.00
Area127 (15) troll 140 39477,,Conuma,8,0.89,Zeballos,8,0.07,Tlupana,8,0.01,Burman,8,0.01,Kaouk_R,8,0.01
Area127 (15) troll 140 39479,,Conuma,8,0.96,Tlupana,8,0.02,Zeballos,8,0.01,Kaouk_R,8,0.00,Tahsis,8,0.00
Area127 (15) troll 140 39485,,Nanaimo_SU,7,0.63,Nanaimo_SP,7,0.23,Puntledge_Su,7,0.14,Puntledge_F,7,0.00,Cowichan,7,0.00
Area127 (15) troll 140 39487,,Zeballos,8,0.69,Kaouk_R,8,0.12,Gold_R,8,0.12,Conuma,8,0.04,Burman,8,0.03
Area127 (15) troll 140 39490,,Trask_R,5015,0.73,S_Coos_R,5011,0.13,Alsea_R,5015,0.06,Wilson_R,5015,0.05,Necanicum_H,5015,0.01
Area127 (15) troll 140 39491,,Holmes,1,0.88,Indianpoint,1,0.05,McGregor,1,0.04,Bowron,1,0.02,U_Cariboo,2,0.01
Area127 (15) troll 140 39495,,Chilliwack_F,3,1.00,Priest_Rapid_H,5026,0.00,Wells_H,5026,0.00,Voights_H,5020,0.00,Harrison,3,0.00
Area127 (15) troll 140 9502,,Wells_H,5026,0.99,Hanford_Reach,5026,0.00,Kalama_H_sp,5009,0.00,Washougal_R_Fa,5008,0.00,Sandy_R,5008,0.00
Area127 (15) troll 140 9504,,Spring_Cr_col,5030,0.99,Big_Cr_H_Col,5030,0.01,,,,,,,,,
Area127 (15) troll 140 9506,,Wells_H,5026,0.53,Lyons_Ferry_H,5021,0.16,Methow_R,5026,0.16,Priest_Rapid_H,5026,0.06,Hanford_Reach,5026,0.05
Area127 (15) troll 140 9508,,Cowlitz_H_sp,5009,0.85,Spring_Cr_col,5030,0.08,Lewis_R_Su,5008,0.03,Kalama_H_sp,5009,0.03,Big_Cr_H_Col,5030,0.00
Area127 (15) troll 140 9518,,N_Santiam_H,5029,0.98,McKenzie_H,5029,0.02,,,,,,,,,
Area127 (15) troll 140 9525,,S_Coos_R,5011,0.33,Hanford_Reach,5026,0.23,Trask_R,5015,0.17,S_Umpqua_H,5011,0.13,Coquille_R,5011,0.05
Area127 (15) troll 140 9526,,Wells_H,5026,0.54,Methow_R,5026,0.32,Hanford_Reach,5026,0.07,Priest_Rapid_H,5026,0.06,Priest_Rapids_H,5026,0.01
Area127 (15) troll 140 9527,,Lyons_Ferry_H,5021,0.42,Hanford_Reach,5026,0.24,Wells_H,5026,0.12,Priest_Rapid_H,5026,0.10,Priest_Rapids_H,5026,0.06
Area127 (15) troll 140 9545,,Wells_H,5026,0.37,Methow_R,5026,0.35,Priest_Rapid_H,5026,0.08,Wenatchee_R_SF,5026,0.08,Hanford_Reach,5026,0.05
Area127 (15) troll 140 9552,,Spring_Cr_col,5030,0.95,Big_Cr_H_Col,5030,0.05,Lewis_R_Su,5008,0.00,Washougal_R_Fa,5008,0.00,Abernathy_NFH_F,5008,0.00
Area127 (15) troll 140 9554,,Spring_Cr_col,5030,0.73,Big_Cr_H_Col,5030,0.27,,,,,,,,,
Area127 (15) troll 140 9556,,Methow_R,5026,0.77,Priest_Rapid_H,5026,0.11,Hanford_Reach,5026,0.06,Wells_H,5026,0.03,Wenatchee_R_SF,5026,0.03
Area127 (15) troll 140 9557,,Spring_Cr_col,5030,1.00,Big_Cr_H_Col,5030,0.00,,,,,,,,,
Area127 (15) troll 140 9559,,Cedar_R_SuFa,5020,0.52,Soos_H,5020,0.30,Samish_H,5016,0.09,George_Adams_H,5005,0.02,Bear_Cr_SuFa,5020,0.02
Area127 (15) troll 140 9562,,Priest_Rapid_H,5026,0.36,Hanford_Reach,5026,0.30,Methow_R,5026,0.13,Lyons_Ferry_H,5021,0.09,Priest_Rapids_H,5026,0.05
Area127 (15) troll 140 9566,,Spring_Cr_col,5030,0.99,Washougal_R_Fa,5008,0.01,Big_Cr_H_Col,5030,0.01,Lewis_R_Su,5008,0.00,Wells_H,5026,0.00
Area127 (15) troll 140 9567,,Spring_Cr_col,5030,0.82,Big_Cr_H_Col,5030,0.12,Hanford_Reach,5026,0.05,Cowlitz_H_sp,5009,0.00,Priest_Rapid_H,5026,0.00
Area127 (15) troll 140 9570,,Spring_Cr_col,5030,0.99,Big_Cr_H_Col,5030,0.01,Abernathy_NFH_F,5008,0.00,Kalama_H_sp,5009,0.00,,,
Area127 (15) troll 140 9571,,S_Coos_R,5011,0.39,N_Santiam_H,5029,0.34,McKenzie_H,5029,0.13,Cowlitz_H_sp,5009,0.04,Lewis_R_Su,5008,0.02
Area127 (15) troll 140 9582,,Samish_H,5016,0.25,Harrison,3,0.19,Little_R,5,0.19,Cedar_R_SuFa,5020,0.18,Snoqualmie_R,5016,0.07
Area127 (15) troll 140 9595,,Spring_Cr_col,5030,1.00,,,,,,,,,,,,
Area127 (15) troll 140 9598,,Spring_Cr_col,5030,1.00,Big_Cr_H_Col,5030,0.00,,,,,,,,,
Area127 (15) troll 140 9604,,Wells_H,5026,0.50,Methow_R,5026,0.39,Wenatchee_R_SF,5026,0.03,Priest_Rapid_H,5026,0.03,Hanford_Reach,5026,0.03
Area127 (15) troll 140 9807,,Conuma,8,0.91,Zeballos,8,0.08,Kaouk_R,8,0.00,Tlupana,8,0.00,,,
Area127 (15) troll 140 9808,,Tlupana,8,0.49,Conuma,8,0.42,Zeballos,8,0.09,Moyeha_R,8,0.01,Kaouk_R,8,0.00
Area127 (15) troll 140 9810,,Conuma,8,0.89,Zeballos,8,0.10,Tlupana,8,0.00,Tahsis,8,0.00,Kaouk_R,8,0.00
Area127 (15) troll 140 9814,,Conuma,8,0.69,Zeballos,8,0.19,Tlupana,8,0.12,Tahsis,8,0.00,Burman,8,0.00
Area127 (15) troll 140 9821,,Umpqua_H,5011,0.39,S_Coos_R,5011,0.26,Hanford_Reach,5026,0.11,L_Deschutes_R,5004,0.05,Lyons_Ferry_H,5021,0.02
Area127 (15) troll 140 9824,,Conuma,8,0.87,Zeballos,8,0.08,Tlupana,8,0.05,Burman,8,0.00,Kaouk_R,8,0.00
Area127 (15) troll 140 9828,,Skagit_R,5016,0.99,U_Sauk_R_SpSu,5016,0.01,Snoqualmie_R,5016,0.00,Kateen,10,0.00,Puntledge_F,7,0.00
Area127 (15) troll 150 3101,,Hanford_Reach,5026,0.94,Priest_Rapid_H,5026,0.05,Wenatchee_R_SF,5026,0.01,Lyons_Ferry_H,5021,0.01,L_Deschutes_R,5004,0.00
Area127 (15) troll 150 3107,,Tlupana,8,0.50,Conuma,8,0.47,Kaouk_R,8,0.02,Tahsis,8,0.01,Zeballos,8,0.00
Area127 (15) troll 150 3113,,Conuma,8,0.94,Tlupana,8,0.06,Zeballos,8,0.00,,,,,,
Area127 (15) troll 150 3114,,Marble@NVI,8,1.00,,,,,,,,,,,,
Area127 (15) troll 150 3132,,Methow_R,5026,0.57,Priest_Rapid_H,5026,0.25,Priest_Rapids_H,5026,0.16,Hanford_Reach,5026,0.01,Wells_H,5026,0.00
Area127 (15) troll 150 3201,,Hanford_Reach,5026,0.54,Wells_H,5026,0.32,Lyons_Ferry_H,5021,0.07,Priest_Rapid_H,5026,0.03,Priest_Rapids_H,5026,0.01
Area127 (15) troll 150 3209,,Battle_Cr,5001,0.51,Butte_Cr_f,5001,0.46,Feather_H_fa,5001,0.03,Stanislaus_R,5001,0.00,Feather_H_sp,5002,0.00
Area127 (15) troll 150 3213,,Puntledge_F,7,0.91,Cowichan,7,0.08,Big_Qualicum,7,0.01,Puntledge_BackX,7,0.00,Soos_H,5020,0.00
Area127 (15) troll 150 3214,,San_Juan,8,0.72,Toquart,8,0.10,Kaouk_R,8,0.07,Nitinat,8,0.06,Zeballos,8,0.03
Area127 (15) troll 150 3215,,Conuma,8,0.72,Zeballos,8,0.27,Tlupana,8,0.01,Kaouk_R,8,0.00,Moyeha_R,8,0.00
Area127 (15) troll 150 3216,,Conuma,8,0.81,Zeballos,8,0.10,Tlupana,8,0.06,Gold_R,8,0.02,Burman,8,0.00
Area127 (15) troll 150 3221,,Conuma,8,0.98,Zeballos,8,0.02,Tlupana,8,0.00,Tahsis,8,0.00,Burman,8,0.00
Area127 (15) troll 150 3224,,Methow_R,5026,0.78,Hanford_Reach,5026,0.13,Priest_Rapid_H,5026,0.07,Wenatchee_R_SF,5026,0.01,Wells_H,5026,0.01
Area127 (15) troll 150 3231,,Wells_H,5026,0.63,Hanford_Reach,5026,0.25,Priest_Rapid_H,5026,0.10,Methow_R,5026,0.01,Umatilla_H_Fa,5026,0.01
Area127 (15) troll 150 3235,,Conuma,8,0.74,Tlupana,8,0.16,Zeballos,8,0.10,Burman,8,0.00,Moyeha_R,8,0.00
Area127 (15) troll 150 3240,,Washougal_R_Fa,5008,0.62,Lewis_R_Su,5008,0.38,Lewis_R_LSu,5008,0.00,,,,,,
Area127 (15) troll 150 3246,,Zeballos,8,0.47,Conuma,8,0.43,Tlupana,8,0.08,Kaouk_R,8,0.02,Burman,8,0.00
Area127 (15) troll 150 3254,,Conuma,8,0.68,Zeballos,8,0.24,Kaouk_R,8,0.04,Tlupana,8,0.03,Burman,8,0.00
Area127 (15) troll 150 3255,,Spring_Cr_col,5030,0.49,Hanford_Reach,5026,0.45,Lyons_Ferry_H,5021,0.03,Nez_PerceT_H,5021,0.01,Umatilla_H_Fa,5026,0.01
Area127 (15) troll 150 3264,,Conuma,8,0.73,Tlupana,8,0.21,Kaouk_R,8,0.02,Zeballos,8,0.02,Burman,8,0.02
Area127 (15) troll 150 3265,,Conuma,8,0.80,Zeballos,8,0.19,Tlupana,8,0.02,Burman,8,0.00,Kaouk_R,8,0.00
Area127 (15) troll 150 3267,,Lyons_Ferry_H,5021,0.97,Nez_PerceT_H,5021,0.02,ClearwaterRFa,5021,0.01,Priest_Rapid_H,5026,0.01,L_Deschutes_R,5004,0.00
Area127 (15) troll 150 3274,,Zeballos,8,0.51,Conuma,8,0.38,Tlupana,8,0.09,Kaouk_R,8,0.01,Burman,8,0.01
Area127 (15) troll 150 3275,,Conuma,8,0.51,Zeballos,8,0.30,Tlupana,8,0.19,Burman,8,0.00,Kaouk_R,8,0.00
Area127 (15) troll 150 3283,,Chilliwack_F,3,1.00,Harrison,3,0.00,,,,,,,,,
Area127 (15) troll 150 3285,,Hanford_Reach,5026,0.78,Wells_H,5026,0.10,Methow_R,5026,0.06,Priest_Rapid_H,5026,0.05,Wenatchee_R_SF,5026,0.01
Area127 (15) troll 150 3291,,Big_Cr_H_Col,5030,0.55,Spring_Cr_col,5030,0.45,Cowlitz_H_sp,5009,0.00,Elochoman_H,5030,0.00,Abernathy_NFH_F,5008,0.00
Area127 (15) troll 150 3298,,Marble@NVI,8,1.00,,,,,,,,,,,,
Area127 (15) troll 150 3300,,Conuma,8,0.99,Tlupana,8,0.01,Kaouk_R,8,0.00,Zeballos,8,0.00,Tahsis,8,0.00
Area127 (15) troll 150 33628,,Conuma,8,0.93,Tlupana,8,0.07,Zeballos,8,0.00,Gold_R,8,0.00,Robertson,8,0.00
Area127 (15) troll 150 3502,,Wells_H,5026,0.37,Methow_R,5026,0.36,Priest_Rapids_H,5026,0.11,Priest_Rapid_H,5026,0.08,Hanford_Reach,5026,0.04
Area127 (15) troll 150 3509,,Marble@NVI,8,1.00,,,,,,,,,,,,
Area127 (15) troll 150 3515,,Conuma,8,0.98,Tlupana,8,0.02,Zeballos,8,0.00,Burman,8,0.00,Kaouk_R,8,0.00
Area127 (15) troll 150 3519,,Conuma,8,0.69,Tlupana,8,0.26,Zeballos,8,0.03,Burman,8,0.01,Moyeha_R,8,0.00
Area127 (15) troll 150 3524,,Conuma,8,0.94,Tlupana,8,0.05,Kaouk_R,8,0.01,Burman,8,0.00,Zeballos,8,0.00
Area127 (15) troll 150 3547,,Hanford_Reach,5026,0.79,Priest_Rapids_H,5026,0.10,Methow_R,5026,0.07,Umatilla_H,5026,0.01,Priest_Rapid_H,5026,0.01
Area127 (15) troll 150 3552,,Conuma,8,0.75,Tlupana,8,0.20,Zeballos,8,0.05,Kaouk_R,8,0.00,Tahsis,8,0.00
Area127 (15) troll 150 3554,,Robertson,8,0.67,Gold_R,8,0.31,Zeballos,8,0.01,Marble@NVI,8,0.01,Thornton,8,0.00
Area127 (15) troll 150 3556,,Harrison,3,0.39,Chilliwack_F,3,0.13,Baezaeko,2,0.12,N_Thom@Main,4,0.12,Quesnel,2,0.05
Area127 (15) troll 150 3702,,Spring_Cr_col,5030,0.89,Big_Cr_H_Col,5030,0.11,Puntledge_F,7,0.00,Lewis_R_Su,5008,0.00,Cowlitz_H_sp,5009,0.00
Area127 (15) troll 150 3703,,Methow_R,5026,0.41,Wells_H,5026,0.40,Wenatchee_R_SF,5026,0.07,Hanford_Reach,5026,0.06,Lyons_Ferry_H,5021,0.05
Area127 (15) troll 150 3712,,Spring_Cr_col,5030,0.70,Big_Cr_H_Col,5030,0.29,Cowlitz_H_sp,5009,0.00,Elochoman_H,5030,0.00,Kalama_H_sp,5009,0.00
Area127 (15) troll 150 3714,,Methow_R,5026,0.59,Priest_Rapid_H,5026,0.13,Lyons_Ferry_H,5021,0.12,Wells_H,5026,0.10,Priest_Rapids_H,5026,0.02
Area127 (15) troll 150 3716,,Bessette,5,0.99,Little_R,5,0.00,L_Shuswap,5,0.00,L_Adams,5,0.00,M_Shuswap,5,0.00
Area127 (15) troll 150 3740,,Spring_Cr_col,5030,1.00,Big_Cr_H_Col,5030,0.00,,,,,,,,,
Area127 (15) troll 150 3741,,Spring_Cr_col,5030,0.95,Big_Cr_H_Col,5030,0.05,Abernathy_NFH_F,5008,0.00,Cowlitz_H_sp,5009,0.00,N_Santiam_H,5029,0.00
Area127 (15) troll 150 3750,,Hanford_Reach,5026,0.42,Priest_Rapid_H,5026,0.38,Priest_Rapids_H,5026,0.13,Methow_R,5026,0.03,Lyons_Ferry_H,5021,0.02
Area127 (15) troll 150 3759,,Lyons_Ferry_H,5021,0.88,Hanford_Reach,5026,0.08,Priest_Rapid_H,5026,0.02,Priest_Rapids_H,5026,0.00,Nez_PerceT_H,5021,0.00
Area127 (15) troll 150 3761,,Spring_Cr_col,5030,0.80,Big_Cr_H_Col,5030,0.18,Washougal_R_Fa,5008,0.01,Lewis_R_Su,5008,0.00,Abernathy_NFH_F,5008,0.00
Area127 (15) troll 150 3763,,Spring_Cr_col,5030,0.96,Big_Cr_H_Col,5030,0.04,Abernathy_NFH_F,5008,0.00,Elochoman_H,5030,0.00,,,
Area127 (15) troll 150 3769,,Spring_Cr_col,5030,0.91,Big_Cr_H_Col,5030,0.09,Elochoman_H,5030,0.00,Washougal_R_Fa,5008,0.00,N_Santiam_H,5029,0.00
Area127 (15) troll 150 3776,,Big_Cr_H_Col,5030,0.59,Spring_Cr_col,5030,0.41,,,,,,,,,
Area127 (15) troll 150 3783,,Spring_Cr_col,5030,0.98,Big_Cr_H_Col,5030,0.02,,,,,,,,,
Area127 (15) troll 150 3784,,Spring_Cr_col,5030,1.00,Big_Cr_H_Col,5030,0.00,Abernathy_NFH_F,5008,0.00,Washougal_R_Fa,5008,0.00,,,
Area127 (15) troll 150 3791,,Spring_Cr_col,5030,0.57,Hanford_Reach,5026,0.26,Umatilla_H_Fa,5026,0.06,Priest_Rapids_H,5026,0.05,Wells_H,5026,0.03
Area127 (15) troll 150 3793,,Spring_Cr_col,5030,0.90,Big_Cr_H_Col,5030,0.10,Washougal_R_Fa,5008,0.00,Elochoman_H,5030,0.00,Sol_Duc_H,5028,0.00
Area127 (15) troll 150 3798,,Spring_Cr_col,5030,0.97,Big_Cr_H_Col,5030,0.03,Elochoman_H,5030,0.00,Washougal_R_Fa,5008,0.00,,,
Area127 (15) troll 221 10306,,Methow_R,5026,0.65,Hanford_Reach,5026,0.15,Priest_Rapids_H,5026,0.09,Wells_H,5026,0.05,Priest_Rapid_H,5026,0.04
Area127 (15) troll 221 10308,,Little_R,5,0.89,L_Thompson,5,0.05,South_Thom,5,0.04,Voights_H,5020,0.01,Hanford_Reach,5026,0.00
Area127 (15) troll 221 10312,,L_Cariboo,2,0.22,Quesnel,2,0.18,Nechako,2,0.17,L_Thompson,5,0.14,South_Thom,5,0.07
Area127 (15) troll 221 10340,,Hanford_Reach,5026,0.99,Priest_Rapid_H,5026,0.01,S_Coos_R,5011,0.00,Humptulips_H,5028,0.00,Lyons_Ferry_H,5021,0.00
Area127 (15) troll 221 10347,,Wells_H,5026,0.43,Lyons_Ferry_H,5021,0.22,Umatilla_H,5026,0.11,Priest_Rapid_H,5026,0.09,Wenatchee_R_SF,5026,0.05
Area127 (15) troll 221 10364,,Conuma,8,0.51,Zeballos,8,0.48,Tlupana,8,0.01,Burman,8,0.01,Kaouk_R,8,0.00
Area127 (15) troll 221 10367,,Little_R,5,0.95,L_Thompson,5,0.04,Bessette,5,0.00,L_Adams,5,0.00,Hanford_Reach,5026,0.00
Area127 (15) troll 221 10370,,Skagit_R,5016,0.23,Little_R,5,0.17,Soos_H,5020,0.09,Hanford_Reach,5026,0.05,Voights_H,5020,0.05
Area127 (15) troll 221 10374,,Hanford_Reach,5026,0.84,Umatilla_H_Fa,5026,0.04,Nez_PerceT_H,5021,0.04,Lyons_Ferry_H,5021,0.03,Umatilla_H,5026,0.03
Area127 (15) troll 221 10390,,Little_R,5,0.96,Bessette,5,0.03,L_Adams,5,0.00,Eagle_R,5,0.00,L_Thompson,5,0.00
Area127 (15) troll 221 10427,,Soos_H,5020,0.51,Samish_H,5016,0.18,Cedar_R_SuFa,5020,0.13,George_Adams_H,5005,0.06,NF_Skokomish_F,5005,0.04
Area127 (15) troll 221 10433,,Hanford_Reach,5026,0.66,Priest_Rapids_H,5026,0.06,Methow_R,5026,0.06,Priest_Rapid_H,5026,0.06,Lyons_Ferry_H,5021,0.05
Area127 (15) troll 221 10448,,Lewis_R_Su,5008,0.73,Sol_Duc_H,5028,0.12,Washougal_R_Fa,5008,0.12,Lewis_R_LSu,5008,0.02,U_Atnarko,10,0.01
Area127 (15) troll 221 10449,,Hanford_Reach,5026,0.75,Umatilla_H_Fa,5026,0.10,Priest_Rapids_H,5026,0.08,Methow_R,5026,0.07,Lyons_Ferry_H,5021,0.01
Area127 (15) troll 262 42403,,Hanford_Reach,5026,0.55,Cedar_R_SuFa,5020,0.15,Methow_R,5026,0.07,Samish_H,5016,0.06,Priest_Rapid_H,5026,0.04
Area127 (15) troll 262 42404,,Robertson,8,0.59,Gold_R,8,0.26,Zeballos,8,0.10,Conuma,8,0.04,Thornton,8,0.01
Area127 (15) troll 262 42408,,Hoh_R,5028,0.57,Umpqua_H,5011,0.21,U_Atnarko,10,0.05,Voights_H,5020,0.03,Samish_H,5016,0.03
Area127 (15) troll 262 42413,,Methow_R,5026,0.60,Hanford_Reach,5026,0.15,Priest_Rapids_H,5026,0.10,S_Coos_R,5011,0.04,Umatilla_H,5026,0.03
Area127 (15) troll 262 42415,,Kitsumkalum_R,23,0.40,Hoh_R,5028,0.30,U_Atnarko,10,0.09,Exstew_R,23,0.05,Harrison,3,0.02
Area127 (15) troll 262 42423,,Puntledge_F,7,0.89,Soos_H,5020,0.06,Cowichan,7,0.02,Cedar_R_SuFa,5020,0.01,Snoqualmie_R,5016,0.01
Area127 (15) troll 262 42425,,Hoh_R,5028,0.81,Trask_R,5015,0.16,Queets_R,5028,0.02,Humptulips_H,5028,0.00,Kilchis_R,5015,0.00
Area127 (15) troll 262 42426,,S_Coos_R,5011,0.80,Alsea_R,5015,0.09,Trask_R,5015,0.04,Sixes_R,5011,0.02,Coquille_R,5011,0.02
Area127 (15) troll 262 42431,,Sixes_R,5011,0.63,S_Coos_R,5011,0.34,Coquille_R,5011,0.02,S_Umpqua_H,5011,0.00,Coos_H,5011,0.00
Area127 (15) troll 262 42436,,Puntledge_F,7,0.88,Cowichan,7,0.11,Big_Qualicum,7,0.01,Puntledge_BackX,7,0.00,L_Qualicum,7,0.00
Area127 (15) troll 262 42438,,Lyons_Ferry_H,5021,0.72,Hanford_Reach,5026,0.16,L_Deschutes_R,5004,0.07,Nez_PerceT_H,5021,0.03,Priest_Rapid_H,5026,0.01
Area127 (15) troll 262 42439,,L_Wh_Sal_H_sp,5010,0.51,Naches_Sp,5010,0.12,Dworshak_H,5022,0.11,Granite_Cr,5010,0.08,Kitsumkalum_R,23,0.07
Area127 (15) troll 262 42441,,Trask_R,5015,0.56,S_Coos_R,5011,0.22,S_Umpqua_H,5011,0.09,Wilson_R,5015,0.05,Salmon_R_f,5015,0.03
Area127 (15) troll 262 42443,,NF_Nooksack_H,5016,0.96,Skagit_R,5016,0.02,Lewis_R_Su,5008,0.01,Trask_R,5015,0.00,Hanford_Reach,5026,0.00
Area127 (15) troll 262 42445,,Priest_Rapid_H,5026,0.31,Lyons_Ferry_H,5021,0.19,Hanford_Reach,5026,0.18,Methow_R,5026,0.13,Wells_H,5026,0.10
Area127 (15) troll 262 42447,,Methow_R,5026,0.93,Hanford_Reach,5026,0.05,Umatilla_H_Fa,5026,0.01,Wells_H,5026,0.00,Priest_Rapid_H,5026,0.00
Area127 (15) troll 262 42452,,Hoh_R,5028,1.00,Quilayute_R,5028,0.00,Queets_R,5028,0.00,,,,,,
Area127 (15) troll 262 42454,,Humptulips_H,5028,0.99,Forks_Cr_H,5028,0.01,Hoh_R,5028,0.00,,,,,,
Area127 (15) troll 262 42460,,S_Coos_R,5011,0.39,Trask_R,5015,0.30,Nestucca_H,5015,0.23,Wilson_R,5015,0.03,Salmon_R_f,5015,0.02
Area127 (15) troll 262 42461,,Wells_H,5026,0.30,Priest_Rapid_H,5026,0.26,Hanford_Reach,5026,0.24,Methow_R,5026,0.16,Umatilla_H_Fa,5026,0.01
Area127 (15) troll 262 42465,,Sixes_R,5011,0.90,Robertson,8,0.08,Hanford_Reach,5026,0.02,Elk_H,5011,0.00,Coquille_R,5011,0.00
Area127 (15) troll 262 42470,,Humptulips_H,5028,0.71,S_Coos_R,5011,0.17,Nehalem_R,5015,0.05,Forks_Cr_H,5028,0.02,Alsea_R,5015,0.02
Area127 (15) troll 262 42471,,Zeballos,8,0.65,Kaouk_R,8,0.13,Toquart,8,0.12,Nitinat,8,0.10,San_Juan,8,0.00
Area127 (15) troll 262 42472,,Methow_R,5026,0.36,Hanford_Reach,5026,0.33,Priest_Rapid_H,5026,0.14,Lyons_Ferry_H,5021,0.14,Nez_PerceT_H,5021,0.02
Area127 (15) troll 262 42477,,Lyons_Ferry_H,5021,0.44,Hanford_Reach,5026,0.31,Priest_Rapids_H,5026,0.08,Wells_H,5026,0.05,Priest_Rapid_H,5026,0.04
Area127 (15) troll 262 42478,,Robertson,8,0.64,Gold_R,8,0.31,Thornton,8,0.04,Zeballos,8,0.00,Sarita,8,0.00
Area127 (15) troll 262 42479,,Wells_H,5026,0.23,Priest_Rapids_H,5026,0.22,Hanford_Reach,5026,0.18,Methow_R,5026,0.17,Lyons_Ferry_H,5021,0.08
Area127 (15) troll 262 42481,,Wells_H,5026,0.70,Hanford_Reach,5026,0.13,Methow_R,5026,0.06,Lyons_Ferry_H,5021,0.04,Priest_Rapid_H,5026,0.03
Area127 (15) troll 262 42486,,Skagit_R,5016,0.39,Methow_R,5026,0.31,Hanford_Reach,5026,0.23,S_Coos_R,5011,0.03,Wenatchee_R_SF,5026,0.03
Area127 (15) troll 262 42487,,Quilayute_R,5028,0.43,Snoqualmie_R,5016,0.28,Samish_H,5016,0.08,Washougal_R_Fa,5008,0.04,Hoh_R,5028,0.04
Area127 (15) troll 262 42488,,Humptulips_H,5028,0.78,Skagit_R,5016,0.17,Forks_Cr_H,5028,0.05,Hoh_R,5028,0.00,Trask_R,5015,0.00
Area127 (15) troll 271 37170,,S_Coos_R,5011,0.31,Trask_R,5015,0.30,Humptulips_H,5028,0.17,Alsea_R,5015,0.08,Hanford_Reach,5026,0.04
Area127 (15) troll 271 37176,,Nestucca_H,5015,0.32,Humptulips_H,5028,0.27,Trask_R,5015,0.26,Salmon_R_f,5015,0.05,Nehalem_R,5015,0.04
Area127 (15) troll 271 37177,,Hoh_R,5028,0.96,Quilayute_R,5028,0.03,Puntledge_F,7,0.01,Queets_R,5028,0.00,Trask_R,5015,0.00
Area127 (15) troll 271 37178,,Trask_R,5015,0.46,Alsea_R,5015,0.33,Kilchis_R,5015,0.09,Nestucca_H,5015,0.06,Wilson_R,5015,0.02
Area127 (15) troll 271 37179,,S_Coos_R,5011,0.67,Alsea_R,5015,0.18,Coquille_R,5011,0.08,Sixes_R,5011,0.04,Trask_R,5015,0.01
Area127 (15) troll 271 37181,,Hanford_Reach,5026,0.81,L_Deschutes_R,5004,0.09,Priest_Rapid_H,5026,0.05,Lyons_Ferry_H,5021,0.01,Umatilla_H_Fa,5026,0.01
Area127 (15) troll 271 37183,,Hanford_Reach,5026,0.51,Priest_Rapid_H,5026,0.27,Lyons_Ferry_H,5021,0.06,Wells_H,5026,0.06,Methow_R,5026,0.04
Area127 (15) troll 271 37187,,Trask_R,5015,0.34,Quilayute_R,5028,0.20,Nestucca_H,5015,0.17,Kilchis_R,5015,0.08,Hoh_R,5028,0.05
Area127 (15) troll 271 37188,,Humptulips_H,5028,0.95,Forks_Cr_H,5028,0.05,Trask_R,5015,0.00,Wilson_R,5015,0.00,Salmon_R_f,5015,0.00
Area127 (15) troll 271 41202,,Trask_R,5015,0.76,Wilson_R,5015,0.10,Alsea_R,5015,0.08,Necanicum_H,5015,0.03,Nestucca_H,5015,0.01
Area127 (15) troll 271 41220,Dupe with 473,Hanford_Reach,5026,0.61,Lyons_Ferry_H,5021,0.13,Nez_PerceT_H,5021,0.06,Umatilla_H_Fa,5026,0.06,Priest_Rapid_H,5026,0.06
Area127 (15) troll 271 41222,,Hoh_R,5028,0.98,Forks_Cr_H,5028,0.01,NanaimoSu_BackX,7,0.00,Queets_R,5028,0.00,Puntledge_F,7,0.00
Area127 (15) troll 271 41225,,Hanford_Reach,5026,0.75,Methow_R,5026,0.18,Wells_H,5026,0.06,Lyons_Ferry_H,5021,0.01,Wenatchee_R_SF,5026,0.00
Area127 (15) troll 271 41230,Dupe with 470,Hanford_Reach,5026,0.62,Lyons_Ferry_H,5021,0.13,Umatilla_H_Fa,5026,0.06,Nez_PerceT_H,5021,0.06,Priest_Rapid_H,5026,0.05
Area127 (15) troll 271 41231,,NF_Nooksack_H,5016,0.60,Hoh_R,5028,0.19,Queets_R,5028,0.07,Washougal_R_Fa,5008,0.06,Quilayute_R,5028,0.05
Area127 (15) troll 271 41240,,Hanford_Reach,5026,0.88,Umatilla_H,5026,0.07,Lyons_Ferry_H,5021,0.02,Lewis_R_Su,5008,0.01,Nez_PerceT_H,5021,0.01
Area127 (15) troll 271 41244,,S_Coos_R,5011,0.50,Coquille_R,5011,0.21,Trask_R,5015,0.13,Alsea_R,5015,0.06,Wilson_R,5015,0.04
Area127 (15) troll 271 41245,,Hanford_Reach,5026,0.51,Skagit_R,5016,0.14,Methow_R,5026,0.08,Priest_Rapid_H,5026,0.06,Priest_Rapids_H,5026,0.04
Area127 (15) troll 271 41246,,Lewis_R_Su,5008,0.57,Washougal_R_Fa,5008,0.42,Hanford_Reach,5026,0.01,S_Umpqua_H,5011,0.00,Priest_Rapid_H,5026,0.00
Area127 (15) troll 271 41247,,Hoh_R,5028,1.00,Queets_R,5028,0.00,Quilayute_R,5028,0.00,,,,,,
Area127 (15) troll 271 41250,,Hanford_Reach,5026,0.97,Priest_Rapids_H,5026,0.03,Priest_Rapid_H,5026,0.00,Methow_R,5026,0.00,Umatilla_H_Fa,5026,0.00
Area127 (15) troll 271 41253,,Hanford_Reach,5026,0.45,Methow_R,5026,0.27,Wells_H,5026,0.12,Priest_Rapids_H,5026,0.11,L_Deschutes_R,5004,0.02
Area127 (15) troll 271 41254,,S_Coos_R,5011,0.81,Alsea_R,5015,0.11,Coquille_R,5011,0.04,Humptulips_H,5028,0.02,Sixes_R,5011,0.01
Area127 (15) troll 271 41260,,Priest_Rapid_H,5026,0.49,Hanford_Reach,5026,0.38,Umatilla_H,5026,0.09,Lyons_Ferry_H,5021,0.01,Priest_Rapids_H,5026,0.01
Area127 (15) troll 271 41266,,Granite_Cr,5010,0.59,Humptulips_H,5028,0.11,Naches_Sp,5010,0.07,Queets_R,5028,0.06,Skagit_R,5016,0.04
Area127 (15) troll 271 41269,,Humptulips_H,5028,1.00,Forks_Cr_H,5028,0.00,,,,,,,,,
Area127 (15) troll 271 41278,,Trask_R,5015,0.52,Nestucca_H,5015,0.28,Kilchis_R,5015,0.11,Wilson_R,5015,0.05,Alsea_R,5015,0.04
Area127 (15) troll 271 41283,,Hanford_Reach,5026,0.62,Priest_Rapid_H,5026,0.16,Priest_Rapids_H,5026,0.08,Umatilla_H_Fa,5026,0.05,Methow_R,5026,0.05
Area127 (15) troll 271 41289,,S_Coos_R,5011,0.56,NF_Nooksack_H,5016,0.21,Trask_R,5015,0.09,Kilchis_R,5015,0.08,Quilayute_R,5028,0.02
Area127 (15) troll 271 41290,,Hanford_Reach,5026,0.71,Umatilla_H_Fa,5026,0.11,Priest_Rapid_H,5026,0.08,L_Deschutes_R,5004,0.05,Priest_Rapids_H,5026,0.02
Area127 (15) troll 271 41291,,Trask_R,5015,0.95,Nestucca_H,5015,0.04,Kilchis_R,5015,0.01,Wilson_R,5015,0.01,Sixes_R,5011,0.00
Area127 (15) troll 271 41307,,Sixes_R,5011,0.45,Alsea_R,5015,0.38,Kilchis_R,5015,0.10,Wilson_R,5015,0.04,Trask_R,5015,0.03
Area127 (15) troll 271 41308,,Humptulips_H,5028,0.99,Trask_R,5015,0.01,Nestucca_H,5015,0.00,Hoh_R,5028,0.00,Umpqua_H,5011,0.00
Area127 (15) troll 271 41321,,Washougal_R_Fa,5008,0.77,Lewis_R_Su,5008,0.19,Coweeman_R_Fa,5008,0.03,Elochoman_R_Fa,5008,0.00,Lewis_R_LSu,5008,0.00
Area127 (15) troll 271 41323,,Little_R,5,0.88,South_Thom,5,0.07,L_Thompson,5,0.05,,,,,,
Area127 (15) troll 271 41331,,Wells_H,5026,0.34,Methow_R,5026,0.31,Lewis_R_Su,5008,0.23,Hanford_Reach,5026,0.06,Priest_Rapid_H,5026,0.03
Area127 (15) troll 271 41343,,Hanford_Reach,5026,0.85,Lyons_Ferry_H,5021,0.07,Nez_PerceT_H,5021,0.04,Wells_H,5026,0.01,Umatilla_H_Fa,5026,0.01
Area127 (15) troll 271 41344,,Lewis_R_Su,5008,0.97,Washougal_R_Fa,5008,0.03,Hanford_Reach,5026,0.00,Skagit_R,5016,0.00,Lyons_Ferry_H,5021,0.00
Area127 (15) troll 271 41347,,Hanford_Reach,5026,0.31,Cedar_R_SuFa,5020,0.29,L_Deschutes_R,5004,0.22,Umatilla_H_Fa,5026,0.04,Lyons_Ferry_H,5021,0.04
Area127 (15) troll 271 41348,,Humptulips_H,5028,0.31,Trask_R,5015,0.24,Alsea_R,5015,0.20,Nestucca_H,5015,0.07,Salmon_R_f,5015,0.03
Area127 (15) troll 271 41349,,Hoh_R,5028,0.99,S_Coos_R,5011,0.01,Trask_R,5015,0.00,Millicoma_R,5011,0.00,Coquille_R,5011,0.00
Area127 (15) troll 271 41356,,Trask_R,5015,0.70,Alsea_R,5015,0.10,S_Coos_R,5011,0.10,Wilson_R,5015,0.02,Yaquina_R,5015,0.02
Area127 (15) troll 271 41360,,Hanford_Reach,5026,0.65,Priest_Rapid_H,5026,0.12,Priest_Rapids_H,5026,0.08,Wells_H,5026,0.04,Umatilla_H_Fa,5026,0.03
Area127 (15) troll 271 41362,,Priest_Rapid_H,5026,0.41,Hanford_Reach,5026,0.17,Wells_H,5026,0.11,Lyons_Ferry_H,5021,0.10,Umatilla_H_Fa,5026,0.09
Area127 (15) troll 271 42500,,Soos_H,5020,0.45,Cedar_R_SuFa,5020,0.32,George_Adams_H,5005,0.07,NF_Skokomish_F,5005,0.05,Samish_H,5016,0.04
Area127 (15) troll 273 21001,Number of missing Loci exceeded,,,,,,,,,,,,,,,
Area127 (15) troll 273 21004,,Hanford_Reach,5026,0.67,Lyons_Ferry_H,5021,0.16,Wells_H,5026,0.09,Umatilla_H,5026,0.06,Umatilla_H_Fa,5026,0.01
Area127 (15) troll 273 21022,Dupe with 518,S_Coos_R,5011,0.64,Coquille_R,5011,0.22,Sixes_R,5011,0.11,Queets_R,5028,0.02,Coos_H,5011,0.00
Area127 (15) troll 273 21023,,S_Coos_R,5011,0.61,Trask_R,5015,0.17,Coquille_R,5011,0.07,Sixes_R,5011,0.05,Alsea_R,5015,0.05
Area127 (15) troll 273 21033,,Trask_R,5015,0.82,Salmon_R_f,5015,0.06,Alsea_R,5015,0.05,Kilchis_R,5015,0.03,Nestucca_H,5015,0.02
Area127 (15) troll 273 21035,,Trask_R,5015,0.76,Alsea_R,5015,0.16,Wilson_R,5015,0.03,S_Coos_R,5011,0.01,Humptulips_H,5028,0.01
Area127 (15) troll 273 21043,,Humptulips_H,5028,0.97,Forks_Cr_H,5028,0.02,Lyons_Ferry_H,5021,0.01,Soos_H,5020,0.00,Quilayute_R,5028,0.00
Area127 (15) troll 273 21051,,Trask_R,5015,0.91,Alsea_R,5015,0.04,Kilchis_R,5015,0.04,Nehalem_R,5015,0.00,Wilson_R,5015,0.00
Area127 (15) troll 273 21058,,Hanford_Reach,5026,0.46,L_Deschutes_R,5004,0.26,Priest_Rapid_H,5026,0.15,Priest_Rapids_H,5026,0.08,Wells_H,5026,0.02
Area127 (15) troll 273 21059,,Kitsumkalum_R,23,0.26,S_Coos_R,5011,0.20,Sixes_R,5011,0.18,Sol_Duc_H,5028,0.08,Nestucca_H,5015,0.06
Area127 (15) troll 273 21063,,Hanford_Reach,5026,0.95,Priest_Rapid_H,5026,0.04,Wenatchee_R_SF,5026,0.01,Umatilla_H,5026,0.00,Methow_R,5026,0.00
Area127 (15) troll 273 21073,,Nehalem_R,5015,0.97,Trask_R,5015,0.03,Salmon_R_f,5015,0.00,Hanford_Reach,5026,0.00,,,
Area127 (15) troll 273 21074,,Hoh_R,5028,0.43,Quilayute_R,5028,0.37,Soos_H,5020,0.07,Voights_H,5020,0.05,Cedar_R_SuFa,5020,0.03
Area127 (15) troll 273 21078,,S_Coos_R,5011,0.55,Alsea_R,5015,0.41,Humptulips_H,5028,0.01,Nestucca_H,5015,0.01,Coquille_R,5011,0.01
Area127 (15) troll 273 21079,Dupe with 506,S_Coos_R,5011,0.64,Coquille_R,5011,0.22,Sixes_R,5011,0.11,Queets_R,5028,0.01,Coos_H,5011,0.01
Area127 (15) troll 273 21087,,Trask_R,5015,0.33,S_Coos_R,5011,0.25,Nestucca_H,5015,0.09,Alsea_R,5015,0.08,Sixes_R,5011,0.06
Area127 (15) troll 273 21091,,Trask_R,5015,0.91,Wilson_R,5015,0.05,Nestucca_H,5015,0.03,S_Coos_R,5011,0.01,Salmon_R_f,5015,0.00
Area127 (15) troll 273 21094,,Hoh_R,5028,0.99,Queets_R,5028,0.01,Harrison,3,0.00,Skykomish_R,5016,0.00,S_Coos_R,5011,0.00
Area127 (15) troll 273 21095,,Quilayute_R,5028,0.49,Hoh_R,5028,0.43,Umpqua_H,5011,0.04,Trask_R,5015,0.02,Queets_R,5028,0.01
,,,,,,,,,,,,,,,,
Sample: 60, Area23,2015, troll, Mar16-May29,,,,,,,,,,,,
Area23 (15) troll 127 34426,,George_Adams_H,5005,0.94,Cedar_R_SuFa,5020,0.03,Samish_H,5016,0.03,S_Prairie_Cr,5020,0.00,L_Skagit_R_Fa,5016,0.00
Area23 (15) troll 127 34431,,Skagit_R,5016,0.48,Skykomish_R,5016,0.34,U_Sauk_R_SpSu,5016,0.07,Marblemount_Hsu,5016,0.05,Snoqualmie_R,5016,0.03
Area23 (15) troll 127 34457,,Spring_Cr_col,5030,0.95,Big_Cr_H_Col,5030,0.04,Abernathy_NFH_F,5008,0.00,Elochoman_H,5030,0.00,Abernathy_Cr_Fa,5008,0.00
Area23 (15) troll 127 34461,,Abernathy_NFH_F,5008,0.57,Big_Cr_H_Col,5030,0.36,Spring_Cr_col,5030,0.04,Elochoman_H,5030,0.01,Elochoman_R_Fa,5008,0.01
Area23 (15) troll 127 34479,,Spring_Cr_col,5030,0.98,Abernathy_NFH_F,5008,0.02,Elochoman_H,5030,0.00,Big_Cr_H_Col,5030,0.00,,,
Area23 (15) troll 127 34483,,Skagit_R,5016,0.33,Snoqualmie_R,5016,0.27,Skykomish_R,5016,0.19,U_Sauk_R_SpSu,5016,0.14,Marblemount_Hsu,5016,0.03
Area23 (15) troll 127 34491,,Spring_Cr_col,5030,0.95,Elochoman_H,5030,0.03,Abernathy_NFH_F,5008,0.02,Big_Cr_H_Col,5030,0.00,,,
Area23 (15) troll 127 34497,,Spring_Cr_col,5030,0.71,Abernathy_NFH_F,5008,0.13,Big_Cr_H_Col,5030,0.12,Elochoman_H,5030,0.04,Abernathy_Cr_Fa,5008,0.00
Area23 (15) troll 127 34509,,Spring_Cr_col,5030,0.87,Big_Cr_H_Col,5030,0.10,Abernathy_NFH_F,5008,0.02,Elochoman_H,5030,0.00,Elochoman_R_Fa,5008,0.00
Area23 (15) troll 127 34510,,Big_Cr_H_Col,5030,0.60,Spring_Cr_col,5030,0.26,Abernathy_NFH_F,5008,0.12,Elochoman_H,5030,0.01,Abernathy_Cr_Fa,5008,0.01
Area23 (15) troll 127 34519,,Big_Cr_H_Col,5030,0.88,Abernathy_NFH_F,5008,0.06,Spring_Cr_col,5030,0.06,Elochoman_H,5030,0.00,Elochoman_R_Fa,5008,0.00
Area23 (15) troll 127 34523,,George_Adams_H,5005,0.70,S_Prairie_Cr,5020,0.17,Cedar_R_SuFa,5020,0.08,Hamma_Hamma_R,5005,0.03,Clear_Cr_H,5020,0.01
Area23 (15) troll 127 34524,,S_Prairie_Cr,5020,0.91,George_Adams_H,5005,0.05,Hamma_Hamma_R,5005,0.03,Soos_H,5020,0.00,Cedar_R_SuFa,5020,0.00
Area23 (15) troll 127 34528,,Cheakamus_Su,9,0.92,Cheakamus,9,0.08,,,,,,,,,
Area23 (15) troll 127 34530,,S_Prairie_Cr,5020,0.70,Cedar_R_SuFa,5020,0.22,Clear_Cr_H,5020,0.03,Samish_H,5016,0.03,NF_Skokomish_F,5005,0.01
Area23 (15) troll 127 34541,,Skagit_R,5016,0.53,U_Sauk_R_SpSu,5016,0.44,L_Skagit_R_Fa,5016,0.02,Snoqualmie_R,5016,0.01,Kalama_H_sp,5009,0.00
Area23 (15) troll 129 38705,,S_Prairie_Cr,5020,0.57,George_Adams_H,5005,0.27,Clear_Cr_H,5020,0.06,Cedar_R_SuFa,5020,0.05,Hamma_Hamma_R,5005,0.02
Area23 (15) troll 129 38721,,Spring_Cr_col,5030,0.85,Abernathy_NFH_F,5008,0.12,Big_Cr_H_Col,5030,0.03,Elochoman_H,5030,0.00,,,
Area23 (15) troll 138 33019,,Spring_Cr_col,5030,0.86,Big_Cr_H_Col,5030,0.08,Abernathy_NFH_F,5008,0.06,Abernathy_Cr_Fa,5008,0.00,Elochoman_H,5030,0.00
Area23 (15) troll 138 33034,,Hamma_Hamma_R,5005,0.51,George_Adams_H,5005,0.42,Cedar_R_SuFa,5020,0.04,S_Prairie_Cr,5020,0.02,Clear_Cr_H,5020,0.01
Area23 (15) troll 138 33043,,Spring_Cr_col,5030,0.93,Abernathy_NFH_F,5008,0.04,Big_Cr_H_Col,5030,0.02,Elochoman_H,5030,0.00,,,
Area23 (15) troll 138 33046,,Spring_Cr_col,5030,0.98,Abernathy_NFH_F,5008,0.02,Big_Cr_H_Col,5030,0.00,,,,,,
Area23 (15) troll 138 33062,,George_Adams_H,5005,0.68,Cedar_R_SuFa,5020,0.18,Hamma_Hamma_R,5005,0.09,Clear_Cr_H,5020,0.02,S_Prairie_Cr,5020,0.01
Area23 (15) troll 138 33063,,Skagit_R,5016,0.41,Snoqualmie_R,5016,0.30,Skykomish_R,5016,0.07,U_Sauk_R_SpSu,5016,0.06,Harrison,3,0.06
Area23 (15) troll 138 33072,,White_H,5020,1.00,L_Skagit_R_Fa,5016,0.00,Snoqualmie_R,5016,0.00,George_Adams_H,5005,0.00,,,
Area23 (15) troll 138 33075,,George_Adams_H,5005,0.89,Snoqualmie_R,5016,0.05,Hamma_Hamma_R,5005,0.02,Cedar_R_SuFa,5020,0.02,Samish_H,5016,0.01
Area23 (15) troll 139 9266,,Stanislaus_R,5001,0.96,Feather_H_fa,5001,0.02,Battle_Cr,5001,0.01,Feather_H_sp,5002,0.00,Hanford_Reach,5026,0.00
Area23 (15) troll 139 9267,,Cheakamus_Su,9,0.87,U_Sauk_R_SpSu,5016,0.08,Pahsimeroi_R,5022,0.03,Skagit_R,5016,0.01,Snoqualmie_R,5016,0.01
Area23 (15) troll 139 9270,,Priest_Rapid_H,5026,0.99,L_Deschutes_R,5004,0.00,Hanford_Reach,5026,0.00,Methow_R,5026,0.00,Priest_Rapids_H,5026,0.00
Area23 (15) troll 139 9286,,Stanislaus_R,5001,0.88,Priest_Rapid_H,5026,0.06,Feather_H_fa,5001,0.03,Feather_H_sp,5002,0.01,Deer_Cr_sp,5002,0.00
Area23 (15) troll 139 9295,,Abernathy_NFH_F,5008,0.73,Spring_Cr_col,5030,0.19,Elochoman_H,5030,0.07,Big_Cr_H_Col,5030,0.01,,,
Area23 (15) troll 139 9297,,U_Sauk_R_SpSu,5016,0.49,Marblemount_Hsu,5016,0.22,Skagit_R,5016,0.21,Harrison,3,0.03,U_Sauk_R,5016,0.02
Area23 (15) troll 139 9347,,Big_Cr_H_Col,5030,0.81,Spring_Cr_col,5030,0.18,Abernathy_NFH_F,5008,0.01,Elochoman_H,5030,0.00,,,
Area23 (15) troll 139 9349,,NF_Nooksack_H,5016,1.00,Snoqualmie_R,5016,0.00,,,,,,,,,
Area23 (15) troll 139 9351,,S_Prairie_Cr,5020,0.63,George_Adams_H,5005,0.15,Hamma_Hamma_R,5005,0.11,Cedar_R_SuFa,5020,0.06,Clear_Cr_H,5020,0.04
Area23 (15) troll 139 9357,,Spring_Cr_col,5030,0.88,Abernathy_NFH_F,5008,0.11,Big_Cr_H_Col,5030,0.01,Elochoman_H,5030,0.00,,,
Area23 (15) troll 139 9376,,Spring_Cr_col,5030,0.98,Abernathy_NFH_F,5008,0.01,Big_Cr_H_Col,5030,0.01,Sol_Duc_H,5028,0.00,,,
Area23 (15) troll 139 9387,,Big_Cr_H_Col,5030,0.48,Spring_Cr_col,5030,0.45,Elochoman_H,5030,0.06,Abernathy_NFH_F,5008,0.01,Elochoman_R_Fa,5008,0.00
Area23 (15) troll 139 9404,,Kalama_H_sp,5009,0.86,McKenzie_H,5029,0.14,,,,,,,,,
Area23 (15) troll 149 1057,,Spring_Cr_col,5030,0.91,Big_Cr_H_Col,5030,0.08,Abernathy_NFH_F,5008,0.01,Elochoman_H,5030,0.00,,,
Area23 (15) troll 75 32101,,Marblemount_HSp,5016,0.98,Skykomish_R,5016,0.01,Skagit_R,5016,0.01,U_Sauk_R_SpSu,5016,0.00,,,
Area23 (15) troll 75 32102,,S_Prairie_Cr,5020,0.80,Cedar_R_SuFa,5020,0.15,Samish_H,5016,0.02,NF_Skokomish_F,5005,0.01,Snoqualmie_R,5016,0.01
Area23 (15) troll 75 32103,,Spring_Cr_col,5030,0.83,Abernathy_NFH_F,5008,0.15,Big_Cr_H_Col,5030,0.02,Elochoman_H,5030,0.01,,,
Area23 (15) troll 75 32104,,Spring_Cr_col,5030,0.86,Big_Cr_H_Col,5030,0.08,Abernathy_NFH_F,5008,0.05,Elochoman_H,5030,0.01,Abernathy_Cr_Fa,5008,0.00
Area23 (15) troll 75 32105,,George_Adams_H,5005,0.73,Cedar_R_SuFa,5020,0.13,Hamma_Hamma_R,5005,0.05,S_Prairie_Cr,5020,0.05,Snoqualmie_R,5016,0.02
Area23 (15) troll 75 32106,,Kalama_H_sp,5009,0.86,McKenzie_H,5029,0.14,Skagit_R,5016,0.00,Snoqualmie_R,5016,0.00,U_Deschutes_R,5004,0.00
Area23 (15) troll 75 32107,,George_Adams_H,5005,0.57,S_Prairie_Cr,5020,0.25,Hamma_Hamma_R,5005,0.15,Clear_Cr_H,5020,0.01,Samish_H,5016,0.01
Area23 (15) troll 75 32108,Dupe with 23,George_Adams_H,5005,0.21,S_Prairie_Cr,5020,0.19,Hamma_Hamma_R,5005,0.18,Snoqualmie_R,5016,0.12,Skykomish_R,5016,0.08
Area23 (15) troll 75 32109,,Skykomish_R,5016,0.32,Marblemount_Hsu,5016,0.22,NanaimoSu_BackX,7,0.10,Snoqualmie_R,5016,0.07,Harrison,3,0.06
Area23 (15) troll 75 32110,,Spring_Cr_col,5030,0.95,Big_Cr_H_Col,5030,0.04,Abernathy_NFH_F,5008,0.00,Elochoman_H,5030,0.00,,,
Area23 (15) troll 75 32111,,Spring_Cr_col,5030,0.99,Abernathy_NFH_F,5008,0.01,Big_Cr_H_Col,5030,0.00,Snoqualmie_R,5016,0.00,,,
Area23 (15) troll 75 32112,,Abernathy_NFH_F,5008,0.62,Spring_Cr_col,5030,0.35,Big_Cr_H_Col,5030,0.03,Elochoman_H,5030,0.00,Abernathy_Cr_Fa,5008,0.00
Area23 (15) troll 75 32113,,Spring_Cr_col,5030,1.00,Elochoman_H,5030,0.00,Abernathy_NFH_F,5008,0.00,,,,,,
Area23 (15) troll 75 32114,,Spring_Cr_col,5030,0.92,Big_Cr_H_Col,5030,0.04,Abernathy_NFH_F,5008,0.03,Elochoman_H,5030,0.00,,,
Area23 (15) troll 75 32115,,Spring_Cr_col,5030,0.98,Elochoman_H,5030,0.02,Abernathy_Cr_Fa,5008,0.00,Abernathy_NFH_F,5008,0.00,Cowlitz_H_fa,5008,0.00
Area23 (15) troll 75 32116,,Spring_Cr_col,5030,1.00,Abernathy_NFH_F,5008,0.00,,,,,,,,,
Area23 (15) troll 75 32117,,Spring_Cr_col,5030,0.49,Big_Cr_H_Col,5030,0.49,Abernathy_NFH_F,5008,0.02,Elochoman_H,5030,0.00,,,
Area23 (15) troll 75 32118,,Abernathy_NFH_F,5008,0.50,Big_Cr_H_Col,5030,0.20,Elochoman_H,5030,0.09,Spring_Cr_col,5030,0.08,Kalama_H_sp,5009,0.04
Area23 (15) troll 75 32119,,Priest_Rapid_H,5026,0.92,L_Wh_Sal_H_SF,5026,0.03,Wells_H,5026,0.03,L_Deschutes_R,5004,0.01,Sandy_R,5008,0.01
Area23 (15) troll 75 32120,,NF_Nooksack_H,5016,1.00,,,,,,,,,,,,
Area23 (15) troll 75 32121,,Big_Cr_H_Col,5030,0.57,Spring_Cr_col,5030,0.42,Abernathy_NFH_F,5008,0.01,Elochoman_H,5030,0.00,Abernathy_Cr_Fa,5008,0.00
Area23 (15) troll 75 32122,,George_Adams_H,5005,0.57,Hamma_Hamma_R,5005,0.35,Snoqualmie_R,5016,0.04,Clear_Cr_H,5020,0.03,S_Prairie_Cr,5020,0.01
Area23 (15) troll 75 32123,Dupe with 8,George_Adams_H,5005,0.21,S_Prairie_Cr,5020,0.19,Hamma_Hamma_R,5005,0.17,Snoqualmie_R,5016,0.13,Skykomish_R,5016,0.08
Area23 (15) troll 75 32124,,George_Adams_H,5005,0.95,Snoqualmie_R,5016,0.03,Hamma_Hamma_R,5005,0.01,Cedar_R_SuFa,5020,0.00,Clear_Cr_H,5020,0.00
Area23 (15) troll 75 32125,,Spring_Cr_col,5030,0.99,Big_Cr_H_Col,5030,0.01,Abernathy_NFH_F,5008,0.00,,,,,,
Area23 (15) troll 75 32126,,George_Adams_H,5005,0.66,Cedar_R_SuFa,5020,0.21,S_Prairie_Cr,5020,0.08,Hamma_Hamma_R,5005,0.03,Snoqualmie_R,5016,0.01
Area23 (15) troll 75 32127,,Spring_Cr_col,5030,0.36,Abernathy_NFH_F,5008,0.31,Big_Cr_H_Col,5030,0.27,Elochoman_H,5030,0.05,Abernathy_Cr_Fa,5008,0.01
Area23 (15) troll 75 32128,,NF_Nooksack_H,5016,1.00,Skagit_R,5016,0.00,,,,,,,,,
Area23 (15) troll 75 32129,,Spring_Cr_col,5030,0.98,Big_Cr_H_Col,5030,0.01,Abernathy_NFH_F,5008,0.01,Elochoman_H,5030,0.00,,,
Area23 (15) troll 75 32130,,Hamma_Hamma_R,5005,0.32,Cedar_R_SuFa,5020,0.31,George_Adams_H,5005,0.15,S_Prairie_Cr,5020,0.11,Snoqualmie_R,5016,0.06
Area23 (15) troll 75 32131,,Abernathy_NFH_F,5008,0.40,Spring_Cr_col,5030,0.35,Elochoman_H,5030,0.14,Big_Cr_H_Col,5030,0.11,Sandy_R,5008,0.00
Area23 (15) troll 75 32132,,Hamma_Hamma_R,5005,0.50,George_Adams_H,5005,0.32,S_Prairie_Cr,5020,0.16,Samish_H,5016,0.02,Clear_Cr_H,5020,0.00
Area23 (15) troll 75 32134,,Skykomish_R,5016,0.37,Marblemount_Hsu,5016,0.15,Snoqualmie_R,5016,0.14,NanaimoSu_BackX,7,0.10,Harrison,3,0.07
Area23 (15) troll 75 32135,,George_Adams_H,5005,0.39,S_Prairie_Cr,5020,0.20,Cedar_R_SuFa,5020,0.13,Hamma_Hamma_R,5005,0.13,Priest_Rapid_H,5026,0.10
Area23 (15) troll 75 32136,,Spring_Cr_col,5030,0.99,Elochoman_H,5030,0.01,Abernathy_NFH_F,5008,0.00,,,,,,
Area23 (15) troll 75 32137,,Spring_Cr_col,5030,0.99,Elochoman_H,5030,0.00,Big_Cr_H_Col,5030,0.00,Abernathy_NFH_F,5008,0.00,Abernathy_Cr_Fa,5008,0.00
Area23 (15) troll 75 32138,,Cedar_R_SuFa,5020,0.50,S_Prairie_Cr,5020,0.29,George_Adams_H,5005,0.08,Snoqualmie_R,5016,0.06,Samish_H,5016,0.03
Area23 (15) troll 75 32139,,Spring_Cr_col,5030,1.00,Abernathy_NFH_F,5008,0.00,Elochoman_H,5030,0.00,Big_Cr_H_Col,5030,0.00,Washougal_R_Fa,5008,0.00
Area23 (15) troll 75 32140,,Big_Cr_H_Col,5030,0.98,Spring_Cr_col,5030,0.02,,,,,,,,,
Area23 (15) troll 75 32141,,George_Adams_H,5005,0.58,White_H,5020,0.31,Hamma_Hamma_R,5005,0.10,Cedar_R_SuFa,5020,0.00,S_Prairie_Cr,5020,0.00
Area23 (15) troll 75 32142,,George_Adams_H,5005,0.64,Cedar_R_SuFa,5020,0.13,Snoqualmie_R,5016,0.09,Skykomish_R,5016,0.04,NF_Nooksack_H,5016,0.04
Area23 (15) troll 75 32143,,Cedar_R_SuFa,5020,0.34,George_Adams_H,5005,0.23,Cowichan,7,0.10,Hamma_Hamma_R,5005,0.08,Snoqualmie_R,5016,0.06
Area23 (15) troll 75 32144,,George_Adams_H,5005,0.56,S_Prairie_Cr,5020,0.24,Cedar_R_SuFa,5020,0.15,Hamma_Hamma_R,5005,0.03,NF_Skokomish_F,5005,0.00
Area23 (15) troll 75 32145,,George_Adams_H,5005,0.73,Hamma_Hamma_R,5005,0.20,S_Prairie_Cr,5020,0.06,Snoqualmie_R,5016,0.01,L_Skagit_R_Fa,5016,0.01
Area23 (15) troll 75 32146,,Spring_Cr_col,5030,0.99,Abernathy_NFH_F,5008,0.01,Big_Cr_H_Col,5030,0.00,,,,,,
Area23 (15) troll 75 32147,,Spring_Cr_col,5030,0.72,George_Adams_H,5005,0.12,Abernathy_NFH_F,5008,0.11,Cedar_R_SuFa,5020,0.01,White_H,5020,0.01
Area23 (15) troll 75 32148,,George_Adams_H,5005,0.77,Snoqualmie_R,5016,0.10,Hamma_Hamma_R,5005,0.09,Skykomish_R,5016,0.03,U_Sauk_R_SpSu,5016,0.01
Area23 (15) troll 75 32149,,Spring_Cr_col,5030,0.73,Abernathy_NFH_F,5008,0.18,Big_Cr_H_Col,5030,0.09,Elochoman_H,5030,0.00,,,
Area23 (15) troll 75 32150,,Abernathy_NFH_F,5008,0.59,Big_Cr_H_Col,5030,0.19,Spring_Cr_col,5030,0.15,Elochoman_H,5030,0.06,Washougal_R_Fa,5008,0.01
Area23 (15) troll 75 32151,,Spring_Cr_col,5030,0.96,Abernathy_NFH_F,5008,0.04,Big_Cr_H_Col,5030,0.00,,,,,,
Area23 (15) troll 75 32153,,Big_Cr_H_Col,5030,0.61,Abernathy_NFH_F,5008,0.14,Elochoman_H,5030,0.14,Spring_Cr_col,5030,0.12,Kalama_H_sp,5009,0.00
Area23 (15) troll 75 32154,,Spring_Cr_col,5030,0.96,Abernathy_NFH_F,5008,0.03,Big_Cr_H_Col,5030,0.01,Elochoman_H,5030,0.00,Cowlitz_H_sp,5009,0.00
Area23 (15) troll 75 32155,,U_Deschutes_R,5004,0.49,Priest_Rapid_H,5026,0.23,Kalama_H_sp,5009,0.15,Stanislaus_R,5001,0.06,L_Wh_Sal_H_SF,5026,0.03
Area23 (15) troll 75 32156,,George_Adams_H,5005,0.58,Cedar_R_SuFa,5020,0.20,Hamma_Hamma_R,5005,0.17,Snoqualmie_R,5016,0.02,Skykomish_R,5016,0.01
Area23 (15) troll 75 32157,,Snoqualmie_R,5016,0.52,George_Adams_H,5005,0.22,Cedar_R_SuFa,5020,0.12,Hamma_Hamma_R,5005,0.11,Cheakamus_Su,9,0.02
Area23 (15) troll 75 32158,,George_Adams_H,5005,0.34,Cedar_R_SuFa,5020,0.22,Hamma_Hamma_R,5005,0.18,S_Prairie_Cr,5020,0.16,Snoqualmie_R,5016,0.05
Area23 (15) troll 75 32159,,S_Prairie_Cr,5020,0.57,Hamma_Hamma_R,5005,0.21,Cedar_R_SuFa,5020,0.12,George_Adams_H,5005,0.08,Samish_H,5016,0.01
Area23 (15) troll 75 32160,,Spring_Cr_col,5030,0.86,Elochoman_H,5030,0.08,Abernathy_NFH_F,5008,0.04,Big_Cr_H_Col,5030,0.03,Abernathy_Cr_Fa,5008,0.00
Area23 (15) troll 75 32161,,George_Adams_H,5005,0.43,Snoqualmie_R,5016,0.21,Cedar_R_SuFa,5020,0.14,Hamma_Hamma_R,5005,0.11,Clear_Cr_H,5020,0.04
Area23 (15) troll 75 32162,,Spring_Cr_col,5030,0.61,Abernathy_NFH_F,5008,0.36,Big_Cr_H_Col,5030,0.03,Elochoman_H,5030,0.00,Elochoman_R_Fa,5008,0.00
Area23 (15) troll 75 32163,,Abernathy_NFH_F,5008,0.62,Stanislaus_R,5001,0.21,L_Wh_Sal_H_SF,5026,0.08,Lewis_R_LSu,5008,0.02,Spring_Cr_col,5030,0.02
Area23 (15) troll 75 32164,,Spring_Cr_col,5030,0.73,Big_Cr_H_Col,5030,0.26,Abernathy_NFH_F,5008,0.01,Elochoman_H,5030,0.00,,,
Area23 (15) troll 75 32165,,White_H,5020,1.00,Hupp_Sp_H,5020,0.00,,,,,,,,,
Area23 (15) troll 75 32167,,Spring_Cr_col,5030,0.97,Abernathy_NFH_F,5008,0.03,Big_Cr_H_Col,5030,0.00,Elochoman_H,5030,0.00,,,
Area23 (15) troll 75 32168,,Spring_Cr_col,5030,0.66,Big_Cr_H_Col,5030,0.33,Elochoman_H,5030,0.00,Abernathy_NFH_F,5008,0.00,,,
Area23 (15) troll 75 32169,,Spring_Cr_col,5030,0.96,Abernathy_NFH_F,5008,0.04,Big_Cr_H_Col,5030,0.00,Elochoman_H,5030,0.00,U_Deschutes_R,5004,0.00
Area23 (15) troll 75 32170,,Spring_Cr_col,5030,0.63,Abernathy_NFH_F,5008,0.21,Big_Cr_H_Col,5030,0.14,Elochoman_H,5030,0.02,Abernathy_Cr_Fa,5008,0.00
Area23 (15) troll 75 32171,,Skagit_R,5016,0.52,Snoqualmie_R,5016,0.32,Skykomish_R,5016,0.13,U_Sauk_R_SpSu,5016,0.02,Kalama_H_sp,5009,0.01
Area23 (15) troll 75 32172,,George_Adams_H,5005,0.86,Hamma_Hamma_R,5005,0.12,S_Prairie_Cr,5020,0.01,Clear_Cr_H,5020,0.01,Cedar_R_SuFa,5020,0.01
Area23 (15) troll 75 32173,,Abernathy_NFH_F,5008,0.48,Spring_Cr_col,5030,0.31,Big_Cr_H_Col,5030,0.14,Elochoman_H,5030,0.07,Cowlitz_H_fa,5008,0.00
Area23 (15) troll 75 32174,,Hamma_Hamma_R,5005,0.34,George_Adams_H,5005,0.31,Cedar_R_SuFa,5020,0.29,Samish_H,5016,0.02,S_Prairie_Cr,5020,0.02
Area23 (15) troll 75 32175,,NF_Nooksack_H,5016,1.00,,,,,,,,,,,,
Area23 (15) troll 75 32176,,Big_Cr_H_Col,5030,0.62,Spring_Cr_col,5030,0.35,Abernathy_NFH_F,5008,0.02,Elochoman_H,5030,0.01,,,
Area23 (15) troll 75 32177,,Abernathy_NFH_F,5008,0.84,Big_Cr_H_Col,5030,0.16,Spring_Cr_col,5030,0.00,,,,,,
Area23 (15) troll 75 32178,,Skykomish_R,5016,0.29,Skagit_R,5016,0.22,George_Adams_H,5005,0.17,Snoqualmie_R,5016,0.16,Marblemount_HSp,5016,0.08
Area23 (15) troll 75 32179,,Spring_Cr_col,5030,0.98,Big_Cr_H_Col,5030,0.02,Abernathy_NFH_F,5008,0.01,Abernathy_Cr_Fa,5008,0.00,,,
Area23 (15) troll 75 32180,,Priest_Rapid_H,5026,0.76,Snoqualmie_R,5016,0.11,Kalama_H_sp,5009,0.09,U_Deschutes_R,5004,0.02,L_Deschutes_R,5004,0.01
Area23 (15) troll 75 32181,,Hamma_Hamma_R,5005,0.52,Cedar_R_SuFa,5020,0.17,Snoqualmie_R,5016,0.11,Skykomish_R,5016,0.10,George_Adams_H,5005,0.08
Area23 (15) troll 75 32182,,White_H,5020,1.00,Hupp_Sp_H,5020,0.00,Cedar_R_SuFa,5020,0.00,,,,,,
Area23 (15) troll 75 32183,,Big_Cr_H_Col,5030,0.52,Spring_Cr_col,5030,0.44,Abernathy_NFH_F,5008,0.04,Elochoman_H,5030,0.00,,,
Area23 (15) troll 75 32184,,Spring_Cr_col,5030,0.50,Abernathy_NFH_F,5008,0.49,Big_Cr_H_Col,5030,0.01,Kalama_H_sp,5009,0.00,Elochoman_H,5030,0.00
Area23 (15) troll 75 32185,,NF_Nooksack_H,5016,0.95,Marblemount_HSp,5016,0.05,U_Sauk_R_SpSu,5016,0.00,Skagit_R,5016,0.00,,,
Area23 (15) troll 75 32186,,George_Adams_H,5005,0.38,Skagit_R,5016,0.22,S_Prairie_Cr,5020,0.11,Marblemount_Hsu,5016,0.10,U_Sauk_R_SpSu,5016,0.07
Area23 (15) troll 75 32187,,Chilliwack_F,3,0.60,Harrison,3,0.40,Skykomish_R,5016,0.00,Marblemount_Hsu,5016,0.00,Applegate_Cr,5019,0.00
Area23 (15) troll 75 32188,,Stanislaus_R,5001,0.99,Feather_H_fa,5001,0.01,,,,,,,,,
Area23 (15) troll 75 32189,,Skykomish_R,5016,0.26,Cedar_R_SuFa,5020,0.20,Snoqualmie_R,5016,0.18,Cheakamus_Su,9,0.10,Cheakamus,9,0.06
Area23 (15) troll 75 32190,,NF_Nooksack_H,5016,1.00,Skagit_R,5016,0.00,,,,,,,,,
Area23 (15) troll 75 32191,,Abernathy_NFH_F,5008,0.75,Spring_Cr_col,5030,0.16,Big_Cr_H_Col,5030,0.06,Elochoman_H,5030,0.03,Elochoman_R_Fa,5008,0.00
Area23 (15) troll 75 32192,,S_Prairie_Cr,5020,0.67,Cedar_R_SuFa,5020,0.27,George_Adams_H,5005,0.05,NF_Skokomish_F,5005,0.00,Voights_H,5020,0.00
Area23 (15) troll 75 32193,,Big_Cr_H_Col,5030,0.85,Abernathy_NFH_F,5008,0.09,Spring_Cr_col,5030,0.05,Elochoman_H,5030,0.01,,,
Area23 (15) troll 75 32194,,Spring_Cr_col,5030,0.99,Big_Cr_H_Col,5030,0.01,Elochoman_H,5030,0.00,Abernathy_NFH_F,5008,0.00,,,
Area23 (15) troll 75 32195,,Snoqualmie_R,5016,0.36,Skagit_R,5016,0.34,S_Prairie_Cr,5020,0.09,Hamma_Hamma_R,5005,0.07,U_Sauk_R_SpSu,5016,0.06
Area23 (15) troll 75 32196,,George_Adams_H,5005,0.95,Clear_Cr_H,5020,0.04,Hamma_Hamma_R,5005,0.00,NF_Skokomish_F,5005,0.00,Snoqualmie_R,5016,0.00
Area23 (15) troll 75 32197,,Chilliwack_F,3,0.60,Harrison,3,0.40,,,,,,,,,
Area23 (15) troll 75 32198,,George_Adams_H,5005,0.45,S_Prairie_Cr,5020,0.28,Cedar_R_SuFa,5020,0.13,Hamma_Hamma_R,5005,0.10,NF_Nooksack_H,5016,0.01
Area23 (15) troll 75 32199,,Chilliwack_F,3,0.59,Harrison,3,0.41,Priest_Rapid_H,5026,0.00,George_Adams_H,5005,0.00,L_Thompson,5,0.00
Area23 (15) troll 75 32200,,Spring_Cr_col,5030,0.72,Big_Cr_H_Col,5030,0.27,Abernathy_NFH_F,5008,0.00,Elochoman_H,5030,0.00,,,
Area23 (15) troll 75 32201,,George_Adams_H,5005,0.62,Hamma_Hamma_R,5005,0.36,Snoqualmie_R,5016,0.02,Clear_Cr_H,5020,0.01,Skykomish_R,5016,0.00
Area23 (15) troll 75 32202,,Skagit_R,5016,0.63,U_Sauk_R_SpSu,5016,0.15,Skykomish_R,5016,0.15,Snoqualmie_R,5016,0.07,U_Skagit_R,5016,0.01
Area23 (15) troll 75 32203,,Priest_Rapid_H,5026,0.37,Snoqualmie_R,5016,0.25,U_Sauk_R_SpSu,5016,0.17,Skagit_R,5016,0.10,Skykomish_R,5016,0.06
Area23 (15) troll 75 32204,,NF_Nooksack_H,5016,0.69,Harrison,3,0.24,Chilliwack_F,3,0.05,Skagit_R,5016,0.01,Cedar_R_SuFa,5020,0.01
Area23 (15) troll 75 32205,,Spring_Cr_col,5030,1.00,Big_Cr_H_Col,5030,0.00,Abernathy_NFH_F,5008,0.00,,,,,,
Area23 (15) troll 75 32206,,Spring_Cr_col,5030,0.48,Big_Cr_H_Col,5030,0.39,Abernathy_NFH_F,5008,0.13,Snoqualmie_R,5016,0.00,Elochoman_H,5030,0.00
Area23 (15) troll 75 32207,,Priest_Rapid_H,5026,0.99,L_Deschutes_R,5004,0.00,Umatilla_H,5026,0.00,Nez_PerceT_H,5021,0.00,Methow_R,5026,0.00
Area23 (15) troll 75 32208,,Spring_Cr_col,5030,0.67,Abernathy_NFH_F,5008,0.21,Big_Cr_H_Col,5030,0.07,Elochoman_H,5030,0.04,Abernathy_Cr_Fa,5008,0.00
Area23 (15) troll 75 32209,,George_Adams_H,5005,0.32,Cedar_R_SuFa,5020,0.32,S_Prairie_Cr,5020,0.22,Hamma_Hamma_R,5005,0.08,Skykomish_R,5016,0.02
,,,,,,,,,,,,,,,,
